0	12
1	2
2	0
3	1
4	0
5	0
6	1
7	0
8	0
9	0
10	0
11	0
12	0
13	1
14	0
15	1
16	0
17	0
18	0
19	0
20	1
21	0
22	0
23	0
24	0
25	0
26	0
27	0
28	1
29	0
30	0
31	0
32	0
33	0
34	0
35	0
36	0
37	1
38	0
39	1
40	0
41	0
42	0
43	0
44	0
45	0
46	1
47	0
48	1
49	0
50	0
51	0
52	0
53	0
54	0
55	0
56	0
57	0
58	0
59	0
60	0
61	0
62	0
63	1
64	0
65	0
66	0
67	0
68	0
69	0
70	0
71	1
72	0
73	0
74	0
75	0
76	0
77	0
78	0
79	0
80	0
81	0
82	0
83	1
84	3
85	4
86	11
87	16
88	18
89	14
90	15
91	9
92	12
93	8
94	8
95	16
96	13
97	11
98	14
99	10
100	8
101	10
102	13
103	9
104	14
105	10
106	11
107	12
108	11
109	11
110	6
111	9
112	10
113	12
114	8
115	10
116	9
117	12
118	11
119	15
120	8
121	7
122	4
123	8
124	3
125	11
126	11
127	13
128	9
129	13
130	6
131	17
132	8
133	11
134	8
135	11
136	15
137	12
138	12
139	13
140	14
141	13
142	10
143	14
144	13
145	15
146	8
147	10
148	12
149	11
150	8
151	7
152	13
153	5
154	11
155	12
156	11
157	12
158	15
159	10
160	7
161	13
162	8
163	3
164	13
165	10
166	5
167	14
168	12
169	14
170	6
171	3
172	8
173	8
174	7
175	13
176	6
177	9
178	11
179	6
180	14
181	10
182	12
183	10
184	11
185	5
186	6
187	13
188	8
189	5
190	8
191	6
192	13
193	9
194	12
195	10
196	16
197	10
198	12
199	10
200	10
201	12
202	10
203	11
204	13
205	11
206	6
207	12
208	8
209	8
210	9
211	10
212	8
213	6
214	10
215	16
216	11
217	8
218	11
219	5
220	7
221	17
222	13
223	11
224	12
225	12
226	11
227	8
228	15
229	7
230	12
231	8
232	11
233	5
234	5
235	10
236	6
237	8
238	11
239	7
240	11
241	12
242	8
243	7
244	8
245	9
246	3
247	8
248	7
249	9
250	11
251	11
252	9
253	10
254	11
255	15
256	11
257	6
258	8
259	8
260	12
261	10
262	8
263	10
264	7
265	10
266	15
267	9
268	7
269	12
270	18
271	5
272	12
273	13
274	10
275	11
276	15
277	11
278	8
279	10
280	12
281	10
282	5
283	8
284	5
285	8
286	5
287	8
288	8
289	9
290	5
291	14
292	7
293	10
294	15
295	9
296	12
297	8
298	9
299	13
300	15
301	18
302	11
303	15
304	11
305	12
306	8
307	5
308	11
309	11
310	16
311	12
312	14
313	16
314	14
315	8
316	10
317	15
318	11
319	4
320	7
321	13
322	8
323	9
324	8
325	13
326	13
327	14
328	13
329	10
330	13
331	5
332	13
333	11
334	17
335	12
336	19
337	4
338	13
339	10
340	18
341	18
342	14
343	12
344	10
345	11
346	9
347	15
348	11
349	15
350	7
351	9
352	14
353	10
354	10
355	13
356	14
357	15
358	14
359	11
360	10
361	9
362	10
363	8
364	12
365	8
366	19
367	7
368	16
369	11
370	16
371	9
372	12
373	10
374	11
375	5
376	12
377	6
378	15
379	13
380	19
381	16
382	12
383	10
384	16
385	13
386	6
387	14
388	17
389	7
390	7
391	10
392	18
393	8
394	14
395	7
396	12
397	17
398	12
399	11
400	15
401	8
402	11
403	15
404	13
405	13
406	8
407	16
408	10
409	8
410	11
411	12
412	4
413	16
414	6
415	6
416	14
417	13
418	12
419	13
420	17
421	14
422	7
423	9
424	10
425	12
426	10
427	9
428	14
429	13
430	12
431	15
432	16
433	12
434	12
435	9
436	10
437	13
438	14
439	10
440	8
441	11
442	9
443	8
444	17
445	11
446	20
447	13
448	14
449	11
450	14
451	10
452	14
453	9
454	10
455	8
456	3
457	13
458	9
459	15
460	11
461	13
462	14
463	11
464	9
465	12
466	15
467	13
468	10
469	10
470	7
471	13
472	15
473	12
474	11
475	12
476	14
477	20
478	11
479	14
480	17
481	9
482	8
483	9
484	14
485	24
486	11
487	13
488	12
489	14
490	10
491	14
492	15
493	14
494	13
495	17
496	14
497	16
498	15
499	11
500	10
501	11
502	5
503	11
504	9
505	13
506	9
507	8
508	14
509	10
510	15
511	11
512	11
513	14
514	7
515	11
516	14
517	11
518	11
519	12
520	10
521	9
522	10
523	12
524	17
525	15
526	11
527	9
528	17
529	11
530	16
531	11
532	5
533	13
534	10
535	9
536	14
537	11
538	20
539	11
540	8
541	6
542	5
543	15
544	14
545	7
546	13
547	12
548	15
549	11
550	10
551	11
552	9
553	7
554	12
555	14
556	8
557	11
558	15
559	13
560	8
561	8
562	5
563	16
564	13
565	8
566	12
567	12
568	10
569	9
570	11
571	11
572	14
573	10
574	8
575	8
576	13
577	8
578	12
579	13
580	14
581	15
582	14
583	11
584	15
585	10
586	13
587	8
588	10
589	14
590	11
591	12
592	13
593	11
594	11
595	17
596	6
597	9
598	7
599	10
600	7
601	7
602	11
603	17
604	13
605	9
606	14
607	14
608	12
609	12
610	13
611	17
612	10
613	14
614	10
615	10
616	14
617	11
618	13
619	11
620	14
621	7
622	10
623	8
624	12
625	12
626	9
627	14
628	15
629	8
630	16
631	10
632	13
633	10
634	7
635	10
636	23
637	10
638	14
639	13
640	12
641	12
642	10
643	15
644	16
645	12
646	10
647	16
648	12
649	13
650	9
651	18
652	15
653	14
654	11
655	8
656	12
657	8
658	19
659	7
660	11
661	17
662	20
663	15
664	12
665	16
666	11
667	7
668	11
669	13
670	11
671	17
672	20
673	18
674	17
675	16
676	8
677	17
678	14
679	14
680	13
681	11
682	12
683	15
684	15
685	10
686	11
687	4
688	13
689	12
690	10
691	18
692	12
693	15
694	9
695	13
696	14
697	10
698	12
699	18
700	9
701	9
702	11
703	17
704	16
705	12
706	13
707	18
708	17
709	13
710	11
711	12
712	9
713	15
714	12
715	14
716	14
717	17
718	12
719	10
720	9
721	20
722	16
723	11
724	15
725	14
726	12
727	14
728	15
729	19
730	11
731	13
732	12
733	17
734	18
735	10
736	20
737	18
738	22
739	13
740	18
741	13
742	18
743	21
744	11
745	17
746	12
747	21
748	13
749	9
750	20
751	19
752	17
753	9
754	20
755	21
756	27
757	21
758	19
759	16
760	14
761	18
762	14
763	15
764	15
765	21
766	24
767	20
768	13
769	12
770	22
771	14
772	13
773	22
774	18
775	10
776	14
777	23
778	21
779	21
780	19
781	16
782	21
783	22
784	24
785	11
786	14
787	15
788	21
789	16
790	24
791	17
792	19
793	30
794	15
795	16
796	21
797	30
798	24
799	16
800	27
801	19
802	17
803	25
804	19
805	19
806	15
807	16
808	22
809	18
810	20
811	23
812	15
813	17
814	28
815	22
816	23
817	16
818	19
819	24
820	28
821	26
822	23
823	26
824	17
825	32
826	18
827	23
828	17
829	29
830	17
831	28
832	19
833	20
834	21
835	29
836	25
837	16
838	29
839	23
840	17
841	34
842	18
843	23
844	21
845	14
846	20
847	22
848	13
849	21
850	22
851	24
852	30
853	23
854	22
855	28
856	22
857	17
858	19
859	11
860	15
861	25
862	22
863	17
864	22
865	17
866	19
867	21
868	23
869	23
870	22
871	20
872	22
873	22
874	23
875	24
876	17
877	19
878	20
879	16
880	18
881	19
882	27
883	20
884	22
885	17
886	22
887	21
888	16
889	23
890	19
891	20
892	13
893	21
894	19
895	16
896	19
897	17
898	18
899	14
900	25
901	18
902	19
903	17
904	25
905	24
906	18
907	20
908	11
909	19
910	17
911	19
912	28
913	14
914	14
915	25
916	18
917	27
918	20
919	17
920	16
921	15
922	17
923	13
924	16
925	15
926	19
927	12
928	24
929	20
930	19
931	18
932	16
933	18
934	18
935	17
936	15
937	14
938	22
939	18
940	16
941	17
942	22
943	20
944	19
945	16
946	12
947	23
948	20
949	11
950	17
951	25
952	16
953	17
954	14
955	23
956	21
957	18
958	25
959	10
960	13
961	17
962	14
963	19
964	17
965	15
966	26
967	17
968	14
969	18
970	15
971	19
972	28
973	16
974	25
975	9
976	13
977	17
978	12
979	15
980	16
981	13
982	19
983	27
984	24
985	14
986	23
987	14
988	8
989	13
990	15
991	13
992	22
993	14
994	10
995	28
996	19
997	12
998	15
999	11
1000	17
1001	16
1002	12
1003	13
1004	15
1005	16
1006	13
1007	20
1008	14
1009	16
1010	21
1011	25
1012	12
1013	23
1014	15
1015	19
1016	18
1017	16
1018	16
1019	18
1020	17
1021	22
1022	22
1023	20
1024	20
1025	16
1026	21
1027	14
1028	12
1029	15
1030	17
1031	16
1032	19
1033	14
1034	19
1035	4
1036	24
1037	21
1038	18
1039	16
1040	17
1041	23
1042	11
1043	10
1044	17
1045	13
1046	15
1047	15
1048	17
1049	18
1050	20
1051	18
1052	17
1053	20
1054	18
1055	9
1056	14
1057	16
1058	13
1059	23
1060	26
1061	18
1062	10
1063	16
1064	21
1065	17
1066	11
1067	7
1068	18
1069	20
1070	13
1071	18
1072	16
1073	13
1074	15
1075	16
1076	19
1077	15
1078	21
1079	19
1080	19
1081	20
1082	19
1083	18
1084	20
1085	18
1086	18
1087	16
1088	10
1089	22
1090	15
1091	20
1092	26
1093	19
1094	16
1095	25
1096	21
1097	16
1098	14
1099	12
1100	15
1101	20
1102	18
1103	18
1104	12
1105	14
1106	23
1107	23
1108	21
1109	19
1110	18
1111	11
1112	18
1113	16
1114	21
1115	18
1116	19
1117	15
1118	21
1119	16
1120	22
1121	24
1122	16
1123	15
1124	22
1125	10
1126	17
1127	18
1128	18
1129	15
1130	6
1131	15
1132	19
1133	15
1134	17
1135	18
1136	24
1137	20
1138	22
1139	18
1140	17
1141	17
1142	13
1143	18
1144	14
1145	17
1146	28
1147	26
1148	14
1149	17
1150	15
1151	19
1152	14
1153	17
1154	18
1155	17
1156	14
1157	16
1158	16
1159	13
1160	22
1161	13
1162	22
1163	11
1164	21
1165	20
1166	16
1167	22
1168	22
1169	21
1170	21
1171	16
1172	18
1173	20
1174	16
1175	24
1176	18
1177	19
1178	12
1179	21
1180	17
1181	21
1182	14
1183	15
1184	23
1185	23
1186	17
1187	15
1188	21
1189	19
1190	19
1191	11
1192	17
1193	9
1194	20
1195	12
1196	15
1197	20
1198	16
1199	23
1200	22
1201	23
1202	21
1203	17
1204	17
1205	21
1206	26
1207	15
1208	17
1209	25
1210	22
1211	19
1212	19
1213	17
1214	20
1215	22
1216	19
1217	27
1218	22
1219	21
1220	23
1221	17
1222	15
1223	19
1224	16
1225	22
1226	24
1227	25
1228	26
1229	18
1230	14
1231	17
1232	26
1233	18
1234	23
1235	21
1236	18
1237	20
1238	18
1239	15
1240	22
1241	27
1242	19
1243	22
1244	13
1245	25
1246	16
1247	27
1248	21
1249	17
1250	34
1251	25
1252	9
1253	32
1254	16
1255	23
1256	23
1257	12
1258	23
1259	14
1260	18
1261	18
1262	23
1263	19
1264	17
1265	24
1266	18
1267	16
1268	20
1269	18
1270	26
1271	18
1272	18
1273	28
1274	17
1275	18
1276	16
1277	28
1278	16
1279	20
1280	23
1281	26
1282	22
1283	22
1284	19
1285	19
1286	18
1287	14
1288	26
1289	21
1290	18
1291	22
1292	16
1293	15
1294	17
1295	23
1296	20
1297	13
1298	28
1299	33
1300	26
1301	16
1302	25
1303	25
1304	15
1305	24
1306	24
1307	20
1308	21
1309	25
1310	15
1311	27
1312	9
1313	19
1314	23
1315	21
1316	18
1317	28
1318	24
1319	21
1320	21
1321	19
1322	20
1323	28
1324	15
1325	18
1326	28
1327	21
1328	16
1329	22
1330	27
1331	15
1332	19
1333	21
1334	21
1335	18
1336	21
1337	18
1338	22
1339	20
1340	22
1341	27
1342	18
1343	24
1344	16
1345	16
1346	19
1347	22
1348	27
1349	24
1350	16
1351	26
1352	16
1353	13
1354	19
1355	28
1356	22
1357	12
1358	24
1359	24
1360	21
1361	22
1362	26
1363	18
1364	18
1365	16
1366	12
1367	29
1368	24
1369	13
1370	22
1371	23
1372	26
1373	26
1374	29
1375	19
1376	17
1377	18
1378	21
1379	26
1380	25
1381	28
1382	19
1383	21
1384	27
1385	24
1386	27
1387	12
1388	24
1389	25
1390	17
1391	28
1392	25
1393	16
1394	19
1395	18
1396	27
1397	27
1398	20
1399	32
1400	32
1401	23
1402	18
1403	30
1404	22
1405	27
1406	19
1407	23
1408	20
1409	15
1410	25
1411	32
1412	17
1413	22
1414	26
1415	27
1416	19
1417	28
1418	24
1419	19
1420	33
1421	28
1422	24
1423	15
1424	18
1425	29
1426	23
1427	23
1428	19
1429	22
1430	24
1431	28
1432	32
1433	18
1434	26
1435	20
1436	26
1437	23
1438	26
1439	19
1440	18
1441	26
1442	24
1443	23
1444	21
1445	27
1446	21
1447	30
1448	23
1449	27
1450	18
1451	16
1452	19
1453	25
1454	19
1455	27
1456	21
1457	20
1458	19
1459	16
1460	24
1461	32
1462	18
1463	22
1464	21
1465	14
1466	16
1467	14
1468	17
1469	33
1470	26
1471	13
1472	32
1473	16
1474	19
1475	22
1476	30
1477	30
1478	28
1479	24
1480	23
1481	18
1482	17
1483	18
1484	19
1485	22
1486	22
1487	22
1488	17
1489	17
1490	23
1491	19
1492	20
1493	13
1494	28
1495	26
1496	22
1497	22
1498	17
1499	31
1500	29
1501	28
1502	19
1503	19
1504	14
1505	29
1506	25
1507	23
1508	22
1509	21
1510	29
1511	21
1512	21
1513	27
1514	22
1515	26
1516	29
1517	25
1518	36
1519	25
1520	15
1521	17
1522	33
1523	23
1524	22
1525	20
1526	30
1527	18
1528	21
1529	18
1530	23
1531	18
1532	21
1533	21
1534	23
1535	18
1536	21
1537	36
1538	20
1539	32
1540	22
1541	20
1542	23
1543	25
1544	31
1545	33
1546	26
1547	25
1548	21
1549	19
1550	27
1551	21
1552	18
1553	14
1554	27
1555	31
1556	19
1557	23
1558	28
1559	21
1560	27
1561	34
1562	15
1563	22
1564	27
1565	23
1566	13
1567	15
1568	13
1569	31
1570	23
1571	27
1572	27
1573	19
1574	20
1575	25
1576	24
1577	23
1578	25
1579	20
1580	15
1581	21
1582	19
1583	25
1584	31
1585	13
1586	25
1587	24
1588	22
1589	31
1590	14
1591	29
1592	27
1593	16
1594	34
1595	19
1596	28
1597	31
1598	29
1599	25
1600	22
1601	15
1602	18
1603	31
1604	18
1605	28
1606	14
1607	28
1608	28
1609	27
1610	24
1611	37
1612	27
1613	36
1614	26
1615	22
1616	22
1617	30
1618	25
1619	30
1620	25
1621	22
1622	24
1623	21
1624	30
1625	26
1626	25
1627	29
1628	21
1629	19
1630	22
1631	23
1632	28
1633	31
1634	23
1635	28
1636	13
1637	28
1638	22
1639	29
1640	27
1641	25
1642	21
1643	25
1644	22
1645	21
1646	21
1647	27
1648	32
1649	28
1650	20
1651	20
1652	27
1653	27
1654	15
1655	15
1656	25
1657	34
1658	25
1659	28
1660	30
1661	20
1662	14
1663	26
1664	20
1665	23
1666	31
1667	24
1668	27
1669	26
1670	31
1671	22
1672	27
1673	29
1674	21
1675	24
1676	32
1677	27
1678	27
1679	29
1680	24
1681	16
1682	30
1683	23
1684	29
1685	13
1686	29
1687	21
1688	19
1689	33
1690	16
1691	26
1692	24
1693	23
1694	25
1695	23
1696	26
1697	15
1698	24
1699	21
1700	20
1701	24
1702	17
1703	24
1704	30
1705	26
1706	21
1707	31
1708	22
1709	24
1710	25
1711	20
1712	25
1713	22
1714	25
1715	23
1716	13
1717	23
1718	20
1719	30
1720	25
1721	30
1722	32
1723	29
1724	31
1725	14
1726	25
1727	15
1728	22
1729	21
1730	24
1731	22
1732	23
1733	19
1734	27
1735	28
1736	24
1737	21
1738	26
1739	21
1740	22
1741	24
1742	19
1743	25
1744	17
1745	24
1746	21
1747	30
1748	28
1749	31
1750	18
1751	23
1752	27
1753	24
1754	15
1755	23
1756	25
1757	21
1758	21
1759	26
1760	25
1761	26
1762	29
1763	32
1764	32
1765	21
1766	31
1767	27
1768	27
1769	33
1770	23
1771	28
1772	30
1773	27
1774	34
1775	27
1776	27
1777	16
1778	22
1779	24
1780	16
1781	17
1782	23
1783	21
1784	22
1785	34
1786	23
1787	21
1788	34
1789	25
1790	25
1791	20
1792	23
1793	23
1794	26
1795	32
1796	28
1797	22
1798	25
1799	29
1800	29
1801	32
1802	23
1803	33
1804	24
1805	35
1806	17
1807	32
1808	29
1809	25
1810	30
1811	27
1812	24
1813	20
1814	29
1815	28
1816	26
1817	25
1818	38
1819	37
1820	28
1821	22
1822	23
1823	29
1824	26
1825	27
1826	21
1827	31
1828	21
1829	24
1830	33
1831	26
1832	29
1833	27
1834	21
1835	30
1836	32
1837	25
1838	24
1839	26
1840	14
1841	31
1842	15
1843	36
1844	19
1845	25
1846	22
1847	30
1848	20
1849	18
1850	28
1851	36
1852	35
1853	17
1854	22
1855	23
1856	26
1857	21
1858	27
1859	25
1860	33
1861	18
1862	30
1863	21
1864	16
1865	26
1866	31
1867	16
1868	25
1869	27
1870	26
1871	16
1872	27
1873	24
1874	27
1875	18
1876	37
1877	27
1878	21
1879	35
1880	28
1881	30
1882	24
1883	26
1884	32
1885	26
1886	31
1887	27
1888	32
1889	21
1890	22
1891	27
1892	22
1893	22
1894	18
1895	21
1896	28
1897	23
1898	24
1899	20
1900	33
1901	33
1902	26
1903	28
1904	19
1905	26
1906	25
1907	31
1908	31
1909	20
1910	22
1911	36
1912	25
1913	21
1914	32
1915	27
1916	31
1917	24
1918	25
1919	27
1920	24
1921	22
1922	37
1923	31
1924	41
1925	21
1926	22
1927	22
1928	24
1929	25
1930	19
1931	22
1932	27
1933	22
1934	39
1935	34
1936	23
1937	17
1938	34
1939	33
1940	23
1941	31
1942	33
1943	23
1944	29
1945	21
1946	37
1947	29
1948	26
1949	23
1950	24
1951	22
1952	21
1953	23
1954	31
1955	41
1956	23
1957	29
1958	31
1959	21
1960	34
1961	27
1962	29
1963	25
1964	24
1965	28
1966	28
1967	24
1968	18
1969	23
1970	27
1971	26
1972	29
1973	28
1974	29
1975	27
1976	32
1977	28
1978	26
1979	31
1980	34
1981	29
1982	28
1983	28
1984	19
1985	30
1986	33
1987	32
1988	25
1989	29
1990	28
1991	32
1992	34
1993	26
1994	23
1995	28
1996	34
1997	37
1998	29
1999	30
2000	30
2001	35
2002	24
2003	24
2004	30
2005	29
2006	26
2007	25
2008	22
2009	32
2010	21
2011	28
2012	22
2013	28
2014	31
2015	20
2016	24
2017	19
2018	25
2019	30
2020	31
2021	28
2022	26
2023	22
2024	30
2025	36
2026	17
2027	28
2028	37
2029	28
2030	26
2031	31
2032	27
2033	29
2034	35
2035	32
2036	25
2037	33
2038	20
2039	35
2040	36
2041	27
2042	28
2043	19
2044	24
2045	24
2046	27
2047	30
2048	35
2049	24
2050	18
2051	26
2052	30
2053	35
2054	36
2055	27
2056	31
2057	28
2058	15
2059	29
2060	30
2061	22
2062	25
2063	35
2064	23
2065	31
2066	23
2067	31
2068	34
2069	36
2070	36
2071	24
2072	30
2073	30
2074	30
2075	27
2076	31
2077	29
2078	26
2079	26
2080	23
2081	19
2082	24
2083	20
2084	23
2085	20
2086	17
2087	34
2088	20
2089	25
2090	21
2091	25
2092	32
2093	28
2094	17
2095	32
2096	22
2097	32
2098	30
2099	25
2100	27
2101	29
2102	23
2103	28
2104	19
2105	29
2106	24
2107	19
2108	32
2109	23
2110	17
2111	22
2112	22
2113	16
2114	25
2115	30
2116	28
2117	24
2118	26
2119	28
2120	23
2121	21
2122	21
2123	21
2124	31
2125	31
2126	24
2127	22
2128	29
2129	26
2130	35
2131	21
2132	27
2133	21
2134	18
2135	36
2136	25
2137	28
2138	20
2139	22
2140	23
2141	26
2142	35
2143	25
2144	31
2145	31
2146	17
2147	24
2148	28
2149	21
2150	21
2151	22
2152	18
2153	26
2154	27
2155	21
2156	23
2157	24
2158	37
2159	25
2160	23
2161	26
2162	24
2163	26
2164	27
2165	23
2166	31
2167	18
2168	25
2169	29
2170	24
2171	26
2172	29
2173	35
2174	24
2175	22
2176	24
2177	34
2178	28
2179	17
2180	30
2181	20
2182	22
2183	28
2184	21
2185	25
2186	24
2187	27
2188	16
2189	30
2190	32
2191	30
2192	19
2193	20
2194	28
2195	27
2196	27
2197	21
2198	23
2199	24
2200	17
2201	17
2202	24
2203	27
2204	26
2205	32
2206	27
2207	23
2208	24
2209	24
2210	24
2211	25
2212	28
2213	34
2214	24
2215	18
2216	19
2217	22
2218	30
2219	19
2220	26
2221	17
2222	17
2223	17
2224	34
2225	24
2226	24
2227	23
2228	20
2229	28
2230	21
2231	27
2232	21
2233	29
2234	33
2235	21
2236	25
2237	26
2238	27
2239	32
2240	22
2241	25
2242	21
2243	26
2244	19
2245	15
2246	19
2247	21
2248	30
2249	24
2250	27
2251	26
2252	22
2253	20
2254	25
2255	28
2256	24
2257	27
2258	28
2259	13
2260	24
2261	31
2262	20
2263	29
2264	18
2265	19
2266	30
2267	34
2268	27
2269	24
2270	25
2271	25
2272	17
2273	29
2274	28
2275	27
2276	30
2277	27
2278	16
2279	30
2280	26
2281	31
2282	26
2283	29
2284	20
2285	39
2286	24
2287	19
2288	21
2289	21
2290	16
2291	30
2292	21
2293	35
2294	21
2295	17
2296	32
2297	21
2298	22
2299	28
2300	32
2301	15
2302	27
2303	25
2304	33
2305	28
2306	31
2307	29
2308	25
2309	20
2310	31
2311	28
2312	30
2313	17
2314	25
2315	26
2316	28
2317	29
2318	34
2319	27
2320	30
2321	21
2322	19
2323	22
2324	26
2325	20
2326	22
2327	25
2328	31
2329	21
2330	24
2331	21
2332	21
2333	21
2334	25
2335	24
2336	31
2337	15
2338	28
2339	19
2340	18
2341	22
2342	26
2343	30
2344	27
2345	20
2346	24
2347	26
2348	19
2349	23
2350	27
2351	20
2352	14
2353	30
2354	23
2355	24
2356	21
2357	22
2358	31
2359	19
2360	27
2361	26
2362	20
2363	17
2364	26
2365	24
2366	28
2367	33
2368	25
2369	28
2370	26
2371	25
2372	44
2373	26
2374	29
2375	21
2376	23
2377	28
2378	32
2379	28
2380	28
2381	24
2382	21
2383	29
2384	28
2385	16
2386	27
2387	24
2388	20
2389	40
2390	30
2391	30
2392	27
2393	30
2394	19
2395	20
2396	22
2397	27
2398	16
2399	27
2400	19
2401	26
2402	37
2403	25
2404	22
2405	24
2406	23
2407	26
2408	23
2409	26
2410	26
2411	24
2412	26
2413	34
2414	28
2415	24
2416	31
2417	23
2418	28
2419	29
2420	35
2421	22
2422	24
2423	30
2424	30
2425	43
2426	25
2427	32
2428	28
2429	15
2430	34
2431	25
2432	28
2433	23
2434	35
2435	34
2436	25
2437	26
2438	25
2439	25
2440	34
2441	28
2442	24
2443	21
2444	16
2445	37
2446	23
2447	27
2448	29
2449	18
2450	33
2451	18
2452	30
2453	32
2454	26
2455	20
2456	23
2457	15
2458	24
2459	23
2460	37
2461	37
2462	29
2463	26
2464	37
2465	26
2466	27
2467	31
2468	27
2469	19
2470	23
2471	30
2472	23
2473	30
2474	28
2475	25
2476	26
2477	27
2478	23
2479	19
2480	37
2481	35
2482	24
2483	37
2484	33
2485	24
2486	30
2487	31
2488	31
2489	19
2490	32
2491	37
2492	29
2493	32
2494	25
2495	31
2496	24
2497	37
2498	25
2499	37
2500	27
2501	25
2502	33
2503	19
2504	30
2505	33
2506	30
2507	34
2508	24
2509	22
2510	19
2511	44
2512	24
2513	43
2514	29
2515	29
2516	20
2517	26
2518	26
2519	26
2520	33
2521	24
2522	32
2523	30
2524	35
2525	32
2526	25
2527	23
2528	27
2529	26
2530	24
2531	32
2532	41
2533	23
2534	32
2535	22
2536	25
2537	23
2538	24
2539	32
2540	35
2541	28
2542	39
2543	34
2544	27
2545	37
2546	34
2547	30
2548	31
2549	22
2550	35
2551	40
2552	23
2553	34
2554	35
2555	40
2556	29
2557	31
2558	40
2559	28
2560	38
2561	36
2562	26
2563	29
2564	22
2565	25
2566	33
2567	38
2568	31
2569	28
2570	29
2571	27
2572	33
2573	33
2574	36
2575	36
2576	35
2577	42
2578	35
2579	38
2580	39
2581	32
2582	36
2583	37
2584	30
2585	29
2586	33
2587	41
2588	25
2589	22
2590	40
2591	39
2592	31
2593	28
2594	41
2595	34
2596	25
2597	21
2598	41
2599	32
2600	39
2601	38
2602	22
2603	40
2604	34
2605	27
2606	27
2607	32
2608	37
2609	32
2610	38
2611	40
2612	32
2613	39
2614	39
2615	34
2616	42
2617	37
2618	34
2619	28
2620	39
2621	32
2622	33
2623	34
2624	35
2625	29
2626	39
2627	43
2628	32
2629	28
2630	32
2631	34
2632	23
2633	31
2634	41
2635	37
2636	37
2637	30
2638	37
2639	38
2640	34
2641	29
2642	37
2643	33
2644	30
2645	33
2646	43
2647	34
2648	25
2649	35
2650	28
2651	35
2652	48
2653	30
2654	45
2655	49
2656	40
2657	22
2658	25
2659	39
2660	25
2661	38
2662	39
2663	40
2664	38
2665	37
2666	31
2667	36
2668	32
2669	33
2670	32
2671	34
2672	41
2673	37
2674	34
2675	28
2676	45
2677	33
2678	37
2679	42
2680	36
2681	28
2682	35
2683	50
2684	29
2685	32
2686	39
2687	31
2688	30
2689	39
2690	31
2691	31
2692	31
2693	28
2694	36
2695	29
2696	42
2697	46
2698	35
2699	34
2700	38
2701	31
2702	31
2703	45
2704	35
2705	36
2706	51
2707	38
2708	27
2709	28
2710	38
2711	31
2712	32
2713	30
2714	31
2715	41
2716	32
2717	39
2718	35
2719	34
2720	28
2721	35
2722	34
2723	45
2724	24
2725	35
2726	33
2727	29
2728	21
2729	40
2730	39
2731	38
2732	37
2733	32
2734	37
2735	33
2736	37
2737	35
2738	39
2739	35
2740	51
2741	29
2742	35
2743	36
2744	30
2745	23
2746	34
2747	43
2748	24
2749	37
2750	26
2751	33
2752	34
2753	29
2754	30
2755	28
2756	33
2757	31
2758	35
2759	28
2760	40
2761	36
2762	44
2763	34
2764	45
2765	32
2766	34
2767	34
2768	36
2769	42
2770	38
2771	35
2772	34
2773	23
2774	35
2775	29
2776	36
2777	34
2778	33
2779	25
2780	35
2781	38
2782	29
2783	34
2784	31
2785	29
2786	23
2787	26
2788	33
2789	33
2790	32
2791	44
2792	29
2793	28
2794	34
2795	39
2796	29
2797	30
2798	26
2799	29
2800	19
2801	31
2802	34
2803	32
2804	41
2805	32
2806	31
2807	26
2808	27
2809	22
2810	32
2811	32
2812	31
2813	37
2814	33
2815	26
2816	16
2817	30
2818	23
2819	31
2820	32
2821	29
2822	26
2823	35
2824	33
2825	28
2826	27
2827	26
2828	28
2829	31
2830	26
2831	38
2832	26
2833	17
2834	31
2835	23
2836	28
2837	29
2838	25
2839	16
2840	36
2841	23
2842	28
2843	34
2844	35
2845	30
2846	41
2847	22
2848	36
2849	41
2850	22
2851	32
2852	33
2853	21
2854	26
2855	31
2856	35
2857	32
2858	25
2859	32
2860	23
2861	30
2862	26
2863	24
2864	29
2865	26
2866	36
2867	27
2868	19
2869	18
2870	32
2871	24
2872	26
2873	21
2874	19
2875	27
2876	30
2877	22
2878	17
2879	34
2880	26
2881	33
2882	20
2883	32
2884	28
2885	25
2886	24
2887	31
2888	23
2889	27
2890	27
2891	32
2892	32
2893	30
2894	18
2895	26
2896	28
2897	18
2898	25
2899	22
2900	16
2901	14
2902	18
2903	22
2904	19
2905	18
2906	21
2907	38
2908	30
2909	25
2910	17
2911	20
2912	19
2913	21
2914	23
2915	16
2916	20
2917	24
2918	23
2919	35
2920	20
2921	18
2922	23
2923	29
2924	23
2925	27
2926	30
2927	16
2928	18
2929	19
2930	31
2931	18
2932	24
2933	26
2934	30
2935	20
2936	18
2937	16
2938	21
2939	13
2940	21
2941	27
2942	30
2943	18
2944	24
2945	29
2946	18
2947	15
2948	19
2949	18
2950	22
2951	27
2952	18
2953	25
2954	22
2955	26
2956	18
2957	30
2958	22
2959	17
2960	23
2961	24
2962	19
2963	22
2964	22
2965	18
2966	18
2967	21
2968	31
2969	21
2970	26
2971	26
2972	21
2973	22
2974	18
2975	19
2976	29
2977	23
2978	31
2979	10
2980	25
2981	18
2982	14
2983	14
2984	27
2985	24
2986	14
2987	24
2988	19
2989	17
2990	24
2991	22
2992	27
2993	17
2994	24
2995	25
2996	11
2997	19
2998	19
2999	22
3000	17
3001	21
3002	19
3003	26
3004	26
3005	15
3006	16
3007	20
3008	21
3009	19
3010	23
3011	18
3012	19
3013	20
3014	19
3015	19
3016	19
3017	21
3018	11
3019	23
3020	12
3021	19
3022	17
3023	23
3024	17
3025	13
3026	13
3027	19
3028	12
3029	18
3030	10
3031	12
3032	15
3033	20
3034	20
3035	16
3036	15
3037	19
3038	16
3039	17
3040	17
3041	12
3042	22
3043	18
3044	18
3045	18
3046	16
3047	17
3048	13
3049	25
3050	13
3051	18
3052	10
3053	16
3054	27
3055	18
3056	22
3057	19
3058	16
3059	15
3060	23
3061	12
3062	31
3063	16
3064	19
3065	14
3066	17
3067	30
3068	16
3069	24
3070	12
3071	18
3072	13
3073	16
3074	17
3075	17
3076	14
3077	18
3078	21
3079	15
3080	18
3081	23
3082	19
3083	11
3084	11
3085	22
3086	23
3087	12
3088	13
3089	19
3090	19
3091	17
3092	12
3093	18
3094	23
3095	17
3096	16
3097	15
3098	11
3099	20
3100	23
3101	15
3102	15
3103	12
3104	18
3105	17
3106	16
3107	14
3108	17
3109	23
3110	17
3111	18
3112	20
3113	16
3114	10
3115	21
3116	14
3117	24
3118	17
3119	18
3120	15
3121	12
3122	16
3123	19
3124	16
3125	24
3126	14
3127	18
3128	19
3129	22
3130	15
3131	20
3132	16
3133	20
3134	17
3135	16
3136	14
3137	16
3138	14
3139	20
3140	18
3141	20
3142	18
3143	14
3144	16
3145	19
3146	15
3147	23
3148	16
3149	18
3150	11
3151	20
3152	24
3153	9
3154	12
3155	14
3156	15
3157	14
3158	17
3159	15
3160	14
3161	20
3162	21
3163	17
3164	18
3165	15
3166	18
3167	14
3168	18
3169	15
3170	18
3171	18
3172	16
3173	20
3174	20
3175	24
3176	18
3177	10
3178	14
3179	12
3180	5
3181	10
3182	12
3183	14
3184	14
3185	20
3186	16
3187	21
3188	15
3189	13
3190	14
3191	14
3192	16
3193	21
3194	15
3195	17
3196	14
3197	18
3198	18
3199	18
3200	14
3201	21
3202	16
3203	19
3204	19
3205	21
3206	22
3207	15
3208	14
3209	23
3210	24
3211	9
3212	12
3213	16
3214	20
3215	13
3216	19
3217	22
3218	16
3219	20
3220	18
3221	23
3222	19
3223	10
3224	9
3225	19
3226	11
3227	20
3228	22
3229	15
3230	17
3231	14
3232	12
3233	15
3234	8
3235	12
3236	23
3237	18
3238	15
3239	23
3240	16
3241	17
3242	10
3243	14
3244	14
3245	20
3246	19
3247	15
3248	22
3249	17
3250	14
3251	14
3252	18
3253	15
3254	13
3255	16
3256	10
3257	17
3258	10
3259	14
3260	8
3261	12
3262	12
3263	20
3264	11
3265	20
3266	16
3267	16
3268	13
3269	10
3270	11
3271	14
3272	23
3273	21
3274	17
3275	18
3276	18
3277	20
3278	19
3279	14
3280	12
3281	3
3282	12
3283	21
3284	10
3285	18
3286	10
3287	14
3288	24
3289	16
3290	28
3291	19
3292	17
3293	16
3294	11
3295	14
3296	18
3297	16
3298	8
3299	19
3300	24
3301	13
3302	9
3303	13
3304	10
3305	16
3306	14
3307	19
3308	13
3309	10
3310	23
3311	18
3312	13
3313	13
3314	11
3315	12
3316	13
3317	15
3318	21
3319	14
3320	12
3321	13
3322	16
3323	9
3324	17
3325	12
3326	6
3327	13
3328	16
3329	18
3330	20
3331	13
3332	15
3333	9
3334	18
3335	15
3336	20
3337	17
3338	12
3339	14
3340	16
3341	12
3342	20
3343	12
3344	23
3345	15
3346	24
3347	24
3348	15
3349	14
3350	17
3351	15
3352	15
3353	9
3354	12
3355	13
3356	16
3357	13
3358	11
3359	19
3360	14
3361	14
3362	16
3363	15
3364	12
3365	14
3366	18
3367	15
3368	14
3369	16
3370	15
3371	12
3372	21
3373	9
3374	13
3375	13
3376	19
3377	20
3378	7
3379	12
3380	20
3381	13
3382	15
3383	13
3384	10
3385	12
3386	16
3387	12
3388	20
3389	17
3390	14
3391	16
3392	11
3393	24
3394	18
3395	12
3396	16
3397	14
3398	12
3399	14
3400	14
3401	16
3402	13
3403	8
3404	19
3405	23
3406	18
3407	22
3408	12
3409	12
3410	11
3411	18
3412	16
3413	12
3414	11
3415	12
3416	19
3417	21
3418	23
3419	8
3420	12
3421	13
3422	15
3423	13
3424	14
3425	13
3426	19
3427	7
3428	18
3429	15
3430	14
3431	8
3432	14
3433	10
3434	14
3435	19
3436	22
3437	15
3438	14
3439	12
3440	16
3441	7
3442	12
3443	11
3444	17
3445	18
3446	15
3447	12
3448	21
3449	12
3450	21
3451	21
3452	13
3453	14
3454	8
3455	19
3456	13
3457	18
3458	14
3459	17
3460	14
3461	11
3462	10
3463	15
3464	15
3465	17
3466	17
3467	10
3468	14
3469	18
3470	9
3471	14
3472	16
3473	18
3474	17
3475	6
3476	16
3477	13
3478	15
3479	13
3480	23
3481	18
3482	12
3483	15
3484	23
3485	10
3486	14
3487	20
3488	20
3489	18
3490	12
3491	8
3492	16
3493	20
3494	14
3495	15
3496	18
3497	20
3498	16
3499	10
3500	14
3501	18
3502	12
3503	11
3504	12
3505	11
3506	15
3507	11
3508	9
3509	16
3510	16
3511	15
3512	15
3513	13
3514	13
3515	12
3516	11
3517	16
3518	6
3519	18
3520	15
3521	21
3522	14
3523	15
3524	12
3525	20
3526	18
3527	13
3528	9
3529	13
3530	12
3531	15
3532	16
3533	12
3534	15
3535	15
3536	7
3537	11
3538	16
3539	11
3540	21
3541	8
3542	11
3543	15
3544	16
3545	17
3546	11
3547	11
3548	19
3549	12
3550	13
3551	20
3552	17
3553	14
3554	7
3555	13
3556	14
3557	17
3558	12
3559	6
3560	19
3561	13
3562	17
3563	30
3564	9
3565	11
3566	21
3567	9
3568	13
3569	11
3570	15
3571	10
3572	14
3573	13
3574	11
3575	15
3576	19
3577	12
3578	10
3579	9
3580	9
3581	9
3582	16
3583	14
3584	16
3585	12
3586	7
3587	21
3588	13
3589	13
3590	6
3591	18
3592	14
3593	13
3594	14
3595	15
3596	11
3597	18
3598	16
3599	4
3600	12
3601	13
3602	8
3603	17
3604	13
3605	11
3606	15
3607	15
3608	13
3609	11
3610	20
3611	19
3612	15
3613	11
3614	10
3615	11
3616	14
3617	15
3618	16
3619	17
3620	9
3621	19
3622	9
3623	8
3624	18
3625	14
3626	16
3627	11
3628	14
3629	10
3630	11
3631	12
3632	11
3633	14
3634	14
3635	22
3636	16
3637	9
3638	12
3639	13
3640	14
3641	11
3642	12
3643	14
3644	9
3645	17
3646	13
3647	13
3648	11
3649	17
3650	10
3651	18
3652	16
3653	6
3654	17
3655	18
3656	12
3657	12
3658	17
3659	18
3660	22
3661	9
3662	16
3663	13
3664	20
3665	14
3666	16
3667	17
3668	19
3669	13
3670	18
3671	22
3672	6
3673	17
3674	11
3675	11
3676	18
3677	20
3678	20
3679	13
3680	12
3681	14
3682	13
3683	11
3684	14
3685	20
3686	17
3687	17
3688	19
3689	9
3690	13
3691	17
3692	15
3693	12
3694	19
3695	24
3696	19
3697	16
3698	16
3699	14
3700	13
3701	13
3702	14
3703	13
3704	20
3705	9
3706	10
3707	17
3708	17
3709	15
3710	17
3711	9
3712	9
3713	12
3714	13
3715	10
3716	11
3717	11
3718	10
3719	7
3720	11
3721	10
3722	14
3723	13
3724	16
3725	14
3726	11
3727	14
3728	12
3729	15
3730	13
3731	14
3732	14
3733	14
3734	11
3735	9
3736	15
3737	16
3738	14
3739	10
3740	16
3741	11
3742	11
3743	13
3744	11
3745	18
3746	15
3747	10
3748	12
3749	11
3750	14
3751	12
3752	16
3753	12
3754	8
3755	15
3756	12
3757	10
3758	12
3759	11
3760	16
3761	11
3762	12
3763	14
3764	9
3765	13
3766	14
3767	14
3768	13
3769	16
3770	10
3771	8
3772	12
3773	15
3774	13
3775	7
3776	13
3777	9
3778	11
3779	16
3780	19
3781	15
3782	13
3783	11
3784	11
3785	21
3786	13
3787	22
3788	11
3789	13
3790	16
3791	12
3792	13
3793	16
3794	13
3795	10
3796	12
3797	13
3798	16
3799	11
3800	12
3801	11
3802	16
3803	13
3804	7
3805	8
3806	19
3807	13
3808	8
3809	12
3810	14
3811	7
3812	13
3813	17
3814	9
3815	10
3816	19
3817	12
3818	11
3819	12
3820	16
3821	12
3822	11
3823	11
3824	13
3825	8
3826	13
3827	17
3828	15
3829	13
3830	11
3831	12
3832	17
3833	23
3834	20
3835	15
3836	12
3837	17
3838	21
3839	14
3840	16
3841	7
3842	16
3843	15
3844	10
3845	9
3846	13
3847	9
3848	18
3849	14
3850	17
3851	21
3852	16
3853	13
3854	15
3855	19
3856	7
3857	10
3858	10
3859	12
3860	15
3861	11
3862	9
3863	10
3864	10
3865	9
3866	19
3867	16
3868	11
3869	9
3870	16
3871	18
3872	12
3873	7
3874	14
3875	13
3876	12
3877	13
3878	12
3879	12
3880	11
3881	16
3882	14
3883	11
3884	9
3885	16
3886	19
3887	15
3888	16
3889	11
3890	13
3891	13
3892	10
3893	17
3894	10
3895	11
3896	11
3897	12
3898	15
3899	14
3900	14
3901	13
3902	14
3903	17
3904	10
3905	13
3906	10
3907	12
3908	15
3909	6
3910	13
3911	12
3912	10
3913	9
3914	16
3915	16
3916	8
3917	8
3918	10
3919	12
3920	14
3921	13
3922	14
3923	11
3924	12
3925	14
3926	20
3927	8
3928	14
3929	14
3930	7
3931	20
3932	14
3933	13
3934	14
3935	15
3936	13
3937	9
3938	15
3939	8
3940	10
3941	14
3942	15
3943	11
3944	10
3945	14
3946	18
3947	9
3948	12
3949	9
3950	17
3951	7
3952	11
3953	13
3954	16
3955	12
3956	13
3957	15
3958	12
3959	6
3960	14
3961	15
3962	13
3963	14
3964	10
3965	17
3966	9
3967	14
3968	7
3969	18
3970	14
3971	15
3972	18
3973	11
3974	16
3975	12
3976	15
3977	18
3978	17
3979	14
3980	17
3981	12
3982	19
3983	18
3984	10
3985	14
3986	11
3987	15
3988	14
3989	11
3990	14
3991	11
3992	12
3993	13
3994	10
3995	18
3996	17
3997	8
3998	9
3999	12
4000	18
4001	9
4002	14
4003	11
4004	7
4005	9
4006	11
4007	9
4008	14
4009	10
4010	9
4011	10
4012	12
4013	17
4014	12
4015	12
4016	7
4017	23
4018	13
4019	12
4020	16
4021	13
4022	8
4023	10
4024	7
4025	15
4026	12
4027	14
4028	16
4029	12
4030	8
4031	15
4032	6
4033	7
4034	11
4035	12
4036	17
4037	17
4038	15
4039	10
4040	13
4041	9
4042	15
4043	11
4044	12
4045	14
4046	10
4047	13
4048	15
4049	11
4050	15
4051	16
4052	10
4053	10
4054	17
4055	12
4056	14
4057	12
4058	13
4059	8
4060	12
4061	11
4062	17
4063	12
4064	18
4065	15
4066	10
4067	15
4068	10
4069	11
4070	14
4071	11
4072	9
4073	6
4074	12
4075	15
4076	12
4077	16
4078	17
4079	8
4080	10
4081	19
4082	18
4083	11
4084	5
4085	12
4086	14
4087	9
4088	12
4089	11
4090	13
4091	8
4092	9
4093	10
4094	11
4095	12
4096	14
4097	14
4098	10
4099	12
4100	12
4101	16
4102	12
4103	16
4104	8
4105	17
4106	14
4107	10
4108	13
4109	9
4110	9
4111	11
4112	9
4113	18
4114	17
4115	8
4116	16
4117	13
4118	14
4119	11
4120	19
4121	12
4122	15
4123	6
4124	13
4125	12
4126	9
4127	12
4128	13
4129	6
4130	14
4131	8
4132	13
4133	11
4134	20
4135	12
4136	8
4137	10
4138	12
4139	11
4140	13
4141	7
4142	13
4143	8
4144	17
4145	7
4146	9
4147	13
4148	8
4149	7
4150	15
4151	16
4152	10
4153	18
4154	10
4155	7
4156	10
4157	19
4158	14
4159	15
4160	8
4161	13
4162	12
4163	15
4164	14
4165	10
4166	11
4167	10
4168	13
4169	11
4170	5
4171	11
4172	11
4173	8
4174	9
4175	8
4176	15
4177	13
4178	8
4179	7
4180	8
4181	11
4182	12
4183	5
4184	13
4185	10
4186	12
4187	12
4188	11
4189	17
4190	5
4191	11
4192	17
4193	10
4194	9
4195	14
4196	17
4197	5
4198	14
4199	10
4200	17
4201	8
4202	8
4203	12
4204	6
4205	11
4206	10
4207	10
4208	17
4209	9
4210	20
4211	16
4212	13
4213	10
4214	13
4215	11
4216	10
4217	14
4218	8
4219	8
4220	9
4221	12
4222	12
4223	15
4224	10
4225	12
4226	12
4227	10
4228	11
4229	9
4230	11
4231	17
4232	15
4233	10
4234	10
4235	14
4236	11
4237	9
4238	12
4239	12
4240	13
4241	11
4242	13
4243	8
4244	14
4245	10
4246	7
4247	7
4248	7
4249	13
4250	14
4251	12
4252	18
4253	19
4254	9
4255	13
4256	16
4257	14
4258	8
4259	9
4260	10
4261	5
4262	18
4263	15
4264	16
4265	12
4266	8
4267	9
4268	12
4269	12
4270	11
4271	8
4272	12
4273	14
4274	9
4275	13
4276	12
4277	11
4278	15
4279	14
4280	12
4281	13
4282	11
4283	8
4284	15
4285	12
4286	5
4287	9
4288	8
4289	9
4290	16
4291	5
4292	14
4293	14
4294	12
4295	16
4296	8
4297	9
4298	7
4299	12
4300	13
4301	10
4302	11
4303	9
4304	18
4305	13
4306	10
4307	7
4308	9
4309	12
4310	11
4311	10
4312	10
4313	8
4314	10
4315	10
4316	8
4317	10
4318	7
4319	13
4320	8
4321	13
4322	11
4323	16
4324	6
4325	7
4326	18
4327	8
4328	12
4329	16
4330	17
4331	10
4332	12
4333	7
4334	9
4335	2
4336	6
4337	6
4338	8
4339	17
4340	11
4341	6
4342	12
4343	10
4344	10
4345	11
4346	13
4347	6
4348	15
4349	10
4350	14
4351	8
4352	14
4353	10
4354	8
4355	16
4356	15
4357	9
4358	10
4359	10
4360	12
4361	10
4362	4
4363	11
4364	10
4365	5
4366	11
4367	11
4368	11
4369	13
4370	11
4371	6
4372	11
4373	10
4374	7
4375	8
4376	6
4377	11
4378	12
4379	11
4380	13
4381	10
4382	8
4383	12
4384	19
4385	8
4386	10
4387	14
4388	10
4389	19
4390	9
4391	19
4392	8
4393	11
4394	12
4395	15
4396	13
4397	9
4398	10
4399	14
4400	9
4401	8
4402	12
4403	14
4404	7
4405	10
4406	9
4407	11
4408	9
4409	12
4410	9
4411	15
4412	12
4413	13
4414	11
4415	18
4416	16
4417	10
4418	7
4419	11
4420	6
4421	13
4422	5
4423	12
4424	12
4425	9
4426	6
4427	12
4428	10
4429	9
4430	19
4431	12
4432	10
4433	13
4434	11
4435	8
4436	7
4437	10
4438	12
4439	11
4440	7
4441	12
4442	11
4443	9
4444	14
4445	15
4446	15
4447	12
4448	15
4449	13
4450	12
4451	16
4452	10
4453	7
4454	16
4455	8
4456	8
4457	11
4458	11
4459	7
4460	9
4461	10
4462	13
4463	12
4464	10
4465	9
4466	14
4467	7
4468	9
4469	7
4470	9
4471	11
4472	8
4473	10
4474	10
4475	15
4476	19
4477	11
4478	9
4479	11
4480	10
4481	6
4482	10
4483	9
4484	15
4485	10
4486	8
4487	17
4488	9
4489	17
4490	8
4491	13
4492	9
4493	12
4494	9
4495	12
4496	7
4497	9
4498	12
4499	5
4500	12
4501	11
4502	12
4503	13
4504	14
4505	8
4506	9
4507	14
4508	8
4509	13
4510	12
4511	11
4512	9
4513	7
4514	10
4515	12
4516	9
4517	8
4518	10
4519	13
4520	10
4521	6
4522	9
4523	18
4524	14
4525	10
4526	8
4527	14
4528	18
4529	9
4530	18
4531	10
4532	14
4533	8
4534	14
4535	8
4536	13
4537	13
4538	12
4539	9
4540	14
4541	8
4542	10
4543	7
4544	13
4545	13
4546	11
4547	4
4548	5
4549	7
4550	11
4551	10
4552	10
4553	3
4554	12
4555	10
4556	10
4557	8
4558	14
4559	6
4560	13
4561	16
4562	5
4563	9
4564	9
4565	7
4566	6
4567	10
4568	8
4569	10
4570	7
4571	11
4572	12
4573	11
4574	11
4575	5
4576	8
4577	10
4578	7
4579	13
4580	13
4581	4
4582	8
4583	14
4584	7
4585	11
4586	9
4587	9
4588	14
4589	18
4590	11
4591	11
4592	12
4593	11
4594	15
4595	7
4596	13
4597	5
4598	11
4599	8
4600	9
4601	13
4602	10
4603	12
4604	7
4605	9
4606	15
4607	9
4608	8
4609	15
4610	11
4611	5
4612	7
4613	8
4614	8
4615	2
4616	9
4617	10
4618	4
4619	11
4620	8
4621	15
4622	17
4623	5
4624	15
4625	11
4626	8
4627	10
4628	8
4629	9
4630	8
4631	12
4632	11
4633	15
4634	9
4635	8
4636	8
4637	9
4638	10
4639	11
4640	10
4641	8
4642	16
4643	16
4644	5
4645	11
4646	6
4647	10
4648	7
4649	17
4650	8
4651	11
4652	7
4653	10
4654	10
4655	12
4656	6
4657	5
4658	8
4659	14
4660	5
4661	6
4662	5
4663	11
4664	10
4665	11
4666	16
4667	7
4668	12
4669	12
4670	12
4671	9
4672	11
4673	12
4674	18
4675	11
4676	9
4677	7
4678	10
4679	11
4680	16
4681	18
4682	6
4683	16
4684	7
4685	4
4686	11
4687	12
4688	10
4689	15
4690	8
4691	8
4692	9
4693	7
4694	13
4695	16
4696	11
4697	10
4698	9
4699	3
4700	10
4701	11
4702	13
4703	12
4704	11
4705	10
4706	7
4707	13
4708	13
4709	12
4710	8
4711	13
4712	13
4713	12
4714	6
4715	14
4716	12
4717	11
4718	9
4719	12
4720	4
4721	11
4722	9
4723	10
4724	17
4725	16
4726	6
4727	11
4728	7
4729	14
4730	5
4731	11
4732	12
4733	13
4734	9
4735	10
4736	4
4737	14
4738	7
4739	9
4740	10
4741	10
4742	7
4743	7
4744	6
4745	10
4746	11
4747	11
4748	14
4749	10
4750	9
4751	8
4752	5
4753	8
4754	7
4755	5
4756	12
4757	11
4758	11
4759	12
4760	12
4761	11
4762	5
4763	3
4764	11
4765	11
4766	8
4767	12
4768	9
4769	13
4770	10
4771	12
4772	7
4773	5
4774	13
4775	13
4776	13
4777	8
4778	8
4779	9
4780	6
4781	10
4782	11
4783	6
4784	7
4785	11
4786	12
4787	5
4788	14
4789	13
4790	5
4791	8
4792	9
4793	12
4794	8
4795	13
4796	14
4797	16
4798	19
4799	7
4800	13
4801	7
4802	8
4803	11
4804	15
4805	11
4806	8
4807	10
4808	14
4809	10
4810	9
4811	9
4812	13
4813	10
4814	17
4815	11
4816	9
4817	13
4818	10
4819	13
4820	9
4821	9
4822	9
4823	13
4824	11
4825	7
4826	7
4827	12
4828	9
4829	10
4830	10
4831	14
4832	4
4833	10
4834	9
4835	7
4836	13
4837	6
4838	12
4839	9
4840	10
4841	9
4842	10
4843	11
4844	9
4845	9
4846	9
4847	9
4848	10
4849	17
4850	10
4851	4
4852	10
4853	7
4854	15
4855	12
4856	6
4857	13
4858	11
4859	5
4860	8
4861	11
4862	7
4863	11
4864	12
4865	5
4866	8
4867	6
4868	6
4869	12
4870	15
4871	6
4872	9
4873	7
4874	5
4875	5
4876	9
4877	9
4878	13
4879	6
4880	11
4881	18
4882	11
4883	9
4884	18
4885	6
4886	10
4887	5
4888	8
4889	10
4890	10
4891	8
4892	12
4893	9
4894	10
4895	6
4896	9
4897	7
4898	3
4899	11
4900	20
4901	5
4902	16
4903	6
4904	13
4905	8
4906	6
4907	8
4908	13
4909	7
4910	8
4911	6
4912	8
4913	13
4914	9
4915	6
4916	8
4917	9
4918	12
4919	10
4920	10
4921	9
4922	10
4923	6
4924	8
4925	13
4926	11
4927	8
4928	10
4929	6
4930	11
4931	11
4932	10
4933	13
4934	10
4935	11
4936	5
4937	6
4938	12
4939	11
4940	13
4941	15
4942	12
4943	8
4944	7
4945	11
4946	8
4947	10
4948	13
4949	9
4950	7
4951	10
4952	6
4953	12
4954	8
4955	13
4956	7
4957	13
4958	9
4959	7
4960	6
4961	8
4962	6
4963	9
4964	6
4965	12
4966	11
4967	8
4968	8
4969	11
4970	17
4971	12
4972	11
4973	9
4974	10
4975	10
4976	3
4977	8
4978	12
4979	10
4980	10
4981	10
4982	10
4983	9
4984	13
4985	13
4986	9
4987	10
4988	14
4989	7
4990	6
4991	9
4992	11
4993	11
4994	8
4995	6
4996	8
4997	13
4998	14
4999	17
5000	7
5001	8
5002	16
5003	9
5004	14
5005	15
5006	2
5007	12
5008	3
5009	12
5010	14
5011	10
5012	7
5013	10
5014	11
5015	10
5016	11
5017	10
5018	12
5019	8
5020	6
5021	12
5022	8
5023	7
5024	5
5025	14
5026	9
5027	8
5028	9
5029	6
5030	5
5031	8
5032	9
5033	9
5034	8
5035	10
5036	9
5037	5
5038	6
5039	13
5040	17
5041	8
5042	11
5043	10
5044	11
5045	15
5046	8
5047	9
5048	9
5049	7
5050	8
5051	1
5052	9
5053	13
5054	10
5055	7
5056	9
5057	12
5058	11
5059	6
5060	7
5061	6
5062	12
5063	12
5064	13
5065	7
5066	9
5067	6
5068	7
5069	6
5070	5
5071	9
5072	3
5073	7
5074	12
5075	16
5076	8
5077	7
5078	17
5079	6
5080	6
5081	12
5082	7
5083	8
5084	16
5085	10
5086	12
5087	10
5088	8
5089	10
5090	12
5091	12
5092	9
5093	16
5094	7
5095	6
5096	14
5097	6
5098	8
5099	11
5100	7
5101	10
5102	12
5103	18
5104	9
5105	14
5106	5
5107	13
5108	15
5109	11
5110	9
5111	13
5112	8
5113	11
5114	12
5115	9
5116	10
5117	7
5118	7
5119	9
5120	14
5121	18
5122	11
5123	11
5124	7
5125	12
5126	9
5127	21
5128	10
5129	8
5130	9
5131	11
5132	15
5133	11
5134	16
5135	8
5136	14
5137	6
5138	7
5139	17
5140	10
5141	14
5142	10
5143	9
5144	10
5145	13
5146	9
5147	5
5148	8
5149	9
5150	5
5151	13
5152	11
5153	11
5154	11
5155	11
5156	16
5157	11
5158	4
5159	11
5160	10
5161	4
5162	11
5163	10
5164	12
5165	9
5166	9
5167	12
5168	14
5169	10
5170	8
5171	5
5172	11
5173	9
5174	14
5175	12
5176	12
5177	6
5178	15
5179	9
5180	10
5181	11
5182	14
5183	12
5184	8
5185	6
5186	8
5187	5
5188	4
5189	15
5190	10
5191	9
5192	13
5193	12
5194	12
5195	12
5196	5
5197	18
5198	10
5199	12
5200	13
5201	6
5202	11
5203	10
5204	4
5205	11
5206	4
5207	11
5208	14
5209	11
5210	9
5211	7
5212	5
5213	11
5214	8
5215	8
5216	6
5217	5
5218	9
5219	10
5220	11
5221	8
5222	9
5223	9
5224	10
5225	11
5226	12
5227	8
5228	9
5229	11
5230	8
5231	9
5232	7
5233	9
5234	6
5235	11
5236	10
5237	10
5238	7
5239	8
5240	8
5241	9
5242	11
5243	6
5244	10
5245	14
5246	8
5247	9
5248	5
5249	11
5250	12
5251	9
5252	11
5253	10
5254	15
5255	15
5256	8
5257	14
5258	4
5259	14
5260	14
5261	7
5262	12
5263	10
5264	9
5265	8
5266	16
5267	3
5268	6
5269	4
5270	8
5271	8
5272	9
5273	15
5274	7
5275	9
5276	9
5277	7
5278	7
5279	14
5280	12
5281	11
5282	12
5283	8
5284	11
5285	10
5286	5
5287	11
5288	14
5289	11
5290	7
5291	7
5292	14
5293	8
5294	11
5295	9
5296	10
5297	10
5298	11
5299	8
5300	14
5301	13
5302	9
5303	8
5304	11
5305	6
5306	14
5307	8
5308	4
5309	12
5310	12
5311	11
5312	11
5313	13
5314	14
5315	10
5316	15
5317	14
5318	10
5319	12
5320	9
5321	11
5322	12
5323	15
5324	12
5325	9
5326	8
5327	10
5328	10
5329	7
5330	11
5331	7
5332	17
5333	10
5334	7
5335	3
5336	7
5337	14
5338	15
5339	3
5340	9
5341	7
5342	9
5343	13
5344	12
5345	7
5346	10
5347	14
5348	12
5349	10
5350	13
5351	19
5352	9
5353	11
5354	5
5355	15
5356	8
5357	10
5358	6
5359	9
5360	12
5361	18
5362	4
5363	16
5364	10
5365	7
5366	9
5367	9
5368	13
5369	9
5370	6
5371	11
5372	9
5373	9
5374	19
5375	11
5376	10
5377	4
5378	12
5379	11
5380	7
5381	12
5382	11
5383	12
5384	11
5385	8
5386	9
5387	11
5388	10
5389	7
5390	7
5391	8
5392	9
5393	6
5394	13
5395	11
5396	8
5397	15
5398	6
5399	10
5400	11
5401	12
5402	8
5403	9
5404	12
5405	11
5406	6
5407	15
5408	8
5409	11
5410	7
5411	7
5412	10
5413	6
5414	7
5415	10
5416	10
5417	9
5418	11
5419	7
5420	7
5421	11
5422	11
5423	7
5424	12
5425	12
5426	7
5427	8
5428	4
5429	9
5430	11
5431	12
5432	6
5433	11
5434	7
5435	14
5436	11
5437	9
5438	8
5439	5
5440	8
5441	7
5442	7
5443	8
5444	14
5445	17
5446	11
5447	12
5448	12
5449	9
5450	10
5451	13
5452	7
5453	19
5454	7
5455	8
5456	9
5457	8
5458	7
5459	8
5460	10
5461	12
5462	3
5463	8
5464	4
5465	7
5466	8
5467	5
5468	13
5469	13
5470	9
5471	14
5472	9
5473	12
5474	11
5475	5
5476	11
5477	8
5478	7
5479	16
5480	9
5481	10
5482	10
5483	6
5484	12
5485	10
5486	9
5487	8
5488	5
5489	16
5490	19
5491	14
5492	11
5493	13
5494	9
5495	11
5496	12
5497	7
5498	11
5499	9
5500	11
5501	10
5502	10
5503	6
5504	3
5505	10
5506	8
5507	14
5508	13
5509	8
5510	9
5511	10
5512	11
5513	6
5514	10
5515	7
5516	15
5517	8
5518	6
5519	7
5520	7
5521	11
5522	14
5523	15
5524	8
5525	10
5526	13
5527	8
5528	12
5529	5
5530	9
5531	9
5532	8
5533	13
5534	9
5535	10
5536	4
5537	9
5538	10
5539	10
5540	11
5541	7
5542	14
5543	14
5544	9
5545	5
5546	5
5547	11
5548	8
5549	8
5550	5
5551	9
5552	11
5553	4
5554	6
5555	9
5556	8
5557	3
5558	5
5559	11
5560	15
5561	8
5562	9
5563	16
5564	10
5565	10
5566	10
5567	13
5568	9
5569	11
5570	4
5571	7
5572	13
5573	8
5574	10
5575	14
5576	7
5577	9
5578	14
5579	10
5580	9
5581	12
5582	10
5583	11
5584	8
5585	11
5586	9
5587	11
5588	6
5589	7
5590	10
5591	10
5592	7
5593	14
5594	9
5595	5
5596	14
5597	16
5598	7
5599	5
5600	6
5601	10
5602	5
5603	11
5604	9
5605	15
5606	5
5607	7
5608	9
5609	9
5610	10
5611	4
5612	8
5613	10
5614	6
5615	11
5616	9
5617	11
5618	6
5619	9
5620	10
5621	6
5622	12
5623	8
5624	13
5625	9
5626	7
5627	8
5628	9
5629	10
5630	13
5631	12
5632	10
5633	8
5634	9
5635	15
5636	13
5637	15
5638	12
5639	10
5640	8
5641	17
5642	15
5643	9
5644	7
5645	6
5646	7
5647	11
5648	9
5649	11
5650	9
5651	15
5652	7
5653	7
5654	9
5655	9
5656	15
5657	13
5658	14
5659	11
5660	11
5661	14
5662	15
5663	9
5664	7
5665	14
5666	13
5667	15
5668	10
5669	12
5670	10
5671	14
5672	9
5673	7
5674	9
5675	7
5676	6
5677	7
5678	16
5679	12
5680	8
5681	10
5682	7
5683	9
5684	8
5685	10
5686	10
5687	8
5688	14
5689	6
5690	12
5691	12
5692	10
5693	8
5694	14
5695	10
5696	8
5697	14
5698	14
5699	15
5700	17
5701	7
5702	11
5703	11
5704	13
5705	13
5706	13
5707	14
5708	7
5709	13
5710	13
5711	16
5712	4
5713	11
5714	14
5715	8
5716	9
5717	9
5718	9
5719	8
5720	8
5721	21
5722	11
5723	7
5724	10
5725	10
5726	12
5727	13
5728	8
5729	12
5730	10
5731	9
5732	11
5733	7
5734	13
5735	15
5736	8
5737	10
5738	15
5739	4
5740	7
5741	12
5742	8
5743	9
5744	11
5745	10
5746	17
5747	20
5748	11
5749	8
5750	10
5751	7
5752	14
5753	8
5754	11
5755	9
5756	8
5757	8
5758	8
5759	8
5760	8
5761	16
5762	14
5763	10
5764	13
5765	4
5766	10
5767	12
5768	10
5769	7
5770	11
5771	7
5772	10
5773	17
5774	10
5775	10
5776	8
5777	14
5778	11
5779	12
5780	9
5781	13
5782	13
5783	14
5784	6
5785	13
5786	5
5787	8
5788	7
5789	9
5790	11
5791	15
5792	10
5793	11
5794	12
5795	15
5796	11
5797	11
5798	16
5799	7
5800	16
5801	13
5802	20
5803	11
5804	11
5805	10
5806	12
5807	9
5808	11
5809	9
5810	13
5811	10
5812	11
5813	9
5814	11
5815	5
5816	9
5817	10
5818	11
5819	12
5820	13
5821	9
5822	10
5823	11
5824	7
5825	9
5826	12
5827	8
5828	14
5829	12
5830	13
5831	7
5832	14
5833	13
5834	9
5835	10
5836	10
5837	11
5838	14
5839	17
5840	7
5841	16
5842	8
5843	9
5844	11
5845	14
5846	10
5847	10
5848	12
5849	7
5850	12
5851	14
5852	9
5853	13
5854	10
5855	7
5856	11
5857	8
5858	14
5859	15
5860	14
5861	10
5862	14
5863	10
5864	9
5865	8
5866	3
5867	13
5868	10
5869	11
5870	12
5871	11
5872	11
5873	17
5874	5
5875	9
5876	18
5877	10
5878	16
5879	15
5880	8
5881	9
5882	14
5883	13
5884	7
5885	10
5886	13
5887	12
5888	14
5889	17
5890	14
5891	15
5892	15
5893	4
5894	8
5895	13
5896	12
5897	12
5898	11
5899	12
5900	12
5901	10
5902	7
5903	10
5904	16
5905	12
5906	13
5907	7
5908	6
5909	9
5910	15
5911	19
5912	10
5913	14
5914	15
5915	6
5916	8
5917	5
5918	11
5919	11
5920	9
5921	11
5922	12
5923	5
5924	10
5925	11
5926	11
5927	16
5928	11
5929	12
5930	6
5931	10
5932	9
5933	12
5934	8
5935	11
5936	11
5937	16
5938	7
5939	13
5940	10
5941	12
5942	11
5943	14
5944	13
5945	11
5946	8
5947	16
5948	9
5949	10
5950	15
5951	10
5952	13
5953	12
5954	13
5955	8
5956	13
5957	12
5958	9
5959	10
5960	8
5961	9
5962	8
5963	11
5964	12
5965	13
5966	15
5967	14
5968	11
5969	9
5970	12
5971	10
5972	10
5973	14
5974	10
5975	7
5976	11
5977	13
5978	16
5979	10
5980	16
5981	8
5982	15
5983	13
5984	14
5985	7
5986	10
5987	14
5988	16
5989	9
5990	12
5991	12
5992	12
5993	8
5994	8
5995	9
5996	12
5997	9
5998	19
5999	9
6000	13
6001	17
6002	7
6003	10
6004	15
6005	11
6006	14
6007	15
6008	12
6009	12
6010	21
6011	11
6012	9
6013	15
6014	13
6015	12
6016	12
6017	9
6018	12
6019	14
6020	7
6021	7
6022	14
6023	9
6024	15
6025	12
6026	5
6027	14
6028	10
6029	11
6030	7
6031	14
6032	17
6033	22
6034	10
6035	18
6036	10
6037	11
6038	19
6039	19
6040	12
6041	11
6042	23
6043	6
6044	13
6045	16
6046	10
6047	9
6048	18
6049	16
6050	20
6051	16
6052	8
6053	14
6054	9
6055	10
6056	6
6057	10
6058	13
6059	9
6060	12
6061	5
6062	17
6063	10
6064	12
6065	6
6066	15
6067	13
6068	17
6069	6
6070	14
6071	10
6072	12
6073	10
6074	11
6075	14
6076	14
6077	9
6078	14
6079	11
6080	13
6081	16
6082	15
6083	15
6084	11
6085	17
6086	11
6087	7
6088	14
6089	18
6090	11
6091	10
6092	17
6093	19
6094	19
6095	17
6096	9
6097	12
6098	9
6099	18
6100	20
6101	16
6102	14
6103	18
6104	12
6105	12
6106	11
6107	17
6108	10
6109	13
6110	14
6111	13
6112	9
6113	16
6114	13
6115	10
6116	13
6117	11
6118	16
6119	27
6120	14
6121	21
6122	21
6123	9
6124	11
6125	13
6126	13
6127	13
6128	13
6129	12
6130	8
6131	9
6132	15
6133	8
6134	9
6135	10
6136	18
6137	8
6138	12
6139	16
6140	16
6141	21
6142	10
6143	13
6144	19
6145	9
6146	12
6147	11
6148	18
6149	17
6150	13
6151	15
6152	8
6153	21
6154	11
6155	14
6156	8
6157	16
6158	12
6159	14
6160	11
6161	9
6162	12
6163	15
6164	14
6165	13
6166	9
6167	17
6168	12
6169	16
6170	12
6171	15
6172	11
6173	15
6174	12
6175	10
6176	8
6177	10
6178	14
6179	17
6180	11
6181	14
6182	8
6183	13
6184	12
6185	18
6186	8
6187	16
6188	13
6189	16
6190	6
6191	22
6192	12
6193	7
6194	8
6195	19
6196	18
6197	20
6198	17
6199	14
6200	20
6201	14
6202	20
6203	15
6204	19
6205	10
6206	20
6207	12
6208	16
6209	13
6210	19
6211	9
6212	13
6213	14
6214	11
6215	13
6216	12
6217	16
6218	13
6219	18
6220	11
6221	16
6222	19
6223	11
6224	10
6225	15
6226	15
6227	19
6228	5
6229	8
6230	17
6231	15
6232	11
6233	18
6234	24
6235	13
6236	20
6237	17
6238	17
6239	10
6240	14
6241	15
6242	10
6243	16
6244	20
6245	17
6246	9
6247	14
6248	12
6249	11
6250	10
6251	17
6252	17
6253	11
6254	9
6255	16
6256	14
6257	19
6258	14
6259	11
6260	9
6261	21
6262	18
6263	14
6264	17
6265	14
6266	16
6267	16
6268	8
6269	18
6270	9
6271	18
6272	18
6273	12
6274	15
6275	24
6276	15
6277	13
6278	15
6279	18
6280	11
6281	21
6282	14
6283	13
6284	18
6285	14
6286	17
6287	20
6288	14
6289	9
6290	16
6291	12
6292	20
6293	15
6294	16
6295	15
6296	19
6297	10
6298	12
6299	19
6300	20
6301	13
6302	14
6303	7
6304	16
6305	9
6306	16
6307	21
6308	24
6309	19
6310	14
6311	14
6312	10
6313	14
6314	11
6315	26
6316	16
6317	23
6318	21
6319	22
6320	17
6321	18
6322	14
6323	27
6324	20
6325	22
6326	20
6327	14
6328	21
6329	25
6330	19
6331	15
6332	16
6333	23
6334	15
6335	16
6336	22
6337	22
6338	18
6339	15
6340	15
6341	21
6342	24
6343	13
6344	14
6345	15
6346	12
6347	13
6348	17
6349	14
6350	26
6351	20
6352	17
6353	16
6354	22
6355	18
6356	23
6357	14
6358	18
6359	14
6360	13
6361	11
6362	17
6363	17
6364	17
6365	12
6366	13
6367	20
6368	24
6369	17
6370	16
6371	24
6372	21
6373	15
6374	14
6375	19
6376	15
6377	17
6378	22
6379	20
6380	19
6381	19
6382	10
6383	19
6384	20
6385	31
6386	19
6387	21
6388	20
6389	22
6390	14
6391	21
6392	18
6393	20
6394	18
6395	17
6396	19
6397	13
6398	15
6399	24
6400	26
6401	15
6402	13
6403	18
6404	21
6405	14
6406	25
6407	13
6408	19
6409	23
6410	18
6411	19
6412	23
6413	24
6414	14
6415	14
6416	20
6417	18
6418	21
6419	8
6420	16
6421	14
6422	24
6423	27
6424	24
6425	10
6426	20
6427	24
6428	19
6429	16
6430	19
6431	18
6432	20
6433	24
6434	18
6435	20
6436	17
6437	23
6438	16
6439	20
6440	22
6441	16
6442	16
6443	14
6444	18
6445	14
6446	19
6447	22
6448	18
6449	19
6450	25
6451	17
6452	16
6453	30
6454	22
6455	22
6456	16
6457	15
6458	21
6459	9
6460	18
6461	29
6462	19
6463	18
6464	28
6465	22
6466	15
6467	20
6468	25
6469	15
6470	16
6471	22
6472	27
6473	13
6474	19
6475	16
6476	20
6477	18
6478	23
6479	17
6480	15
6481	15
6482	28
6483	22
6484	22
6485	25
6486	17
6487	11
6488	19
6489	19
6490	17
6491	21
6492	15
6493	20
6494	24
6495	12
6496	16
6497	24
6498	17
6499	19
6500	21
6501	18
6502	19
6503	28
6504	16
6505	17
6506	23
6507	17
6508	18
6509	13
6510	20
6511	23
6512	22
6513	20
6514	19
6515	19
6516	25
6517	27
6518	17
6519	19
6520	17
6521	23
6522	21
6523	24
6524	16
6525	19
6526	26
6527	25
6528	23
6529	17
6530	17
6531	12
6532	28
6533	21
6534	16
6535	22
6536	18
6537	21
6538	23
6539	11
6540	22
6541	14
6542	21
6543	18
6544	14
6545	20
6546	36
6547	11
6548	20
6549	19
6550	20
6551	16
6552	28
6553	18
6554	21
6555	15
6556	19
6557	24
6558	17
6559	28
6560	22
6561	21
6562	18
6563	25
6564	17
6565	19
6566	21
6567	18
6568	20
6569	32
6570	24
6571	18
6572	16
6573	19
6574	25
6575	13
6576	23
6577	15
6578	22
6579	22
6580	27
6581	21
6582	24
6583	20
6584	22
6585	18
6586	20
6587	18
6588	19
6589	18
6590	18
6591	21
6592	13
6593	15
6594	14
6595	15
6596	19
6597	14
6598	13
6599	13
6600	13
6601	19
6602	17
6603	26
6604	17
6605	22
6606	14
6607	11
6608	22
6609	14
6610	14
6611	21
6612	17
6613	19
6614	16
6615	20
6616	19
6617	15
6618	20
6619	15
6620	17
6621	10
6622	15
6623	22
6624	17
6625	19
6626	15
6627	15
6628	16
6629	13
6630	8
6631	16
6632	16
6633	11
6634	13
6635	18
6636	18
6637	21
6638	19
6639	14
6640	16
6641	18
6642	13
6643	17
6644	11
6645	14
6646	13
6647	13
6648	14
6649	15
6650	15
6651	16
6652	19
6653	26
6654	16
6655	19
6656	9
6657	15
6658	15
6659	12
6660	21
6661	11
6662	24
6663	13
6664	13
6665	21
6666	10
6667	11
6668	15
6669	20
6670	21
6671	15
6672	19
6673	24
6674	17
6675	19
6676	16
6677	11
6678	15
6679	14
6680	14
6681	12
6682	17
6683	9
6684	10
6685	20
6686	15
6687	12
6688	16
6689	21
6690	11
6691	16
6692	12
6693	16
6694	16
6695	19
6696	12
6697	12
6698	9
6699	13
6700	15
6701	10
6702	11
6703	13
6704	12
6705	13
6706	6
6707	17
6708	17
6709	17
6710	13
6711	13
6712	14
6713	7
6714	9
6715	13
6716	10
6717	18
6718	16
6719	8
6720	20
6721	6
6722	8
6723	11
6724	17
6725	14
6726	10
6727	11
6728	16
6729	13
6730	15
6731	9
6732	11
6733	11
6734	17
6735	15
6736	11
6737	15
6738	9
6739	14
6740	12
6741	10
6742	9
6743	12
6744	9
6745	5
6746	10
6747	12
6748	9
6749	11
6750	15
6751	10
6752	9
6753	14
6754	9
6755	9
6756	14
6757	13
6758	6
6759	7
6760	12
6761	9
6762	6
6763	10
6764	6
6765	9
6766	10
6767	8
6768	10
6769	10
6770	12
6771	15
6772	10
6773	10
6774	7
6775	12
6776	10
6777	9
6778	11
6779	11
6780	9
6781	12
6782	7
6783	8
6784	13
6785	8
6786	10
6787	9
6788	4
6789	8
6790	10
6791	8
6792	4
6793	12
6794	9
6795	9
6796	7
6797	7
6798	8
6799	10
6800	7
6801	9
6802	12
6803	10
6804	5
6805	8
6806	5
6807	9
6808	7
6809	9
6810	6
6811	12
6812	4
6813	6
6814	6
6815	11
6816	7
6817	5
6818	5
6819	6
6820	7
6821	8
6822	8
6823	10
6824	5
6825	4
6826	7
6827	1
6828	4
6829	15
6830	8
6831	7
6832	6
6833	9
6834	9
6835	9
6836	2
6837	5
6838	8
6839	4
6840	6
6841	5
6842	7
6843	3
6844	3
6845	5
6846	8
6847	4
6848	6
6849	10
6850	3
6851	4
6852	7
6853	6
6854	10
6855	8
6856	2
6857	8
6858	7
6859	2
6860	4
6861	5
6862	6
6863	4
6864	6
6865	5
6866	6
6867	6
6868	4
6869	6
6870	6
6871	5
6872	5
6873	7
6874	4
6875	3
6876	4
6877	8
6878	3
6879	4
6880	4
6881	6
6882	7
6883	5
6884	6
6885	4
6886	8
6887	6
6888	6
6889	6
6890	2
6891	5
6892	0
6893	5
6894	2
6895	3
6896	3
6897	6
6898	3
6899	6
6900	3
6901	5
6902	2
6903	6
6904	5
6905	6
6906	4
6907	6
6908	0
6909	3
6910	2
6911	2
6912	3
6913	5
6914	4
6915	2
6916	3
6917	5
6918	4
6919	5
6920	3
6921	4
6922	4
6923	3
6924	5
6925	6
6926	6
6927	5
6928	4
6929	1
6930	5
6931	3
6932	4
6933	6
6934	2
6935	3
6936	2
6937	1
6938	4
6939	1
6940	3
6941	5
6942	3
6943	5
6944	4
6945	3
6946	1
6947	3
6948	3
6949	4
6950	0
6951	3
6952	7
6953	6
6954	2
6955	4
6956	2
6957	1
6958	0
6959	3
6960	0
6961	3
6962	0
6963	2
6964	2
6965	1
6966	1
6967	0
6968	4
6969	3
6970	2
6971	4
6972	3
6973	1
6974	3
6975	0
6976	3
6977	2
6978	5
6979	2
6980	2
6981	1
6982	4
6983	1
6984	0
6985	1
6986	3
6987	0
6988	1
6989	2
6990	2
6991	1
6992	0
6993	1
6994	2
6995	1
6996	1
6997	1
6998	0
6999	2
7000	3
7001	3
7002	1
7003	0
7004	2
7005	0
7006	0
7007	0
7008	1
7009	3
7010	2
7011	0
7012	0
7013	0
7014	2
7015	2
7016	4
7017	2
7018	2
7019	0
7020	3
7021	0
7022	1
7023	1
7024	0
7025	0
7026	0
7027	1
7028	1
7029	2
7030	1
7031	2
7032	1
7033	1
7034	4
7035	1
7036	3
7037	1
7038	0
7039	2
7040	0
7041	0
7042	0
7043	0
7044	3
7045	1
7046	5
7047	2
7048	0
7049	2
7050	2
7051	2
7052	0
7053	1
7054	0
7055	2
7056	1
7057	3
7058	0
7059	0
7060	2
7061	1
7062	1
7063	1
7064	2
7065	0
7066	1
7067	2
7068	1
7069	0
7070	0
7071	0
7072	1
7073	3
7074	1
7075	1
7076	0
7077	2
7078	0
7079	1
7080	1
7081	3
7082	2
7083	0
7084	0
7085	2
7086	2
7087	0
7088	1
7089	1
7090	1
7091	1
7092	1
7093	2
7094	1
7095	1
7096	1
7097	0
7098	1
7099	2
7100	3
7101	0
7102	0
7103	1
7104	1
7105	0
7106	0
7107	0
7108	2
7109	1
7110	2
7111	0
7112	1
7113	0
7114	1
7115	1
7116	0
7117	1
7118	0
7119	2
7120	1
7121	1
7122	0
7123	1
7124	1
7125	0
7126	2
7127	1
7128	1
7129	2
7130	1
7131	1
7132	2
7133	0
7134	0
7135	1
7136	0
7137	0
7138	1
7139	0
7140	0
7141	0
7142	2
7143	0
7144	1
7145	0
7146	0
7147	1
7148	0
7149	0
7150	1
7151	1
7152	0
7153	0
7154	1
7155	0
7156	1
7157	0
7158	1
7159	0
7160	1
7161	1
7162	0
7163	0
7164	1
7165	1
7166	2
7167	0
7168	1
7169	3
7170	1
7171	2
7172	0
7173	0
7174	3
7175	0
7176	1
7177	0
7178	2
7179	0
7180	0
7181	0
7182	1
7183	0
7184	0
7185	0
7186	1
7187	0
7188	1
7189	1
7190	0
7191	0
7192	0
7193	0
7194	0
7195	1
7196	0
7197	0
7198	3
7199	1
7200	0
7201	1
7202	0
7203	0
7204	2
7205	1
7206	0
7207	0
7208	0
7209	3
7210	1
7211	1
7212	2
7213	0
7214	0
7215	0
7216	0
7217	0
7218	0
7219	1
7220	1
7221	1
7222	0
7223	0
7224	1
7225	1
7226	0
7227	0
7228	1
7229	0
7230	2
7231	1
7232	0
7233	2
7234	0
7235	0
7236	0
7237	0
7238	0
7239	3
7240	1
7241	0
7242	0
7243	0
7244	1
7245	0
7246	1
7247	0
7248	0
7249	0
7250	0
7251	0
7252	0
7253	1
7254	0
7255	0
7256	1
7257	0
7258	2
7259	0
7260	1
7261	1
7262	0
7263	0
7264	0
7265	4
7266	0
7267	0
7268	1
7269	0
7270	0
7271	1
7272	1
7273	3
7274	0
7275	2
7276	0
7277	1
7278	1
7279	0
7280	1
7281	1
7282	1
7283	1
7284	2
7285	1
7286	0
7287	0
7288	0
7289	1
7290	1
7291	1
7292	0
7293	2
7294	1
7295	0
7296	0
7297	0
7298	2
7299	1
7300	0
7301	1
7302	0
7303	0
7304	1
7305	1
7306	1
7307	0
7308	0
7309	1
7310	0
7311	0
7312	2
7313	1
7314	0
7315	0
7316	1
7317	0
7318	0
7319	0
7320	0
7321	0
7322	0
7323	0
7324	0
7325	0
7326	1
7327	0
7328	0
7329	0
7330	0
7331	1
7332	0
7333	0
7334	1
7335	1
7336	0
7337	0
7338	0
7339	0
7340	1
7341	1
7342	1
7343	0
7344	0
7345	0
7346	0
7347	1
7348	0
7349	0
7350	1
7351	0
7352	1
7353	1
7354	0
7355	1
7356	0
7357	0
7358	0
7359	2
7360	0
7361	0
7362	2
7363	1
7364	0
7365	0
7366	0
7367	0
7368	0
7369	1
7370	0
7371	0
7372	1
7373	0
7374	0
7375	0
7376	0
7377	0
7378	0
7379	0
7380	3
7381	1
7382	0
7383	0
7384	1
7385	2
7386	1
7387	0
7388	0
7389	0
7390	1
7391	0
7392	1
7393	0
7394	0
7395	1
7396	2
7397	0
7398	1
7399	0
7400	0
7401	1
7402	0
7403	0
7404	0
7405	0
7406	0
7407	0
7408	2
7409	0
7410	2
7411	0
7412	1
7413	1
7414	1
7415	0
7416	1
7417	0
7418	0
7419	0
7420	2
7421	2
7422	2
7423	0
7424	1
7425	0
7426	2
7427	0
7428	0
7429	1
7430	0
7431	0
7432	3
7433	1
7434	0
7435	0
7436	0
7437	0
7438	1
7439	0
7440	1
7441	2
7442	0
7443	0
7444	1
7445	1
7446	0
7447	0
7448	0
7449	1
7450	2
7451	0
7452	2
7453	0
7454	0
7455	0
7456	0
7457	0
7458	0
7459	1
7460	1
7461	0
7462	0
7463	1
7464	4
7465	1
7466	2
7467	1
7468	0
7469	0
7470	1
7471	0
7472	0
7473	0
7474	2
7475	1
7476	0
7477	1
7478	2
7479	1
7480	0
7481	1
7482	0
7483	0
7484	0
7485	1
7486	2
7487	0
7488	0
7489	0
7490	1
7491	0
7492	2
7493	1
7494	0
7495	0
7496	2
7497	0
7498	2
7499	0
7500	0
7501	0
7502	1
7503	1
7504	1
7505	0
7506	0
7507	1
7508	0
7509	0
7510	2
7511	0
7512	2
7513	2
7514	1
7515	2
7516	0
7517	0
7518	1
7519	0
7520	0
7521	0
7522	0
7523	0
7524	0
7525	1
7526	0
7527	0
7528	0
7529	0
7530	2
7531	1
7532	0
7533	0
7534	1
7535	0
7536	1
7537	0
7538	0
7539	0
7540	0
7541	0
7542	0
7543	1
7544	1
7545	0
7546	1
7547	1
7548	0
7549	2
7550	1
7551	1
7552	0
7553	0
7554	0
7555	2
7556	1
7557	0
7558	0
7559	0
7560	0
7561	0
7562	0
7563	0
7564	2
7565	0
7566	0
7567	0
7568	0
7569	0
7570	0
7571	2
7572	0
7573	0
7574	4
7575	1
7576	1
7577	0
7578	1
7579	0
7580	0
7581	0
7582	0
7583	2
7584	0
7585	0
7586	1
7587	1
7588	0
7589	0
7590	2
7591	0
7592	1
7593	0
7594	1
7595	0
7596	0
7597	0
7598	0
7599	0
7600	3
7601	0
7602	0
7603	2
7604	0
7605	0
7606	0
7607	0
7608	2
7609	1
7610	3
7611	1
7612	1
7613	0
7614	1
7615	0
7616	0
7617	0
7618	1
7619	0
7620	1
7621	1
7622	1
7623	0
7624	1
7625	0
7626	1
7627	1
7628	0
7629	1
7630	0
7631	0
7632	0
7633	0
7634	0
7635	1
7636	0
7637	1
7638	1
7639	0
7640	2
7641	0
7642	1
7643	0
7644	0
7645	0
7646	0
7647	1
7648	1
7649	0
7650	1
7651	0
7652	1
7653	0
7654	0
7655	0
7656	0
7657	1
7658	2
7659	0
7660	1
7661	1
7662	0
7663	0
7664	1
7665	0
7666	0
7667	0
7668	0
7669	1
7670	0
7671	1
7672	1
7673	0
7674	2
7675	0
7676	1
7677	1
7678	0
7679	0
7680	0
7681	1
7682	2
7683	0
7684	0
7685	0
7686	0
7687	1
7688	0
7689	0
7690	0
7691	0
7692	0
7693	0
7694	1
7695	0
7696	0
7697	0
7698	1
7699	0
7700	2
7701	0
7702	2
7703	0
7704	0
7705	0
7706	0
7707	0
7708	0
7709	0
7710	1
7711	2
7712	0
7713	1
7714	2
7715	0
7716	1
7717	1
7718	0
7719	0
7720	2
7721	1
7722	0
7723	0
7724	0
7725	1
7726	0
7727	0
7728	0
7729	0
7730	0
7731	0
7732	0
7733	1
7734	0
7735	1
7736	0
7737	0
7738	1
7739	0
7740	0
7741	1
7742	2
7743	0
7744	2
7745	0
7746	0
7747	0
7748	0
7749	1
7750	1
7751	1
7752	0
7753	0
7754	0
7755	1
7756	0
7757	0
7758	0
7759	1
7760	0
7761	0
7762	0
7763	1
7764	0
7765	0
7766	0
7767	0
7768	1
7769	2
7770	0
7771	0
7772	2
7773	0
7774	0
7775	0
7776	3
7777	1
7778	0
7779	0
7780	0
7781	1
7782	1
7783	2
7784	0
7785	2
7786	0
7787	0
7788	1
7789	0
7790	1
7791	1
7792	1
7793	0
7794	0
7795	1
7796	0
7797	1
7798	0
7799	1
7800	0
7801	0
7802	0
7803	0
7804	0
7805	0
7806	0
7807	0
7808	1
7809	0
7810	1
7811	0
7812	0
7813	0
7814	0
7815	0
7816	0
7817	2
7818	0
7819	0
7820	1
7821	0
7822	0
7823	0
7824	0
7825	0
7826	0
7827	0
7828	0
7829	1
7830	0
7831	0
7832	2
7833	0
7834	0
7835	0
7836	1
7837	0
7838	0
7839	0
7840	1
7841	0
7842	1
7843	1
7844	0
7845	1
7846	0
7847	0
7848	1
7849	0
7850	1
7851	0
7852	2
7853	0
7854	1
7855	0
7856	1
7857	0
7858	0
7859	1
7860	0
7861	1
7862	0
7863	1
7864	0
7865	0
7866	1
7867	3
7868	0
7869	0
7870	0
7871	0
7872	2
7873	1
7874	1
7875	2
7876	0
7877	0
7878	0
7879	0
7880	0
7881	1
7882	0
7883	0
7884	1
7885	3
7886	1
7887	0
7888	1
7889	0
7890	0
7891	0
7892	2
7893	0
7894	0
7895	0
7896	0
7897	1
7898	0
7899	0
7900	0
7901	0
7902	0
7903	0
7904	2
7905	1
7906	1
7907	0
7908	0
7909	0
7910	1
7911	0
7912	0
7913	2
7914	0
7915	0
7916	0
7917	0
7918	0
7919	0
7920	2
7921	0
7922	0
7923	0
7924	1
7925	0
7926	0
7927	2
7928	0
7929	0
7930	2
7931	0
7932	0
7933	1
7934	1
7935	0
7936	1
7937	0
7938	1
7939	2
7940	0
7941	0
7942	0
7943	0
7944	1
7945	0
7946	0
7947	1
7948	0
7949	0
7950	0
7951	1
7952	0
7953	0
7954	0
7955	0
7956	0
7957	3
7958	0
7959	0
7960	0
7961	0
7962	0
7963	2
7964	1
7965	0
7966	0
7967	0
7968	0
7969	1
7970	0
7971	1
7972	0
7973	1
7974	0
7975	1
7976	0
7977	1
7978	0
7979	0
7980	1
7981	1
7982	0
7983	1
7984	0
7985	0
7986	0
7987	0
7988	0
7989	0
7990	0
7991	1
7992	1
7993	0
7994	0
7995	0
7996	0
7997	1
7998	0
7999	1
8000	1
8001	0
8002	0
8003	1
8004	0
8005	0
8006	1
8007	0
8008	0
8009	0
8010	1
8011	1
8012	0
8013	0
8014	0
8015	2
8016	0
8017	0
8018	0
8019	0
8020	2
8021	0
8022	0
8023	1
8024	0
8025	1
8026	0
8027	2
8028	1
8029	1
8030	1
8031	0
8032	0
8033	1
8034	1
8035	1
8036	0
8037	0
8038	1
8039	0
8040	2
8041	1
8042	0
8043	0
8044	0
8045	0
8046	1
8047	1
8048	0
8049	0
8050	1
8051	1
8052	0
8053	0
8054	0
8055	3
8056	2
8057	0
8058	0
8059	0
8060	0
8061	0
8062	0
8063	1
8064	1
8065	0
8066	0
8067	0
8068	1
8069	0
8070	0
8071	0
8072	2
8073	2
8074	0
8075	0
8076	0
8077	1
8078	1
8079	0
8080	1
8081	0
8082	0
8083	0
8084	0
8085	0
8086	0
8087	0
8088	0
8089	0
8090	0
8091	0
8092	0
8093	0
8094	0
8095	0
8096	0
8097	0
8098	0
8099	0
8100	0
8101	0
8102	0
8103	0
8104	0
8105	0
8106	0
8107	0
8108	0
8109	0
8110	0
8111	0
8112	0
8113	0
8114	0
8115	0
8116	0
8117	0
8118	0
8119	0
8120	0
8121	0
8122	0
8123	0
8124	0
8125	0
8126	0
8127	0
8128	0
8129	0
8130	0
8131	0
8132	0
8133	0
8134	0
8135	0
8136	0
8137	0
8138	0
8139	0
8140	0
8141	0
8142	0
8143	0
8144	0
8145	0
8146	0
8147	0
8148	0
8149	0
8150	0
8151	0
8152	0
8153	0
8154	0
8155	0
8156	0
8157	0
8158	0
8159	0
8160	0
8161	0
8162	0
8163	0
8164	0
8165	0
8166	0
8167	0
8168	0
8169	0
8170	0
8171	0
8172	0
8173	0
8174	0
8175	0
8176	0
8177	0
8178	0
8179	0
8180	0
8181	0
8182	0
8183	0
8184	0
8185	0
8186	0
8187	0
8188	0
8189	0
8190	0
8191	0
