0	0
1	0
2	1
3	0
4	0
5	0
6	0
7	0
8	0
9	0
10	0
11	0
12	1
13	0
14	1
15	0
16	1
17	0
18	1
19	0
20	0
21	0
22	0
23	0
24	0
25	0
26	0
27	0
28	0
29	2
30	0
31	0
32	0
33	0
34	0
35	0
36	0
37	0
38	0
39	1
40	0
41	0
42	1
43	0
44	0
45	0
46	0
47	1
48	0
49	0
50	0
51	0
52	0
53	0
54	0
55	0
56	0
57	0
58	0
59	0
60	0
61	1
62	0
63	0
64	0
65	0
66	0
67	0
68	0
69	0
70	0
71	0
72	0
73	0
74	0
75	0
76	0
77	0
78	0
79	0
80	0
81	0
82	0
83	1
84	1
85	6
86	10
87	15
88	9
89	14
90	17
91	12
92	15
93	8
94	14
95	9
96	11
97	8
98	13
99	12
100	13
101	12
102	9
103	9
104	6
105	9
106	8
107	11
108	8
109	17
110	4
111	11
112	12
113	8
114	2
115	12
116	13
117	12
118	11
119	10
120	6
121	5
122	9
123	14
124	12
125	11
126	10
127	6
128	3
129	11
130	9
131	7
132	5
133	13
134	10
135	8
136	9
137	12
138	7
139	11
140	7
141	8
142	10
143	15
144	10
145	11
146	10
147	6
148	9
149	10
150	6
151	13
152	5
153	11
154	16
155	4
156	8
157	9
158	6
159	10
160	7
161	15
162	10
163	15
164	10
165	11
166	10
167	11
168	10
169	8
170	13
171	9
172	9
173	9
174	15
175	13
176	9
177	7
178	9
179	13
180	4
181	8
182	4
183	13
184	4
185	11
186	9
187	8
188	12
189	10
190	8
191	10
192	7
193	7
194	5
195	9
196	13
197	10
198	6
199	7
200	13
201	6
202	11
203	8
204	9
205	5
206	6
207	13
208	7
209	9
210	8
211	16
212	10
213	9
214	7
215	14
216	8
217	6
218	4
219	7
220	5
221	10
222	11
223	10
224	9
225	9
226	9
227	9
228	11
229	8
230	6
231	10
232	13
233	6
234	8
235	10
236	12
237	9
238	11
239	16
240	8
241	9
242	6
243	16
244	10
245	7
246	10
247	6
248	6
249	8
250	14
251	18
252	12
253	10
254	7
255	12
256	5
257	12
258	15
259	8
260	11
261	7
262	12
263	11
264	12
265	16
266	10
267	8
268	13
269	12
270	10
271	7
272	10
273	19
274	7
275	5
276	6
277	13
278	13
279	5
280	9
281	8
282	13
283	9
284	11
285	12
286	13
287	13
288	6
289	10
290	8
291	8
292	7
293	12
294	8
295	11
296	14
297	16
298	12
299	9
300	12
301	11
302	11
303	13
304	7
305	15
306	6
307	12
308	6
309	8
310	14
311	8
312	12
313	14
314	9
315	4
316	5
317	8
318	5
319	7
320	8
321	10
322	13
323	8
324	10
325	11
326	8
327	7
328	12
329	16
330	9
331	4
332	12
333	11
334	11
335	9
336	7
337	11
338	6
339	5
340	8
341	10
342	5
343	15
344	9
345	16
346	10
347	7
348	8
349	9
350	12
351	10
352	3
353	8
354	13
355	4
356	8
357	14
358	10
359	11
360	8
361	3
362	7
363	11
364	10
365	13
366	10
367	8
368	16
369	10
370	14
371	5
372	9
373	14
374	8
375	14
376	5
377	7
378	8
379	16
380	11
381	10
382	13
383	12
384	11
385	9
386	15
387	11
388	7
389	7
390	10
391	12
392	14
393	12
394	13
395	10
396	16
397	12
398	10
399	14
400	7
401	15
402	16
403	8
404	12
405	12
406	10
407	9
408	8
409	11
410	9
411	10
412	4
413	6
414	9
415	19
416	14
417	9
418	16
419	15
420	16
421	16
422	8
423	10
424	8
425	8
426	7
427	11
428	9
429	4
430	8
431	6
432	12
433	6
434	6
435	11
436	6
437	8
438	18
439	15
440	11
441	15
442	9
443	15
444	11
445	17
446	11
447	9
448	6
449	21
450	8
451	6
452	12
453	11
454	4
455	11
456	8
457	8
458	11
459	11
460	9
461	8
462	15
463	10
464	13
465	17
466	10
467	9
468	21
469	7
470	12
471	11
472	12
473	10
474	8
475	13
476	14
477	8
478	12
479	8
480	15
481	17
482	17
483	9
484	15
485	10
486	13
487	21
488	19
489	10
490	10
491	12
492	14
493	8
494	11
495	9
496	9
497	13
498	17
499	13
500	13
501	16
502	11
503	18
504	8
505	11
506	9
507	14
508	8
509	7
510	11
511	8
512	15
513	16
514	13
515	16
516	19
517	13
518	11
519	9
520	13
521	11
522	12
523	15
524	7
525	9
526	13
527	15
528	9
529	11
530	16
531	11
532	13
533	9
534	14
535	13
536	6
537	8
538	12
539	12
540	15
541	8
542	11
543	16
544	8
545	16
546	13
547	8
548	13
549	9
550	7
551	12
552	8
553	11
554	12
555	10
556	14
557	11
558	14
559	9
560	12
561	5
562	14
563	10
564	11
565	12
566	6
567	12
568	10
569	14
570	15
571	14
572	14
573	13
574	9
575	10
576	9
577	9
578	9
579	12
580	21
581	12
582	12
583	8
584	10
585	11
586	12
587	17
588	14
589	16
590	8
591	15
592	11
593	6
594	8
595	16
596	15
597	7
598	9
599	10
600	13
601	9
602	8
603	11
604	10
605	16
606	8
607	3
608	9
609	7
610	16
611	18
612	14
613	11
614	9
615	16
616	8
617	13
618	13
619	16
620	15
621	8
622	8
623	17
624	12
625	12
626	11
627	11
628	13
629	8
630	20
631	6
632	18
633	15
634	12
635	11
636	13
637	13
638	13
639	8
640	14
641	10
642	11
643	19
644	12
645	17
646	13
647	3
648	16
649	11
650	12
651	12
652	12
653	12
654	14
655	12
656	16
657	11
658	10
659	11
660	13
661	10
662	16
663	17
664	12
665	11
666	7
667	13
668	10
669	8
670	11
671	14
672	16
673	13
674	7
675	15
676	19
677	6
678	13
679	14
680	21
681	17
682	12
683	8
684	15
685	7
686	7
687	7
688	12
689	17
690	11
691	14
692	10
693	14
694	12
695	11
696	16
697	7
698	18
699	9
700	7
701	15
702	5
703	14
704	14
705	13
706	8
707	16
708	15
709	18
710	19
711	15
712	10
713	13
714	17
715	15
716	8
717	11
718	19
719	17
720	20
721	9
722	10
723	10
724	15
725	19
726	10
727	24
728	15
729	13
730	13
731	12
732	15
733	9
734	15
735	16
736	11
737	14
738	17
739	17
740	9
741	14
742	11
743	16
744	13
745	15
746	13
747	14
748	10
749	17
750	15
751	15
752	17
753	15
754	16
755	16
756	19
757	14
758	22
759	11
760	15
761	15
762	13
763	12
764	22
765	20
766	12
767	22
768	14
769	15
770	14
771	20
772	14
773	20
774	7
775	21
776	23
777	21
778	15
779	19
780	16
781	17
782	19
783	15
784	21
785	20
786	17
787	16
788	15
789	13
790	22
791	18
792	13
793	22
794	23
795	17
796	24
797	20
798	17
799	16
800	24
801	35
802	13
803	11
804	27
805	14
806	22
807	12
808	12
809	18
810	29
811	25
812	24
813	23
814	22
815	21
816	11
817	22
818	21
819	18
820	25
821	15
822	15
823	14
824	12
825	15
826	24
827	20
828	18
829	11
830	17
831	17
832	16
833	22
834	8
835	18
836	17
837	14
838	22
839	18
840	22
841	25
842	19
843	23
844	17
845	18
846	27
847	21
848	17
849	22
850	26
851	14
852	16
853	16
854	24
855	16
856	18
857	14
858	23
859	23
860	15
861	14
862	20
863	19
864	16
865	17
866	18
867	21
868	30
869	26
870	21
871	18
872	20
873	13
874	17
875	21
876	17
877	17
878	16
879	26
880	18
881	16
882	14
883	13
884	13
885	14
886	17
887	16
888	11
889	18
890	16
891	25
892	17
893	19
894	13
895	20
896	14
897	12
898	19
899	19
900	18
901	17
902	15
903	12
904	14
905	13
906	20
907	17
908	15
909	11
910	15
911	18
912	14
913	21
914	18
915	17
916	16
917	19
918	12
919	19
920	23
921	12
922	17
923	19
924	21
925	12
926	17
927	17
928	12
929	18
930	10
931	11
932	18
933	19
934	13
935	15
936	14
937	12
938	17
939	15
940	20
941	24
942	29
943	21
944	12
945	9
946	11
947	19
948	6
949	19
950	19
951	21
952	24
953	19
954	20
955	15
956	20
957	12
958	8
959	26
960	16
961	15
962	16
963	17
964	16
965	11
966	19
967	19
968	19
969	21
970	23
971	11
972	12
973	22
974	15
975	20
976	12
977	14
978	16
979	19
980	11
981	26
982	17
983	15
984	17
985	22
986	17
987	21
988	22
989	16
990	18
991	13
992	14
993	18
994	14
995	16
996	11
997	23
998	19
999	19
1000	20
1001	17
1002	20
1003	14
1004	12
1005	16
1006	20
1007	16
1008	24
1009	12
1010	21
1011	14
1012	19
1013	14
1014	18
1015	17
1016	15
1017	14
1018	13
1019	18
1020	15
1021	20
1022	22
1023	14
1024	13
1025	25
1026	12
1027	18
1028	13
1029	13
1030	18
1031	17
1032	15
1033	15
1034	14
1035	11
1036	17
1037	17
1038	16
1039	16
1040	18
1041	16
1042	15
1043	11
1044	14
1045	19
1046	19
1047	16
1048	21
1049	10
1050	18
1051	14
1052	14
1053	8
1054	19
1055	11
1056	10
1057	15
1058	15
1059	24
1060	16
1061	11
1062	15
1063	16
1064	16
1065	17
1066	15
1067	21
1068	28
1069	17
1070	13
1071	16
1072	14
1073	21
1074	19
1075	18
1076	20
1077	14
1078	12
1079	16
1080	12
1081	18
1082	19
1083	16
1084	11
1085	16
1086	17
1087	21
1088	17
1089	9
1090	15
1091	11
1092	12
1093	17
1094	10
1095	21
1096	10
1097	16
1098	16
1099	14
1100	13
1101	15
1102	13
1103	13
1104	19
1105	18
1106	18
1107	13
1108	11
1109	19
1110	21
1111	17
1112	13
1113	17
1114	17
1115	14
1116	13
1117	13
1118	22
1119	11
1120	19
1121	15
1122	23
1123	19
1124	12
1125	21
1126	20
1127	20
1128	16
1129	11
1130	20
1131	11
1132	17
1133	15
1134	36
1135	14
1136	20
1137	16
1138	15
1139	20
1140	19
1141	15
1142	11
1143	11
1144	15
1145	15
1146	25
1147	9
1148	16
1149	17
1150	18
1151	15
1152	16
1153	19
1154	16
1155	14
1156	24
1157	17
1158	15
1159	14
1160	8
1161	16
1162	18
1163	13
1164	16
1165	19
1166	15
1167	19
1168	26
1169	19
1170	10
1171	17
1172	18
1173	11
1174	17
1175	17
1176	17
1177	11
1178	22
1179	17
1180	20
1181	21
1182	23
1183	22
1184	21
1185	15
1186	26
1187	14
1188	16
1189	21
1190	14
1191	16
1192	18
1193	14
1194	19
1195	15
1196	17
1197	20
1198	17
1199	23
1200	26
1201	14
1202	12
1203	23
1204	11
1205	17
1206	15
1207	16
1208	17
1209	18
1210	12
1211	23
1212	23
1213	21
1214	13
1215	20
1216	21
1217	16
1218	20
1219	25
1220	19
1221	20
1222	31
1223	12
1224	23
1225	24
1226	19
1227	16
1228	7
1229	14
1230	21
1231	26
1232	19
1233	18
1234	16
1235	16
1236	15
1237	16
1238	15
1239	21
1240	21
1241	20
1242	23
1243	13
1244	12
1245	16
1246	21
1247	13
1248	23
1249	24
1250	23
1251	22
1252	13
1253	22
1254	19
1255	22
1256	18
1257	19
1258	24
1259	22
1260	17
1261	26
1262	18
1263	20
1264	15
1265	16
1266	22
1267	27
1268	20
1269	19
1270	27
1271	15
1272	16
1273	16
1274	12
1275	20
1276	20
1277	18
1278	17
1279	15
1280	16
1281	25
1282	20
1283	16
1284	16
1285	12
1286	29
1287	17
1288	18
1289	26
1290	19
1291	19
1292	25
1293	19
1294	19
1295	21
1296	19
1297	20
1298	10
1299	15
1300	22
1301	18
1302	17
1303	21
1304	17
1305	18
1306	20
1307	23
1308	16
1309	24
1310	21
1311	15
1312	18
1313	21
1314	24
1315	21
1316	28
1317	15
1318	14
1319	21
1320	21
1321	23
1322	13
1323	24
1324	19
1325	26
1326	20
1327	32
1328	23
1329	29
1330	18
1331	12
1332	19
1333	22
1334	19
1335	17
1336	17
1337	19
1338	23
1339	23
1340	17
1341	18
1342	27
1343	18
1344	26
1345	13
1346	26
1347	29
1348	20
1349	28
1350	19
1351	18
1352	12
1353	38
1354	24
1355	19
1356	18
1357	17
1358	17
1359	22
1360	17
1361	22
1362	21
1363	14
1364	20
1365	21
1366	21
1367	23
1368	20
1369	22
1370	20
1371	29
1372	22
1373	21
1374	20
1375	26
1376	21
1377	23
1378	22
1379	21
1380	26
1381	21
1382	15
1383	21
1384	23
1385	18
1386	19
1387	16
1388	22
1389	21
1390	13
1391	20
1392	15
1393	27
1394	20
1395	18
1396	21
1397	23
1398	29
1399	18
1400	18
1401	21
1402	22
1403	19
1404	18
1405	18
1406	17
1407	24
1408	18
1409	14
1410	25
1411	20
1412	19
1413	16
1414	26
1415	19
1416	24
1417	28
1418	20
1419	18
1420	19
1421	22
1422	28
1423	20
1424	15
1425	22
1426	27
1427	9
1428	32
1429	21
1430	16
1431	28
1432	26
1433	19
1434	15
1435	20
1436	21
1437	17
1438	28
1439	16
1440	20
1441	18
1442	31
1443	26
1444	20
1445	27
1446	21
1447	19
1448	20
1449	19
1450	24
1451	22
1452	16
1453	24
1454	24
1455	27
1456	22
1457	22
1458	29
1459	23
1460	20
1461	26
1462	20
1463	25
1464	29
1465	21
1466	21
1467	18
1468	31
1469	9
1470	26
1471	18
1472	19
1473	20
1474	17
1475	29
1476	21
1477	35
1478	21
1479	15
1480	23
1481	22
1482	19
1483	27
1484	24
1485	23
1486	19
1487	19
1488	24
1489	19
1490	25
1491	26
1492	21
1493	20
1494	25
1495	21
1496	21
1497	19
1498	22
1499	18
1500	32
1501	21
1502	23
1503	19
1504	28
1505	23
1506	27
1507	14
1508	19
1509	20
1510	26
1511	32
1512	22
1513	29
1514	24
1515	16
1516	17
1517	24
1518	9
1519	26
1520	22
1521	23
1522	23
1523	27
1524	23
1525	23
1526	25
1527	23
1528	18
1529	30
1530	23
1531	18
1532	25
1533	23
1534	23
1535	21
1536	33
1537	28
1538	20
1539	25
1540	19
1541	20
1542	21
1543	16
1544	22
1545	23
1546	19
1547	30
1548	21
1549	24
1550	19
1551	23
1552	21
1553	25
1554	21
1555	22
1556	27
1557	22
1558	17
1559	34
1560	22
1561	26
1562	25
1563	25
1564	23
1565	25
1566	23
1567	23
1568	23
1569	12
1570	21
1571	18
1572	18
1573	18
1574	26
1575	29
1576	23
1577	21
1578	28
1579	17
1580	17
1581	19
1582	26
1583	20
1584	20
1585	28
1586	18
1587	22
1588	20
1589	24
1590	21
1591	20
1592	15
1593	27
1594	19
1595	13
1596	19
1597	13
1598	27
1599	25
1600	26
1601	28
1602	17
1603	24
1604	12
1605	19
1606	29
1607	29
1608	22
1609	24
1610	30
1611	17
1612	13
1613	23
1614	17
1615	18
1616	27
1617	25
1618	22
1619	15
1620	27
1621	15
1622	26
1623	16
1624	26
1625	18
1626	17
1627	22
1628	19
1629	26
1630	25
1631	29
1632	23
1633	20
1634	28
1635	22
1636	20
1637	21
1638	18
1639	22
1640	19
1641	25
1642	22
1643	21
1644	18
1645	24
1646	16
1647	23
1648	34
1649	23
1650	22
1651	21
1652	13
1653	27
1654	27
1655	35
1656	36
1657	19
1658	23
1659	27
1660	24
1661	25
1662	27
1663	25
1664	29
1665	19
1666	26
1667	27
1668	30
1669	15
1670	21
1671	30
1672	23
1673	13
1674	24
1675	17
1676	29
1677	19
1678	24
1679	26
1680	34
1681	25
1682	26
1683	29
1684	12
1685	22
1686	21
1687	17
1688	26
1689	33
1690	18
1691	21
1692	20
1693	24
1694	13
1695	16
1696	21
1697	20
1698	17
1699	18
1700	22
1701	17
1702	27
1703	23
1704	31
1705	32
1706	22
1707	22
1708	21
1709	23
1710	29
1711	26
1712	19
1713	17
1714	26
1715	24
1716	25
1717	21
1718	24
1719	23
1720	20
1721	24
1722	26
1723	20
1724	34
1725	19
1726	26
1727	23
1728	22
1729	21
1730	30
1731	28
1732	17
1733	32
1734	28
1735	22
1736	22
1737	26
1738	21
1739	23
1740	23
1741	22
1742	24
1743	22
1744	31
1745	23
1746	27
1747	33
1748	26
1749	26
1750	23
1751	19
1752	24
1753	28
1754	37
1755	21
1756	23
1757	39
1758	26
1759	24
1760	23
1761	24
1762	28
1763	23
1764	26
1765	26
1766	28
1767	36
1768	30
1769	29
1770	28
1771	23
1772	26
1773	22
1774	25
1775	18
1776	28
1777	28
1778	40
1779	20
1780	33
1781	33
1782	19
1783	26
1784	24
1785	18
1786	20
1787	19
1788	35
1789	27
1790	27
1791	18
1792	19
1793	17
1794	22
1795	26
1796	20
1797	21
1798	22
1799	23
1800	29
1801	26
1802	18
1803	23
1804	24
1805	25
1806	21
1807	19
1808	26
1809	21
1810	23
1811	24
1812	28
1813	16
1814	27
1815	36
1816	26
1817	28
1818	25
1819	27
1820	20
1821	20
1822	21
1823	23
1824	34
1825	31
1826	31
1827	22
1828	23
1829	26
1830	22
1831	27
1832	31
1833	16
1834	28
1835	24
1836	25
1837	28
1838	21
1839	21
1840	21
1841	22
1842	32
1843	25
1844	18
1845	19
1846	29
1847	35
1848	14
1849	24
1850	24
1851	28
1852	42
1853	26
1854	27
1855	22
1856	29
1857	34
1858	19
1859	26
1860	31
1861	27
1862	31
1863	32
1864	20
1865	25
1866	19
1867	23
1868	26
1869	23
1870	25
1871	17
1872	21
1873	24
1874	19
1875	27
1876	35
1877	24
1878	28
1879	17
1880	20
1881	32
1882	24
1883	25
1884	23
1885	23
1886	18
1887	20
1888	25
1889	22
1890	29
1891	26
1892	29
1893	26
1894	26
1895	22
1896	22
1897	19
1898	26
1899	32
1900	22
1901	35
1902	34
1903	21
1904	26
1905	24
1906	34
1907	27
1908	34
1909	25
1910	29
1911	21
1912	31
1913	31
1914	24
1915	24
1916	35
1917	26
1918	24
1919	25
1920	24
1921	22
1922	28
1923	29
1924	25
1925	19
1926	27
1927	18
1928	26
1929	22
1930	19
1931	25
1932	28
1933	27
1934	21
1935	19
1936	29
1937	25
1938	23
1939	24
1940	29
1941	25
1942	39
1943	27
1944	30
1945	32
1946	25
1947	25
1948	19
1949	20
1950	33
1951	18
1952	24
1953	23
1954	29
1955	39
1956	32
1957	26
1958	30
1959	21
1960	22
1961	21
1962	28
1963	24
1964	38
1965	20
1966	23
1967	33
1968	32
1969	22
1970	21
1971	19
1972	26
1973	35
1974	25
1975	27
1976	21
1977	31
1978	25
1979	30
1980	33
1981	29
1982	29
1983	30
1984	26
1985	35
1986	21
1987	23
1988	26
1989	25
1990	32
1991	22
1992	23
1993	24
1994	20
1995	23
1996	21
1997	31
1998	25
1999	24
2000	27
2001	30
2002	30
2003	27
2004	27
2005	35
2006	23
2007	36
2008	19
2009	24
2010	22
2011	26
2012	22
2013	31
2014	26
2015	32
2016	24
2017	21
2018	23
2019	21
2020	31
2021	35
2022	27
2023	35
2024	27
2025	33
2026	25
2027	29
2028	29
2029	31
2030	22
2031	22
2032	24
2033	31
2034	26
2035	29
2036	31
2037	28
2038	25
2039	32
2040	30
2041	25
2042	20
2043	29
2044	19
2045	22
2046	23
2047	28
2048	31
2049	24
2050	29
2051	21
2052	23
2053	29
2054	28
2055	27
2056	21
2057	33
2058	22
2059	27
2060	25
2061	32
2062	29
2063	37
2064	23
2065	30
2066	20
2067	23
2068	32
2069	27
2070	20
2071	24
2072	14
2073	23
2074	26
2075	25
2076	30
2077	21
2078	25
2079	21
2080	22
2081	29
2082	24
2083	22
2084	30
2085	27
2086	23
2087	22
2088	19
2089	32
2090	23
2091	31
2092	22
2093	23
2094	29
2095	24
2096	30
2097	28
2098	27
2099	25
2100	23
2101	20
2102	27
2103	23
2104	21
2105	23
2106	27
2107	25
2108	19
2109	25
2110	35
2111	32
2112	36
2113	31
2114	21
2115	28
2116	17
2117	29
2118	28
2119	23
2120	21
2121	29
2122	34
2123	23
2124	20
2125	19
2126	22
2127	25
2128	18
2129	28
2130	20
2131	24
2132	19
2133	32
2134	24
2135	30
2136	28
2137	25
2138	29
2139	26
2140	22
2141	18
2142	31
2143	33
2144	24
2145	21
2146	28
2147	23
2148	16
2149	32
2150	27
2151	26
2152	36
2153	31
2154	20
2155	26
2156	27
2157	29
2158	29
2159	30
2160	24
2161	30
2162	25
2163	25
2164	21
2165	20
2166	36
2167	33
2168	22
2169	31
2170	23
2171	22
2172	21
2173	25
2174	18
2175	21
2176	24
2177	31
2178	26
2179	29
2180	30
2181	27
2182	16
2183	16
2184	25
2185	29
2186	20
2187	22
2188	27
2189	24
2190	17
2191	26
2192	20
2193	22
2194	41
2195	24
2196	27
2197	27
2198	19
2199	22
2200	32
2201	31
2202	26
2203	21
2204	34
2205	17
2206	19
2207	36
2208	27
2209	31
2210	24
2211	23
2212	27
2213	22
2214	15
2215	19
2216	19
2217	14
2218	20
2219	25
2220	27
2221	26
2222	18
2223	31
2224	19
2225	27
2226	22
2227	21
2228	21
2229	28
2230	20
2231	24
2232	24
2233	16
2234	24
2235	20
2236	23
2237	20
2238	16
2239	18
2240	28
2241	17
2242	12
2243	24
2244	15
2245	25
2246	25
2247	26
2248	16
2249	18
2250	20
2251	21
2252	31
2253	16
2254	33
2255	24
2256	25
2257	26
2258	19
2259	24
2260	16
2261	14
2262	25
2263	20
2264	18
2265	27
2266	25
2267	24
2268	16
2269	26
2270	26
2271	20
2272	27
2273	22
2274	29
2275	21
2276	30
2277	20
2278	20
2279	22
2280	28
2281	18
2282	31
2283	20
2284	30
2285	22
2286	23
2287	20
2288	15
2289	25
2290	24
2291	21
2292	22
2293	27
2294	23
2295	23
2296	26
2297	22
2298	22
2299	25
2300	21
2301	24
2302	23
2303	21
2304	16
2305	24
2306	14
2307	17
2308	21
2309	20
2310	22
2311	20
2312	17
2313	24
2314	14
2315	21
2316	21
2317	22
2318	24
2319	17
2320	14
2321	32
2322	24
2323	22
2324	23
2325	28
2326	36
2327	20
2328	32
2329	30
2330	20
2331	17
2332	27
2333	26
2334	26
2335	28
2336	18
2337	17
2338	24
2339	19
2340	18
2341	17
2342	15
2343	19
2344	23
2345	24
2346	24
2347	30
2348	19
2349	32
2350	24
2351	24
2352	20
2353	28
2354	21
2355	24
2356	15
2357	15
2358	20
2359	19
2360	20
2361	21
2362	24
2363	20
2364	17
2365	18
2366	24
2367	19
2368	27
2369	16
2370	25
2371	21
2372	25
2373	16
2374	18
2375	21
2376	24
2377	17
2378	27
2379	18
2380	18
2381	22
2382	24
2383	29
2384	17
2385	24
2386	17
2387	19
2388	19
2389	21
2390	28
2391	17
2392	24
2393	21
2394	29
2395	22
2396	18
2397	23
2398	21
2399	31
2400	20
2401	18
2402	24
2403	25
2404	29
2405	22
2406	19
2407	18
2408	16
2409	22
2410	24
2411	19
2412	19
2413	23
2414	22
2415	37
2416	19
2417	14
2418	21
2419	24
2420	12
2421	20
2422	25
2423	21
2424	13
2425	17
2426	31
2427	17
2428	18
2429	29
2430	17
2431	19
2432	26
2433	18
2434	31
2435	27
2436	23
2437	20
2438	18
2439	15
2440	19
2441	23
2442	23
2443	23
2444	24
2445	18
2446	19
2447	21
2448	18
2449	22
2450	14
2451	15
2452	21
2453	14
2454	11
2455	18
2456	16
2457	14
2458	24
2459	17
2460	13
2461	24
2462	21
2463	19
2464	19
2465	22
2466	22
2467	15
2468	17
2469	23
2470	20
2471	21
2472	25
2473	25
2474	20
2475	23
2476	19
2477	19
2478	23
2479	20
2480	22
2481	13
2482	23
2483	19
2484	26
2485	20
2486	26
2487	21
2488	22
2489	16
2490	19
2491	17
2492	16
2493	14
2494	18
2495	22
2496	17
2497	19
2498	19
2499	20
2500	18
2501	25
2502	17
2503	19
2504	24
2505	19
2506	14
2507	16
2508	25
2509	18
2510	23
2511	26
2512	16
2513	28
2514	18
2515	19
2516	14
2517	22
2518	19
2519	23
2520	17
2521	37
2522	20
2523	21
2524	16
2525	17
2526	14
2527	18
2528	25
2529	20
2530	19
2531	15
2532	21
2533	19
2534	24
2535	16
2536	22
2537	24
2538	23
2539	19
2540	14
2541	25
2542	14
2543	22
2544	17
2545	21
2546	16
2547	25
2548	19
2549	20
2550	22
2551	23
2552	20
2553	17
2554	19
2555	17
2556	26
2557	14
2558	17
2559	21
2560	12
2561	19
2562	22
2563	20
2564	17
2565	21
2566	12
2567	20
2568	18
2569	19
2570	17
2571	21
2572	21
2573	21
2574	24
2575	19
2576	18
2577	19
2578	23
2579	22
2580	21
2581	22
2582	20
2583	23
2584	16
2585	14
2586	17
2587	16
2588	18
2589	22
2590	23
2591	15
2592	16
2593	20
2594	18
2595	25
2596	27
2597	22
2598	21
2599	21
2600	19
2601	29
2602	14
2603	19
2604	22
2605	23
2606	23
2607	21
2608	23
2609	21
2610	15
2611	11
2612	21
2613	20
2614	21
2615	26
2616	22
2617	19
2618	17
2619	15
2620	18
2621	23
2622	18
2623	18
2624	24
2625	23
2626	21
2627	22
2628	17
2629	23
2630	17
2631	20
2632	22
2633	12
2634	7
2635	18
2636	14
2637	18
2638	25
2639	15
2640	31
2641	19
2642	21
2643	21
2644	21
2645	26
2646	8
2647	19
2648	29
2649	12
2650	25
2651	21
2652	26
2653	17
2654	14
2655	17
2656	20
2657	21
2658	22
2659	17
2660	21
2661	20
2662	17
2663	27
2664	19
2665	19
2666	22
2667	15
2668	9
2669	23
2670	11
2671	11
2672	18
2673	18
2674	23
2675	13
2676	18
2677	22
2678	16
2679	20
2680	23
2681	19
2682	11
2683	11
2684	25
2685	15
2686	16
2687	19
2688	12
2689	16
2690	22
2691	19
2692	16
2693	25
2694	19
2695	18
2696	22
2697	19
2698	10
2699	19
2700	11
2701	20
2702	15
2703	11
2704	20
2705	19
2706	14
2707	18
2708	24
2709	15
2710	25
2711	20
2712	14
2713	17
2714	23
2715	12
2716	20
2717	20
2718	19
2719	19
2720	18
2721	20
2722	20
2723	17
2724	14
2725	19
2726	15
2727	9
2728	19
2729	10
2730	10
2731	17
2732	18
2733	12
2734	12
2735	19
2736	20
2737	20
2738	24
2739	22
2740	16
2741	23
2742	15
2743	15
2744	20
2745	15
2746	19
2747	9
2748	18
2749	16
2750	18
2751	16
2752	24
2753	20
2754	19
2755	18
2756	19
2757	17
2758	14
2759	25
2760	14
2761	16
2762	27
2763	25
2764	19
2765	16
2766	18
2767	12
2768	20
2769	21
2770	17
2771	21
2772	23
2773	21
2774	21
2775	14
2776	13
2777	26
2778	28
2779	22
2780	20
2781	22
2782	17
2783	14
2784	23
2785	27
2786	20
2787	15
2788	16
2789	18
2790	19
2791	16
2792	14
2793	18
2794	22
2795	15
2796	20
2797	19
2798	20
2799	25
2800	14
2801	13
2802	15
2803	21
2804	18
2805	24
2806	22
2807	17
2808	10
2809	15
2810	25
2811	17
2812	13
2813	13
2814	18
2815	21
2816	22
2817	27
2818	17
2819	20
2820	19
2821	14
2822	18
2823	15
2824	18
2825	16
2826	18
2827	20
2828	17
2829	26
2830	23
2831	9
2832	25
2833	23
2834	18
2835	16
2836	17
2837	18
2838	19
2839	19
2840	13
2841	17
2842	24
2843	28
2844	9
2845	19
2846	25
2847	13
2848	13
2849	15
2850	22
2851	17
2852	23
2853	14
2854	17
2855	21
2856	11
2857	15
2858	18
2859	18
2860	15
2861	19
2862	22
2863	19
2864	13
2865	25
2866	24
2867	18
2868	11
2869	13
2870	12
2871	17
2872	14
2873	27
2874	19
2875	22
2876	15
2877	21
2878	24
2879	19
2880	16
2881	16
2882	21
2883	13
2884	14
2885	11
2886	19
2887	21
2888	15
2889	14
2890	9
2891	18
2892	21
2893	18
2894	16
2895	21
2896	22
2897	16
2898	13
2899	12
2900	18
2901	24
2902	15
2903	18
2904	11
2905	13
2906	16
2907	13
2908	25
2909	17
2910	17
2911	17
2912	13
2913	17
2914	15
2915	9
2916	20
2917	13
2918	16
2919	19
2920	21
2921	14
2922	21
2923	18
2924	18
2925	19
2926	27
2927	19
2928	15
2929	17
2930	19
2931	14
2932	21
2933	23
2934	12
2935	28
2936	19
2937	15
2938	19
2939	12
2940	11
2941	14
2942	15
2943	12
2944	26
2945	26
2946	12
2947	17
2948	11
2949	13
2950	22
2951	21
2952	12
2953	25
2954	19
2955	14
2956	15
2957	19
2958	16
2959	22
2960	14
2961	20
2962	11
2963	7
2964	21
2965	18
2966	19
2967	15
2968	15
2969	13
2970	15
2971	20
2972	23
2973	22
2974	14
2975	16
2976	20
2977	15
2978	16
2979	18
2980	15
2981	16
2982	11
2983	11
2984	18
2985	17
2986	15
2987	13
2988	19
2989	22
2990	14
2991	19
2992	18
2993	17
2994	17
2995	14
2996	24
2997	19
2998	20
2999	13
3000	17
3001	22
3002	17
3003	24
3004	13
3005	16
3006	16
3007	13
3008	10
3009	18
3010	17
3011	19
3012	9
3013	21
3014	8
3015	21
3016	16
3017	10
3018	17
3019	15
3020	14
3021	17
3022	19
3023	26
3024	14
3025	15
3026	17
3027	13
3028	19
3029	20
3030	18
3031	24
3032	17
3033	21
3034	21
3035	17
3036	15
3037	17
3038	14
3039	18
3040	10
3041	13
3042	15
3043	16
3044	15
3045	22
3046	17
3047	22
3048	9
3049	24
3050	17
3051	16
3052	18
3053	13
3054	9
3055	14
3056	13
3057	18
3058	15
3059	14
3060	17
3061	12
3062	13
3063	11
3064	17
3065	18
3066	11
3067	17
3068	14
3069	16
3070	19
3071	12
3072	16
3073	19
3074	8
3075	17
3076	17
3077	16
3078	16
3079	20
3080	20
3081	16
3082	26
3083	16
3084	15
3085	17
3086	20
3087	14
3088	12
3089	21
3090	12
3091	18
3092	16
3093	16
3094	9
3095	14
3096	15
3097	14
3098	14
3099	18
3100	13
3101	18
3102	13
3103	19
3104	8
3105	21
3106	19
3107	20
3108	12
3109	21
3110	14
3111	13
3112	22
3113	13
3114	22
3115	19
3116	11
3117	15
3118	13
3119	15
3120	8
3121	15
3122	18
3123	15
3124	14
3125	12
3126	13
3127	17
3128	21
3129	16
3130	11
3131	9
3132	13
3133	18
3134	12
3135	14
3136	16
3137	15
3138	20
3139	11
3140	23
3141	10
3142	19
3143	11
3144	12
3145	12
3146	16
3147	20
3148	16
3149	15
3150	14
3151	15
3152	16
3153	25
3154	9
3155	12
3156	18
3157	15
3158	20
3159	16
3160	13
3161	12
3162	12
3163	18
3164	20
3165	13
3166	13
3167	14
3168	17
3169	13
3170	18
3171	24
3172	17
3173	15
3174	21
3175	14
3176	19
3177	22
3178	15
3179	4
3180	12
3181	13
3182	19
3183	10
3184	10
3185	13
3186	9
3187	20
3188	22
3189	18
3190	18
3191	9
3192	18
3193	18
3194	12
3195	18
3196	11
3197	12
3198	15
3199	19
3200	9
3201	13
3202	13
3203	16
3204	18
3205	15
3206	25
3207	19
3208	11
3209	22
3210	14
3211	18
3212	19
3213	27
3214	21
3215	12
3216	18
3217	9
3218	17
3219	12
3220	10
3221	14
3222	13
3223	26
3224	16
3225	13
3226	11
3227	16
3228	12
3229	10
3230	13
3231	19
3232	10
3233	11
3234	24
3235	11
3236	11
3237	20
3238	13
3239	17
3240	14
3241	15
3242	15
3243	11
3244	17
3245	13
3246	18
3247	15
3248	14
3249	13
3250	13
3251	16
3252	20
3253	13
3254	16
3255	12
3256	16
3257	13
3258	11
3259	18
3260	18
3261	22
3262	9
3263	12
3264	14
3265	19
3266	21
3267	24
3268	9
3269	17
3270	14
3271	16
3272	14
3273	13
3274	12
3275	14
3276	20
3277	15
3278	8
3279	18
3280	12
3281	15
3282	16
3283	11
3284	12
3285	12
3286	12
3287	17
3288	15
3289	8
3290	15
3291	12
3292	16
3293	18
3294	13
3295	18
3296	19
3297	15
3298	19
3299	18
3300	14
3301	14
3302	11
3303	17
3304	13
3305	12
3306	14
3307	15
3308	13
3309	13
3310	13
3311	21
3312	13
3313	16
3314	13
3315	13
3316	17
3317	11
3318	10
3319	11
3320	12
3321	10
3322	20
3323	13
3324	17
3325	24
3326	14
3327	12
3328	21
3329	19
3330	16
3331	11
3332	19
3333	15
3334	12
3335	13
3336	10
3337	16
3338	14
3339	12
3340	13
3341	15
3342	17
3343	8
3344	17
3345	18
3346	12
3347	20
3348	18
3349	9
3350	18
3351	19
3352	11
3353	19
3354	11
3355	18
3356	11
3357	15
3358	23
3359	11
3360	12
3361	17
3362	24
3363	16
3364	16
3365	18
3366	9
3367	19
3368	9
3369	13
3370	23
3371	18
3372	13
3373	17
3374	14
3375	16
3376	12
3377	12
3378	18
3379	16
3380	9
3381	15
3382	16
3383	9
3384	18
3385	10
3386	13
3387	13
3388	13
3389	9
3390	18
3391	20
3392	16
3393	14
3394	20
3395	16
3396	15
3397	17
3398	14
3399	13
3400	12
3401	11
3402	15
3403	16
3404	15
3405	5
3406	14
3407	19
3408	17
3409	17
3410	14
3411	15
3412	5
3413	18
3414	12
3415	17
3416	14
3417	10
3418	20
3419	18
3420	16
3421	15
3422	21
3423	10
3424	11
3425	19
3426	17
3427	15
3428	17
3429	17
3430	10
3431	13
3432	18
3433	25
3434	17
3435	25
3436	15
3437	12
3438	18
3439	11
3440	19
3441	16
3442	12
3443	18
3444	15
3445	14
3446	13
3447	15
3448	14
3449	16
3450	9
3451	18
3452	13
3453	20
3454	18
3455	13
3456	19
3457	13
3458	13
3459	12
3460	16
3461	14
3462	13
3463	19
3464	14
3465	12
3466	15
3467	14
3468	26
3469	20
3470	17
3471	17
3472	17
3473	16
3474	17
3475	17
3476	18
3477	14
3478	16
3479	15
3480	22
3481	20
3482	13
3483	13
3484	17
3485	24
3486	13
3487	14
3488	16
3489	11
3490	12
3491	10
3492	8
3493	21
3494	20
3495	13
3496	17
3497	13
3498	5
3499	11
3500	11
3501	17
3502	11
3503	12
3504	16
3505	19
3506	16
3507	11
3508	12
3509	13
3510	14
3511	14
3512	9
3513	13
3514	14
3515	17
3516	6
3517	18
3518	15
3519	20
3520	12
3521	18
3522	22
3523	18
3524	19
3525	14
3526	8
3527	10
3528	20
3529	10
3530	16
3531	9
3532	16
3533	11
3534	12
3535	14
3536	20
3537	19
3538	12
3539	12
3540	9
3541	11
3542	17
3543	10
3544	12
3545	17
3546	15
3547	13
3548	18
3549	21
3550	20
3551	12
3552	16
3553	8
3554	12
3555	9
3556	9
3557	15
3558	13
3559	9
3560	14
3561	11
3562	10
3563	14
3564	14
3565	11
3566	10
3567	13
3568	15
3569	15
3570	11
3571	10
3572	18
3573	10
3574	11
3575	7
3576	15
3577	10
3578	16
3579	14
3580	12
3581	20
3582	11
3583	16
3584	16
3585	8
3586	18
3587	13
3588	12
3589	14
3590	14
3591	11
3592	11
3593	13
3594	17
3595	12
3596	15
3597	17
3598	8
3599	22
3600	7
3601	11
3602	11
3603	4
3604	16
3605	18
3606	17
3607	16
3608	16
3609	11
3610	13
3611	17
3612	13
3613	23
3614	10
3615	16
3616	11
3617	9
3618	18
3619	14
3620	12
3621	8
3622	15
3623	18
3624	15
3625	6
3626	20
3627	8
3628	20
3629	13
3630	15
3631	12
3632	10
3633	12
3634	13
3635	20
3636	22
3637	20
3638	13
3639	17
3640	8
3641	11
3642	14
3643	12
3644	9
3645	12
3646	14
3647	13
3648	8
3649	21
3650	13
3651	16
3652	18
3653	7
3654	11
3655	9
3656	10
3657	9
3658	14
3659	12
3660	15
3661	17
3662	12
3663	14
3664	12
3665	13
3666	15
3667	12
3668	15
3669	15
3670	9
3671	9
3672	15
3673	12
3674	6
3675	13
3676	14
3677	16
3678	14
3679	8
3680	11
3681	8
3682	5
3683	11
3684	16
3685	20
3686	17
3687	18
3688	13
3689	14
3690	9
3691	13
3692	15
3693	8
3694	12
3695	17
3696	13
3697	9
3698	11
3699	12
3700	12
3701	15
3702	16
3703	10
3704	15
3705	14
3706	17
3707	11
3708	15
3709	13
3710	13
3711	14
3712	15
3713	7
3714	18
3715	7
3716	14
3717	16
3718	19
3719	15
3720	15
3721	10
3722	9
3723	17
3724	9
3725	9
3726	11
3727	14
3728	16
3729	7
3730	22
3731	20
3732	8
3733	14
3734	7
3735	17
3736	15
3737	11
3738	18
3739	11
3740	12
3741	12
3742	16
3743	12
3744	8
3745	12
3746	12
3747	8
3748	21
3749	18
3750	17
3751	11
3752	22
3753	15
3754	13
3755	11
3756	15
3757	9
3758	15
3759	13
3760	12
3761	16
3762	15
3763	14
3764	15
3765	16
3766	13
3767	9
3768	10
3769	17
3770	9
3771	19
3772	16
3773	22
3774	5
3775	14
3776	17
3777	15
3778	7
3779	17
3780	11
3781	11
3782	14
3783	15
3784	18
3785	7
3786	12
3787	13
3788	20
3789	11
3790	9
3791	15
3792	16
3793	17
3794	14
3795	14
3796	16
3797	13
3798	7
3799	9
3800	16
3801	12
3802	7
3803	14
3804	12
3805	11
3806	12
3807	16
3808	11
3809	11
3810	15
3811	11
3812	7
3813	14
3814	10
3815	15
3816	13
3817	18
3818	15
3819	10
3820	17
3821	10
3822	14
3823	13
3824	15
3825	15
3826	12
3827	8
3828	13
3829	13
3830	13
3831	7
3832	15
3833	16
3834	13
3835	13
3836	20
3837	18
3838	8
3839	6
3840	6
3841	11
3842	21
3843	11
3844	19
3845	9
3846	14
3847	8
3848	20
3849	9
3850	14
3851	15
3852	10
3853	10
3854	7
3855	18
3856	10
3857	10
3858	21
3859	12
3860	15
3861	13
3862	12
3863	10
3864	15
3865	15
3866	15
3867	19
3868	17
3869	17
3870	10
3871	16
3872	17
3873	6
3874	10
3875	10
3876	11
3877	16
3878	12
3879	8
3880	13
3881	14
3882	13
3883	15
3884	13
3885	8
3886	18
3887	14
3888	11
3889	9
3890	6
3891	14
3892	11
3893	8
3894	6
3895	12
3896	16
3897	15
3898	13
3899	11
3900	13
3901	12
3902	11
3903	18
3904	11
3905	12
3906	10
3907	8
3908	20
3909	12
3910	10
3911	11
3912	9
3913	13
3914	11
3915	13
3916	13
3917	15
3918	14
3919	9
3920	11
3921	14
3922	3
3923	9
3924	14
3925	15
3926	15
3927	14
3928	11
3929	10
3930	8
3931	20
3932	15
3933	16
3934	14
3935	9
3936	15
3937	9
3938	11
3939	15
3940	10
3941	18
3942	9
3943	17
3944	10
3945	7
3946	12
3947	15
3948	12
3949	22
3950	12
3951	7
3952	14
3953	11
3954	10
3955	9
3956	11
3957	13
3958	12
3959	12
3960	6
3961	13
3962	14
3963	11
3964	16
3965	13
3966	15
3967	17
3968	12
3969	11
3970	10
3971	17
3972	14
3973	9
3974	11
3975	16
3976	10
3977	10
3978	14
3979	13
3980	10
3981	9
3982	13
3983	10
3984	6
3985	21
3986	17
3987	7
3988	13
3989	10
3990	18
3991	10
3992	14
3993	17
3994	16
3995	7
3996	10
3997	13
3998	3
3999	9
4000	9
4001	7
4002	16
4003	22
4004	10
4005	18
4006	4
4007	26
4008	14
4009	13
4010	12
4011	18
4012	13
4013	12
4014	21
4015	14
4016	10
4017	16
4018	15
4019	10
4020	9
4021	12
4022	8
4023	16
4024	8
4025	15
4026	16
4027	8
4028	17
4029	18
4030	18
4031	17
4032	17
4033	11
4034	10
4035	10
4036	14
4037	13
4038	14
4039	12
4040	17
4041	14
4042	9
4043	11
4044	17
4045	13
4046	10
4047	14
4048	15
4049	9
4050	10
4051	14
4052	14
4053	9
4054	11
4055	11
4056	12
4057	12
4058	15
4059	20
4060	13
4061	12
4062	6
4063	18
4064	13
4065	12
4066	12
4067	16
4068	14
4069	14
4070	7
4071	10
4072	15
4073	13
4074	16
4075	12
4076	7
4077	10
4078	8
4079	15
4080	7
4081	8
4082	14
4083	17
4084	7
4085	16
4086	15
4087	13
4088	16
4089	14
4090	7
4091	15
4092	14
4093	16
4094	17
4095	12
4096	9
4097	13
4098	7
4099	7
4100	15
4101	13
4102	14
4103	9
4104	13
4105	12
4106	16
4107	10
4108	12
4109	15
4110	12
4111	19
4112	8
4113	11
4114	18
4115	14
4116	4
4117	13
4118	18
4119	12
4120	17
4121	12
4122	8
4123	14
4124	12
4125	11
4126	11
4127	11
4128	22
4129	10
4130	14
4131	15
4132	8
4133	12
4134	10
4135	17
4136	12
4137	12
4138	10
4139	14
4140	12
4141	9
4142	11
4143	13
4144	20
4145	10
4146	15
4147	13
4148	9
4149	18
4150	12
4151	9
4152	11
4153	11
4154	14
4155	12
4156	12
4157	13
4158	11
4159	11
4160	18
4161	15
4162	11
4163	14
4164	14
4165	13
4166	10
4167	12
4168	19
4169	11
4170	10
4171	12
4172	12
4173	8
4174	9
4175	12
4176	11
4177	15
4178	18
4179	14
4180	8
4181	11
4182	12
4183	12
4184	11
4185	14
4186	11
4187	11
4188	15
4189	9
4190	10
4191	14
4192	14
4193	9
4194	11
4195	13
4196	16
4197	11
4198	23
4199	14
4200	13
4201	8
4202	19
4203	13
4204	13
4205	9
4206	18
4207	7
4208	11
4209	15
4210	9
4211	15
4212	15
4213	10
4214	13
4215	9
4216	13
4217	16
4218	6
4219	15
4220	16
4221	11
4222	14
4223	11
4224	15
4225	15
4226	12
4227	14
4228	5
4229	12
4230	11
4231	17
4232	11
4233	10
4234	10
4235	5
4236	14
4237	19
4238	3
4239	12
4240	16
4241	9
4242	11
4243	13
4244	11
4245	12
4246	17
4247	10
4248	13
4249	18
4250	17
4251	15
4252	13
4253	11
4254	9
4255	13
4256	13
4257	15
4258	20
4259	12
4260	11
4261	13
4262	13
4263	12
4264	16
4265	13
4266	12
4267	11
4268	6
4269	15
4270	13
4271	7
4272	15
4273	11
4274	15
4275	16
4276	7
4277	14
4278	12
4279	8
4280	10
4281	19
4282	9
4283	17
4284	12
4285	11
4286	13
4287	14
4288	14
4289	9
4290	16
4291	9
4292	10
4293	12
4294	8
4295	10
4296	14
4297	10
4298	11
4299	15
4300	9
4301	11
4302	10
4303	12
4304	8
4305	10
4306	16
4307	11
4308	11
4309	11
4310	10
4311	9
4312	3
4313	11
4314	11
4315	14
4316	18
4317	10
4318	7
4319	13
4320	11
4321	12
4322	13
4323	14
4324	14
4325	10
4326	9
4327	11
4328	12
4329	12
4330	11
4331	12
4332	11
4333	14
4334	14
4335	13
4336	13
4337	13
4338	12
4339	12
4340	9
4341	8
4342	8
4343	6
4344	14
4345	12
4346	12
4347	10
4348	9
4349	15
4350	10
4351	11
4352	9
4353	18
4354	7
4355	7
4356	13
4357	10
4358	13
4359	7
4360	14
4361	13
4362	10
4363	15
4364	15
4365	8
4366	7
4367	11
4368	9
4369	8
4370	14
4371	11
4372	16
4373	9
4374	12
4375	13
4376	12
4377	9
4378	14
4379	21
4380	9
4381	15
4382	20
4383	14
4384	9
4385	13
4386	22
4387	12
4388	14
4389	10
4390	11
4391	8
4392	10
4393	11
4394	10
4395	8
4396	14
4397	8
4398	14
4399	9
4400	9
4401	4
4402	10
4403	8
4404	12
4405	11
4406	8
4407	6
4408	16
4409	14
4410	11
4411	13
4412	9
4413	7
4414	7
4415	11
4416	10
4417	9
4418	13
4419	10
4420	15
4421	12
4422	17
4423	9
4424	5
4425	8
4426	16
4427	13
4428	12
4429	5
4430	14
4431	6
4432	4
4433	14
4434	15
4435	13
4436	16
4437	8
4438	19
4439	9
4440	3
4441	14
4442	9
4443	6
4444	13
4445	10
4446	6
4447	7
4448	5
4449	15
4450	13
4451	11
4452	8
4453	9
4454	6
4455	11
4456	14
4457	6
4458	8
4459	11
4460	14
4461	16
4462	7
4463	12
4464	7
4465	11
4466	13
4467	14
4468	10
4469	14
4470	13
4471	11
4472	9
4473	11
4474	11
4475	12
4476	9
4477	7
4478	9
4479	10
4480	11
4481	14
4482	6
4483	15
4484	4
4485	8
4486	11
4487	10
4488	10
4489	10
4490	9
4491	7
4492	12
4493	13
4494	13
4495	6
4496	13
4497	12
4498	7
4499	6
4500	14
4501	12
4502	12
4503	9
4504	13
4505	16
4506	8
4507	7
4508	13
4509	14
4510	5
4511	13
4512	6
4513	10
4514	7
4515	6
4516	15
4517	14
4518	10
4519	9
4520	7
4521	11
4522	11
4523	9
4524	10
4525	7
4526	9
4527	11
4528	10
4529	5
4530	11
4531	10
4532	10
4533	10
4534	9
4535	6
4536	8
4537	7
4538	9
4539	10
4540	9
4541	10
4542	9
4543	16
4544	12
4545	15
4546	15
4547	10
4548	8
4549	9
4550	11
4551	9
4552	13
4553	5
4554	7
4555	16
4556	12
4557	5
4558	10
4559	14
4560	15
4561	9
4562	9
4563	8
4564	7
4565	17
4566	9
4567	8
4568	14
4569	12
4570	11
4571	11
4572	14
4573	10
4574	10
4575	5
4576	13
4577	8
4578	13
4579	10
4580	13
4581	3
4582	18
4583	16
4584	12
4585	7
4586	14
4587	7
4588	11
4589	12
4590	16
4591	8
4592	9
4593	18
4594	10
4595	9
4596	11
4597	16
4598	9
4599	11
4600	6
4601	18
4602	13
4603	12
4604	9
4605	18
4606	7
4607	12
4608	14
4609	10
4610	11
4611	3
4612	8
4613	14
4614	8
4615	9
4616	9
4617	11
4618	8
4619	12
4620	9
4621	16
4622	17
4623	15
4624	10
4625	9
4626	7
4627	10
4628	6
4629	12
4630	10
4631	12
4632	15
4633	6
4634	12
4635	13
4636	11
4637	12
4638	11
4639	9
4640	5
4641	12
4642	8
4643	10
4644	12
4645	12
4646	10
4647	12
4648	19
4649	11
4650	7
4651	10
4652	11
4653	15
4654	11
4655	6
4656	9
4657	7
4658	7
4659	8
4660	7
4661	5
4662	7
4663	17
4664	10
4665	11
4666	11
4667	10
4668	7
4669	13
4670	10
4671	12
4672	15
4673	7
4674	5
4675	15
4676	6
4677	19
4678	6
4679	10
4680	7
4681	12
4682	9
4683	11
4684	8
4685	11
4686	5
4687	12
4688	12
4689	10
4690	9
4691	8
4692	5
4693	9
4694	11
4695	10
4696	10
4697	9
4698	9
4699	8
4700	17
4701	12
4702	12
4703	4
4704	8
4705	11
4706	5
4707	9
4708	4
4709	7
4710	13
4711	11
4712	12
4713	10
4714	11
4715	6
4716	3
4717	9
4718	10
4719	12
4720	9
4721	5
4722	5
4723	8
4724	10
4725	8
4726	4
4727	11
4728	15
4729	13
4730	11
4731	15
4732	6
4733	13
4734	8
4735	17
4736	12
4737	4
4738	6
4739	14
4740	4
4741	5
4742	8
4743	8
4744	7
4745	9
4746	12
4747	6
4748	8
4749	11
4750	5
4751	12
4752	10
4753	8
4754	10
4755	9
4756	11
4757	10
4758	17
4759	14
4760	14
4761	6
4762	12
4763	14
4764	7
4765	8
4766	14
4767	14
4768	7
4769	13
4770	11
4771	8
4772	4
4773	4
4774	14
4775	7
4776	11
4777	11
4778	11
4779	9
4780	6
4781	12
4782	13
4783	17
4784	6
4785	11
4786	13
4787	5
4788	11
4789	12
4790	4
4791	13
4792	15
4793	12
4794	15
4795	6
4796	10
4797	11
4798	11
4799	7
4800	12
4801	9
4802	14
4803	8
4804	10
4805	12
4806	9
4807	10
4808	10
4809	13
4810	9
4811	12
4812	10
4813	8
4814	10
4815	14
4816	5
4817	12
4818	9
4819	11
4820	5
4821	7
4822	11
4823	12
4824	13
4825	10
4826	14
4827	13
4828	6
4829	6
4830	6
4831	12
4832	3
4833	15
4834	10
4835	13
4836	11
4837	13
4838	6
4839	14
4840	9
4841	13
4842	10
4843	11
4844	3
4845	10
4846	13
4847	4
4848	13
4849	7
4850	17
4851	11
4852	7
4853	10
4854	13
4855	12
4856	13
4857	11
4858	12
4859	9
4860	10
4861	7
4862	15
4863	8
4864	7
4865	9
4866	12
4867	5
4868	5
4869	14
4870	9
4871	10
4872	11
4873	10
4874	10
4875	14
4876	13
4877	6
4878	5
4879	13
4880	11
4881	10
4882	11
4883	9
4884	10
4885	13
4886	12
4887	9
4888	9
4889	4
4890	7
4891	7
4892	19
4893	7
4894	6
4895	9
4896	4
4897	10
4898	5
4899	14
4900	9
4901	9
4902	9
4903	11
4904	9
4905	9
4906	6
4907	7
4908	9
4909	7
4910	10
4911	9
4912	15
4913	8
4914	13
4915	8
4916	7
4917	9
4918	8
4919	12
4920	9
4921	8
4922	15
4923	10
4924	12
4925	16
4926	7
4927	5
4928	7
4929	6
4930	12
4931	7
4932	9
4933	13
4934	5
4935	10
4936	8
4937	11
4938	7
4939	9
4940	11
4941	7
4942	5
4943	8
4944	9
4945	9
4946	3
4947	8
4948	10
4949	12
4950	6
4951	10
4952	9
4953	10
4954	14
4955	13
4956	11
4957	17
4958	11
4959	12
4960	11
4961	11
4962	13
4963	5
4964	14
4965	11
4966	3
4967	15
4968	6
4969	8
4970	9
4971	16
4972	11
4973	8
4974	7
4975	15
4976	8
4977	5
4978	5
4979	11
4980	6
4981	16
4982	10
4983	7
4984	13
4985	9
4986	5
4987	7
4988	11
4989	11
4990	12
4991	9
4992	5
4993	16
4994	13
4995	4
4996	10
4997	13
4998	7
4999	9
5000	10
5001	9
5002	5
5003	16
5004	15
5005	5
5006	9
5007	14
5008	16
5009	8
5010	13
5011	6
5012	6
5013	7
5014	6
5015	7
5016	13
5017	9
5018	6
5019	12
5020	8
5021	12
5022	15
5023	10
5024	12
5025	9
5026	13
5027	4
5028	13
5029	10
5030	14
5031	10
5032	11
5033	8
5034	4
5035	3
5036	9
5037	12
5038	7
5039	6
5040	9
5041	11
5042	8
5043	13
5044	14
5045	9
5046	10
5047	9
5048	11
5049	9
5050	11
5051	13
5052	12
5053	14
5054	12
5055	17
5056	8
5057	13
5058	9
5059	9
5060	11
5061	6
5062	9
5063	9
5064	15
5065	9
5066	11
5067	5
5068	10
5069	8
5070	11
5071	9
5072	10
5073	13
5074	4
5075	17
5076	19
5077	8
5078	10
5079	9
5080	7
5081	9
5082	9
5083	11
5084	10
5085	11
5086	7
5087	10
5088	15
5089	11
5090	14
5091	6
5092	13
5093	7
5094	7
5095	5
5096	8
5097	8
5098	6
5099	7
5100	10
5101	9
5102	11
5103	7
5104	13
5105	12
5106	9
5107	11
5108	10
5109	7
5110	15
5111	11
5112	10
5113	11
5114	11
5115	10
5116	10
5117	6
5118	12
5119	9
5120	9
5121	7
5122	5
5123	6
5124	10
5125	7
5126	7
5127	8
5128	9
5129	7
5130	11
5131	11
5132	9
5133	10
5134	7
5135	12
5136	18
5137	8
5138	6
5139	12
5140	16
5141	4
5142	14
5143	2
5144	9
5145	12
5146	8
5147	8
5148	7
5149	8
5150	10
5151	8
5152	7
5153	14
5154	6
5155	10
5156	9
5157	13
5158	8
5159	13
5160	7
5161	9
5162	11
5163	11
5164	7
5165	18
5166	6
5167	7
5168	9
5169	13
5170	15
5171	9
5172	12
5173	11
5174	6
5175	9
5176	4
5177	6
5178	4
5179	14
5180	13
5181	10
5182	9
5183	6
5184	9
5185	8
5186	8
5187	8
5188	4
5189	6
5190	15
5191	7
5192	10
5193	9
5194	3
5195	6
5196	10
5197	7
5198	6
5199	11
5200	12
5201	5
5202	10
5203	7
5204	8
5205	12
5206	1
5207	6
5208	9
5209	7
5210	12
5211	15
5212	13
5213	7
5214	10
5215	10
5216	8
5217	12
5218	7
5219	10
5220	11
5221	7
5222	7
5223	14
5224	13
5225	12
5226	16
5227	9
5228	10
5229	11
5230	4
5231	11
5232	13
5233	12
5234	6
5235	5
5236	14
5237	10
5238	9
5239	11
5240	7
5241	11
5242	11
5243	13
5244	15
5245	6
5246	11
5247	10
5248	8
5249	10
5250	10
5251	4
5252	13
5253	5
5254	5
5255	5
5256	9
5257	5
5258	15
5259	12
5260	6
5261	10
5262	15
5263	12
5264	13
5265	13
5266	13
5267	15
5268	9
5269	4
5270	12
5271	14
5272	12
5273	12
5274	12
5275	10
5276	6
5277	12
5278	12
5279	10
5280	11
5281	16
5282	9
5283	8
5284	11
5285	7
5286	6
5287	10
5288	5
5289	10
5290	8
5291	10
5292	10
5293	8
5294	9
5295	9
5296	9
5297	11
5298	13
5299	8
5300	10
5301	6
5302	8
5303	15
5304	13
5305	11
5306	8
5307	7
5308	9
5309	19
5310	8
5311	6
5312	9
5313	11
5314	7
5315	11
5316	9
5317	10
5318	11
5319	15
5320	5
5321	9
5322	15
5323	8
5324	17
5325	9
5326	11
5327	10
5328	8
5329	10
5330	9
5331	12
5332	10
5333	10
5334	11
5335	5
5336	8
5337	7
5338	2
5339	12
5340	8
5341	8
5342	8
5343	13
5344	12
5345	11
5346	15
5347	15
5348	13
5349	5
5350	14
5351	8
5352	5
5353	12
5354	6
5355	9
5356	4
5357	6
5358	9
5359	6
5360	9
5361	13
5362	6
5363	7
5364	12
5365	10
5366	13
5367	9
5368	5
5369	7
5370	14
5371	9
5372	12
5373	7
5374	14
5375	10
5376	14
5377	12
5378	12
5379	15
5380	6
5381	6
5382	5
5383	13
5384	12
5385	7
5386	10
5387	6
5388	8
5389	15
5390	12
5391	13
5392	12
5393	13
5394	9
5395	12
5396	16
5397	7
5398	13
5399	8
5400	7
5401	12
5402	13
5403	9
5404	8
5405	6
5406	12
5407	6
5408	8
5409	11
5410	6
5411	11
5412	8
5413	8
5414	9
5415	11
5416	9
5417	15
5418	10
5419	6
5420	11
5421	12
5422	9
5423	9
5424	9
5425	6
5426	13
5427	8
5428	10
5429	5
5430	19
5431	6
5432	11
5433	9
5434	11
5435	10
5436	4
5437	8
5438	12
5439	12
5440	12
5441	13
5442	9
5443	12
5444	6
5445	13
5446	13
5447	12
5448	12
5449	5
5450	11
5451	8
5452	13
5453	7
5454	13
5455	17
5456	8
5457	6
5458	14
5459	8
5460	11
5461	7
5462	9
5463	9
5464	7
5465	11
5466	16
5467	13
5468	8
5469	11
5470	8
5471	13
5472	10
5473	18
5474	16
5475	10
5476	6
5477	9
5478	8
5479	9
5480	14
5481	4
5482	12
5483	10
5484	13
5485	14
5486	6
5487	12
5488	18
5489	12
5490	13
5491	9
5492	5
5493	10
5494	13
5495	8
5496	13
5497	12
5498	11
5499	15
5500	10
5501	7
5502	7
5503	5
5504	13
5505	16
5506	7
5507	10
5508	11
5509	11
5510	7
5511	6
5512	11
5513	15
5514	10
5515	15
5516	9
5517	9
5518	10
5519	9
5520	12
5521	10
5522	11
5523	10
5524	9
5525	12
5526	10
5527	11
5528	11
5529	11
5530	8
5531	11
5532	7
5533	12
5534	12
5535	17
5536	9
5537	14
5538	11
5539	7
5540	9
5541	17
5542	8
5543	7
5544	12
5545	9
5546	9
5547	14
5548	10
5549	4
5550	8
5551	10
5552	4
5553	8
5554	9
5555	10
5556	8
5557	14
5558	9
5559	7
5560	7
5561	7
5562	8
5563	18
5564	18
5565	12
5566	9
5567	8
5568	9
5569	8
5570	14
5571	5
5572	7
5573	6
5574	15
5575	11
5576	8
5577	12
5578	7
5579	10
5580	8
5581	13
5582	6
5583	8
5584	7
5585	7
5586	16
5587	7
5588	11
5589	12
5590	9
5591	17
5592	9
5593	14
5594	14
5595	11
5596	10
5597	15
5598	6
5599	10
5600	16
5601	11
5602	16
5603	13
5604	10
5605	14
5606	8
5607	8
5608	11
5609	6
5610	6
5611	14
5612	10
5613	6
5614	13
5615	8
5616	7
5617	15
5618	16
5619	12
5620	12
5621	12
5622	10
5623	8
5624	9
5625	7
5626	11
5627	17
5628	11
5629	15
5630	9
5631	13
5632	14
5633	11
5634	13
5635	5
5636	14
5637	13
5638	7
5639	11
5640	14
5641	6
5642	10
5643	12
5644	17
5645	7
5646	12
5647	14
5648	9
5649	11
5650	14
5651	10
5652	11
5653	7
5654	17
5655	9
5656	9
5657	12
5658	13
5659	10
5660	22
5661	7
5662	10
5663	7
5664	10
5665	5
5666	6
5667	9
5668	12
5669	13
5670	6
5671	12
5672	15
5673	11
5674	9
5675	7
5676	8
5677	12
5678	12
5679	8
5680	7
5681	10
5682	9
5683	12
5684	10
5685	9
5686	17
5687	13
5688	5
5689	6
5690	10
5691	10
5692	9
5693	15
5694	10
5695	6
5696	9
5697	7
5698	10
5699	11
5700	9
5701	18
5702	13
5703	13
5704	9
5705	13
5706	13
5707	11
5708	13
5709	10
5710	9
5711	11
5712	13
5713	13
5714	7
5715	15
5716	5
5717	10
5718	8
5719	6
5720	10
5721	9
5722	7
5723	12
5724	11
5725	14
5726	5
5727	11
5728	7
5729	14
5730	8
5731	8
5732	17
5733	12
5734	2
5735	12
5736	10
5737	7
5738	12
5739	9
5740	10
5741	18
5742	12
5743	19
5744	6
5745	9
5746	8
5747	5
5748	4
5749	9
5750	10
5751	13
5752	10
5753	8
5754	10
5755	12
5756	11
5757	15
5758	13
5759	12
5760	5
5761	4
5762	8
5763	9
5764	10
5765	7
5766	7
5767	10
5768	12
5769	6
5770	9
5771	8
5772	12
5773	11
5774	12
5775	11
5776	5
5777	14
5778	20
5779	4
5780	13
5781	7
5782	14
5783	14
5784	7
5785	8
5786	8
5787	15
5788	8
5789	13
5790	11
5791	12
5792	4
5793	13
5794	13
5795	8
5796	12
5797	12
5798	8
5799	11
5800	11
5801	12
5802	10
5803	8
5804	9
5805	11
5806	8
5807	12
5808	6
5809	8
5810	15
5811	11
5812	3
5813	13
5814	11
5815	8
5816	12
5817	9
5818	8
5819	10
5820	11
5821	10
5822	14
5823	12
5824	11
5825	13
5826	6
5827	16
5828	11
5829	13
5830	13
5831	8
5832	17
5833	15
5834	10
5835	13
5836	8
5837	17
5838	8
5839	6
5840	11
5841	11
5842	9
5843	11
5844	6
5845	5
5846	4
5847	7
5848	13
5849	11
5850	9
5851	9
5852	17
5853	11
5854	14
5855	18
5856	14
5857	12
5858	9
5859	12
5860	11
5861	14
5862	8
5863	13
5864	13
5865	6
5866	11
5867	15
5868	11
5869	22
5870	14
5871	10
5872	18
5873	12
5874	11
5875	10
5876	13
5877	7
5878	24
5879	14
5880	14
5881	11
5882	8
5883	10
5884	9
5885	7
5886	13
5887	4
5888	16
5889	10
5890	17
5891	12
5892	14
5893	12
5894	13
5895	9
5896	10
5897	3
5898	9
5899	10
5900	10
5901	13
5902	14
5903	10
5904	11
5905	16
5906	19
5907	11
5908	11
5909	16
5910	17
5911	13
5912	13
5913	12
5914	8
5915	8
5916	16
5917	9
5918	11
5919	14
5920	13
5921	10
5922	10
5923	12
5924	8
5925	8
5926	13
5927	12
5928	17
5929	9
5930	9
5931	10
5932	13
5933	13
5934	17
5935	7
5936	12
5937	8
5938	7
5939	10
5940	13
5941	10
5942	10
5943	9
5944	7
5945	19
5946	9
5947	16
5948	12
5949	15
5950	11
5951	9
5952	9
5953	10
5954	11
5955	11
5956	11
5957	14
5958	12
5959	12
5960	15
5961	8
5962	16
5963	11
5964	16
5965	8
5966	13
5967	9
5968	12
5969	5
5970	9
5971	12
5972	9
5973	13
5974	9
5975	9
5976	9
5977	10
5978	12
5979	6
5980	5
5981	13
5982	16
5983	12
5984	10
5985	14
5986	5
5987	10
5988	8
5989	6
5990	18
5991	10
5992	6
5993	6
5994	15
5995	9
5996	2
5997	13
5998	12
5999	10
6000	21
6001	11
6002	17
6003	4
6004	8
6005	13
6006	8
6007	12
6008	9
6009	12
6010	16
6011	12
6012	7
6013	13
6014	14
6015	19
6016	15
6017	14
6018	8
6019	10
6020	14
6021	15
6022	11
6023	19
6024	12
6025	10
6026	13
6027	9
6028	14
6029	13
6030	14
6031	11
6032	15
6033	11
6034	13
6035	15
6036	14
6037	9
6038	9
6039	11
6040	7
6041	12
6042	8
6043	8
6044	11
6045	12
6046	5
6047	10
6048	15
6049	15
6050	12
6051	8
6052	12
6053	17
6054	12
6055	13
6056	10
6057	11
6058	8
6059	10
6060	8
6061	12
6062	7
6063	12
6064	9
6065	18
6066	17
6067	13
6068	12
6069	7
6070	18
6071	10
6072	9
6073	7
6074	8
6075	9
6076	12
6077	11
6078	13
6079	12
6080	16
6081	13
6082	14
6083	13
6084	8
6085	16
6086	10
6087	17
6088	14
6089	16
6090	15
6091	15
6092	14
6093	8
6094	10
6095	13
6096	14
6097	7
6098	10
6099	15
6100	15
6101	11
6102	21
6103	14
6104	18
6105	17
6106	3
6107	13
6108	17
6109	10
6110	11
6111	9
6112	18
6113	15
6114	15
6115	11
6116	12
6117	10
6118	14
6119	15
6120	13
6121	13
6122	13
6123	17
6124	16
6125	7
6126	16
6127	13
6128	15
6129	7
6130	8
6131	9
6132	9
6133	12
6134	12
6135	11
6136	11
6137	11
6138	7
6139	12
6140	10
6141	13
6142	12
6143	15
6144	14
6145	16
6146	9
6147	8
6148	15
6149	14
6150	11
6151	14
6152	6
6153	15
6154	22
6155	19
6156	20
6157	17
6158	12
6159	16
6160	11
6161	21
6162	15
6163	14
6164	7
6165	4
6166	15
6167	15
6168	14
6169	13
6170	15
6171	16
6172	16
6173	15
6174	16
6175	17
6176	14
6177	19
6178	15
6179	18
6180	15
6181	21
6182	13
6183	16
6184	8
6185	10
6186	5
6187	11
6188	16
6189	14
6190	10
6191	8
6192	16
6193	13
6194	13
6195	12
6196	15
6197	13
6198	26
6199	16
6200	10
6201	13
6202	14
6203	16
6204	13
6205	12
6206	10
6207	15
6208	15
6209	16
6210	11
6211	15
6212	11
6213	19
6214	10
6215	17
6216	17
6217	12
6218	13
6219	18
6220	23
6221	20
6222	18
6223	19
6224	17
6225	20
6226	17
6227	23
6228	13
6229	13
6230	14
6231	16
6232	13
6233	13
6234	15
6235	8
6236	7
6237	8
6238	12
6239	11
6240	12
6241	13
6242	10
6243	12
6244	17
6245	18
6246	16
6247	13
6248	21
6249	9
6250	17
6251	19
6252	22
6253	19
6254	15
6255	8
6256	11
6257	10
6258	16
6259	11
6260	14
6261	14
6262	12
6263	19
6264	20
6265	16
6266	21
6267	13
6268	16
6269	16
6270	16
6271	16
6272	16
6273	16
6274	12
6275	18
6276	13
6277	13
6278	17
6279	17
6280	14
6281	18
6282	11
6283	15
6284	9
6285	15
6286	18
6287	12
6288	12
6289	12
6290	19
6291	16
6292	14
6293	14
6294	7
6295	7
6296	11
6297	16
6298	15
6299	9
6300	9
6301	22
6302	14
6303	14
6304	18
6305	12
6306	17
6307	15
6308	19
6309	9
6310	16
6311	21
6312	18
6313	10
6314	15
6315	16
6316	15
6317	25
6318	16
6319	10
6320	21
6321	16
6322	15
6323	21
6324	19
6325	14
6326	20
6327	13
6328	12
6329	21
6330	15
6331	22
6332	8
6333	12
6334	24
6335	18
6336	17
6337	18
6338	19
6339	16
6340	14
6341	21
6342	11
6343	17
6344	17
6345	17
6346	6
6347	23
6348	14
6349	25
6350	13
6351	17
6352	21
6353	17
6354	17
6355	17
6356	21
6357	18
6358	23
6359	10
6360	17
6361	14
6362	15
6363	25
6364	17
6365	11
6366	22
6367	18
6368	19
6369	17
6370	25
6371	16
6372	17
6373	14
6374	20
6375	22
6376	12
6377	18
6378	17
6379	20
6380	16
6381	14
6382	26
6383	27
6384	24
6385	13
6386	19
6387	16
6388	15
6389	24
6390	16
6391	12
6392	18
6393	18
6394	18
6395	6
6396	14
6397	18
6398	18
6399	27
6400	17
6401	18
6402	14
6403	15
6404	28
6405	31
6406	24
6407	26
6408	19
6409	13
6410	18
6411	18
6412	12
6413	23
6414	16
6415	20
6416	26
6417	23
6418	20
6419	21
6420	19
6421	18
6422	18
6423	21
6424	18
6425	26
6426	19
6427	22
6428	20
6429	27
6430	22
6431	22
6432	26
6433	20
6434	17
6435	14
6436	15
6437	21
6438	26
6439	18
6440	22
6441	21
6442	14
6443	33
6444	19
6445	16
6446	30
6447	20
6448	12
6449	28
6450	15
6451	10
6452	27
6453	15
6454	21
6455	11
6456	25
6457	16
6458	18
6459	21
6460	14
6461	24
6462	17
6463	17
6464	22
6465	17
6466	16
6467	12
6468	14
6469	22
6470	15
6471	26
6472	23
6473	16
6474	29
6475	15
6476	17
6477	16
6478	25
6479	27
6480	23
6481	17
6482	19
6483	23
6484	19
6485	15
6486	19
6487	18
6488	12
6489	20
6490	20
6491	23
6492	24
6493	20
6494	20
6495	20
6496	21
6497	17
6498	13
6499	21
6500	22
6501	16
6502	11
6503	27
6504	14
6505	26
6506	25
6507	21
6508	21
6509	21
6510	23
6511	20
6512	19
6513	21
6514	18
6515	13
6516	17
6517	27
6518	14
6519	16
6520	16
6521	30
6522	23
6523	16
6524	21
6525	16
6526	19
6527	20
6528	19
6529	28
6530	15
6531	10
6532	14
6533	22
6534	16
6535	19
6536	24
6537	18
6538	29
6539	13
6540	22
6541	16
6542	20
6543	21
6544	17
6545	25
6546	24
6547	20
6548	23
6549	16
6550	19
6551	22
6552	15
6553	16
6554	20
6555	22
6556	18
6557	23
6558	13
6559	15
6560	15
6561	20
6562	21
6563	16
6564	18
6565	23
6566	17
6567	19
6568	20
6569	22
6570	20
6571	25
6572	25
6573	12
6574	29
6575	23
6576	20
6577	17
6578	19
6579	21
6580	20
6581	19
6582	21
6583	16
6584	17
6585	32
6586	11
6587	14
6588	13
6589	16
6590	16
6591	17
6592	9
6593	11
6594	19
6595	16
6596	14
6597	12
6598	18
6599	18
6600	10
6601	17
6602	16
6603	14
6604	14
6605	24
6606	13
6607	17
6608	21
6609	19
6610	17
6611	18
6612	23
6613	18
6614	22
6615	20
6616	25
6617	16
6618	12
6619	18
6620	11
6621	13
6622	17
6623	15
6624	17
6625	18
6626	19
6627	14
6628	18
6629	14
6630	19
6631	18
6632	14
6633	20
6634	14
6635	8
6636	21
6637	15
6638	13
6639	13
6640	13
6641	17
6642	12
6643	14
6644	15
6645	14
6646	16
6647	16
6648	13
6649	8
6650	10
6651	20
6652	18
6653	23
6654	15
6655	18
6656	13
6657	16
6658	12
6659	13
6660	12
6661	16
6662	13
6663	19
6664	12
6665	11
6666	16
6667	22
6668	14
6669	17
6670	17
6671	16
6672	10
6673	12
6674	9
6675	9
6676	12
6677	14
6678	15
6679	19
6680	12
6681	23
6682	9
6683	9
6684	20
6685	10
6686	15
6687	10
6688	15
6689	16
6690	12
6691	11
6692	17
6693	5
6694	18
6695	11
6696	16
6697	13
6698	19
6699	8
6700	11
6701	12
6702	15
6703	13
6704	15
6705	19
6706	2
6707	17
6708	18
6709	15
6710	16
6711	6
6712	19
6713	3
6714	7
6715	19
6716	19
6717	12
6718	11
6719	10
6720	12
6721	6
6722	13
6723	12
6724	8
6725	16
6726	13
6727	11
6728	16
6729	17
6730	11
6731	11
6732	12
6733	15
6734	10
6735	12
6736	9
6737	11
6738	12
6739	10
6740	7
6741	8
6742	10
6743	10
6744	9
6745	9
6746	9
6747	13
6748	12
6749	15
6750	15
6751	6
6752	16
6753	10
6754	11
6755	10
6756	7
6757	8
6758	7
6759	11
6760	10
6761	9
6762	9
6763	9
6764	6
6765	9
6766	12
6767	10
6768	10
6769	5
6770	8
6771	11
6772	9
6773	11
6774	5
6775	7
6776	2
6777	7
6778	9
6779	6
6780	10
6781	10
6782	3
6783	10
6784	8
6785	12
6786	6
6787	9
6788	7
6789	11
6790	5
6791	4
6792	9
6793	7
6794	10
6795	5
6796	10
6797	4
6798	5
6799	14
6800	9
6801	11
6802	8
6803	4
6804	6
6805	7
6806	5
6807	5
6808	9
6809	8
6810	6
6811	12
6812	6
6813	3
6814	3
6815	6
6816	5
6817	6
6818	5
6819	7
6820	9
6821	9
6822	9
6823	7
6824	5
6825	7
6826	7
6827	9
6828	7
6829	4
6830	4
6831	4
6832	8
6833	5
6834	6
6835	8
6836	11
6837	4
6838	7
6839	4
6840	11
6841	8
6842	5
6843	6
6844	4
6845	3
6846	6
6847	6
6848	6
6849	5
6850	3
6851	3
6852	7
6853	7
6854	4
6855	5
6856	5
6857	1
6858	13
6859	8
6860	7
6861	2
6862	7
6863	3
6864	3
6865	5
6866	4
6867	3
6868	3
6869	7
6870	6
6871	5
6872	1
6873	7
6874	3
6875	5
6876	5
6877	6
6878	7
6879	3
6880	5
6881	3
6882	11
6883	6
6884	5
6885	7
6886	1
6887	3
6888	4
6889	5
6890	1
6891	3
6892	7
6893	2
6894	2
6895	5
6896	4
6897	7
6898	5
6899	2
6900	3
6901	3
6902	2
6903	4
6904	1
6905	3
6906	4
6907	6
6908	1
6909	6
6910	0
6911	4
6912	0
6913	3
6914	4
6915	2
6916	6
6917	4
6918	5
6919	4
6920	3
6921	3
6922	4
6923	2
6924	3
6925	2
6926	3
6927	7
6928	3
6929	1
6930	4
6931	2
6932	1
6933	1
6934	1
6935	1
6936	5
6937	2
6938	0
6939	2
6940	3
6941	1
6942	1
6943	0
6944	0
6945	3
6946	4
6947	1
6948	1
6949	2
6950	2
6951	1
6952	4
6953	2
6954	2
6955	3
6956	4
6957	2
6958	1
6959	3
6960	2
6961	3
6962	2
6963	2
6964	0
6965	4
6966	4
6967	0
6968	0
6969	0
6970	4
6971	2
6972	5
6973	2
6974	1
6975	1
6976	1
6977	0
6978	4
6979	1
6980	1
6981	1
6982	4
6983	2
6984	1
6985	1
6986	1
6987	3
6988	0
6989	0
6990	2
6991	1
6992	1
6993	3
6994	1
6995	3
6996	0
6997	4
6998	1
6999	2
7000	0
7001	1
7002	3
7003	3
7004	2
7005	3
7006	3
7007	3
7008	1
7009	0
7010	3
7011	0
7012	0
7013	1
7014	1
7015	2
7016	1
7017	0
7018	0
7019	2
7020	2
7021	2
7022	2
7023	0
7024	0
7025	4
7026	2
7027	1
7028	2
7029	0
7030	1
7031	1
7032	1
7033	0
7034	1
7035	0
7036	1
7037	2
7038	3
7039	1
7040	1
7041	2
7042	1
7043	2
7044	0
7045	2
7046	3
7047	0
7048	1
7049	1
7050	0
7051	1
7052	1
7053	2
7054	0
7055	0
7056	1
7057	0
7058	1
7059	1
7060	0
7061	0
7062	0
7063	0
7064	2
7065	1
7066	1
7067	2
7068	0
7069	1
7070	3
7071	1
7072	0
7073	0
7074	2
7075	2
7076	1
7077	0
7078	0
7079	0
7080	1
7081	2
7082	1
7083	0
7084	0
7085	0
7086	0
7087	0
7088	1
7089	0
7090	0
7091	1
7092	0
7093	0
7094	3
7095	0
7096	1
7097	1
7098	1
7099	1
7100	2
7101	1
7102	1
7103	1
7104	2
7105	1
7106	0
7107	0
7108	1
7109	3
7110	0
7111	3
7112	0
7113	1
7114	0
7115	0
7116	0
7117	1
7118	1
7119	0
7120	0
7121	1
7122	2
7123	0
7124	3
7125	1
7126	0
7127	1
7128	0
7129	2
7130	2
7131	0
7132	0
7133	0
7134	0
7135	0
7136	1
7137	0
7138	1
7139	0
7140	1
7141	0
7142	2
7143	2
7144	0
7145	0
7146	0
7147	0
7148	1
7149	1
7150	0
7151	0
7152	0
7153	2
7154	2
7155	2
7156	3
7157	1
7158	1
7159	3
7160	1
7161	1
7162	0
7163	1
7164	1
7165	0
7166	1
7167	0
7168	0
7169	2
7170	1
7171	2
7172	1
7173	0
7174	0
7175	0
7176	0
7177	2
7178	1
7179	0
7180	1
7181	1
7182	1
7183	1
7184	0
7185	0
7186	0
7187	0
7188	0
7189	1
7190	1
7191	1
7192	1
7193	1
7194	1
7195	0
7196	0
7197	0
7198	1
7199	2
7200	1
7201	0
7202	1
7203	0
7204	1
7205	0
7206	0
7207	0
7208	1
7209	1
7210	0
7211	0
7212	0
7213	0
7214	1
7215	1
7216	2
7217	0
7218	1
7219	0
7220	0
7221	1
7222	1
7223	1
7224	2
7225	0
7226	0
7227	1
7228	0
7229	1
7230	2
7231	1
7232	0
7233	0
7234	0
7235	1
7236	1
7237	2
7238	0
7239	0
7240	0
7241	1
7242	0
7243	1
7244	2
7245	1
7246	0
7247	0
7248	0
7249	0
7250	0
7251	1
7252	0
7253	0
7254	1
7255	0
7256	0
7257	0
7258	0
7259	0
7260	1
7261	1
7262	0
7263	0
7264	0
7265	2
7266	0
7267	0
7268	0
7269	1
7270	0
7271	1
7272	1
7273	0
7274	0
7275	3
7276	1
7277	2
7278	1
7279	0
7280	1
7281	0
7282	0
7283	0
7284	0
7285	0
7286	1
7287	0
7288	0
7289	0
7290	0
7291	0
7292	2
7293	0
7294	0
7295	0
7296	1
7297	1
7298	0
7299	1
7300	1
7301	2
7302	0
7303	0
7304	0
7305	1
7306	0
7307	0
7308	1
7309	0
7310	0
7311	0
7312	0
7313	0
7314	0
7315	2
7316	0
7317	2
7318	0
7319	2
7320	0
7321	0
7322	0
7323	0
7324	0
7325	0
7326	1
7327	1
7328	0
7329	0
7330	1
7331	0
7332	0
7333	1
7334	1
7335	0
7336	0
7337	0
7338	4
7339	0
7340	0
7341	2
7342	0
7343	1
7344	0
7345	0
7346	0
7347	0
7348	0
7349	0
7350	0
7351	2
7352	1
7353	1
7354	0
7355	0
7356	0
7357	0
7358	2
7359	1
7360	0
7361	0
7362	0
7363	2
7364	0
7365	0
7366	0
7367	0
7368	1
7369	1
7370	0
7371	0
7372	1
7373	0
7374	1
7375	0
7376	1
7377	1
7378	1
7379	1
7380	0
7381	0
7382	0
7383	2
7384	1
7385	3
7386	1
7387	0
7388	0
7389	1
7390	0
7391	2
7392	1
7393	1
7394	2
7395	1
7396	0
7397	0
7398	1
7399	1
7400	0
7401	1
7402	1
7403	0
7404	0
7405	1
7406	1
7407	0
7408	1
7409	0
7410	1
7411	0
7412	0
7413	2
7414	0
7415	0
7416	1
7417	0
7418	1
7419	0
7420	1
7421	0
7422	0
7423	1
7424	0
7425	2
7426	0
7427	0
7428	1
7429	0
7430	2
7431	0
7432	1
7433	0
7434	0
7435	0
7436	0
7437	1
7438	2
7439	1
7440	1
7441	0
7442	0
7443	1
7444	1
7445	0
7446	0
7447	3
7448	0
7449	2
7450	2
7451	2
7452	1
7453	0
7454	1
7455	0
7456	0
7457	0
7458	0
7459	2
7460	0
7461	1
7462	3
7463	1
7464	1
7465	0
7466	1
7467	0
7468	0
7469	0
7470	1
7471	0
7472	1
7473	1
7474	0
7475	0
7476	0
7477	1
7478	0
7479	0
7480	1
7481	1
7482	0
7483	1
7484	0
7485	2
7486	0
7487	2
7488	3
7489	1
7490	3
7491	1
7492	0
7493	1
7494	0
7495	0
7496	1
7497	2
7498	2
7499	1
7500	0
7501	1
7502	0
7503	1
7504	2
7505	1
7506	0
7507	0
7508	1
7509	0
7510	0
7511	0
7512	0
7513	1
7514	0
7515	0
7516	0
7517	0
7518	0
7519	2
7520	2
7521	0
7522	0
7523	2
7524	3
7525	2
7526	0
7527	2
7528	0
7529	1
7530	1
7531	2
7532	1
7533	0
7534	0
7535	0
7536	0
7537	1
7538	1
7539	3
7540	1
7541	1
7542	0
7543	0
7544	2
7545	0
7546	0
7547	0
7548	1
7549	0
7550	1
7551	1
7552	0
7553	0
7554	0
7555	1
7556	0
7557	0
7558	0
7559	1
7560	1
7561	0
7562	0
7563	1
7564	0
7565	1
7566	2
7567	1
7568	0
7569	0
7570	1
7571	0
7572	2
7573	0
7574	0
7575	1
7576	0
7577	0
7578	0
7579	0
7580	0
7581	1
7582	0
7583	0
7584	1
7585	1
7586	0
7587	0
7588	0
7589	1
7590	0
7591	0
7592	1
7593	0
7594	0
7595	0
7596	0
7597	0
7598	0
7599	0
7600	1
7601	1
7602	0
7603	0
7604	1
7605	0
7606	1
7607	0
7608	0
7609	1
7610	0
7611	0
7612	0
7613	0
7614	3
7615	2
7616	1
7617	2
7618	0
7619	1
7620	0
7621	0
7622	1
7623	0
7624	0
7625	1
7626	0
7627	1
7628	0
7629	0
7630	0
7631	0
7632	0
7633	1
7634	1
7635	0
7636	1
7637	0
7638	0
7639	0
7640	1
7641	0
7642	0
7643	2
7644	0
7645	1
7646	1
7647	0
7648	0
7649	1
7650	1
7651	1
7652	0
7653	0
7654	0
7655	0
7656	0
7657	0
7658	0
7659	0
7660	0
7661	2
7662	0
7663	0
7664	1
7665	0
7666	2
7667	0
7668	0
7669	0
7670	0
7671	0
7672	1
7673	1
7674	0
7675	0
7676	0
7677	1
7678	0
7679	0
7680	0
7681	1
7682	0
7683	0
7684	0
7685	0
7686	1
7687	0
7688	0
7689	1
7690	1
7691	0
7692	0
7693	0
7694	0
7695	2
7696	1
7697	0
7698	1
7699	1
7700	0
7701	0
7702	1
7703	0
7704	1
7705	0
7706	1
7707	1
7708	0
7709	0
7710	2
7711	0
7712	1
7713	0
7714	0
7715	0
7716	0
7717	0
7718	1
7719	1
7720	1
7721	0
7722	1
7723	0
7724	1
7725	1
7726	0
7727	2
7728	5
7729	1
7730	0
7731	0
7732	1
7733	1
7734	1
7735	0
7736	1
7737	0
7738	0
7739	1
7740	0
7741	0
7742	0
7743	0
7744	0
7745	1
7746	2
7747	0
7748	0
7749	0
7750	2
7751	0
7752	1
7753	1
7754	2
7755	0
7756	2
7757	1
7758	0
7759	1
7760	0
7761	0
7762	1
7763	1
7764	1
7765	0
7766	2
7767	0
7768	0
7769	0
7770	1
7771	1
7772	0
7773	0
7774	1
7775	2
7776	0
7777	2
7778	0
7779	1
7780	0
7781	0
7782	2
7783	0
7784	1
7785	0
7786	0
7787	0
7788	0
7789	3
7790	1
7791	1
7792	0
7793	0
7794	0
7795	0
7796	2
7797	0
7798	1
7799	0
7800	0
7801	1
7802	0
7803	0
7804	3
7805	1
7806	1
7807	0
7808	0
7809	0
7810	0
7811	0
7812	2
7813	0
7814	0
7815	0
7816	0
7817	2
7818	0
7819	0
7820	0
7821	1
7822	2
7823	0
7824	2
7825	0
7826	1
7827	1
7828	0
7829	0
7830	1
7831	1
7832	0
7833	0
7834	1
7835	0
7836	0
7837	0
7838	0
7839	0
7840	0
7841	1
7842	1
7843	0
7844	0
7845	1
7846	0
7847	1
7848	0
7849	0
7850	0
7851	0
7852	0
7853	0
7854	3
7855	0
7856	0
7857	0
7858	0
7859	0
7860	1
7861	0
7862	1
7863	0
7864	1
7865	0
7866	0
7867	0
7868	0
7869	0
7870	0
7871	0
7872	0
7873	0
7874	0
7875	0
7876	2
7877	0
7878	1
7879	0
7880	1
7881	0
7882	0
7883	0
7884	1
7885	0
7886	2
7887	0
7888	0
7889	0
7890	0
7891	1
7892	0
7893	0
7894	1
7895	1
7896	0
7897	0
7898	1
7899	0
7900	0
7901	0
7902	0
7903	0
7904	0
7905	0
7906	0
7907	0
7908	0
7909	0
7910	0
7911	1
7912	0
7913	1
7914	0
7915	0
7916	0
7917	0
7918	0
7919	0
7920	0
7921	0
7922	0
7923	0
7924	0
7925	0
7926	1
7927	2
7928	0
7929	0
7930	0
7931	0
7932	0
7933	1
7934	0
7935	1
7936	0
7937	0
7938	0
7939	2
7940	2
7941	0
7942	1
7943	0
7944	0
7945	1
7946	1
7947	0
7948	1
7949	1
7950	2
7951	0
7952	2
7953	1
7954	1
7955	0
7956	2
7957	0
7958	0
7959	0
7960	0
7961	0
7962	0
7963	0
7964	0
7965	2
7966	0
7967	2
7968	1
7969	0
7970	1
7971	2
7972	0
7973	0
7974	0
7975	0
7976	0
7977	0
7978	1
7979	0
7980	1
7981	1
7982	0
7983	1
7984	0
7985	1
7986	1
7987	0
7988	1
7989	1
7990	0
7991	2
7992	0
7993	0
7994	0
7995	0
7996	0
7997	2
7998	0
7999	3
8000	0
8001	0
8002	0
8003	0
8004	0
8005	0
8006	1
8007	2
8008	1
8009	0
8010	0
8011	1
8012	0
8013	1
8014	0
8015	1
8016	0
8017	0
8018	1
8019	1
8020	0
8021	0
8022	0
8023	0
8024	0
8025	0
8026	1
8027	0
8028	0
8029	0
8030	1
8031	0
8032	1
8033	2
8034	1
8035	0
8036	1
8037	1
8038	1
8039	0
8040	0
8041	0
8042	1
8043	1
8044	0
8045	0
8046	1
8047	0
8048	0
8049	2
8050	0
8051	0
8052	1
8053	0
8054	0
8055	0
8056	0
8057	0
8058	2
8059	0
8060	0
8061	0
8062	1
8063	0
8064	1
8065	1
8066	0
8067	2
8068	0
8069	2
8070	0
8071	0
8072	0
8073	0
8074	0
8075	1
8076	0
8077	2
8078	1
8079	1
8080	0
8081	0
8082	1
8083	0
8084	0
8085	0
8086	0
8087	0
8088	0
8089	0
8090	0
8091	0
8092	0
8093	0
8094	0
8095	0
8096	0
8097	0
8098	0
8099	0
8100	0
8101	0
8102	0
8103	0
8104	0
8105	0
8106	0
8107	0
8108	0
8109	0
8110	0
8111	0
8112	0
8113	0
8114	0
8115	0
8116	0
8117	0
8118	0
8119	0
8120	0
8121	0
8122	0
8123	0
8124	0
8125	0
8126	0
8127	0
8128	0
8129	0
8130	0
8131	0
8132	0
8133	0
8134	0
8135	0
8136	0
8137	0
8138	0
8139	0
8140	0
8141	0
8142	0
8143	0
8144	0
8145	0
8146	0
8147	0
8148	0
8149	0
8150	0
8151	0
8152	0
8153	0
8154	0
8155	0
8156	0
8157	0
8158	0
8159	0
8160	0
8161	0
8162	0
8163	0
8164	0
8165	0
8166	0
8167	0
8168	0
8169	0
8170	0
8171	0
8172	0
8173	0
8174	0
8175	0
8176	0
8177	0
8178	0
8179	0
8180	0
8181	0
8182	0
8183	0
8184	0
8185	0
8186	0
8187	0
8188	0
8189	0
8190	0
8191	0
