0	123
1	8
2	10
3	3
4	6
5	2
6	3
7	6
8	4
9	5
10	5
11	6
12	6
13	6
14	9
15	2
16	9
17	11
18	10
19	7
20	13
21	20
22	19
23	19
24	14
25	19
26	27
27	25
28	23
29	26
30	30
31	23
32	21
33	24
34	15
35	14
36	11
37	14
38	9
39	4
40	5
41	6
42	2
43	0
44	1
45	1
46	1
47	0
48	0
49	0
50	0
51	2
52	3
53	0
54	5
55	3
56	5
57	2
58	2
59	3
60	4
61	5
62	2
63	5
64	11
65	5
66	8
67	7
68	4
69	8
70	3
71	13
72	10
73	4
74	3
75	2
76	9
77	5
78	4
79	4
80	2
81	2
82	1
83	3
84	3
85	3
86	10
87	12
88	20
89	11
90	14
91	16
92	9
93	13
94	10
95	6
96	15
97	11
98	6
99	10
100	12
101	12
102	9
103	9
104	12
105	10
106	11
107	10
108	7
109	11
110	7
111	8
112	11
113	19
114	10
115	15
116	13
117	13
118	9
119	8
120	15
121	9
122	10
123	10
124	9
125	7
126	16
127	10
128	8
129	13
130	12
131	13
132	9
133	12
134	9
135	10
136	16
137	13
138	6
139	9
140	10
141	8
142	8
143	13
144	9
145	7
146	20
147	11
148	8
149	11
150	11
151	8
152	7
153	8
154	9
155	12
156	7
157	10
158	12
159	6
160	13
161	18
162	14
163	11
164	10
165	12
166	8
167	11
168	11
169	7
170	6
171	8
172	11
173	7
174	11
175	8
176	8
177	8
178	10
179	7
180	9
181	5
182	7
183	13
184	7
185	5
186	8
187	10
188	8
189	14
190	12
191	16
192	10
193	10
194	9
195	7
196	9
197	5
198	9
199	8
200	12
201	6
202	9
203	10
204	8
205	8
206	11
207	8
208	19
209	14
210	12
211	22
212	9
213	6
214	18
215	13
216	8
217	9
218	8
219	16
220	13
221	8
222	10
223	12
224	9
225	10
226	9
227	8
228	16
229	9
230	15
231	7
232	7
233	12
234	7
235	13
236	14
237	9
238	11
239	13
240	5
241	9
242	9
243	9
244	4
245	13
246	12
247	13
248	7
249	11
250	10
251	6
252	8
253	10
254	12
255	11
256	9
257	12
258	10
259	9
260	9
261	17
262	9
263	8
264	20
265	10
266	17
267	8
268	16
269	12
270	14
271	15
272	3
273	12
274	12
275	17
276	11
277	15
278	12
279	14
280	9
281	8
282	12
283	11
284	6
285	10
286	12
287	15
288	15
289	5
290	15
291	14
292	13
293	14
294	18
295	8
296	11
297	15
298	11
299	8
300	8
301	9
302	11
303	15
304	9
305	10
306	13
307	15
308	8
309	12
310	14
311	13
312	14
313	10
314	9
315	17
316	13
317	11
318	13
319	9
320	20
321	14
322	10
323	10
324	12
325	14
326	10
327	11
328	19
329	6
330	14
331	14
332	12
333	7
334	9
335	9
336	9
337	7
338	9
339	14
340	17
341	17
342	11
343	9
344	14
345	10
346	12
347	10
348	17
349	12
350	16
351	12
352	9
353	12
354	17
355	5
356	9
357	10
358	9
359	11
360	9
361	12
362	12
363	13
364	15
365	11
366	11
367	16
368	11
369	9
370	9
371	11
372	10
373	13
374	12
375	12
376	12
377	9
378	12
379	9
380	11
381	11
382	7
383	18
384	6
385	10
386	11
387	14
388	16
389	7
390	17
391	23
392	5
393	20
394	18
395	13
396	16
397	10
398	10
399	13
400	12
401	5
402	7
403	14
404	15
405	8
406	12
407	21
408	11
409	10
410	12
411	9
412	11
413	10
414	16
415	6
416	13
417	12
418	14
419	6
420	11
421	11
422	18
423	9
424	8
425	13
426	13
427	10
428	11
429	13
430	13
431	14
432	14
433	10
434	18
435	16
436	18
437	6
438	9
439	17
440	11
441	12
442	3
443	6
444	15
445	15
446	16
447	12
448	15
449	8
450	14
451	11
452	13
453	9
454	10
455	9
456	13
457	13
458	15
459	13
460	10
461	7
462	11
463	9
464	11
465	12
466	9
467	12
468	10
469	10
470	8
471	16
472	11
473	10
474	14
475	10
476	9
477	15
478	9
479	9
480	15
481	15
482	12
483	9
484	12
485	11
486	13
487	12
488	16
489	15
490	13
491	19
492	11
493	13
494	11
495	16
496	12
497	10
498	13
499	16
500	6
501	16
502	15
503	12
504	7
505	11
506	11
507	13
508	12
509	13
510	8
511	18
512	13
513	12
514	12
515	15
516	9
517	9
518	11
519	6
520	13
521	11
522	16
523	9
524	8
525	9
526	13
527	12
528	11
529	8
530	15
531	14
532	6
533	9
534	14
535	14
536	13
537	12
538	12
539	14
540	11
541	8
542	16
543	15
544	14
545	11
546	14
547	14
548	17
549	18
550	13
551	10
552	4
553	7
554	8
555	8
556	6
557	14
558	8
559	11
560	9
561	11
562	16
563	6
564	15
565	14
566	8
567	12
568	9
569	14
570	11
571	4
572	8
573	8
574	12
575	10
576	14
577	15
578	13
579	18
580	13
581	19
582	12
583	13
584	16
585	12
586	10
587	16
588	11
589	7
590	10
591	10
592	12
593	14
594	11
595	9
596	8
597	9
598	14
599	17
600	12
601	17
602	15
603	11
604	16
605	10
606	17
607	10
608	8
609	11
610	20
611	4
612	19
613	11
614	7
615	13
616	18
617	14
618	9
619	13
620	13
621	12
622	9
623	12
624	17
625	12
626	18
627	21
628	14
629	16
630	7
631	13
632	10
633	16
634	10
635	15
636	14
637	10
638	13
639	15
640	19
641	18
642	11
643	10
644	16
645	10
646	13
647	19
648	15
649	19
650	15
651	11
652	13
653	17
654	13
655	13
656	19
657	13
658	17
659	19
660	11
661	8
662	11
663	9
664	12
665	11
666	15
667	14
668	8
669	13
670	15
671	13
672	13
673	16
674	16
675	16
676	8
677	14
678	19
679	13
680	15
681	15
682	13
683	17
684	17
685	11
686	8
687	18
688	13
689	18
690	16
691	22
692	16
693	13
694	16
695	20
696	10
697	17
698	5
699	11
700	11
701	12
702	16
703	15
704	14
705	13
706	21
707	13
708	16
709	13
710	18
711	12
712	18
713	10
714	14
715	12
716	16
717	5
718	23
719	8
720	13
721	13
722	12
723	11
724	10
725	11
726	11
727	14
728	11
729	11
730	14
731	10
732	18
733	20
734	9
735	11
736	25
737	17
738	15
739	11
740	18
741	15
742	17
743	12
744	11
745	16
746	15
747	14
748	13
749	22
750	13
751	18
752	15
753	17
754	14
755	17
756	11
757	14
758	14
759	14
760	18
761	21
762	12
763	19
764	17
765	17
766	12
767	17
768	16
769	19
770	15
771	13
772	20
773	17
774	19
775	16
776	16
777	17
778	13
779	13
780	16
781	14
782	13
783	17
784	22
785	14
786	23
787	16
788	22
789	13
790	16
791	21
792	16
793	23
794	18
795	27
796	13
797	19
798	17
799	22
800	23
801	15
802	15
803	23
804	20
805	18
806	13
807	18
808	18
809	26
810	18
811	20
812	15
813	12
814	24
815	20
816	17
817	24
818	23
819	21
820	18
821	18
822	18
823	22
824	11
825	31
826	24
827	22
828	25
829	10
830	15
831	18
832	23
833	18
834	18
835	23
836	21
837	16
838	16
839	20
840	23
841	24
842	10
843	19
844	22
845	21
846	26
847	26
848	22
849	25
850	28
851	21
852	18
853	18
854	16
855	20
856	18
857	22
858	22
859	24
860	20
861	21
862	21
863	17
864	16
865	19
866	20
867	15
868	26
869	23
870	12
871	14
872	24
873	20
874	28
875	19
876	9
877	28
878	17
879	27
880	19
881	26
882	18
883	27
884	19
885	21
886	23
887	21
888	19
889	22
890	14
891	17
892	21
893	21
894	12
895	13
896	18
897	22
898	16
899	15
900	19
901	20
902	17
903	15
904	22
905	19
906	17
907	21
908	21
909	24
910	16
911	21
912	15
913	20
914	23
915	18
916	18
917	17
918	18
919	20
920	23
921	20
922	17
923	10
924	19
925	13
926	18
927	14
928	24
929	24
930	16
931	11
932	23
933	17
934	25
935	13
936	17
937	21
938	22
939	21
940	14
941	20
942	19
943	13
944	20
945	21
946	21
947	21
948	13
949	14
950	21
951	14
952	9
953	17
954	12
955	23
956	13
957	23
958	13
959	17
960	16
961	18
962	13
963	14
964	23
965	14
966	21
967	18
968	21
969	16
970	23
971	22
972	20
973	21
974	18
975	16
976	18
977	14
978	18
979	20
980	18
981	13
982	21
983	14
984	17
985	8
986	19
987	17
988	19
989	15
990	14
991	14
992	18
993	15
994	5
995	18
996	15
997	13
998	12
999	10
1000	13
1001	18
1002	13
1003	23
1004	14
1005	15
1006	18
1007	18
1008	11
1009	21
1010	16
1011	14
1012	10
1013	22
1014	16
1015	12
1016	21
1017	19
1018	13
1019	14
1020	13
1021	19
1022	18
1023	9
1024	15
1025	13
1026	18
1027	16
1028	19
1029	16
1030	10
1031	19
1032	17
1033	11
1034	17
1035	17
1036	27
1037	16
1038	16
1039	19
1040	15
1041	20
1042	11
1043	12
1044	23
1045	11
1046	14
1047	10
1048	14
1049	15
1050	18
1051	12
1052	7
1053	16
1054	15
1055	10
1056	18
1057	8
1058	17
1059	24
1060	17
1061	10
1062	17
1063	23
1064	14
1065	16
1066	17
1067	14
1068	14
1069	13
1070	20
1071	18
1072	13
1073	13
1074	18
1075	16
1076	13
1077	13
1078	18
1079	18
1080	16
1081	14
1082	22
1083	23
1084	17
1085	12
1086	11
1087	16
1088	18
1089	20
1090	13
1091	25
1092	21
1093	22
1094	14
1095	11
1096	11
1097	15
1098	21
1099	14
1100	16
1101	19
1102	19
1103	13
1104	24
1105	15
1106	17
1107	13
1108	18
1109	21
1110	23
1111	17
1112	20
1113	14
1114	5
1115	12
1116	17
1117	27
1118	15
1119	22
1120	12
1121	11
1122	13
1123	19
1124	15
1125	20
1126	15
1127	20
1128	20
1129	18
1130	9
1131	23
1132	7
1133	16
1134	15
1135	17
1136	22
1137	27
1138	15
1139	15
1140	13
1141	19
1142	16
1143	14
1144	18
1145	13
1146	12
1147	19
1148	22
1149	16
1150	22
1151	21
1152	13
1153	15
1154	23
1155	18
1156	20
1157	15
1158	12
1159	17
1160	19
1161	24
1162	20
1163	18
1164	20
1165	23
1166	12
1167	22
1168	17
1169	22
1170	16
1171	15
1172	23
1173	18
1174	12
1175	13
1176	19
1177	19
1178	15
1179	19
1180	23
1181	20
1182	24
1183	20
1184	16
1185	17
1186	20
1187	28
1188	19
1189	19
1190	18
1191	19
1192	15
1193	18
1194	16
1195	20
1196	13
1197	14
1198	18
1199	14
1200	17
1201	16
1202	19
1203	14
1204	28
1205	21
1206	25
1207	22
1208	14
1209	10
1210	21
1211	24
1212	19
1213	21
1214	18
1215	17
1216	23
1217	23
1218	15
1219	17
1220	19
1221	15
1222	16
1223	13
1224	23
1225	14
1226	25
1227	18
1228	22
1229	21
1230	20
1231	11
1232	21
1233	15
1234	23
1235	18
1236	24
1237	19
1238	15
1239	13
1240	18
1241	25
1242	18
1243	19
1244	25
1245	26
1246	17
1247	15
1248	24
1249	20
1250	19
1251	26
1252	13
1253	20
1254	18
1255	23
1256	21
1257	23
1258	16
1259	23
1260	25
1261	19
1262	19
1263	16
1264	18
1265	18
1266	15
1267	27
1268	15
1269	23
1270	16
1271	20
1272	22
1273	16
1274	19
1275	16
1276	20
1277	21
1278	16
1279	17
1280	19
1281	18
1282	15
1283	21
1284	23
1285	18
1286	19
1287	24
1288	21
1289	21
1290	37
1291	19
1292	9
1293	22
1294	17
1295	19
1296	19
1297	24
1298	18
1299	28
1300	21
1301	21
1302	26
1303	19
1304	28
1305	19
1306	24
1307	24
1308	25
1309	19
1310	22
1311	23
1312	24
1313	17
1314	19
1315	25
1316	27
1317	18
1318	16
1319	19
1320	26
1321	23
1322	21
1323	19
1324	22
1325	22
1326	16
1327	35
1328	25
1329	27
1330	13
1331	23
1332	17
1333	24
1334	21
1335	28
1336	25
1337	31
1338	22
1339	29
1340	18
1341	23
1342	25
1343	23
1344	25
1345	29
1346	23
1347	25
1348	20
1349	23
1350	24
1351	28
1352	23
1353	20
1354	20
1355	26
1356	33
1357	22
1358	25
1359	23
1360	31
1361	23
1362	35
1363	18
1364	31
1365	29
1366	18
1367	16
1368	18
1369	25
1370	12
1371	20
1372	21
1373	23
1374	16
1375	23
1376	15
1377	16
1378	18
1379	20
1380	26
1381	20
1382	15
1383	15
1384	22
1385	21
1386	19
1387	22
1388	21
1389	20
1390	19
1391	20
1392	24
1393	18
1394	19
1395	17
1396	26
1397	19
1398	17
1399	30
1400	28
1401	27
1402	24
1403	15
1404	28
1405	28
1406	24
1407	18
1408	26
1409	24
1410	21
1411	20
1412	21
1413	27
1414	24
1415	16
1416	25
1417	25
1418	22
1419	17
1420	20
1421	29
1422	20
1423	17
1424	19
1425	17
1426	24
1427	18
1428	16
1429	25
1430	16
1431	19
1432	25
1433	28
1434	16
1435	21
1436	22
1437	18
1438	20
1439	21
1440	31
1441	22
1442	24
1443	13
1444	15
1445	20
1446	19
1447	21
1448	19
1449	20
1450	20
1451	22
1452	19
1453	20
1454	22
1455	29
1456	32
1457	25
1458	26
1459	16
1460	24
1461	29
1462	22
1463	24
1464	24
1465	23
1466	28
1467	26
1468	25
1469	28
1470	25
1471	27
1472	29
1473	22
1474	24
1475	21
1476	21
1477	15
1478	28
1479	25
1480	27
1481	24
1482	25
1483	22
1484	18
1485	14
1486	16
1487	18
1488	26
1489	26
1490	26
1491	30
1492	26
1493	30
1494	24
1495	26
1496	29
1497	22
1498	28
1499	21
1500	17
1501	30
1502	31
1503	20
1504	29
1505	20
1506	37
1507	26
1508	21
1509	19
1510	23
1511	26
1512	23
1513	24
1514	20
1515	29
1516	26
1517	24
1518	21
1519	17
1520	22
1521	19
1522	19
1523	23
1524	19
1525	27
1526	18
1527	19
1528	31
1529	20
1530	26
1531	30
1532	20
1533	30
1534	23
1535	21
1536	20
1537	30
1538	19
1539	14
1540	22
1541	24
1542	13
1543	20
1544	16
1545	18
1546	20
1547	24
1548	18
1549	21
1550	27
1551	22
1552	24
1553	21
1554	30
1555	33
1556	30
1557	23
1558	28
1559	28
1560	18
1561	22
1562	19
1563	23
1564	30
1565	22
1566	22
1567	18
1568	23
1569	26
1570	30
1571	16
1572	20
1573	26
1574	31
1575	29
1576	28
1577	24
1578	29
1579	19
1580	19
1581	19
1582	25
1583	31
1584	29
1585	18
1586	25
1587	29
1588	20
1589	12
1590	16
1591	32
1592	26
1593	25
1594	37
1595	24
1596	18
1597	34
1598	14
1599	15
1600	21
1601	25
1602	30
1603	22
1604	23
1605	20
1606	25
1607	18
1608	20
1609	26
1610	25
1611	23
1612	27
1613	31
1614	14
1615	21
1616	23
1617	28
1618	28
1619	22
1620	18
1621	19
1622	22
1623	30
1624	22
1625	21
1626	20
1627	29
1628	25
1629	20
1630	21
1631	28
1632	21
1633	22
1634	22
1635	21
1636	25
1637	11
1638	31
1639	26
1640	23
1641	31
1642	27
1643	21
1644	24
1645	26
1646	25
1647	20
1648	22
1649	20
1650	26
1651	16
1652	28
1653	20
1654	24
1655	31
1656	22
1657	26
1658	26
1659	24
1660	21
1661	19
1662	29
1663	39
1664	25
1665	31
1666	29
1667	25
1668	27
1669	26
1670	31
1671	26
1672	28
1673	27
1674	32
1675	22
1676	22
1677	33
1678	24
1679	23
1680	22
1681	24
1682	31
1683	23
1684	30
1685	27
1686	28
1687	23
1688	26
1689	20
1690	24
1691	24
1692	23
1693	22
1694	23
1695	24
1696	25
1697	33
1698	32
1699	18
1700	24
1701	21
1702	18
1703	28
1704	31
1705	19
1706	28
1707	31
1708	27
1709	29
1710	34
1711	29
1712	28
1713	27
1714	22
1715	24
1716	25
1717	25
1718	35
1719	26
1720	13
1721	22
1722	28
1723	20
1724	13
1725	22
1726	30
1727	23
1728	26
1729	23
1730	16
1731	14
1732	27
1733	24
1734	30
1735	31
1736	27
1737	24
1738	29
1739	26
1740	26
1741	22
1742	29
1743	27
1744	24
1745	25
1746	32
1747	28
1748	36
1749	34
1750	22
1751	24
1752	23
1753	24
1754	24
1755	24
1756	24
1757	27
1758	28
1759	28
1760	23
1761	31
1762	20
1763	31
1764	18
1765	21
1766	23
1767	25
1768	26
1769	23
1770	21
1771	25
1772	25
1773	28
1774	31
1775	23
1776	21
1777	35
1778	31
1779	27
1780	33
1781	24
1782	26
1783	28
1784	19
1785	32
1786	29
1787	29
1788	20
1789	28
1790	25
1791	23
1792	25
1793	18
1794	15
1795	29
1796	23
1797	17
1798	25
1799	18
1800	22
1801	22
1802	27
1803	24
1804	29
1805	26
1806	21
1807	29
1808	21
1809	24
1810	20
1811	28
1812	33
1813	22
1814	28
1815	34
1816	19
1817	26
1818	19
1819	26
1820	29
1821	26
1822	34
1823	24
1824	19
1825	27
1826	33
1827	24
1828	37
1829	25
1830	21
1831	27
1832	27
1833	26
1834	36
1835	16
1836	25
1837	23
1838	27
1839	29
1840	31
1841	32
1842	28
1843	21
1844	33
1845	31
1846	29
1847	34
1848	26
1849	22
1850	35
1851	32
1852	25
1853	27
1854	20
1855	19
1856	27
1857	29
1858	28
1859	34
1860	37
1861	29
1862	24
1863	22
1864	25
1865	23
1866	26
1867	19
1868	17
1869	22
1870	27
1871	30
1872	24
1873	28
1874	31
1875	24
1876	25
1877	22
1878	32
1879	32
1880	36
1881	27
1882	31
1883	36
1884	34
1885	31
1886	28
1887	30
1888	28
1889	28
1890	18
1891	34
1892	22
1893	24
1894	36
1895	21
1896	22
1897	27
1898	18
1899	27
1900	30
1901	36
1902	28
1903	25
1904	29
1905	35
1906	23
1907	24
1908	30
1909	17
1910	27
1911	29
1912	29
1913	31
1914	21
1915	23
1916	23
1917	27
1918	22
1919	23
1920	22
1921	24
1922	24
1923	29
1924	23
1925	27
1926	27
1927	19
1928	21
1929	29
1930	40
1931	23
1932	33
1933	28
1934	27
1935	28
1936	27
1937	29
1938	36
1939	27
1940	39
1941	21
1942	21
1943	27
1944	28
1945	30
1946	34
1947	36
1948	20
1949	20
1950	24
1951	28
1952	30
1953	33
1954	28
1955	25
1956	31
1957	31
1958	28
1959	16
1960	17
1961	30
1962	30
1963	30
1964	24
1965	29
1966	34
1967	22
1968	19
1969	28
1970	33
1971	27
1972	37
1973	28
1974	39
1975	29
1976	29
1977	29
1978	23
1979	33
1980	21
1981	24
1982	24
1983	22
1984	28
1985	21
1986	26
1987	23
1988	23
1989	32
1990	35
1991	31
1992	18
1993	21
1994	21
1995	29
1996	23
1997	27
1998	26
1999	22
2000	40
2001	26
2002	29
2003	28
2004	30
2005	22
2006	22
2007	36
2008	28
2009	34
2010	24
2011	28
2012	29
2013	31
2014	28
2015	19
2016	24
2017	28
2018	33
2019	27
2020	30
2021	25
2022	27
2023	27
2024	27
2025	30
2026	28
2027	33
2028	16
2029	36
2030	26
2031	24
2032	28
2033	20
2034	30
2035	29
2036	24
2037	30
2038	25
2039	31
2040	14
2041	35
2042	30
2043	29
2044	24
2045	25
2046	26
2047	23
2048	32
2049	33
2050	27
2051	19
2052	23
2053	33
2054	21
2055	31
2056	34
2057	35
2058	27
2059	29
2060	34
2061	39
2062	30
2063	42
2064	25
2065	36
2066	28
2067	29
2068	27
2069	26
2070	24
2071	26
2072	26
2073	21
2074	25
2075	26
2076	21
2077	31
2078	25
2079	33
2080	36
2081	29
2082	24
2083	22
2084	31
2085	30
2086	33
2087	26
2088	30
2089	23
2090	17
2091	27
2092	35
2093	31
2094	30
2095	30
2096	24
2097	29
2098	27
2099	22
2100	23
2101	28
2102	28
2103	24
2104	32
2105	27
2106	31
2107	38
2108	21
2109	24
2110	32
2111	22
2112	25
2113	22
2114	33
2115	27
2116	23
2117	21
2118	22
2119	29
2120	25
2121	22
2122	18
2123	23
2124	39
2125	20
2126	29
2127	22
2128	17
2129	25
2130	24
2131	26
2132	20
2133	25
2134	33
2135	18
2136	26
2137	27
2138	24
2139	21
2140	32
2141	20
2142	33
2143	20
2144	20
2145	26
2146	25
2147	24
2148	31
2149	32
2150	31
2151	27
2152	20
2153	22
2154	27
2155	20
2156	35
2157	28
2158	26
2159	21
2160	28
2161	25
2162	22
2163	20
2164	29
2165	17
2166	29
2167	27
2168	25
2169	31
2170	30
2171	19
2172	16
2173	25
2174	25
2175	23
2176	33
2177	31
2178	22
2179	13
2180	23
2181	23
2182	26
2183	27
2184	20
2185	24
2186	23
2187	30
2188	24
2189	31
2190	33
2191	28
2192	16
2193	32
2194	24
2195	29
2196	25
2197	20
2198	21
2199	23
2200	31
2201	23
2202	31
2203	22
2204	22
2205	23
2206	15
2207	23
2208	28
2209	19
2210	25
2211	24
2212	23
2213	29
2214	28
2215	21
2216	27
2217	18
2218	24
2219	24
2220	20
2221	28
2222	30
2223	19
2224	28
2225	39
2226	20
2227	21
2228	32
2229	15
2230	30
2231	31
2232	17
2233	31
2234	22
2235	28
2236	22
2237	24
2238	27
2239	22
2240	37
2241	24
2242	19
2243	26
2244	19
2245	23
2246	20
2247	25
2248	24
2249	20
2250	23
2251	23
2252	29
2253	31
2254	22
2255	26
2256	27
2257	21
2258	20
2259	16
2260	24
2261	17
2262	22
2263	19
2264	27
2265	21
2266	38
2267	24
2268	20
2269	20
2270	22
2271	21
2272	21
2273	30
2274	22
2275	24
2276	22
2277	27
2278	21
2279	30
2280	18
2281	17
2282	21
2283	36
2284	19
2285	27
2286	24
2287	26
2288	28
2289	20
2290	18
2291	17
2292	22
2293	23
2294	28
2295	20
2296	20
2297	16
2298	21
2299	20
2300	19
2301	25
2302	32
2303	17
2304	26
2305	26
2306	18
2307	21
2308	37
2309	24
2310	16
2311	24
2312	23
2313	23
2314	20
2315	24
2316	26
2317	23
2318	26
2319	26
2320	21
2321	22
2322	19
2323	30
2324	18
2325	21
2326	19
2327	20
2328	29
2329	18
2330	17
2331	19
2332	22
2333	24
2334	25
2335	21
2336	20
2337	20
2338	14
2339	28
2340	24
2341	20
2342	23
2343	23
2344	23
2345	25
2346	26
2347	26
2348	11
2349	23
2350	28
2351	22
2352	28
2353	28
2354	22
2355	31
2356	25
2357	16
2358	24
2359	25
2360	24
2361	19
2362	19
2363	27
2364	27
2365	29
2366	29
2367	24
2368	32
2369	17
2370	19
2371	20
2372	23
2373	17
2374	18
2375	22
2376	17
2377	20
2378	19
2379	18
2380	15
2381	18
2382	20
2383	22
2384	24
2385	24
2386	21
2387	24
2388	20
2389	17
2390	23
2391	22
2392	21
2393	32
2394	20
2395	24
2396	32
2397	18
2398	17
2399	28
2400	9
2401	26
2402	19
2403	30
2404	14
2405	25
2406	17
2407	29
2408	34
2409	19
2410	31
2411	23
2412	26
2413	28
2414	29
2415	29
2416	22
2417	21
2418	33
2419	25
2420	20
2421	18
2422	22
2423	16
2424	18
2425	13
2426	21
2427	20
2428	20
2429	21
2430	24
2431	29
2432	17
2433	28
2434	22
2435	21
2436	24
2437	23
2438	25
2439	24
2440	26
2441	18
2442	20
2443	32
2444	26
2445	16
2446	23
2447	13
2448	25
2449	16
2450	17
2451	27
2452	15
2453	25
2454	19
2455	19
2456	31
2457	24
2458	22
2459	19
2460	20
2461	13
2462	27
2463	26
2464	26
2465	23
2466	22
2467	18
2468	22
2469	23
2470	25
2471	20
2472	27
2473	21
2474	16
2475	18
2476	19
2477	30
2478	13
2479	22
2480	24
2481	27
2482	18
2483	22
2484	19
2485	16
2486	22
2487	20
2488	27
2489	17
2490	23
2491	22
2492	32
2493	24
2494	21
2495	25
2496	14
2497	23
2498	19
2499	15
2500	23
2501	21
2502	31
2503	29
2504	19
2505	32
2506	14
2507	22
2508	26
2509	20
2510	28
2511	22
2512	20
2513	28
2514	18
2515	17
2516	18
2517	23
2518	23
2519	24
2520	23
2521	25
2522	15
2523	23
2524	23
2525	23
2526	22
2527	26
2528	21
2529	22
2530	22
2531	19
2532	22
2533	18
2534	18
2535	18
2536	24
2537	26
2538	19
2539	22
2540	18
2541	23
2542	18
2543	23
2544	23
2545	17
2546	27
2547	27
2548	19
2549	35
2550	25
2551	22
2552	16
2553	22
2554	27
2555	28
2556	29
2557	19
2558	27
2559	25
2560	14
2561	20
2562	16
2563	21
2564	24
2565	23
2566	21
2567	14
2568	25
2569	23
2570	34
2571	22
2572	21
2573	22
2574	22
2575	23
2576	29
2577	18
2578	12
2579	27
2580	22
2581	22
2582	24
2583	20
2584	26
2585	23
2586	22
2587	22
2588	23
2589	28
2590	22
2591	15
2592	24
2593	21
2594	17
2595	22
2596	28
2597	20
2598	23
2599	18
2600	20
2601	26
2602	14
2603	23
2604	24
2605	19
2606	28
2607	16
2608	17
2609	18
2610	24
2611	27
2612	26
2613	19
2614	23
2615	24
2616	14
2617	23
2618	23
2619	17
2620	22
2621	19
2622	12
2623	21
2624	25
2625	22
2626	22
2627	27
2628	23
2629	17
2630	20
2631	26
2632	22
2633	22
2634	21
2635	18
2636	17
2637	19
2638	10
2639	25
2640	15
2641	19
2642	22
2643	17
2644	17
2645	22
2646	11
2647	14
2648	20
2649	23
2650	20
2651	21
2652	19
2653	23
2654	21
2655	21
2656	15
2657	18
2658	20
2659	26
2660	19
2661	17
2662	22
2663	19
2664	22
2665	24
2666	26
2667	17
2668	17
2669	26
2670	13
2671	17
2672	18
2673	20
2674	14
2675	13
2676	20
2677	15
2678	18
2679	18
2680	22
2681	21
2682	25
2683	19
2684	13
2685	30
2686	19
2687	25
2688	23
2689	16
2690	16
2691	30
2692	25
2693	12
2694	19
2695	18
2696	18
2697	27
2698	20
2699	24
2700	20
2701	22
2702	20
2703	21
2704	18
2705	12
2706	13
2707	22
2708	18
2709	21
2710	18
2711	14
2712	17
2713	22
2714	19
2715	20
2716	22
2717	15
2718	15
2719	12
2720	20
2721	17
2722	19
2723	23
2724	24
2725	19
2726	13
2727	25
2728	18
2729	15
2730	16
2731	32
2732	17
2733	16
2734	13
2735	11
2736	19
2737	17
2738	12
2739	28
2740	16
2741	24
2742	18
2743	22
2744	24
2745	21
2746	26
2747	19
2748	12
2749	12
2750	17
2751	18
2752	25
2753	20
2754	16
2755	18
2756	13
2757	24
2758	20
2759	21
2760	28
2761	15
2762	29
2763	18
2764	17
2765	24
2766	12
2767	22
2768	16
2769	17
2770	16
2771	17
2772	22
2773	26
2774	20
2775	15
2776	19
2777	22
2778	21
2779	17
2780	16
2781	14
2782	18
2783	22
2784	12
2785	21
2786	15
2787	25
2788	20
2789	12
2790	22
2791	17
2792	14
2793	19
2794	15
2795	16
2796	11
2797	13
2798	11
2799	17
2800	19
2801	17
2802	19
2803	23
2804	18
2805	18
2806	19
2807	22
2808	22
2809	17
2810	19
2811	22
2812	18
2813	17
2814	25
2815	12
2816	22
2817	11
2818	17
2819	22
2820	16
2821	17
2822	12
2823	16
2824	22
2825	22
2826	23
2827	18
2828	22
2829	17
2830	15
2831	17
2832	17
2833	15
2834	18
2835	16
2836	19
2837	12
2838	22
2839	19
2840	21
2841	12
2842	25
2843	17
2844	14
2845	15
2846	16
2847	20
2848	14
2849	16
2850	19
2851	12
2852	17
2853	18
2854	12
2855	17
2856	19
2857	16
2858	20
2859	14
2860	23
2861	19
2862	16
2863	13
2864	23
2865	18
2866	11
2867	17
2868	17
2869	27
2870	21
2871	15
2872	23
2873	19
2874	30
2875	18
2876	18
2877	16
2878	25
2879	21
2880	22
2881	11
2882	24
2883	15
2884	26
2885	17
2886	12
2887	16
2888	18
2889	18
2890	10
2891	18
2892	25
2893	19
2894	13
2895	19
2896	13
2897	19
2898	22
2899	20
2900	18
2901	20
2902	21
2903	19
2904	19
2905	18
2906	28
2907	19
2908	21
2909	13
2910	28
2911	18
2912	20
2913	18
2914	19
2915	18
2916	17
2917	16
2918	11
2919	18
2920	23
2921	12
2922	22
2923	21
2924	19
2925	20
2926	18
2927	18
2928	23
2929	15
2930	17
2931	17
2932	15
2933	16
2934	12
2935	13
2936	12
2937	18
2938	15
2939	17
2940	20
2941	18
2942	13
2943	18
2944	20
2945	18
2946	22
2947	21
2948	18
2949	17
2950	14
2951	16
2952	20
2953	14
2954	24
2955	16
2956	22
2957	19
2958	9
2959	13
2960	18
2961	13
2962	24
2963	18
2964	22
2965	22
2966	22
2967	14
2968	18
2969	17
2970	17
2971	18
2972	17
2973	20
2974	15
2975	18
2976	25
2977	24
2978	20
2979	16
2980	23
2981	21
2982	24
2983	19
2984	12
2985	18
2986	18
2987	21
2988	17
2989	23
2990	22
2991	19
2992	27
2993	17
2994	15
2995	23
2996	15
2997	16
2998	20
2999	10
3000	12
3001	15
3002	18
3003	22
3004	16
3005	19
3006	13
3007	14
3008	17
3009	19
3010	11
3011	12
3012	23
3013	24
3014	28
3015	10
3016	15
3017	25
3018	25
3019	19
3020	14
3021	8
3022	18
3023	19
3024	15
3025	17
3026	16
3027	21
3028	22
3029	12
3030	14
3031	12
3032	15
3033	12
3034	14
3035	19
3036	20
3037	11
3038	14
3039	19
3040	17
3041	15
3042	17
3043	11
3044	22
3045	19
3046	18
3047	17
3048	13
3049	14
3050	25
3051	24
3052	10
3053	14
3054	21
3055	28
3056	13
3057	22
3058	18
3059	17
3060	23
3061	17
3062	22
3063	14
3064	21
3065	8
3066	16
3067	23
3068	17
3069	18
3070	15
3071	18
3072	15
3073	15
3074	13
3075	17
3076	22
3077	19
3078	9
3079	16
3080	15
3081	13
3082	20
3083	20
3084	13
3085	24
3086	20
3087	18
3088	15
3089	22
3090	15
3091	19
3092	17
3093	18
3094	20
3095	16
3096	10
3097	18
3098	20
3099	11
3100	20
3101	21
3102	21
3103	21
3104	12
3105	8
3106	16
3107	15
3108	6
3109	10
3110	17
3111	20
3112	21
3113	21
3114	13
3115	22
3116	17
3117	15
3118	16
3119	26
3120	20
3121	18
3122	16
3123	19
3124	18
3125	21
3126	14
3127	15
3128	23
3129	22
3130	18
3131	13
3132	16
3133	21
3134	21
3135	16
3136	19
3137	16
3138	18
3139	10
3140	17
3141	20
3142	12
3143	21
3144	20
3145	13
3146	17
3147	15
3148	14
3149	15
3150	10
3151	23
3152	26
3153	13
3154	18
3155	11
3156	10
3157	18
3158	24
3159	14
3160	18
3161	22
3162	16
3163	15
3164	18
3165	15
3166	13
3167	15
3168	18
3169	12
3170	10
3171	18
3172	15
3173	19
3174	19
3175	19
3176	15
3177	14
3178	21
3179	9
3180	20
3181	9
3182	16
3183	10
3184	15
3185	15
3186	14
3187	15
3188	14
3189	10
3190	29
3191	20
3192	17
3193	15
3194	19
3195	14
3196	18
3197	15
3198	10
3199	27
3200	14
3201	19
3202	15
3203	19
3204	14
3205	17
3206	18
3207	17
3208	18
3209	13
3210	21
3211	11
3212	12
3213	14
3214	18
3215	14
3216	19
3217	19
3218	18
3219	16
3220	15
3221	17
3222	16
3223	18
3224	14
3225	11
3226	20
3227	19
3228	18
3229	16
3230	13
3231	16
3232	19
3233	22
3234	14
3235	15
3236	17
3237	17
3238	15
3239	17
3240	14
3241	21
3242	17
3243	18
3244	19
3245	16
3246	15
3247	16
3248	24
3249	11
3250	13
3251	17
3252	15
3253	28
3254	18
3255	21
3256	12
3257	18
3258	15
3259	25
3260	12
3261	24
3262	16
3263	22
3264	17
3265	23
3266	13
3267	19
3268	23
3269	15
3270	15
3271	10
3272	23
3273	21
3274	19
3275	21
3276	22
3277	18
3278	12
3279	10
3280	19
3281	13
3282	19
3283	20
3284	22
3285	14
3286	19
3287	14
3288	19
3289	10
3290	22
3291	14
3292	6
3293	19
3294	14
3295	13
3296	16
3297	8
3298	15
3299	18
3300	12
3301	14
3302	23
3303	19
3304	10
3305	7
3306	14
3307	17
3308	14
3309	10
3310	18
3311	16
3312	12
3313	16
3314	28
3315	18
3316	13
3317	9
3318	16
3319	15
3320	20
3321	18
3322	17
3323	18
3324	12
3325	16
3326	15
3327	16
3328	18
3329	15
3330	12
3331	9
3332	14
3333	16
3334	16
3335	16
3336	13
3337	16
3338	16
3339	17
3340	17
3341	12
3342	6
3343	17
3344	14
3345	11
3346	16
3347	19
3348	10
3349	14
3350	14
3351	13
3352	15
3353	20
3354	19
3355	16
3356	9
3357	10
3358	16
3359	17
3360	9
3361	13
3362	18
3363	20
3364	19
3365	18
3366	22
3367	12
3368	12
3369	12
3370	14
3371	11
3372	15
3373	14
3374	21
3375	22
3376	22
3377	16
3378	12
3379	20
3380	16
3381	14
3382	16
3383	12
3384	13
3385	16
3386	14
3387	17
3388	18
3389	15
3390	12
3391	14
3392	22
3393	22
3394	18
3395	13
3396	19
3397	12
3398	21
3399	11
3400	13
3401	13
3402	16
3403	14
3404	19
3405	11
3406	13
3407	12
3408	11
3409	20
3410	18
3411	16
3412	9
3413	17
3414	16
3415	14
3416	13
3417	18
3418	12
3419	10
3420	16
3421	18
3422	16
3423	20
3424	13
3425	17
3426	19
3427	16
3428	18
3429	14
3430	14
3431	22
3432	15
3433	21
3434	12
3435	19
3436	14
3437	11
3438	16
3439	15
3440	11
3441	20
3442	14
3443	14
3444	8
3445	19
3446	15
3447	13
3448	15
3449	18
3450	15
3451	15
3452	14
3453	19
3454	14
3455	22
3456	12
3457	15
3458	20
3459	14
3460	16
3461	14
3462	18
3463	19
3464	8
3465	18
3466	17
3467	19
3468	19
3469	15
3470	14
3471	21
3472	21
3473	17
3474	13
3475	15
3476	17
3477	11
3478	15
3479	15
3480	18
3481	10
3482	16
3483	30
3484	18
3485	19
3486	14
3487	17
3488	16
3489	13
3490	11
3491	10
3492	12
3493	21
3494	17
3495	13
3496	22
3497	13
3498	13
3499	17
3500	17
3501	19
3502	8
3503	13
3504	13
3505	12
3506	17
3507	17
3508	18
3509	11
3510	12
3511	18
3512	11
3513	17
3514	11
3515	15
3516	24
3517	22
3518	12
3519	9
3520	14
3521	9
3522	16
3523	15
3524	16
3525	14
3526	17
3527	11
3528	14
3529	14
3530	7
3531	13
3532	23
3533	10
3534	15
3535	15
3536	14
3537	13
3538	15
3539	15
3540	13
3541	18
3542	15
3543	14
3544	12
3545	17
3546	14
3547	12
3548	17
3549	13
3550	13
3551	18
3552	19
3553	8
3554	14
3555	10
3556	11
3557	19
3558	12
3559	23
3560	23
3561	10
3562	14
3563	17
3564	16
3565	18
3566	14
3567	21
3568	12
3569	19
3570	11
3571	14
3572	13
3573	19
3574	14
3575	13
3576	21
3577	17
3578	21
3579	20
3580	18
3581	9
3582	24
3583	19
3584	16
3585	19
3586	15
3587	17
3588	20
3589	20
3590	15
3591	16
3592	14
3593	14
3594	16
3595	19
3596	20
3597	16
3598	13
3599	20
3600	21
3601	16
3602	16
3603	21
3604	11
3605	20
3606	12
3607	11
3608	16
3609	15
3610	15
3611	11
3612	21
3613	13
3614	16
3615	10
3616	15
3617	22
3618	15
3619	15
3620	15
3621	15
3622	23
3623	6
3624	19
3625	18
3626	11
3627	11
3628	23
3629	19
3630	7
3631	16
3632	10
3633	14
3634	15
3635	15
3636	18
3637	21
3638	13
3639	14
3640	14
3641	20
3642	12
3643	13
3644	17
3645	10
3646	18
3647	18
3648	20
3649	16
3650	13
3651	9
3652	20
3653	14
3654	15
3655	14
3656	13
3657	17
3658	13
3659	14
3660	9
3661	15
3662	17
3663	16
3664	18
3665	14
3666	9
3667	17
3668	16
3669	15
3670	11
3671	13
3672	10
3673	12
3674	18
3675	11
3676	18
3677	16
3678	16
3679	14
3680	18
3681	14
3682	13
3683	19
3684	19
3685	18
3686	11
3687	18
3688	18
3689	20
3690	12
3691	16
3692	14
3693	14
3694	15
3695	13
3696	18
3697	11
3698	15
3699	14
3700	17
3701	13
3702	17
3703	11
3704	10
3705	6
3706	11
3707	11
3708	17
3709	13
3710	17
3711	8
3712	17
3713	14
3714	15
3715	14
3716	17
3717	17
3718	18
3719	13
3720	14
3721	5
3722	21
3723	18
3724	22
3725	14
3726	12
3727	9
3728	24
3729	17
3730	18
3731	17
3732	12
3733	25
3734	12
3735	17
3736	11
3737	14
3738	17
3739	13
3740	6
3741	9
3742	15
3743	19
3744	15
3745	15
3746	18
3747	20
3748	11
3749	12
3750	14
3751	13
3752	16
3753	20
3754	17
3755	13
3756	13
3757	18
3758	10
3759	15
3760	15
3761	17
3762	11
3763	17
3764	16
3765	15
3766	25
3767	15
3768	9
3769	19
3770	14
3771	13
3772	18
3773	18
3774	14
3775	16
3776	19
3777	8
3778	15
3779	16
3780	14
3781	14
3782	20
3783	10
3784	20
3785	18
3786	12
3787	13
3788	15
3789	15
3790	18
3791	14
3792	27
3793	20
3794	12
3795	24
3796	17
3797	8
3798	19
3799	17
3800	13
3801	18
3802	18
3803	14
3804	16
3805	14
3806	16
3807	19
3808	12
3809	12
3810	19
3811	15
3812	15
3813	12
3814	18
3815	7
3816	10
3817	14
3818	15
3819	10
3820	15
3821	16
3822	28
3823	15
3824	17
3825	16
3826	17
3827	14
3828	16
3829	15
3830	12
3831	22
3832	7
3833	15
3834	10
3835	14
3836	12
3837	11
3838	18
3839	18
3840	12
3841	16
3842	13
3843	11
3844	20
3845	8
3846	17
3847	15
3848	10
3849	7
3850	19
3851	11
3852	15
3853	12
3854	9
3855	15
3856	10
3857	23
3858	13
3859	15
3860	12
3861	15
3862	10
3863	10
3864	17
3865	24
3866	13
3867	13
3868	21
3869	14
3870	14
3871	7
3872	8
3873	14
3874	14
3875	11
3876	15
3877	15
3878	19
3879	11
3880	10
3881	18
3882	16
3883	15
3884	8
3885	9
3886	15
3887	13
3888	22
3889	9
3890	13
3891	16
3892	13
3893	18
3894	15
3895	17
3896	16
3897	19
3898	18
3899	15
3900	12
3901	11
3902	16
3903	12
3904	8
3905	18
3906	9
3907	27
3908	16
3909	19
3910	13
3911	14
3912	18
3913	9
3914	15
3915	12
3916	15
3917	10
3918	9
3919	13
3920	14
3921	13
3922	11
3923	15
3924	15
3925	14
3926	13
3927	15
3928	16
3929	17
3930	10
3931	16
3932	11
3933	14
3934	14
3935	18
3936	15
3937	17
3938	20
3939	15
3940	17
3941	12
3942	12
3943	13
3944	15
3945	18
3946	11
3947	10
3948	20
3949	15
3950	13
3951	12
3952	11
3953	18
3954	9
3955	16
3956	19
3957	13
3958	13
3959	14
3960	12
3961	17
3962	8
3963	13
3964	17
3965	9
3966	19
3967	10
3968	18
3969	15
3970	20
3971	8
3972	17
3973	9
3974	16
3975	13
3976	16
3977	14
3978	12
3979	16
3980	16
3981	19
3982	17
3983	15
3984	13
3985	9
3986	17
3987	16
3988	18
3989	19
3990	15
3991	12
3992	7
3993	17
3994	14
3995	14
3996	18
3997	16
3998	12
3999	16
4000	22
4001	9
4002	14
4003	14
4004	23
4005	13
4006	15
4007	19
4008	17
4009	13
4010	16
4011	17
4012	10
4013	8
4014	11
4015	12
4016	12
4017	11
4018	12
4019	15
4020	16
4021	12
4022	10
4023	16
4024	16
4025	10
4026	15
4027	12
4028	17
4029	21
4030	15
4031	17
4032	16
4033	21
4034	9
4035	15
4036	16
4037	15
4038	14
4039	18
4040	19
4041	13
4042	13
4043	10
4044	10
4045	14
4046	17
4047	11
4048	9
4049	18
4050	18
4051	12
4052	17
4053	14
4054	14
4055	9
4056	8
4057	13
4058	12
4059	11
4060	12
4061	13
4062	18
4063	11
4064	16
4065	13
4066	9
4067	10
4068	14
4069	19
4070	9
4071	17
4072	8
4073	14
4074	12
4075	15
4076	13
4077	15
4078	7
4079	15
4080	21
4081	14
4082	9
4083	16
4084	11
4085	14
4086	12
4087	6
4088	18
4089	6
4090	14
4091	17
4092	16
4093	13
4094	15
4095	21
4096	14
4097	12
4098	8
4099	9
4100	10
4101	13
4102	6
4103	7
4104	9
4105	16
4106	14
4107	12
4108	17
4109	9
4110	13
4111	14
4112	9
4113	8
4114	17
4115	7
4116	14
4117	10
4118	13
4119	13
4120	19
4121	20
4122	16
4123	18
4124	16
4125	14
4126	10
4127	8
4128	10
4129	16
4130	15
4131	17
4132	14
4133	11
4134	10
4135	7
4136	21
4137	15
4138	12
4139	15
4140	11
4141	22
4142	15
4143	15
4144	17
4145	15
4146	15
4147	13
4148	14
4149	13
4150	13
4151	14
4152	11
4153	15
4154	12
4155	8
4156	19
4157	14
4158	18
4159	19
4160	14
4161	19
4162	14
4163	10
4164	18
4165	10
4166	15
4167	15
4168	11
4169	14
4170	9
4171	12
4172	10
4173	16
4174	8
4175	17
4176	13
4177	17
4178	12
4179	15
4180	14
4181	12
4182	16
4183	8
4184	10
4185	14
4186	15
4187	12
4188	15
4189	14
4190	10
4191	16
4192	10
4193	14
4194	10
4195	15
4196	17
4197	19
4198	14
4199	25
4200	13
4201	11
4202	9
4203	15
4204	14
4205	7
4206	14
4207	13
4208	17
4209	13
4210	8
4211	13
4212	16
4213	17
4214	10
4215	10
4216	15
4217	18
4218	17
4219	12
4220	6
4221	20
4222	14
4223	13
4224	14
4225	14
4226	13
4227	11
4228	14
4229	14
4230	12
4231	18
4232	18
4233	12
4234	23
4235	7
4236	9
4237	11
4238	10
4239	9
4240	12
4241	10
4242	12
4243	14
4244	19
4245	17
4246	11
4247	13
4248	14
4249	13
4250	13
4251	16
4252	9
4253	9
4254	10
4255	16
4256	10
4257	15
4258	8
4259	16
4260	8
4261	9
4262	12
4263	12
4264	16
4265	11
4266	16
4267	20
4268	12
4269	7
4270	13
4271	14
4272	13
4273	9
4274	14
4275	11
4276	7
4277	21
4278	15
4279	15
4280	10
4281	12
4282	19
4283	15
4284	12
4285	8
4286	9
4287	11
4288	10
4289	17
4290	7
4291	5
4292	12
4293	8
4294	9
4295	13
4296	8
4297	18
4298	11
4299	11
4300	15
4301	12
4302	13
4303	11
4304	17
4305	17
4306	10
4307	11
4308	13
4309	15
4310	14
4311	12
4312	14
4313	15
4314	10
4315	12
4316	16
4317	14
4318	12
4319	17
4320	19
4321	15
4322	21
4323	9
4324	11
4325	15
4326	13
4327	13
4328	8
4329	7
4330	10
4331	14
4332	14
4333	7
4334	8
4335	14
4336	7
4337	11
4338	13
4339	11
4340	18
4341	11
4342	16
4343	13
4344	11
4345	14
4346	13
4347	7
4348	15
4349	13
4350	12
4351	9
4352	12
4353	14
4354	7
4355	13
4356	10
4357	10
4358	8
4359	14
4360	14
4361	14
4362	15
4363	13
4364	11
4365	18
4366	10
4367	9
4368	13
4369	13
4370	22
4371	18
4372	17
4373	17
4374	15
4375	6
4376	11
4377	14
4378	18
4379	7
4380	14
4381	11
4382	20
4383	12
4384	20
4385	8
4386	11
4387	17
4388	25
4389	10
4390	20
4391	15
4392	8
4393	14
4394	15
4395	13
4396	9
4397	11
4398	14
4399	16
4400	12
4401	9
4402	15
4403	20
4404	15
4405	11
4406	11
4407	10
4408	11
4409	13
4410	8
4411	7
4412	11
4413	13
4414	16
4415	9
4416	18
4417	12
4418	16
4419	14
4420	15
4421	17
4422	12
4423	17
4424	9
4425	13
4426	13
4427	14
4428	18
4429	15
4430	16
4431	9
4432	7
4433	13
4434	11
4435	11
4436	13
4437	9
4438	17
4439	7
4440	10
4441	12
4442	12
4443	15
4444	11
4445	15
4446	13
4447	9
4448	13
4449	13
4450	11
4451	17
4452	16
4453	19
4454	16
4455	12
4456	15
4457	20
4458	13
4459	9
4460	13
4461	15
4462	16
4463	10
4464	17
4465	17
4466	11
4467	12
4468	13
4469	16
4470	10
4471	19
4472	10
4473	13
4474	15
4475	19
4476	10
4477	12
4478	11
4479	14
4480	17
4481	9
4482	14
4483	8
4484	10
4485	9
4486	13
4487	7
4488	12
4489	18
4490	16
4491	15
4492	16
4493	9
4494	6
4495	11
4496	9
4497	18
4498	12
4499	9
4500	7
4501	12
4502	13
4503	10
4504	14
4505	7
4506	12
4507	15
4508	11
4509	12
4510	14
4511	15
4512	8
4513	16
4514	15
4515	15
4516	13
4517	15
4518	16
4519	15
4520	8
4521	14
4522	13
4523	14
4524	14
4525	15
4526	10
4527	16
4528	14
4529	15
4530	12
4531	8
4532	13
4533	18
4534	13
4535	9
4536	15
4537	13
4538	18
4539	12
4540	7
4541	15
4542	10
4543	17
4544	15
4545	9
4546	11
4547	15
4548	18
4549	13
4550	12
4551	11
4552	8
4553	14
4554	15
4555	14
4556	14
4557	14
4558	11
4559	9
4560	12
4561	13
4562	12
4563	15
4564	9
4565	12
4566	14
4567	13
4568	11
4569	16
4570	6
4571	10
4572	12
4573	15
4574	14
4575	11
4576	14
4577	17
4578	11
4579	12
4580	13
4581	12
4582	13
4583	7
4584	11
4585	14
4586	9
4587	17
4588	13
4589	12
4590	6
4591	16
4592	10
4593	14
4594	4
4595	17
4596	11
4597	7
4598	11
4599	11
4600	8
4601	9
4602	13
4603	8
4604	6
4605	11
4606	16
4607	9
4608	10
4609	9
4610	12
4611	13
4612	8
4613	11
4614	12
4615	13
4616	7
4617	10
4618	12
4619	9
4620	13
4621	7
4622	16
4623	11
4624	7
4625	15
4626	6
4627	22
4628	11
4629	7
4630	13
4631	8
4632	8
4633	17
4634	11
4635	9
4636	10
4637	11
4638	13
4639	9
4640	15
4641	10
4642	14
4643	15
4644	14
4645	11
4646	14
4647	6
4648	13
4649	9
4650	8
4651	16
4652	7
4653	10
4654	13
4655	16
4656	12
4657	8
4658	13
4659	8
4660	8
4661	9
4662	8
4663	15
4664	10
4665	11
4666	13
4667	14
4668	8
4669	8
4670	5
4671	6
4672	18
4673	15
4674	6
4675	10
4676	11
4677	6
4678	8
4679	13
4680	6
4681	12
4682	12
4683	14
4684	11
4685	15
4686	12
4687	7
4688	12
4689	12
4690	12
4691	11
4692	10
4693	6
4694	11
4695	11
4696	16
4697	11
4698	13
4699	11
4700	15
4701	10
4702	10
4703	14
4704	18
4705	14
4706	10
4707	14
4708	7
4709	17
4710	8
4711	14
4712	9
4713	13
4714	14
4715	13
4716	10
4717	10
4718	9
4719	11
4720	8
4721	14
4722	6
4723	8
4724	14
4725	4
4726	11
4727	7
4728	12
4729	6
4730	11
4731	17
4732	14
4733	13
4734	15
4735	9
4736	15
4737	10
4738	13
4739	11
4740	6
4741	14
4742	5
4743	13
4744	12
4745	8
4746	9
4747	10
4748	21
4749	11
4750	13
4751	13
4752	12
4753	12
4754	5
4755	13
4756	12
4757	14
4758	12
4759	11
4760	14
4761	9
4762	7
4763	6
4764	14
4765	8
4766	12
4767	9
4768	13
4769	7
4770	9
4771	10
4772	11
4773	10
4774	9
4775	10
4776	7
4777	7
4778	14
4779	8
4780	14
4781	9
4782	9
4783	8
4784	11
4785	10
4786	12
4787	10
4788	5
4789	11
4790	10
4791	6
4792	7
4793	11
4794	9
4795	9
4796	14
4797	12
4798	11
4799	12
4800	6
4801	8
4802	8
4803	11
4804	13
4805	9
4806	8
4807	10
4808	9
4809	16
4810	12
4811	15
4812	12
4813	8
4814	13
4815	8
4816	8
4817	11
4818	7
4819	19
4820	12
4821	8
4822	6
4823	5
4824	9
4825	7
4826	11
4827	9
4828	10
4829	7
4830	8
4831	10
4832	3
4833	10
4834	6
4835	12
4836	9
4837	11
4838	16
4839	10
4840	14
4841	13
4842	8
4843	11
4844	16
4845	13
4846	10
4847	15
4848	6
4849	11
4850	6
4851	8
4852	7
4853	13
4854	6
4855	16
4856	7
4857	17
4858	13
4859	14
4860	9
4861	11
4862	13
4863	14
4864	10
4865	6
4866	11
4867	13
4868	10
4869	6
4870	21
4871	7
4872	4
4873	7
4874	13
4875	14
4876	17
4877	12
4878	13
4879	15
4880	5
4881	5
4882	9
4883	9
4884	13
4885	19
4886	7
4887	8
4888	11
4889	6
4890	8
4891	7
4892	12
4893	8
4894	12
4895	12
4896	12
4897	10
4898	14
4899	9
4900	12
4901	14
4902	15
4903	13
4904	11
4905	13
4906	11
4907	7
4908	11
4909	19
4910	8
4911	11
4912	7
4913	10
4914	9
4915	18
4916	7
4917	15
4918	8
4919	9
4920	19
4921	8
4922	11
4923	11
4924	9
4925	5
4926	6
4927	8
4928	11
4929	11
4930	14
4931	10
4932	11
4933	16
4934	7
4935	8
4936	15
4937	17
4938	10
4939	9
4940	16
4941	8
4942	6
4943	8
4944	14
4945	12
4946	12
4947	11
4948	8
4949	11
4950	11
4951	8
4952	15
4953	5
4954	16
4955	14
4956	13
4957	14
4958	10
4959	6
4960	13
4961	8
4962	18
4963	14
4964	19
4965	12
4966	16
4967	5
4968	8
4969	16
4970	9
4971	11
4972	7
4973	11
4974	16
4975	9
4976	11
4977	8
4978	13
4979	12
4980	9
4981	11
4982	8
4983	9
4984	18
4985	6
4986	7
4987	12
4988	7
4989	10
4990	10
4991	7
4992	13
4993	11
4994	16
4995	11
4996	8
4997	18
4998	7
4999	16
5000	7
5001	12
5002	17
5003	11
5004	14
5005	11
5006	15
5007	9
5008	15
5009	8
5010	12
5011	13
5012	12
5013	7
5014	6
5015	11
5016	12
5017	9
5018	8
5019	6
5020	14
5021	11
5022	12
5023	11
5024	16
5025	6
5026	8
5027	7
5028	9
5029	11
5030	8
5031	9
5032	11
5033	14
5034	12
5035	14
5036	5
5037	10
5038	16
5039	10
5040	8
5041	13
5042	9
5043	17
5044	12
5045	10
5046	10
5047	12
5048	4
5049	9
5050	10
5051	6
5052	13
5053	9
5054	10
5055	18
5056	6
5057	6
5058	9
5059	11
5060	16
5061	8
5062	15
5063	11
5064	10
5065	12
5066	13
5067	11
5068	8
5069	6
5070	3
5071	10
5072	6
5073	8
5074	7
5075	6
5076	12
5077	11
5078	9
5079	9
5080	14
5081	14
5082	16
5083	12
5084	11
5085	2
5086	18
5087	10
5088	8
5089	11
5090	12
5091	11
5092	7
5093	16
5094	14
5095	6
5096	9
5097	5
5098	11
5099	13
5100	10
5101	11
5102	13
5103	9
5104	10
5105	10
5106	17
5107	11
5108	8
5109	14
5110	12
5111	10
5112	11
5113	4
5114	11
5115	6
5116	15
5117	7
5118	14
5119	9
5120	10
5121	11
5122	7
5123	14
5124	10
5125	12
5126	9
5127	9
5128	9
5129	10
5130	12
5131	8
5132	10
5133	8
5134	13
5135	12
5136	15
5137	10
5138	2
5139	14
5140	12
5141	7
5142	6
5143	16
5144	19
5145	13
5146	12
5147	9
5148	10
5149	7
5150	15
5151	7
5152	14
5153	6
5154	11
5155	10
5156	8
5157	13
5158	9
5159	7
5160	9
5161	11
5162	8
5163	11
5164	10
5165	9
5166	9
5167	12
5168	9
5169	15
5170	12
5171	12
5172	7
5173	16
5174	14
5175	9
5176	8
5177	10
5178	16
5179	8
5180	12
5181	11
5182	15
5183	9
5184	12
5185	10
5186	14
5187	8
5188	19
5189	10
5190	16
5191	16
5192	12
5193	9
5194	18
5195	10
5196	11
5197	10
5198	16
5199	12
5200	10
5201	11
5202	12
5203	6
5204	11
5205	15
5206	8
5207	11
5208	15
5209	13
5210	8
5211	7
5212	6
5213	15
5214	12
5215	6
5216	9
5217	17
5218	8
5219	13
5220	9
5221	6
5222	8
5223	13
5224	16
5225	11
5226	12
5227	14
5228	8
5229	11
5230	12
5231	7
5232	11
5233	12
5234	16
5235	12
5236	9
5237	11
5238	15
5239	12
5240	12
5241	14
5242	13
5243	13
5244	10
5245	11
5246	12
5247	20
5248	8
5249	11
5250	7
5251	9
5252	14
5253	9
5254	2
5255	13
5256	13
5257	12
5258	13
5259	11
5260	14
5261	12
5262	9
5263	6
5264	15
5265	15
5266	8
5267	5
5268	12
5269	9
5270	17
5271	19
5272	15
5273	10
5274	10
5275	11
5276	11
5277	15
5278	6
5279	6
5280	5
5281	8
5282	11
5283	10
5284	10
5285	8
5286	15
5287	11
5288	12
5289	12
5290	16
5291	9
5292	7
5293	11
5294	11
5295	11
5296	13
5297	12
5298	14
5299	14
5300	14
5301	15
5302	4
5303	8
5304	8
5305	13
5306	9
5307	16
5308	12
5309	12
5310	11
5311	15
5312	10
5313	9
5314	10
5315	13
5316	14
5317	6
5318	14
5319	7
5320	4
5321	3
5322	13
5323	7
5324	6
5325	8
5326	11
5327	5
5328	12
5329	10
5330	9
5331	10
5332	15
5333	11
5334	9
5335	14
5336	7
5337	7
5338	14
5339	9
5340	9
5341	12
5342	7
5343	14
5344	8
5345	11
5346	5
5347	11
5348	12
5349	11
5350	12
5351	11
5352	7
5353	16
5354	10
5355	10
5356	14
5357	10
5358	12
5359	11
5360	11
5361	10
5362	12
5363	9
5364	9
5365	7
5366	7
5367	9
5368	18
5369	3
5370	9
5371	11
5372	19
5373	9
5374	10
5375	15
5376	11
5377	5
5378	10
5379	9
5380	9
5381	9
5382	9
5383	12
5384	5
5385	11
5386	10
5387	9
5388	9
5389	9
5390	11
5391	6
5392	12
5393	13
5394	15
5395	12
5396	14
5397	9
5398	13
5399	8
5400	5
5401	12
5402	9
5403	9
5404	9
5405	11
5406	9
5407	12
5408	11
5409	13
5410	16
5411	11
5412	15
5413	8
5414	13
5415	11
5416	11
5417	11
5418	11
5419	15
5420	8
5421	10
5422	13
5423	9
5424	10
5425	7
5426	13
5427	4
5428	12
5429	5
5430	11
5431	4
5432	10
5433	6
5434	10
5435	11
5436	13
5437	9
5438	13
5439	13
5440	9
5441	14
5442	7
5443	13
5444	9
5445	13
5446	6
5447	9
5448	10
5449	7
5450	16
5451	6
5452	13
5453	2
5454	9
5455	8
5456	9
5457	12
5458	9
5459	12
5460	15
5461	2
5462	16
5463	10
5464	13
5465	15
5466	12
5467	11
5468	14
5469	11
5470	21
5471	13
5472	13
5473	9
5474	14
5475	13
5476	13
5477	15
5478	15
5479	15
5480	11
5481	9
5482	8
5483	14
5484	8
5485	12
5486	8
5487	10
5488	19
5489	10
5490	12
5491	13
5492	11
5493	8
5494	13
5495	10
5496	11
5497	11
5498	8
5499	13
5500	8
5501	14
5502	10
5503	14
5504	7
5505	13
5506	9
5507	8
5508	14
5509	14
5510	13
5511	11
5512	12
5513	16
5514	7
5515	4
5516	17
5517	5
5518	8
5519	9
5520	10
5521	11
5522	18
5523	10
5524	7
5525	9
5526	5
5527	13
5528	14
5529	6
5530	10
5531	14
5532	7
5533	15
5534	8
5535	11
5536	9
5537	17
5538	15
5539	13
5540	8
5541	8
5542	9
5543	11
5544	14
5545	9
5546	8
5547	9
5548	13
5549	15
5550	14
5551	14
5552	15
5553	6
5554	10
5555	15
5556	13
5557	10
5558	11
5559	10
5560	8
5561	12
5562	15
5563	7
5564	16
5565	15
5566	17
5567	9
5568	5
5569	12
5570	8
5571	11
5572	12
5573	16
5574	9
5575	14
5576	11
5577	16
5578	9
5579	9
5580	14
5581	14
5582	11
5583	12
5584	13
5585	16
5586	11
5587	4
5588	7
5589	10
5590	10
5591	10
5592	21
5593	11
5594	6
5595	12
5596	11
5597	10
5598	9
5599	12
5600	12
5601	17
5602	13
5603	9
5604	17
5605	8
5606	8
5607	9
5608	14
5609	9
5610	12
5611	13
5612	13
5613	14
5614	18
5615	10
5616	10
5617	8
5618	11
5619	15
5620	14
5621	10
5622	8
5623	15
5624	15
5625	12
5626	14
5627	10
5628	13
5629	12
5630	11
5631	9
5632	17
5633	12
5634	15
5635	9
5636	11
5637	8
5638	16
5639	13
5640	12
5641	9
5642	13
5643	17
5644	12
5645	19
5646	14
5647	11
5648	10
5649	11
5650	11
5651	14
5652	7
5653	9
5654	10
5655	12
5656	19
5657	15
5658	14
5659	15
5660	15
5661	13
5662	12
5663	15
5664	11
5665	16
5666	8
5667	11
5668	7
5669	14
5670	10
5671	17
5672	11
5673	14
5674	8
5675	14
5676	10
5677	6
5678	12
5679	18
5680	6
5681	12
5682	9
5683	10
5684	10
5685	10
5686	9
5687	9
5688	12
5689	17
5690	12
5691	7
5692	15
5693	15
5694	15
5695	7
5696	13
5697	8
5698	6
5699	9
5700	15
5701	16
5702	14
5703	10
5704	9
5705	22
5706	11
5707	12
5708	8
5709	12
5710	13
5711	7
5712	8
5713	8
5714	11
5715	11
5716	13
5717	13
5718	16
5719	15
5720	9
5721	10
5722	13
5723	14
5724	9
5725	13
5726	7
5727	8
5728	11
5729	16
5730	15
5731	13
5732	7
5733	21
5734	17
5735	10
5736	12
5737	12
5738	8
5739	12
5740	10
5741	9
5742	13
5743	13
5744	13
5745	10
5746	12
5747	13
5748	10
5749	15
5750	8
5751	7
5752	10
5753	7
5754	16
5755	11
5756	7
5757	13
5758	17
5759	13
5760	17
5761	14
5762	19
5763	14
5764	14
5765	11
5766	11
5767	17
5768	14
5769	9
5770	10
5771	9
5772	11
5773	14
5774	7
5775	14
5776	13
5777	12
5778	15
5779	7
5780	13
5781	12
5782	8
5783	9
5784	13
5785	18
5786	11
5787	14
5788	14
5789	12
5790	13
5791	16
5792	17
5793	6
5794	8
5795	7
5796	17
5797	9
5798	15
5799	8
5800	13
5801	13
5802	12
5803	15
5804	14
5805	8
5806	13
5807	12
5808	14
5809	13
5810	10
5811	7
5812	10
5813	13
5814	11
5815	5
5816	18
5817	7
5818	18
5819	9
5820	13
5821	8
5822	15
5823	12
5824	14
5825	14
5826	10
5827	10
5828	13
5829	14
5830	11
5831	14
5832	4
5833	9
5834	9
5835	13
5836	19
5837	16
5838	7
5839	16
5840	8
5841	17
5842	13
5843	10
5844	11
5845	11
5846	5
5847	11
5848	7
5849	13
5850	8
5851	12
5852	7
5853	10
5854	11
5855	13
5856	9
5857	16
5858	12
5859	9
5860	8
5861	10
5862	12
5863	9
5864	15
5865	18
5866	6
5867	13
5868	16
5869	10
5870	11
5871	16
5872	12
5873	10
5874	11
5875	14
5876	8
5877	9
5878	10
5879	15
5880	17
5881	14
5882	9
5883	11
5884	10
5885	14
5886	11
5887	19
5888	14
5889	15
5890	14
5891	9
5892	15
5893	6
5894	8
5895	13
5896	6
5897	10
5898	12
5899	9
5900	15
5901	12
5902	8
5903	16
5904	17
5905	10
5906	8
5907	13
5908	10
5909	17
5910	14
5911	15
5912	11
5913	13
5914	12
5915	10
5916	6
5917	16
5918	11
5919	15
5920	10
5921	5
5922	17
5923	10
5924	10
5925	13
5926	8
5927	10
5928	15
5929	6
5930	21
5931	7
5932	11
5933	21
5934	14
5935	11
5936	16
5937	10
5938	10
5939	18
5940	15
5941	9
5942	11
5943	12
5944	7
5945	5
5946	13
5947	11
5948	10
5949	11
5950	10
5951	12
5952	19
5953	11
5954	16
5955	12
5956	13
5957	13
5958	10
5959	14
5960	14
5961	19
5962	8
5963	15
5964	13
5965	10
5966	11
5967	10
5968	15
5969	17
5970	9
5971	15
5972	12
5973	11
5974	11
5975	15
5976	19
5977	10
5978	15
5979	13
5980	13
5981	11
5982	12
5983	15
5984	10
5985	19
5986	14
5987	9
5988	12
5989	14
5990	12
5991	16
5992	17
5993	12
5994	12
5995	12
5996	8
5997	18
5998	12
5999	17
6000	16
6001	11
6002	12
6003	16
6004	20
6005	12
6006	16
6007	16
6008	14
6009	17
6010	11
6011	17
6012	4
6013	14
6014	14
6015	15
6016	19
6017	11
6018	11
6019	10
6020	11
6021	19
6022	19
6023	13
6024	16
6025	13
6026	11
6027	13
6028	20
6029	15
6030	12
6031	12
6032	14
6033	12
6034	12
6035	13
6036	13
6037	10
6038	17
6039	13
6040	14
6041	6
6042	18
6043	11
6044	11
6045	11
6046	19
6047	13
6048	11
6049	5
6050	12
6051	11
6052	8
6053	19
6054	15
6055	18
6056	9
6057	13
6058	13
6059	14
6060	10
6061	10
6062	13
6063	12
6064	14
6065	16
6066	15
6067	16
6068	12
6069	11
6070	19
6071	18
6072	14
6073	22
6074	11
6075	14
6076	17
6077	13
6078	8
6079	15
6080	17
6081	9
6082	9
6083	11
6084	8
6085	7
6086	9
6087	20
6088	11
6089	12
6090	7
6091	14
6092	10
6093	11
6094	12
6095	12
6096	15
6097	10
6098	17
6099	18
6100	10
6101	10
6102	13
6103	16
6104	10
6105	17
6106	20
6107	12
6108	12
6109	14
6110	12
6111	18
6112	21
6113	20
6114	15
6115	17
6116	13
6117	14
6118	9
6119	10
6120	11
6121	13
6122	11
6123	13
6124	7
6125	18
6126	13
6127	12
6128	10
6129	17
6130	13
6131	19
6132	24
6133	13
6134	19
6135	15
6136	10
6137	11
6138	14
6139	13
6140	13
6141	15
6142	19
6143	21
6144	20
6145	8
6146	17
6147	12
6148	14
6149	16
6150	22
6151	15
6152	18
6153	22
6154	13
6155	22
6156	8
6157	16
6158	11
6159	11
6160	13
6161	16
6162	13
6163	10
6164	11
6165	16
6166	16
6167	17
6168	18
6169	14
6170	11
6171	12
6172	7
6173	15
6174	9
6175	18
6176	20
6177	14
6178	19
6179	13
6180	17
6181	19
6182	15
6183	12
6184	15
6185	20
6186	17
6187	15
6188	17
6189	18
6190	9
6191	9
6192	15
6193	19
6194	14
6195	12
6196	17
6197	12
6198	10
6199	18
6200	8
6201	16
6202	18
6203	8
6204	24
6205	17
6206	12
6207	8
6208	21
6209	16
6210	26
6211	17
6212	20
6213	16
6214	11
6215	13
6216	17
6217	14
6218	20
6219	12
6220	13
6221	11
6222	18
6223	19
6224	22
6225	13
6226	12
6227	19
6228	11
6229	10
6230	25
6231	11
6232	20
6233	10
6234	11
6235	10
6236	10
6237	18
6238	15
6239	14
6240	18
6241	16
6242	8
6243	13
6244	24
6245	22
6246	12
6247	25
6248	13
6249	13
6250	15
6251	21
6252	18
6253	19
6254	23
6255	15
6256	26
6257	17
6258	11
6259	17
6260	25
6261	16
6262	17
6263	21
6264	18
6265	20
6266	19
6267	18
6268	19
6269	16
6270	9
6271	17
6272	19
6273	14
6274	22
6275	22
6276	21
6277	19
6278	9
6279	16
6280	21
6281	13
6282	15
6283	15
6284	17
6285	20
6286	16
6287	20
6288	19
6289	11
6290	17
6291	17
6292	27
6293	19
6294	18
6295	14
6296	23
6297	14
6298	14
6299	22
6300	19
6301	22
6302	22
6303	17
6304	18
6305	21
6306	24
6307	17
6308	21
6309	20
6310	20
6311	21
6312	22
6313	24
6314	21
6315	15
6316	10
6317	9
6318	19
6319	14
6320	26
6321	26
6322	22
6323	18
6324	22
6325	20
6326	16
6327	20
6328	22
6329	21
6330	22
6331	16
6332	18
6333	23
6334	22
6335	17
6336	23
6337	21
6338	20
6339	18
6340	17
6341	19
6342	16
6343	13
6344	25
6345	16
6346	16
6347	21
6348	13
6349	26
6350	11
6351	23
6352	22
6353	11
6354	20
6355	12
6356	15
6357	18
6358	13
6359	20
6360	27
6361	18
6362	19
6363	24
6364	20
6365	26
6366	19
6367	18
6368	19
6369	23
6370	15
6371	18
6372	15
6373	25
6374	16
6375	20
6376	23
6377	20
6378	22
6379	17
6380	14
6381	25
6382	19
6383	22
6384	17
6385	21
6386	22
6387	20
6388	14
6389	19
6390	22
6391	20
6392	22
6393	20
6394	20
6395	27
6396	20
6397	20
6398	26
6399	15
6400	17
6401	35
6402	19
6403	16
6404	19
6405	16
6406	21
6407	23
6408	19
6409	23
6410	20
6411	21
6412	12
6413	24
6414	18
6415	20
6416	21
6417	21
6418	26
6419	26
6420	15
6421	12
6422	22
6423	24
6424	17
6425	25
6426	36
6427	24
6428	17
6429	18
6430	26
6431	22
6432	12
6433	17
6434	14
6435	22
6436	23
6437	22
6438	19
6439	20
6440	18
6441	22
6442	25
6443	26
6444	18
6445	21
6446	26
6447	13
6448	26
6449	20
6450	21
6451	18
6452	21
6453	18
6454	24
6455	22
6456	19
6457	27
6458	23
6459	27
6460	19
6461	19
6462	26
6463	23
6464	14
6465	20
6466	23
6467	16
6468	20
6469	17
6470	15
6471	27
6472	23
6473	26
6474	23
6475	26
6476	20
6477	21
6478	17
6479	16
6480	18
6481	17
6482	21
6483	31
6484	24
6485	26
6486	25
6487	26
6488	28
6489	20
6490	14
6491	17
6492	22
6493	30
6494	16
6495	20
6496	18
6497	23
6498	30
6499	16
6500	18
6501	20
6502	19
6503	15
6504	20
6505	19
6506	13
6507	29
6508	19
6509	17
6510	16
6511	24
6512	27
6513	21
6514	18
6515	23
6516	21
6517	25
6518	20
6519	26
6520	19
6521	24
6522	24
6523	17
6524	21
6525	19
6526	27
6527	21
6528	22
6529	19
6530	24
6531	19
6532	26
6533	19
6534	20
6535	18
6536	18
6537	27
6538	22
6539	18
6540	16
6541	29
6542	17
6543	19
6544	20
6545	21
6546	24
6547	29
6548	27
6549	17
6550	21
6551	29
6552	23
6553	18
6554	19
6555	23
6556	25
6557	19
6558	22
6559	25
6560	28
6561	14
6562	20
6563	24
6564	18
6565	20
6566	27
6567	27
6568	14
6569	16
6570	24
6571	17
6572	17
6573	17
6574	28
6575	17
6576	23
6577	26
6578	23
6579	22
6580	17
6581	17
6582	22
6583	18
6584	32
6585	18
6586	24
6587	24
6588	20
6589	21
6590	26
6591	22
6592	25
6593	17
6594	21
6595	21
6596	23
6597	17
6598	21
6599	19
6600	23
6601	20
6602	20
6603	18
6604	24
6605	18
6606	23
6607	28
6608	34
6609	26
6610	20
6611	16
6612	26
6613	17
6614	22
6615	12
6616	20
6617	19
6618	18
6619	16
6620	20
6621	19
6622	19
6623	21
6624	25
6625	9
6626	14
6627	23
6628	16
6629	22
6630	12
6631	17
6632	21
6633	19
6634	20
6635	22
6636	17
6637	16
6638	23
6639	15
6640	20
6641	16
6642	15
6643	23
6644	22
6645	15
6646	15
6647	12
6648	23
6649	22
6650	24
6651	24
6652	17
6653	15
6654	24
6655	19
6656	13
6657	18
6658	17
6659	16
6660	18
6661	18
6662	14
6663	17
6664	15
6665	15
6666	16
6667	21
6668	14
6669	14
6670	14
6671	11
6672	16
6673	21
6674	18
6675	17
6676	13
6677	21
6678	21
6679	15
6680	19
6681	17
6682	15
6683	14
6684	15
6685	8
6686	16
6687	16
6688	19
6689	12
6690	17
6691	10
6692	18
6693	10
6694	20
6695	19
6696	17
6697	16
6698	16
6699	18
6700	12
6701	18
6702	18
6703	20
6704	8
6705	15
6706	14
6707	20
6708	15
6709	13
6710	19
6711	8
6712	15
6713	12
6714	11
6715	14
6716	21
6717	13
6718	10
6719	15
6720	11
6721	16
6722	11
6723	25
6724	16
6725	12
6726	12
6727	14
6728	20
6729	18
6730	11
6731	15
6732	10
6733	10
6734	17
6735	14
6736	32
6737	20
6738	14
6739	14
6740	12
6741	12
6742	8
6743	6
6744	14
6745	13
6746	17
6747	16
6748	12
6749	12
6750	9
6751	7
6752	6
6753	11
6754	18
6755	13
6756	8
6757	9
6758	12
6759	17
6760	9
6761	8
6762	10
6763	8
6764	16
6765	9
6766	11
6767	16
6768	10
6769	8
6770	16
6771	8
6772	9
6773	13
6774	9
6775	14
6776	10
6777	11
6778	8
6779	12
6780	8
6781	9
6782	11
6783	8
6784	7
6785	4
6786	9
6787	11
6788	4
6789	10
6790	8
6791	10
6792	6
6793	15
6794	8
6795	7
6796	7
6797	8
6798	7
6799	8
6800	8
6801	8
6802	11
6803	6
6804	7
6805	6
6806	8
6807	4
6808	5
6809	10
6810	11
6811	12
6812	11
6813	9
6814	8
6815	11
6816	7
6817	6
6818	5
6819	7
6820	2
6821	7
6822	9
6823	3
6824	5
6825	8
6826	9
6827	7
6828	12
6829	5
6830	8
6831	12
6832	7
6833	14
6834	8
6835	4
6836	2
6837	6
6838	8
6839	13
6840	5
6841	3
6842	7
6843	9
6844	9
6845	6
6846	9
6847	4
6848	5
6849	8
6850	6
6851	5
6852	7
6853	5
6854	7
6855	8
6856	6
6857	7
6858	7
6859	5
6860	4
6861	8
6862	9
6863	9
6864	5
6865	9
6866	4
6867	7
6868	6
6869	3
6870	9
6871	3
6872	3
6873	9
6874	5
6875	8
6876	9
6877	3
6878	6
6879	4
6880	4
6881	1
6882	5
6883	4
6884	6
6885	2
6886	2
6887	0
6888	4
6889	2
6890	8
6891	3
6892	2
6893	5
6894	4
6895	6
6896	5
6897	4
6898	2
6899	4
6900	5
6901	4
6902	5
6903	2
6904	3
6905	3
6906	7
6907	7
6908	3
6909	8
6910	5
6911	1
6912	2
6913	4
6914	2
6915	6
6916	1
6917	2
6918	8
6919	2
6920	4
6921	5
6922	5
6923	5
6924	4
6925	6
6926	2
6927	4
6928	3
6929	3
6930	5
6931	3
6932	0
6933	7
6934	2
6935	3
6936	3
6937	2
6938	3
6939	3
6940	3
6941	1
6942	2
6943	4
6944	5
6945	3
6946	3
6947	5
6948	3
6949	3
6950	2
6951	3
6952	1
6953	3
6954	5
6955	4
6956	4
6957	1
6958	1
6959	4
6960	1
6961	2
6962	0
6963	3
6964	1
6965	3
6966	3
6967	5
6968	4
6969	3
6970	2
6971	2
6972	5
6973	3
6974	0
6975	2
6976	1
6977	2
6978	0
6979	4
6980	2
6981	1
6982	1
6983	1
6984	3
6985	0
6986	1
6987	2
6988	6
6989	2
6990	4
6991	3
6992	3
6993	1
6994	2
6995	2
6996	1
6997	2
6998	2
6999	1
7000	1
7001	0
7002	1
7003	1
7004	1
7005	1
7006	2
7007	2
7008	1
7009	1
7010	2
7011	2
7012	0
7013	2
7014	1
7015	3
7016	1
7017	2
7018	0
7019	3
7020	3
7021	3
7022	4
7023	0
7024	0
7025	4
7026	3
7027	0
7028	0
7029	3
7030	2
7031	3
7032	1
7033	0
7034	4
7035	1
7036	1
7037	0
7038	0
7039	2
7040	2
7041	0
7042	3
7043	0
7044	0
7045	1
7046	1
7047	3
7048	2
7049	1
7050	1
7051	2
7052	3
7053	0
7054	3
7055	0
7056	0
7057	2
7058	3
7059	0
7060	2
7061	2
7062	3
7063	1
7064	2
7065	0
7066	1
7067	1
7068	0
7069	1
7070	0
7071	0
7072	0
7073	1
7074	0
7075	1
7076	1
7077	2
7078	2
7079	1
7080	0
7081	0
7082	0
7083	0
7084	2
7085	2
7086	0
7087	0
7088	1
7089	1
7090	0
7091	1
7092	2
7093	1
7094	0
7095	2
7096	1
7097	3
7098	1
7099	1
7100	1
7101	0
7102	0
7103	0
7104	0
7105	0
7106	0
7107	0
7108	2
7109	1
7110	0
7111	2
7112	1
7113	0
7114	0
7115	0
7116	2
7117	1
7118	4
7119	0
7120	1
7121	1
7122	0
7123	0
7124	0
7125	1
7126	1
7127	0
7128	0
7129	0
7130	0
7131	1
7132	2
7133	1
7134	1
7135	3
7136	0
7137	2
7138	1
7139	3
7140	1
7141	3
7142	1
7143	1
7144	0
7145	0
7146	0
7147	1
7148	0
7149	0
7150	0
7151	0
7152	1
7153	0
7154	0
7155	0
7156	1
7157	1
7158	2
7159	0
7160	2
7161	0
7162	1
7163	1
7164	0
7165	1
7166	0
7167	0
7168	0
7169	1
7170	0
7171	0
7172	0
7173	1
7174	1
7175	0
7176	2
7177	0
7178	1
7179	1
7180	1
7181	0
7182	1
7183	0
7184	0
7185	0
7186	2
7187	0
7188	0
7189	0
7190	2
7191	0
7192	1
7193	1
7194	1
7195	1
7196	0
7197	0
7198	1
7199	0
7200	0
7201	0
7202	0
7203	0
7204	1
7205	1
7206	0
7207	0
7208	0
7209	0
7210	0
7211	2
7212	1
7213	0
7214	0
7215	0
7216	1
7217	0
7218	0
7219	1
7220	0
7221	2
7222	0
7223	0
7224	0
7225	3
7226	1
7227	0
7228	0
7229	0
7230	0
7231	0
7232	0
7233	1
7234	0
7235	0
7236	0
7237	1
7238	2
7239	0
7240	0
7241	0
7242	1
7243	1
7244	0
7245	0
7246	0
7247	1
7248	1
7249	0
7250	0
7251	1
7252	0
7253	0
7254	1
7255	2
7256	0
7257	1
7258	0
7259	0
7260	1
7261	1
7262	0
7263	0
7264	1
7265	0
7266	1
7267	1
7268	0
7269	1
7270	1
7271	1
7272	0
7273	0
7274	1
7275	1
7276	0
7277	1
7278	1
7279	2
7280	0
7281	1
7282	1
7283	0
7284	0
7285	0
7286	0
7287	0
7288	2
7289	1
7290	0
7291	1
7292	0
7293	2
7294	0
7295	1
7296	2
7297	0
7298	0
7299	1
7300	0
7301	0
7302	0
7303	0
7304	1
7305	0
7306	0
7307	0
7308	0
7309	0
7310	1
7311	0
7312	0
7313	1
7314	0
7315	0
7316	1
7317	0
7318	1
7319	0
7320	0
7321	0
7322	0
7323	1
7324	1
7325	1
7326	2
7327	0
7328	0
7329	0
7330	0
7331	1
7332	0
7333	0
7334	2
7335	0
7336	0
7337	0
7338	0
7339	0
7340	0
7341	0
7342	0
7343	1
7344	0
7345	0
7346	0
7347	0
7348	1
7349	2
7350	0
7351	1
7352	0
7353	0
7354	1
7355	1
7356	0
7357	0
7358	0
7359	1
7360	0
7361	2
7362	0
7363	1
7364	1
7365	1
7366	0
7367	0
7368	0
7369	0
7370	0
7371	0
7372	1
7373	0
7374	0
7375	0
7376	0
7377	0
7378	0
7379	1
7380	1
7381	0
7382	0
7383	1
7384	0
7385	2
7386	0
7387	0
7388	1
7389	1
7390	0
7391	2
7392	2
7393	0
7394	1
7395	1
7396	1
7397	0
7398	0
7399	1
7400	0
7401	0
7402	0
7403	0
7404	0
7405	3
7406	0
7407	0
7408	1
7409	1
7410	1
7411	0
7412	0
7413	1
7414	2
7415	2
7416	1
7417	0
7418	0
7419	0
7420	1
7421	0
7422	0
7423	0
7424	1
7425	1
7426	2
7427	0
7428	0
7429	0
7430	1
7431	1
7432	1
7433	0
7434	1
7435	1
7436	0
7437	1
7438	0
7439	0
7440	0
7441	0
7442	1
7443	0
7444	0
7445	0
7446	1
7447	0
7448	1
7449	1
7450	0
7451	1
7452	0
7453	0
7454	1
7455	0
7456	1
7457	0
7458	2
7459	0
7460	2
7461	2
7462	0
7463	1
7464	0
7465	1
7466	0
7467	0
7468	0
7469	2
7470	0
7471	0
7472	0
7473	0
7474	2
7475	0
7476	0
7477	0
7478	1
7479	2
7480	0
7481	0
7482	3
7483	1
7484	1
7485	2
7486	0
7487	1
7488	0
7489	0
7490	0
7491	1
7492	0
7493	0
7494	2
7495	1
7496	1
7497	0
7498	2
7499	1
7500	1
7501	0
7502	1
7503	1
7504	0
7505	0
7506	0
7507	0
7508	1
7509	0
7510	0
7511	2
7512	1
7513	0
7514	2
7515	1
7516	0
7517	0
7518	0
7519	0
7520	2
7521	0
7522	2
7523	1
7524	0
7525	0
7526	0
7527	0
7528	0
7529	0
7530	2
7531	0
7532	0
7533	0
7534	1
7535	0
7536	1
7537	1
7538	0
7539	0
7540	0
7541	0
7542	0
7543	0
7544	2
7545	0
7546	0
7547	0
7548	0
7549	0
7550	0
7551	0
7552	0
7553	0
7554	0
7555	0
7556	1
7557	0
7558	0
7559	1
7560	0
7561	0
7562	0
7563	0
7564	0
7565	1
7566	0
7567	0
7568	1
7569	0
7570	2
7571	2
7572	0
7573	0
7574	0
7575	0
7576	0
7577	0
7578	1
7579	0
7580	2
7581	0
7582	1
7583	2
7584	0
7585	0
7586	2
7587	0
7588	1
7589	0
7590	0
7591	1
7592	0
7593	0
7594	0
7595	0
7596	2
7597	0
7598	0
7599	0
7600	0
7601	0
7602	0
7603	0
7604	2
7605	1
7606	1
7607	1
7608	0
7609	0
7610	0
7611	0
7612	2
7613	0
7614	1
7615	0
7616	3
7617	0
7618	2
7619	1
7620	0
7621	1
7622	0
7623	5
7624	0
7625	0
7626	2
7627	0
7628	0
7629	0
7630	2
7631	2
7632	0
7633	0
7634	0
7635	0
7636	1
7637	0
7638	0
7639	1
7640	0
7641	0
7642	0
7643	1
7644	1
7645	1
7646	1
7647	0
7648	0
7649	0
7650	1
7651	1
7652	0
7653	1
7654	0
7655	0
7656	0
7657	1
7658	0
7659	0
7660	0
7661	0
7662	0
7663	2
7664	0
7665	1
7666	0
7667	1
7668	0
7669	0
7670	2
7671	2
7672	1
7673	0
7674	0
7675	0
7676	0
7677	1
7678	1
7679	1
7680	1
7681	1
7682	0
7683	1
7684	0
7685	0
7686	1
7687	0
7688	1
7689	0
7690	0
7691	0
7692	0
7693	0
7694	0
7695	2
7696	1
7697	1
7698	0
7699	3
7700	1
7701	0
7702	1
7703	0
7704	0
7705	0
7706	1
7707	0
7708	1
7709	1
7710	0
7711	0
7712	2
7713	1
7714	1
7715	0
7716	1
7717	1
7718	2
7719	0
7720	1
7721	0
7722	1
7723	2
7724	0
7725	0
7726	0
7727	0
7728	1
7729	1
7730	0
7731	0
7732	1
7733	2
7734	0
7735	0
7736	0
7737	0
7738	2
7739	2
7740	0
7741	0
7742	1
7743	0
7744	0
7745	1
7746	5
7747	1
7748	1
7749	0
7750	1
7751	0
7752	0
7753	2
7754	0
7755	0
7756	0
7757	2
7758	0
7759	0
7760	0
7761	1
7762	0
7763	0
7764	0
7765	1
7766	2
7767	0
7768	0
7769	1
7770	2
7771	1
7772	1
7773	1
7774	1
7775	0
7776	1
7777	1
7778	2
7779	2
7780	0
7781	0
7782	0
7783	1
7784	1
7785	0
7786	1
7787	0
7788	0
7789	0
7790	1
7791	0
7792	1
7793	0
7794	1
7795	0
7796	1
7797	0
7798	1
7799	0
7800	2
7801	0
7802	0
7803	0
7804	0
7805	1
7806	1
7807	1
7808	0
7809	0
7810	0
7811	0
7812	0
7813	0
7814	1
7815	1
7816	1
7817	1
7818	3
7819	0
7820	1
7821	1
7822	0
7823	0
7824	0
7825	0
7826	1
7827	1
7828	0
7829	1
7830	0
7831	1
7832	1
7833	2
7834	0
7835	1
7836	2
7837	1
7838	0
7839	0
7840	0
7841	0
7842	0
7843	0
7844	2
7845	1
7846	1
7847	3
7848	0
7849	1
7850	0
7851	0
7852	0
7853	1
7854	0
7855	0
7856	0
7857	0
7858	1
7859	0
7860	1
7861	0
7862	0
7863	0
7864	0
7865	1
7866	1
7867	0
7868	0
7869	0
7870	0
7871	0
7872	0
7873	0
7874	0
7875	2
7876	0
7877	1
7878	0
7879	1
7880	2
7881	0
7882	0
7883	0
7884	0
7885	1
7886	0
7887	1
7888	1
7889	0
7890	0
7891	0
7892	0
7893	1
7894	0
7895	0
7896	1
7897	0
7898	0
7899	1
7900	0
7901	1
7902	0
7903	2
7904	0
7905	2
7906	0
7907	1
7908	0
7909	0
7910	0
7911	0
7912	1
7913	1
7914	0
7915	0
7916	0
7917	0
7918	0
7919	0
7920	0
7921	0
7922	0
7923	1
7924	0
7925	0
7926	0
7927	1
7928	0
7929	0
7930	0
7931	0
7932	1
7933	0
7934	0
7935	0
7936	1
7937	1
7938	0
7939	0
7940	1
7941	1
7942	1
7943	0
7944	1
7945	0
7946	0
7947	0
7948	0
7949	0
7950	0
7951	0
7952	1
7953	1
7954	0
7955	1
7956	0
7957	0
7958	1
7959	0
7960	1
7961	1
7962	0
7963	0
7964	0
7965	0
7966	0
7967	1
7968	0
7969	0
7970	1
7971	0
7972	0
7973	1
7974	0
7975	0
7976	1
7977	1
7978	0
7979	1
7980	0
7981	0
7982	0
7983	0
7984	0
7985	3
7986	0
7987	0
7988	0
7989	0
7990	1
7991	0
7992	0
7993	0
7994	0
7995	0
7996	1
7997	2
7998	0
7999	0
8000	0
8001	2
8002	0
8003	0
8004	0
8005	0
8006	0
8007	0
8008	1
8009	1
8010	1
8011	0
8012	1
8013	1
8014	1
8015	0
8016	1
8017	0
8018	1
8019	0
8020	1
8021	0
8022	1
8023	1
8024	1
8025	0
8026	1
8027	0
8028	0
8029	0
8030	1
8031	0
8032	1
8033	0
8034	1
8035	0
8036	0
8037	0
8038	1
8039	0
8040	0
8041	1
8042	1
8043	0
8044	0
8045	0
8046	0
8047	0
8048	1
8049	1
8050	0
8051	1
8052	0
8053	0
8054	1
8055	1
8056	0
8057	0
8058	0
8059	0
8060	0
8061	0
8062	0
8063	1
8064	0
8065	0
8066	0
8067	0
8068	1
8069	0
8070	1
8071	0
8072	0
8073	0
8074	0
8075	0
8076	1
8077	2
8078	0
8079	0
8080	0
8081	1
8082	1
8083	0
8084	0
8085	0
8086	0
8087	0
8088	0
8089	0
8090	0
8091	0
8092	0
8093	0
8094	0
8095	0
8096	0
8097	0
8098	0
8099	0
8100	0
8101	0
8102	0
8103	0
8104	0
8105	0
8106	0
8107	0
8108	0
8109	0
8110	0
8111	0
8112	0
8113	0
8114	0
8115	0
8116	0
8117	0
8118	0
8119	0
8120	0
8121	0
8122	0
8123	0
8124	0
8125	0
8126	0
8127	0
8128	0
8129	0
8130	0
8131	0
8132	0
8133	0
8134	0
8135	0
8136	0
8137	0
8138	0
8139	0
8140	0
8141	0
8142	0
8143	0
8144	0
8145	0
8146	0
8147	0
8148	0
8149	0
8150	0
8151	0
8152	0
8153	0
8154	0
8155	0
8156	0
8157	0
8158	0
8159	0
8160	0
8161	0
8162	0
8163	0
8164	0
8165	0
8166	0
8167	0
8168	0
8169	0
8170	0
8171	0
8172	0
8173	0
8174	0
8175	0
8176	0
8177	0
8178	0
8179	0
8180	0
8181	0
8182	0
8183	0
8184	0
8185	0
8186	0
8187	0
8188	0
8189	0
8190	0
8191	0
