0	0
1	0
2	0
3	0
4	0
5	0
6	0
7	0
8	0
9	0
10	0
11	0
12	0
13	0
14	0
15	0
16	0
17	0
18	0
19	0
20	0
21	0
22	0
23	0
24	0
25	0
26	0
27	0
28	0
29	0
30	0
31	0
32	0
33	0
34	0
35	0
36	0
37	0
38	0
39	0
40	0
41	0
42	0
43	0
44	0
45	0
46	0
47	0
48	0
49	0
50	0
51	0
52	0
53	0
54	0
55	0
56	0
57	0
58	0
59	0
60	0
61	0
62	0
63	0
64	0
65	0
66	0
67	0
68	0
69	0
70	0
71	0
72	0
73	0
74	0
75	0
76	0
77	0
78	0
79	0
80	0
81	0
82	0
83	0
84	0
85	8
86	4
87	20
88	11
89	14
90	5
91	13
92	17
93	12
94	16
95	15
96	14
97	12
98	13
99	17
100	11
101	7
102	10
103	8
104	11
105	14
106	11
107	12
108	9
109	14
110	8
111	13
112	4
113	9
114	9
115	12
116	12
117	13
118	10
119	13
120	14
121	8
122	10
123	10
124	12
125	8
126	12
127	14
128	9
129	7
130	9
131	13
132	9
133	9
134	14
135	13
136	8
137	18
138	8
139	16
140	15
141	13
142	15
143	6
144	21
145	11
146	10
147	11
148	13
149	6
150	7
151	12
152	16
153	5
154	11
155	10
156	18
157	14
158	12
159	16
160	9
161	13
162	10
163	10
164	8
165	7
166	8
167	10
168	17
169	16
170	16
171	7
172	8
173	6
174	6
175	12
176	5
177	14
178	13
179	10
180	8
181	13
182	8
183	7
184	12
185	11
186	11
187	15
188	11
189	8
190	14
191	8
192	8
193	13
194	11
195	10
196	8
197	17
198	4
199	11
200	13
201	12
202	15
203	14
204	10
205	11
206	11
207	9
208	7
209	10
210	7
211	13
212	13
213	20
214	11
215	16
216	13
217	9
218	12
219	13
220	9
221	12
222	11
223	13
224	12
225	10
226	12
227	9
228	8
229	8
230	11
231	14
232	14
233	16
234	10
235	15
236	14
237	13
238	17
239	15
240	17
241	13
242	13
243	8
244	12
245	7
246	17
247	3
248	10
249	13
250	10
251	15
252	6
253	9
254	13
255	8
256	12
257	6
258	17
259	12
260	13
261	15
262	12
263	8
264	8
265	14
266	17
267	17
268	5
269	9
270	14
271	10
272	6
273	6
274	16
275	10
276	8
277	13
278	6
279	5
280	8
281	13
282	15
283	9
284	10
285	8
286	12
287	16
288	12
289	9
290	20
291	10
292	16
293	16
294	8
295	11
296	6
297	11
298	15
299	12
300	11
301	13
302	9
303	10
304	13
305	12
306	12
307	14
308	9
309	13
310	12
311	9
312	13
313	10
314	9
315	16
316	8
317	12
318	9
319	8
320	12
321	9
322	13
323	13
324	19
325	13
326	12
327	9
328	12
329	12
330	11
331	12
332	10
333	9
334	10
335	16
336	15
337	16
338	13
339	16
340	11
341	13
342	9
343	11
344	7
345	13
346	10
347	10
348	13
349	9
350	14
351	9
352	7
353	5
354	12
355	12
356	19
357	3
358	14
359	7
360	8
361	14
362	14
363	14
364	9
365	9
366	11
367	16
368	14
369	15
370	12
371	6
372	12
373	14
374	8
375	10
376	13
377	17
378	10
379	16
380	13
381	8
382	14
383	13
384	7
385	16
386	6
387	6
388	6
389	11
390	16
391	13
392	11
393	12
394	16
395	14
396	6
397	7
398	10
399	16
400	10
401	13
402	15
403	9
404	13
405	13
406	14
407	15
408	17
409	14
410	12
411	17
412	12
413	8
414	17
415	7
416	18
417	14
418	11
419	10
420	14
421	9
422	11
423	14
424	18
425	10
426	15
427	12
428	17
429	12
430	15
431	15
432	14
433	12
434	14
435	14
436	11
437	12
438	10
439	12
440	12
441	16
442	8
443	13
444	19
445	8
446	11
447	10
448	10
449	10
450	14
451	13
452	11
453	14
454	12
455	10
456	9
457	14
458	18
459	15
460	12
461	16
462	10
463	15
464	11
465	14
466	9
467	12
468	14
469	15
470	13
471	11
472	13
473	13
474	10
475	13
476	13
477	20
478	12
479	11
480	16
481	11
482	13
483	11
484	17
485	22
486	12
487	14
488	14
489	13
490	15
491	13
492	16
493	18
494	8
495	21
496	14
497	23
498	15
499	10
500	14
501	15
502	15
503	16
504	10
505	9
506	13
507	4
508	9
509	8
510	13
511	13
512	11
513	12
514	22
515	10
516	7
517	9
518	14
519	14
520	12
521	13
522	8
523	17
524	14
525	12
526	16
527	12
528	9
529	17
530	10
531	6
532	17
533	9
534	18
535	19
536	12
537	14
538	11
539	16
540	5
541	12
542	17
543	18
544	17
545	13
546	8
547	23
548	16
549	10
550	6
551	17
552	12
553	15
554	6
555	10
556	11
557	13
558	16
559	10
560	14
561	11
562	3
563	10
564	11
565	14
566	12
567	17
568	11
569	16
570	17
571	13
572	12
573	6
574	17
575	21
576	17
577	22
578	8
579	10
580	15
581	15
582	8
583	13
584	10
585	11
586	19
587	20
588	16
589	8
590	22
591	18
592	11
593	16
594	13
595	11
596	13
597	13
598	13
599	17
600	9
601	14
602	16
603	16
604	15
605	12
606	9
607	7
608	16
609	15
610	12
611	16
612	13
613	7
614	13
615	9
616	15
617	10
618	13
619	14
620	11
621	7
622	13
623	22
624	11
625	11
626	14
627	8
628	10
629	7
630	18
631	15
632	15
633	16
634	16
635	12
636	13
637	7
638	16
639	11
640	7
641	11
642	11
643	13
644	12
645	15
646	10
647	21
648	13
649	15
650	13
651	9
652	14
653	20
654	10
655	9
656	20
657	23
658	18
659	13
660	13
661	16
662	21
663	10
664	13
665	11
666	10
667	14
668	9
669	12
670	12
671	11
672	13
673	16
674	28
675	11
676	16
677	12
678	17
679	16
680	14
681	20
682	15
683	10
684	17
685	17
686	16
687	10
688	17
689	7
690	12
691	13
692	15
693	22
694	13
695	14
696	14
697	16
698	12
699	12
700	9
701	13
702	12
703	21
704	23
705	13
706	16
707	13
708	19
709	20
710	17
711	19
712	14
713	16
714	16
715	22
716	21
717	14
718	13
719	13
720	14
721	15
722	14
723	15
724	16
725	17
726	13
727	16
728	20
729	13
730	17
731	20
732	16
733	21
734	15
735	17
736	15
737	8
738	15
739	19
740	16
741	12
742	18
743	19
744	18
745	9
746	20
747	16
748	12
749	14
750	22
751	12
752	28
753	21
754	20
755	13
756	19
757	16
758	11
759	17
760	22
761	20
762	11
763	20
764	16
765	16
766	22
767	19
768	18
769	30
770	13
771	14
772	22
773	15
774	19
775	22
776	26
777	16
778	16
779	20
780	13
781	19
782	21
783	14
784	21
785	19
786	29
787	18
788	23
789	20
790	20
791	13
792	21
793	11
794	20
795	25
796	25
797	26
798	15
799	20
800	11
801	26
802	19
803	24
804	23
805	29
806	24
807	15
808	24
809	21
810	23
811	24
812	17
813	35
814	27
815	24
816	24
817	22
818	22
819	18
820	21
821	17
822	21
823	23
824	26
825	22
826	16
827	24
828	24
829	17
830	23
831	23
832	25
833	25
834	26
835	26
836	23
837	17
838	18
839	23
840	22
841	17
842	19
843	32
844	16
845	33
846	29
847	21
848	16
849	17
850	27
851	17
852	18
853	30
854	29
855	25
856	19
857	18
858	28
859	15
860	17
861	24
862	15
863	21
864	16
865	16
866	18
867	16
868	28
869	22
870	13
871	17
872	19
873	19
874	23
875	26
876	21
877	22
878	22
879	26
880	30
881	21
882	19
883	18
884	15
885	16
886	22
887	26
888	20
889	15
890	22
891	23
892	18
893	15
894	15
895	17
896	22
897	16
898	16
899	23
900	17
901	21
902	26
903	24
904	17
905	19
906	18
907	17
908	19
909	13
910	22
911	19
912	19
913	21
914	21
915	22
916	20
917	27
918	26
919	17
920	23
921	22
922	20
923	22
924	20
925	24
926	17
927	22
928	31
929	19
930	15
931	16
932	22
933	14
934	21
935	22
936	19
937	19
938	26
939	23
940	20
941	28
942	23
943	28
944	17
945	14
946	14
947	18
948	17
949	15
950	16
951	20
952	22
953	24
954	16
955	17
956	20
957	18
958	15
959	16
960	16
961	10
962	16
963	23
964	15
965	14
966	14
967	12
968	15
969	22
970	23
971	20
972	20
973	27
974	24
975	19
976	15
977	15
978	20
979	23
980	14
981	24
982	17
983	16
984	16
985	11
986	25
987	23
988	22
989	21
990	14
991	14
992	13
993	19
994	16
995	18
996	25
997	19
998	17
999	15
1000	18
1001	21
1002	21
1003	15
1004	19
1005	15
1006	10
1007	19
1008	19
1009	12
1010	10
1011	16
1012	20
1013	24
1014	19
1015	14
1016	11
1017	18
1018	16
1019	19
1020	21
1021	7
1022	17
1023	19
1024	18
1025	15
1026	17
1027	14
1028	9
1029	23
1030	17
1031	27
1032	12
1033	23
1034	9
1035	21
1036	14
1037	12
1038	18
1039	22
1040	21
1041	14
1042	28
1043	20
1044	16
1045	20
1046	18
1047	12
1048	23
1049	17
1050	21
1051	10
1052	21
1053	26
1054	19
1055	13
1056	13
1057	15
1058	16
1059	12
1060	14
1061	19
1062	8
1063	17
1064	22
1065	17
1066	18
1067	9
1068	16
1069	15
1070	25
1071	21
1072	14
1073	23
1074	13
1075	17
1076	23
1077	20
1078	9
1079	15
1080	21
1081	11
1082	22
1083	16
1084	22
1085	13
1086	24
1087	16
1088	11
1089	21
1090	15
1091	22
1092	21
1093	17
1094	28
1095	17
1096	15
1097	15
1098	17
1099	19
1100	22
1101	21
1102	22
1103	15
1104	27
1105	21
1106	15
1107	16
1108	12
1109	16
1110	26
1111	27
1112	20
1113	17
1114	21
1115	12
1116	13
1117	24
1118	10
1119	18
1120	11
1121	14
1122	16
1123	11
1124	21
1125	22
1126	19
1127	18
1128	20
1129	16
1130	13
1131	18
1132	17
1133	16
1134	14
1135	25
1136	10
1137	27
1138	24
1139	15
1140	16
1141	24
1142	13
1143	18
1144	15
1145	17
1146	20
1147	23
1148	27
1149	31
1150	22
1151	16
1152	28
1153	14
1154	16
1155	26
1156	20
1157	26
1158	27
1159	23
1160	14
1161	17
1162	16
1163	17
1164	17
1165	14
1166	21
1167	25
1168	21
1169	14
1170	17
1171	12
1172	22
1173	20
1174	21
1175	28
1176	18
1177	13
1178	25
1179	25
1180	17
1181	21
1182	22
1183	16
1184	21
1185	19
1186	17
1187	19
1188	12
1189	20
1190	21
1191	27
1192	23
1193	21
1194	20
1195	16
1196	23
1197	22
1198	21
1199	16
1200	15
1201	27
1202	17
1203	13
1204	19
1205	14
1206	18
1207	21
1208	20
1209	18
1210	11
1211	16
1212	18
1213	24
1214	18
1215	17
1216	17
1217	17
1218	22
1219	27
1220	21
1221	20
1222	24
1223	13
1224	28
1225	19
1226	17
1227	24
1228	19
1229	15
1230	21
1231	21
1232	21
1233	19
1234	18
1235	21
1236	18
1237	20
1238	22
1239	23
1240	16
1241	8
1242	21
1243	26
1244	30
1245	17
1246	23
1247	25
1248	27
1249	15
1250	19
1251	25
1252	17
1253	20
1254	18
1255	18
1256	13
1257	26
1258	18
1259	22
1260	18
1261	28
1262	18
1263	15
1264	13
1265	26
1266	16
1267	20
1268	17
1269	14
1270	18
1271	26
1272	27
1273	17
1274	20
1275	23
1276	30
1277	19
1278	20
1279	27
1280	17
1281	20
1282	23
1283	22
1284	22
1285	24
1286	19
1287	19
1288	12
1289	20
1290	15
1291	19
1292	30
1293	23
1294	18
1295	27
1296	26
1297	19
1298	16
1299	14
1300	15
1301	20
1302	24
1303	25
1304	29
1305	15
1306	21
1307	15
1308	20
1309	14
1310	11
1311	24
1312	24
1313	22
1314	25
1315	31
1316	24
1317	27
1318	29
1319	25
1320	20
1321	16
1322	13
1323	16
1324	29
1325	19
1326	24
1327	25
1328	22
1329	20
1330	19
1331	17
1332	20
1333	20
1334	20
1335	28
1336	17
1337	19
1338	19
1339	21
1340	28
1341	31
1342	25
1343	29
1344	25
1345	23
1346	23
1347	18
1348	20
1349	15
1350	25
1351	24
1352	29
1353	28
1354	25
1355	18
1356	32
1357	25
1358	22
1359	22
1360	22
1361	25
1362	21
1363	23
1364	26
1365	19
1366	29
1367	32
1368	31
1369	22
1370	23
1371	20
1372	19
1373	21
1374	31
1375	30
1376	27
1377	30
1378	22
1379	12
1380	17
1381	22
1382	23
1383	32
1384	20
1385	18
1386	15
1387	18
1388	23
1389	22
1390	32
1391	29
1392	27
1393	20
1394	27
1395	15
1396	27
1397	33
1398	27
1399	23
1400	24
1401	21
1402	18
1403	31
1404	26
1405	20
1406	21
1407	36
1408	29
1409	20
1410	24
1411	21
1412	20
1413	28
1414	26
1415	28
1416	23
1417	27
1418	20
1419	22
1420	25
1421	26
1422	34
1423	19
1424	21
1425	20
1426	30
1427	23
1428	26
1429	29
1430	35
1431	22
1432	29
1433	26
1434	28
1435	14
1436	16
1437	23
1438	31
1439	19
1440	32
1441	20
1442	22
1443	33
1444	20
1445	25
1446	17
1447	30
1448	20
1449	22
1450	20
1451	21
1452	16
1453	30
1454	26
1455	21
1456	23
1457	25
1458	35
1459	25
1460	23
1461	32
1462	19
1463	25
1464	29
1465	19
1466	28
1467	24
1468	30
1469	17
1470	27
1471	21
1472	25
1473	21
1474	38
1475	27
1476	32
1477	23
1478	15
1479	28
1480	24
1481	25
1482	21
1483	29
1484	28
1485	24
1486	23
1487	26
1488	17
1489	32
1490	26
1491	20
1492	31
1493	23
1494	19
1495	27
1496	18
1497	17
1498	29
1499	27
1500	31
1501	28
1502	27
1503	21
1504	19
1505	21
1506	23
1507	33
1508	22
1509	26
1510	23
1511	26
1512	22
1513	22
1514	32
1515	29
1516	24
1517	29
1518	23
1519	18
1520	33
1521	34
1522	25
1523	23
1524	30
1525	32
1526	28
1527	20
1528	18
1529	30
1530	25
1531	32
1532	24
1533	34
1534	16
1535	23
1536	29
1537	27
1538	29
1539	28
1540	15
1541	26
1542	25
1543	25
1544	22
1545	32
1546	23
1547	26
1548	22
1549	29
1550	30
1551	19
1552	28
1553	25
1554	24
1555	25
1556	16
1557	39
1558	26
1559	18
1560	20
1561	31
1562	27
1563	33
1564	34
1565	39
1566	31
1567	18
1568	19
1569	31
1570	27
1571	14
1572	23
1573	24
1574	23
1575	34
1576	23
1577	21
1578	32
1579	38
1580	23
1581	29
1582	26
1583	31
1584	25
1585	17
1586	21
1587	25
1588	24
1589	35
1590	25
1591	37
1592	26
1593	31
1594	26
1595	26
1596	22
1597	27
1598	17
1599	32
1600	24
1601	27
1602	23
1603	23
1604	21
1605	25
1606	20
1607	27
1608	22
1609	30
1610	28
1611	31
1612	36
1613	25
1614	17
1615	19
1616	30
1617	25
1618	25
1619	30
1620	29
1621	23
1622	30
1623	26
1624	25
1625	27
1626	22
1627	20
1628	20
1629	17
1630	30
1631	22
1632	23
1633	24
1634	22
1635	19
1636	21
1637	36
1638	24
1639	24
1640	23
1641	29
1642	24
1643	30
1644	23
1645	21
1646	26
1647	33
1648	20
1649	28
1650	27
1651	26
1652	28
1653	23
1654	21
1655	23
1656	29
1657	22
1658	22
1659	30
1660	22
1661	20
1662	29
1663	23
1664	20
1665	17
1666	22
1667	35
1668	28
1669	19
1670	18
1671	34
1672	31
1673	29
1674	26
1675	25
1676	25
1677	35
1678	15
1679	19
1680	29
1681	27
1682	27
1683	24
1684	28
1685	25
1686	17
1687	22
1688	23
1689	27
1690	21
1691	25
1692	25
1693	26
1694	22
1695	18
1696	27
1697	34
1698	23
1699	28
1700	28
1701	30
1702	27
1703	24
1704	28
1705	32
1706	26
1707	22
1708	33
1709	21
1710	18
1711	30
1712	29
1713	33
1714	20
1715	18
1716	26
1717	28
1718	24
1719	27
1720	20
1721	29
1722	36
1723	28
1724	13
1725	16
1726	30
1727	13
1728	23
1729	21
1730	24
1731	25
1732	24
1733	26
1734	18
1735	31
1736	31
1737	32
1738	24
1739	32
1740	19
1741	26
1742	27
1743	28
1744	31
1745	30
1746	30
1747	34
1748	28
1749	42
1750	18
1751	35
1752	21
1753	28
1754	34
1755	22
1756	24
1757	20
1758	29
1759	23
1760	25
1761	28
1762	29
1763	25
1764	20
1765	23
1766	31
1767	28
1768	33
1769	29
1770	18
1771	26
1772	20
1773	33
1774	22
1775	30
1776	24
1777	29
1778	33
1779	20
1780	19
1781	27
1782	28
1783	26
1784	20
1785	23
1786	24
1787	34
1788	28
1789	32
1790	21
1791	31
1792	41
1793	15
1794	21
1795	35
1796	28
1797	23
1798	22
1799	21
1800	23
1801	33
1802	22
1803	19
1804	25
1805	26
1806	25
1807	28
1808	22
1809	35
1810	32
1811	25
1812	28
1813	25
1814	20
1815	26
1816	28
1817	24
1818	23
1819	25
1820	29
1821	28
1822	29
1823	22
1824	31
1825	32
1826	31
1827	28
1828	32
1829	22
1830	24
1831	29
1832	27
1833	32
1834	26
1835	23
1836	25
1837	35
1838	21
1839	22
1840	25
1841	26
1842	30
1843	31
1844	33
1845	28
1846	26
1847	27
1848	28
1849	29
1850	26
1851	24
1852	24
1853	31
1854	33
1855	29
1856	29
1857	24
1858	29
1859	28
1860	17
1861	31
1862	30
1863	35
1864	35
1865	19
1866	34
1867	27
1868	18
1869	32
1870	36
1871	32
1872	36
1873	20
1874	30
1875	25
1876	22
1877	34
1878	23
1879	27
1880	26
1881	27
1882	23
1883	30
1884	29
1885	32
1886	27
1887	30
1888	27
1889	29
1890	28
1891	26
1892	26
1893	28
1894	17
1895	29
1896	23
1897	32
1898	36
1899	24
1900	21
1901	32
1902	26
1903	29
1904	26
1905	34
1906	31
1907	43
1908	23
1909	27
1910	30
1911	27
1912	27
1913	30
1914	26
1915	23
1916	20
1917	26
1918	33
1919	26
1920	25
1921	21
1922	25
1923	20
1924	32
1925	32
1926	28
1927	27
1928	26
1929	32
1930	32
1931	29
1932	31
1933	27
1934	27
1935	25
1936	28
1937	28
1938	29
1939	29
1940	29
1941	23
1942	37
1943	24
1944	24
1945	32
1946	22
1947	29
1948	33
1949	27
1950	30
1951	25
1952	25
1953	31
1954	35
1955	36
1956	42
1957	21
1958	17
1959	32
1960	32
1961	26
1962	31
1963	32
1964	31
1965	22
1966	39
1967	31
1968	21
1969	33
1970	29
1971	26
1972	27
1973	40
1974	27
1975	31
1976	27
1977	29
1978	26
1979	20
1980	27
1981	29
1982	31
1983	36
1984	33
1985	23
1986	29
1987	23
1988	22
1989	22
1990	22
1991	23
1992	26
1993	38
1994	29
1995	35
1996	23
1997	29
1998	28
1999	28
2000	30
2001	41
2002	18
2003	28
2004	29
2005	29
2006	30
2007	26
2008	31
2009	34
2010	24
2011	19
2012	31
2013	15
2014	34
2015	36
2016	26
2017	29
2018	29
2019	30
2020	19
2021	26
2022	21
2023	19
2024	37
2025	30
2026	22
2027	28
2028	27
2029	36
2030	37
2031	38
2032	27
2033	30
2034	27
2035	27
2036	23
2037	36
2038	34
2039	29
2040	30
2041	30
2042	21
2043	36
2044	36
2045	37
2046	21
2047	28
2048	27
2049	29
2050	32
2051	21
2052	29
2053	21
2054	28
2055	34
2056	32
2057	26
2058	24
2059	31
2060	31
2061	27
2062	30
2063	32
2064	31
2065	29
2066	23
2067	31
2068	24
2069	27
2070	25
2071	31
2072	36
2073	24
2074	23
2075	34
2076	28
2077	32
2078	17
2079	33
2080	34
2081	28
2082	28
2083	29
2084	34
2085	36
2086	31
2087	27
2088	30
2089	36
2090	24
2091	15
2092	38
2093	28
2094	26
2095	26
2096	30
2097	27
2098	29
2099	31
2100	26
2101	15
2102	37
2103	35
2104	23
2105	25
2106	34
2107	28
2108	21
2109	26
2110	30
2111	27
2112	23
2113	30
2114	30
2115	24
2116	38
2117	26
2118	26
2119	24
2120	41
2121	26
2122	25
2123	23
2124	20
2125	33
2126	25
2127	25
2128	27
2129	28
2130	27
2131	28
2132	34
2133	25
2134	19
2135	31
2136	36
2137	27
2138	22
2139	24
2140	31
2141	21
2142	29
2143	29
2144	32
2145	21
2146	32
2147	34
2148	35
2149	26
2150	24
2151	23
2152	27
2153	20
2154	23
2155	24
2156	33
2157	16
2158	26
2159	22
2160	20
2161	24
2162	27
2163	27
2164	28
2165	29
2166	29
2167	23
2168	36
2169	26
2170	26
2171	25
2172	22
2173	21
2174	21
2175	16
2176	24
2177	25
2178	24
2179	35
2180	18
2181	24
2182	25
2183	21
2184	22
2185	17
2186	29
2187	21
2188	24
2189	19
2190	32
2191	35
2192	22
2193	32
2194	23
2195	27
2196	29
2197	28
2198	28
2199	34
2200	28
2201	31
2202	25
2203	29
2204	38
2205	26
2206	31
2207	32
2208	33
2209	18
2210	28
2211	28
2212	33
2213	20
2214	18
2215	20
2216	25
2217	26
2218	38
2219	24
2220	24
2221	27
2222	29
2223	18
2224	24
2225	32
2226	30
2227	33
2228	26
2229	26
2230	28
2231	20
2232	25
2233	26
2234	23
2235	21
2236	19
2237	29
2238	14
2239	30
2240	29
2241	29
2242	26
2243	31
2244	23
2245	17
2246	21
2247	20
2248	23
2249	26
2250	28
2251	26
2252	14
2253	24
2254	25
2255	19
2256	23
2257	29
2258	30
2259	34
2260	26
2261	38
2262	28
2263	24
2264	27
2265	29
2266	24
2267	25
2268	29
2269	22
2270	19
2271	30
2272	27
2273	18
2274	23
2275	22
2276	29
2277	25
2278	27
2279	24
2280	21
2281	34
2282	39
2283	30
2284	37
2285	27
2286	36
2287	31
2288	26
2289	29
2290	26
2291	36
2292	29
2293	26
2294	32
2295	23
2296	24
2297	45
2298	25
2299	23
2300	30
2301	26
2302	19
2303	28
2304	25
2305	19
2306	26
2307	37
2308	34
2309	29
2310	26
2311	33
2312	32
2313	33
2314	29
2315	27
2316	31
2317	32
2318	28
2319	39
2320	18
2321	22
2322	20
2323	31
2324	25
2325	27
2326	34
2327	25
2328	39
2329	31
2330	25
2331	31
2332	36
2333	29
2334	34
2335	39
2336	28
2337	20
2338	28
2339	26
2340	32
2341	31
2342	32
2343	20
2344	19
2345	19
2346	33
2347	19
2348	24
2349	28
2350	22
2351	13
2352	22
2353	31
2354	26
2355	32
2356	21
2357	34
2358	28
2359	29
2360	30
2361	19
2362	40
2363	19
2364	35
2365	28
2366	28
2367	36
2368	30
2369	38
2370	29
2371	26
2372	25
2373	39
2374	34
2375	38
2376	40
2377	25
2378	37
2379	36
2380	37
2381	27
2382	30
2383	39
2384	17
2385	33
2386	25
2387	34
2388	29
2389	26
2390	25
2391	31
2392	25
2393	26
2394	33
2395	41
2396	43
2397	48
2398	33
2399	25
2400	28
2401	32
2402	34
2403	41
2404	32
2405	27
2406	29
2407	33
2408	29
2409	35
2410	40
2411	36
2412	29
2413	39
2414	34
2415	35
2416	41
2417	26
2418	34
2419	24
2420	30
2421	30
2422	44
2423	37
2424	35
2425	29
2426	24
2427	42
2428	26
2429	35
2430	42
2431	33
2432	30
2433	38
2434	39
2435	22
2436	32
2437	35
2438	32
2439	33
2440	26
2441	44
2442	36
2443	31
2444	32
2445	36
2446	35
2447	31
2448	39
2449	32
2450	31
2451	39
2452	29
2453	31
2454	27
2455	42
2456	34
2457	35
2458	27
2459	32
2460	44
2461	29
2462	40
2463	30
2464	46
2465	39
2466	32
2467	48
2468	38
2469	40
2470	49
2471	41
2472	45
2473	42
2474	27
2475	29
2476	36
2477	30
2478	42
2479	43
2480	35
2481	32
2482	38
2483	38
2484	34
2485	33
2486	40
2487	35
2488	30
2489	40
2490	37
2491	34
2492	42
2493	28
2494	38
2495	41
2496	38
2497	32
2498	39
2499	32
2500	32
2501	47
2502	50
2503	37
2504	32
2505	32
2506	32
2507	27
2508	37
2509	35
2510	31
2511	44
2512	37
2513	36
2514	40
2515	38
2516	33
2517	44
2518	44
2519	32
2520	40
2521	49
2522	41
2523	45
2524	40
2525	40
2526	37
2527	36
2528	29
2529	45
2530	28
2531	47
2532	48
2533	44
2534	36
2535	27
2536	41
2537	30
2538	30
2539	35
2540	30
2541	33
2542	35
2543	29
2544	32
2545	31
2546	44
2547	40
2548	40
2549	40
2550	45
2551	22
2552	42
2553	32
2554	39
2555	43
2556	42
2557	38
2558	34
2559	32
2560	30
2561	38
2562	41
2563	34
2564	40
2565	36
2566	51
2567	39
2568	40
2569	40
2570	38
2571	32
2572	33
2573	39
2574	49
2575	42
2576	43
2577	51
2578	33
2579	38
2580	41
2581	30
2582	43
2583	45
2584	47
2585	42
2586	28
2587	40
2588	45
2589	34
2590	36
2591	48
2592	33
2593	35
2594	41
2595	24
2596	34
2597	36
2598	43
2599	32
2600	39
2601	52
2602	43
2603	39
2604	36
2605	37
2606	30
2607	44
2608	36
2609	41
2610	35
2611	40
2612	36
2613	39
2614	45
2615	37
2616	37
2617	41
2618	65
2619	49
2620	30
2621	43
2622	36
2623	44
2624	32
2625	44
2626	37
2627	40
2628	42
2629	35
2630	37
2631	42
2632	44
2633	44
2634	40
2635	35
2636	36
2637	39
2638	50
2639	39
2640	38
2641	40
2642	43
2643	22
2644	47
2645	24
2646	34
2647	33
2648	27
2649	43
2650	32
2651	26
2652	28
2653	39
2654	31
2655	37
2656	31
2657	35
2658	30
2659	31
2660	39
2661	30
2662	38
2663	33
2664	36
2665	39
2666	31
2667	33
2668	47
2669	31
2670	32
2671	36
2672	32
2673	43
2674	40
2675	34
2676	31
2677	32
2678	38
2679	33
2680	40
2681	38
2682	38
2683	33
2684	28
2685	34
2686	31
2687	39
2688	22
2689	31
2690	37
2691	31
2692	28
2693	30
2694	24
2695	33
2696	34
2697	20
2698	38
2699	43
2700	37
2701	33
2702	40
2703	33
2704	32
2705	33
2706	38
2707	29
2708	36
2709	29
2710	35
2711	36
2712	35
2713	37
2714	30
2715	30
2716	25
2717	22
2718	27
2719	30
2720	34
2721	40
2722	27
2723	39
2724	25
2725	28
2726	28
2727	32
2728	30
2729	27
2730	37
2731	39
2732	36
2733	41
2734	22
2735	31
2736	32
2737	21
2738	29
2739	45
2740	35
2741	26
2742	36
2743	22
2744	22
2745	25
2746	22
2747	13
2748	32
2749	25
2750	28
2751	31
2752	19
2753	15
2754	26
2755	32
2756	27
2757	27
2758	22
2759	25
2760	33
2761	27
2762	35
2763	32
2764	31
2765	20
2766	24
2767	26
2768	30
2769	27
2770	19
2771	25
2772	30
2773	27
2774	29
2775	31
2776	28
2777	23
2778	21
2779	19
2780	24
2781	26
2782	32
2783	26
2784	24
2785	22
2786	23
2787	24
2788	31
2789	26
2790	22
2791	34
2792	29
2793	23
2794	30
2795	27
2796	26
2797	24
2798	22
2799	23
2800	20
2801	32
2802	25
2803	30
2804	28
2805	22
2806	29
2807	32
2808	19
2809	25
2810	27
2811	23
2812	25
2813	13
2814	23
2815	28
2816	28
2817	27
2818	31
2819	23
2820	20
2821	24
2822	22
2823	25
2824	16
2825	24
2826	17
2827	17
2828	26
2829	23
2830	27
2831	19
2832	25
2833	23
2834	20
2835	20
2836	23
2837	20
2838	23
2839	24
2840	29
2841	30
2842	25
2843	23
2844	19
2845	25
2846	25
2847	21
2848	29
2849	31
2850	20
2851	22
2852	31
2853	23
2854	25
2855	21
2856	31
2857	21
2858	25
2859	19
2860	20
2861	15
2862	27
2863	25
2864	23
2865	21
2866	20
2867	15
2868	18
2869	25
2870	20
2871	20
2872	26
2873	16
2874	13
2875	29
2876	19
2877	14
2878	16
2879	18
2880	26
2881	14
2882	14
2883	17
2884	19
2885	30
2886	20
2887	11
2888	17
2889	23
2890	18
2891	29
2892	23
2893	24
2894	22
2895	30
2896	21
2897	17
2898	21
2899	24
2900	18
2901	13
2902	17
2903	18
2904	26
2905	16
2906	15
2907	18
2908	20
2909	25
2910	17
2911	15
2912	23
2913	14
2914	17
2915	24
2916	18
2917	14
2918	25
2919	21
2920	16
2921	19
2922	24
2923	16
2924	18
2925	18
2926	14
2927	20
2928	21
2929	19
2930	22
2931	21
2932	22
2933	18
2934	27
2935	21
2936	18
2937	18
2938	21
2939	19
2940	16
2941	13
2942	22
2943	21
2944	23
2945	26
2946	20
2947	19
2948	19
2949	13
2950	17
2951	20
2952	17
2953	11
2954	14
2955	14
2956	18
2957	17
2958	16
2959	19
2960	19
2961	14
2962	17
2963	16
2964	12
2965	18
2966	15
2967	16
2968	22
2969	20
2970	28
2971	13
2972	17
2973	21
2974	23
2975	20
2976	13
2977	19
2978	18
2979	21
2980	22
2981	14
2982	14
2983	20
2984	19
2985	18
2986	30
2987	19
2988	17
2989	19
2990	28
2991	14
2992	27
2993	16
2994	11
2995	25
2996	19
2997	17
2998	22
2999	19
3000	23
3001	21
3002	15
3003	19
3004	21
3005	24
3006	22
3007	20
3008	12
3009	15
3010	20
3011	12
3012	19
3013	26
3014	18
3015	24
3016	16
3017	16
3018	25
3019	17
3020	21
3021	17
3022	22
3023	21
3024	12
3025	13
3026	11
3027	13
3028	13
3029	21
3030	15
3031	16
3032	17
3033	18
3034	13
3035	17
3036	24
3037	21
3038	24
3039	17
3040	25
3041	25
3042	12
3043	17
3044	20
3045	9
3046	28
3047	18
3048	20
3049	11
3050	11
3051	19
3052	19
3053	21
3054	13
3055	12
3056	20
3057	14
3058	21
3059	19
3060	23
3061	13
3062	16
3063	15
3064	15
3065	24
3066	12
3067	24
3068	11
3069	14
3070	20
3071	23
3072	8
3073	24
3074	12
3075	18
3076	14
3077	15
3078	14
3079	14
3080	17
3081	13
3082	20
3083	16
3084	7
3085	19
3086	18
3087	25
3088	15
3089	17
3090	16
3091	18
3092	10
3093	16
3094	13
3095	21
3096	22
3097	20
3098	21
3099	12
3100	17
3101	24
3102	21
3103	23
3104	14
3105	13
3106	13
3107	24
3108	16
3109	19
3110	19
3111	20
3112	16
3113	19
3114	21
3115	18
3116	13
3117	11
3118	20
3119	14
3120	17
3121	16
3122	17
3123	23
3124	18
3125	15
3126	12
3127	22
3128	25
3129	10
3130	15
3131	15
3132	11
3133	12
3134	17
3135	17
3136	16
3137	17
3138	16
3139	8
3140	24
3141	15
3142	15
3143	11
3144	13
3145	15
3146	13
3147	11
3148	20
3149	15
3150	20
3151	19
3152	11
3153	12
3154	14
3155	27
3156	14
3157	16
3158	10
3159	16
3160	17
3161	24
3162	17
3163	19
3164	14
3165	11
3166	18
3167	16
3168	17
3169	14
3170	14
3171	14
3172	20
3173	23
3174	16
3175	16
3176	16
3177	12
3178	14
3179	15
3180	17
3181	19
3182	11
3183	14
3184	9
3185	18
3186	11
3187	15
3188	12
3189	12
3190	16
3191	12
3192	23
3193	20
3194	23
3195	20
3196	25
3197	15
3198	18
3199	28
3200	17
3201	12
3202	18
3203	13
3204	19
3205	16
3206	14
3207	22
3208	19
3209	23
3210	14
3211	13
3212	21
3213	16
3214	21
3215	18
3216	14
3217	18
3218	12
3219	13
3220	15
3221	13
3222	19
3223	20
3224	8
3225	25
3226	21
3227	22
3228	16
3229	18
3230	18
3231	19
3232	20
3233	25
3234	16
3235	15
3236	16
3237	22
3238	22
3239	9
3240	12
3241	12
3242	13
3243	20
3244	16
3245	14
3246	14
3247	18
3248	12
3249	15
3250	19
3251	15
3252	19
3253	14
3254	16
3255	21
3256	15
3257	15
3258	16
3259	15
3260	11
3261	15
3262	18
3263	16
3264	16
3265	11
3266	18
3267	15
3268	16
3269	19
3270	12
3271	16
3272	17
3273	16
3274	20
3275	23
3276	19
3277	21
3278	27
3279	23
3280	14
3281	22
3282	20
3283	15
3284	26
3285	20
3286	15
3287	10
3288	16
3289	12
3290	18
3291	16
3292	11
3293	10
3294	13
3295	22
3296	19
3297	13
3298	17
3299	14
3300	17
3301	18
3302	27
3303	12
3304	16
3305	11
3306	23
3307	17
3308	16
3309	21
3310	11
3311	19
3312	20
3313	15
3314	23
3315	5
3316	12
3317	14
3318	18
3319	17
3320	17
3321	13
3322	19
3323	12
3324	12
3325	13
3326	18
3327	10
3328	18
3329	11
3330	18
3331	9
3332	15
3333	9
3334	18
3335	18
3336	20
3337	16
3338	22
3339	13
3340	16
3341	16
3342	26
3343	21
3344	16
3345	19
3346	15
3347	20
3348	20
3349	21
3350	19
3351	18
3352	12
3353	21
3354	10
3355	13
3356	15
3357	11
3358	17
3359	15
3360	15
3361	12
3362	13
3363	13
3364	16
3365	21
3366	26
3367	19
3368	10
3369	19
3370	16
3371	11
3372	15
3373	14
3374	22
3375	14
3376	12
3377	11
3378	15
3379	8
3380	15
3381	23
3382	19
3383	23
3384	19
3385	21
3386	20
3387	10
3388	17
3389	17
3390	18
3391	22
3392	25
3393	14
3394	13
3395	19
3396	21
3397	11
3398	17
3399	16
3400	13
3401	16
3402	18
3403	13
3404	11
3405	16
3406	22
3407	26
3408	17
3409	16
3410	12
3411	17
3412	11
3413	14
3414	16
3415	15
3416	16
3417	16
3418	15
3419	18
3420	13
3421	8
3422	14
3423	14
3424	19
3425	14
3426	20
3427	14
3428	14
3429	14
3430	19
3431	17
3432	15
3433	14
3434	16
3435	11
3436	12
3437	18
3438	30
3439	11
3440	15
3441	22
3442	17
3443	24
3444	13
3445	16
3446	4
3447	20
3448	19
3449	19
3450	15
3451	17
3452	17
3453	12
3454	19
3455	15
3456	20
3457	18
3458	13
3459	12
3460	14
3461	14
3462	11
3463	15
3464	12
3465	18
3466	13
3467	13
3468	13
3469	11
3470	21
3471	20
3472	15
3473	17
3474	16
3475	24
3476	17
3477	16
3478	13
3479	16
3480	16
3481	22
3482	19
3483	14
3484	17
3485	16
3486	11
3487	21
3488	16
3489	15
3490	15
3491	20
3492	23
3493	14
3494	16
3495	11
3496	20
3497	13
3498	9
3499	17
3500	11
3501	9
3502	18
3503	19
3504	16
3505	16
3506	11
3507	11
3508	18
3509	9
3510	16
3511	18
3512	18
3513	12
3514	16
3515	11
3516	18
3517	18
3518	15
3519	15
3520	14
3521	19
3522	11
3523	23
3524	15
3525	15
3526	15
3527	11
3528	19
3529	14
3530	19
3531	20
3532	9
3533	21
3534	17
3535	16
3536	16
3537	19
3538	16
3539	7
3540	9
3541	19
3542	17
3543	10
3544	21
3545	13
3546	13
3547	18
3548	19
3549	23
3550	21
3551	11
3552	12
3553	15
3554	17
3555	13
3556	18
3557	10
3558	16
3559	14
3560	20
3561	19
3562	15
3563	18
3564	15
3565	12
3566	10
3567	15
3568	21
3569	13
3570	16
3571	11
3572	9
3573	18
3574	14
3575	16
3576	12
3577	16
3578	8
3579	20
3580	18
3581	13
3582	17
3583	19
3584	27
3585	20
3586	20
3587	13
3588	10
3589	23
3590	15
3591	14
3592	9
3593	12
3594	13
3595	12
3596	12
3597	19
3598	18
3599	24
3600	9
3601	23
3602	21
3603	13
3604	16
3605	16
3606	22
3607	15
3608	25
3609	24
3610	17
3611	14
3612	14
3613	22
3614	16
3615	15
3616	16
3617	8
3618	15
3619	11
3620	13
3621	16
3622	17
3623	13
3624	14
3625	20
3626	10
3627	18
3628	11
3629	15
3630	17
3631	10
3632	15
3633	17
3634	11
3635	19
3636	18
3637	14
3638	20
3639	18
3640	15
3641	21
3642	11
3643	17
3644	10
3645	14
3646	16
3647	16
3648	13
3649	18
3650	16
3651	16
3652	19
3653	14
3654	15
3655	19
3656	9
3657	14
3658	14
3659	16
3660	20
3661	11
3662	13
3663	17
3664	13
3665	12
3666	11
3667	13
3668	21
3669	12
3670	16
3671	12
3672	12
3673	12
3674	14
3675	12
3676	13
3677	16
3678	13
3679	22
3680	12
3681	9
3682	15
3683	19
3684	11
3685	17
3686	5
3687	17
3688	20
3689	17
3690	14
3691	13
3692	8
3693	20
3694	18
3695	12
3696	18
3697	17
3698	12
3699	12
3700	18
3701	13
3702	16
3703	19
3704	16
3705	13
3706	15
3707	16
3708	13
3709	15
3710	16
3711	11
3712	17
3713	11
3714	14
3715	15
3716	21
3717	13
3718	12
3719	14
3720	11
3721	17
3722	16
3723	18
3724	13
3725	14
3726	10
3727	20
3728	14
3729	15
3730	7
3731	17
3732	16
3733	17
3734	20
3735	15
3736	11
3737	15
3738	8
3739	15
3740	15
3741	15
3742	12
3743	13
3744	14
3745	16
3746	15
3747	12
3748	14
3749	8
3750	18
3751	12
3752	14
3753	13
3754	20
3755	16
3756	11
3757	14
3758	15
3759	12
3760	23
3761	15
3762	20
3763	21
3764	18
3765	14
3766	16
3767	17
3768	19
3769	16
3770	12
3771	21
3772	19
3773	18
3774	13
3775	15
3776	11
3777	15
3778	14
3779	14
3780	17
3781	16
3782	16
3783	9
3784	13
3785	10
3786	10
3787	11
3788	12
3789	13
3790	16
3791	15
3792	17
3793	4
3794	11
3795	19
3796	12
3797	15
3798	19
3799	17
3800	15
3801	16
3802	23
3803	13
3804	14
3805	14
3806	15
3807	13
3808	11
3809	16
3810	15
3811	9
3812	21
3813	8
3814	13
3815	14
3816	18
3817	9
3818	12
3819	16
3820	18
3821	11
3822	12
3823	14
3824	21
3825	7
3826	12
3827	20
3828	11
3829	14
3830	22
3831	12
3832	10
3833	13
3834	15
3835	11
3836	17
3837	19
3838	12
3839	18
3840	15
3841	17
3842	12
3843	13
3844	15
3845	14
3846	14
3847	10
3848	25
3849	11
3850	18
3851	13
3852	14
3853	9
3854	15
3855	21
3856	9
3857	6
3858	12
3859	17
3860	15
3861	12
3862	11
3863	12
3864	12
3865	26
3866	16
3867	20
3868	15
3869	18
3870	18
3871	14
3872	16
3873	8
3874	14
3875	20
3876	18
3877	19
3878	16
3879	15
3880	14
3881	17
3882	16
3883	17
3884	12
3885	8
3886	16
3887	11
3888	13
3889	22
3890	13
3891	15
3892	16
3893	17
3894	9
3895	11
3896	19
3897	14
3898	20
3899	12
3900	15
3901	9
3902	19
3903	15
3904	17
3905	14
3906	17
3907	10
3908	17
3909	14
3910	8
3911	14
3912	8
3913	13
3914	14
3915	15
3916	12
3917	11
3918	22
3919	17
3920	14
3921	20
3922	12
3923	11
3924	9
3925	20
3926	13
3927	14
3928	7
3929	12
3930	15
3931	12
3932	12
3933	8
3934	9
3935	15
3936	10
3937	13
3938	12
3939	12
3940	7
3941	9
3942	23
3943	16
3944	17
3945	21
3946	14
3947	8
3948	13
3949	5
3950	12
3951	8
3952	20
3953	18
3954	17
3955	15
3956	22
3957	17
3958	14
3959	15
3960	12
3961	16
3962	12
3963	13
3964	14
3965	12
3966	24
3967	11
3968	18
3969	17
3970	16
3971	15
3972	19
3973	22
3974	18
3975	9
3976	15
3977	14
3978	8
3979	13
3980	16
3981	12
3982	11
3983	17
3984	16
3985	11
3986	7
3987	12
3988	12
3989	14
3990	15
3991	10
3992	9
3993	13
3994	11
3995	16
3996	17
3997	17
3998	14
3999	15
4000	16
4001	12
4002	16
4003	10
4004	18
4005	11
4006	12
4007	8
4008	12
4009	13
4010	16
4011	19
4012	11
4013	17
4014	18
4015	10
4016	9
4017	19
4018	13
4019	16
4020	21
4021	17
4022	18
4023	10
4024	17
4025	15
4026	13
4027	14
4028	11
4029	4
4030	9
4031	15
4032	10
4033	9
4034	7
4035	12
4036	14
4037	16
4038	12
4039	14
4040	11
4041	11
4042	10
4043	14
4044	6
4045	17
4046	14
4047	11
4048	11
4049	13
4050	10
4051	22
4052	13
4053	8
4054	12
4055	15
4056	8
4057	12
4058	12
4059	15
4060	18
4061	16
4062	10
4063	15
4064	11
4065	13
4066	7
4067	13
4068	11
4069	20
4070	4
4071	12
4072	15
4073	21
4074	19
4075	13
4076	17
4077	12
4078	20
4079	15
4080	14
4081	12
4082	16
4083	17
4084	16
4085	6
4086	12
4087	8
4088	9
4089	6
4090	16
4091	13
4092	19
4093	12
4094	11
4095	18
4096	12
4097	14
4098	16
4099	15
4100	14
4101	14
4102	14
4103	15
4104	17
4105	13
4106	15
4107	14
4108	7
4109	13
4110	18
4111	16
4112	19
4113	11
4114	11
4115	15
4116	11
4117	14
4118	12
4119	23
4120	8
4121	11
4122	11
4123	13
4124	16
4125	17
4126	8
4127	21
4128	8
4129	12
4130	11
4131	15
4132	14
4133	9
4134	9
4135	7
4136	17
4137	12
4138	6
4139	13
4140	15
4141	7
4142	17
4143	18
4144	10
4145	19
4146	13
4147	11
4148	9
4149	13
4150	14
4151	16
4152	14
4153	16
4154	7
4155	10
4156	12
4157	16
4158	13
4159	16
4160	7
4161	12
4162	12
4163	12
4164	16
4165	13
4166	15
4167	8
4168	10
4169	7
4170	20
4171	10
4172	18
4173	15
4174	11
4175	12
4176	14
4177	10
4178	13
4179	13
4180	10
4181	14
4182	11
4183	11
4184	18
4185	10
4186	12
4187	12
4188	4
4189	11
4190	7
4191	8
4192	20
4193	10
4194	19
4195	14
4196	11
4197	5
4198	11
4199	15
4200	14
4201	26
4202	10
4203	9
4204	16
4205	13
4206	16
4207	19
4208	11
4209	13
4210	7
4211	19
4212	14
4213	14
4214	17
4215	15
4216	19
4217	9
4218	12
4219	16
4220	12
4221	14
4222	17
4223	13
4224	17
4225	26
4226	12
4227	16
4228	12
4229	16
4230	11
4231	13
4232	13
4233	15
4234	13
4235	11
4236	11
4237	19
4238	6
4239	14
4240	15
4241	10
4242	14
4243	7
4244	11
4245	17
4246	7
4247	13
4248	12
4249	13
4250	12
4251	16
4252	15
4253	16
4254	11
4255	16
4256	9
4257	9
4258	8
4259	17
4260	10
4261	16
4262	6
4263	14
4264	10
4265	17
4266	10
4267	13
4268	16
4269	17
4270	21
4271	13
4272	17
4273	10
4274	14
4275	8
4276	13
4277	16
4278	15
4279	11
4280	11
4281	11
4282	15
4283	16
4284	9
4285	18
4286	19
4287	23
4288	15
4289	13
4290	14
4291	19
4292	12
4293	12
4294	13
4295	15
4296	12
4297	15
4298	9
4299	13
4300	11
4301	10
4302	13
4303	16
4304	13
4305	18
4306	16
4307	15
4308	11
4309	6
4310	12
4311	10
4312	14
4313	10
4314	12
4315	13
4316	9
4317	15
4318	21
4319	20
4320	7
4321	13
4322	14
4323	9
4324	13
4325	16
4326	16
4327	17
4328	14
4329	18
4330	11
4331	16
4332	13
4333	11
4334	13
4335	14
4336	22
4337	13
4338	9
4339	8
4340	15
4341	10
4342	7
4343	13
4344	11
4345	13
4346	15
4347	4
4348	16
4349	9
4350	19
4351	9
4352	15
4353	12
4354	15
4355	11
4356	14
4357	14
4358	13
4359	13
4360	13
4361	16
4362	16
4363	20
4364	9
4365	11
4366	11
4367	16
4368	8
4369	12
4370	18
4371	12
4372	10
4373	13
4374	15
4375	11
4376	14
4377	16
4378	22
4379	13
4380	10
4381	17
4382	10
4383	14
4384	8
4385	13
4386	12
4387	10
4388	10
4389	6
4390	12
4391	7
4392	10
4393	21
4394	11
4395	11
4396	19
4397	10
4398	12
4399	16
4400	17
4401	13
4402	10
4403	13
4404	17
4405	8
4406	15
4407	16
4408	10
4409	14
4410	13
4411	13
4412	18
4413	8
4414	10
4415	23
4416	19
4417	10
4418	15
4419	18
4420	13
4421	12
4422	9
4423	16
4424	19
4425	5
4426	17
4427	16
4428	8
4429	7
4430	18
4431	9
4432	11
4433	15
4434	12
4435	7
4436	9
4437	13
4438	11
4439	13
4440	23
4441	19
4442	12
4443	10
4444	10
4445	9
4446	16
4447	14
4448	14
4449	10
4450	11
4451	13
4452	13
4453	11
4454	16
4455	13
4456	11
4457	12
4458	7
4459	16
4460	11
4461	16
4462	5
4463	15
4464	14
4465	14
4466	8
4467	8
4468	13
4469	12
4470	11
4471	13
4472	13
4473	17
4474	19
4475	11
4476	8
4477	12
4478	14
4479	7
4480	11
4481	8
4482	14
4483	8
4484	14
4485	13
4486	11
4487	19
4488	11
4489	15
4490	8
4491	12
4492	8
4493	13
4494	14
4495	9
4496	14
4497	11
4498	4
4499	10
4500	8
4501	16
4502	11
4503	12
4504	15
4505	9
4506	10
4507	8
4508	9
4509	5
4510	15
4511	15
4512	17
4513	8
4514	18
4515	8
4516	15
4517	7
4518	12
4519	10
4520	6
4521	13
4522	10
4523	13
4524	16
4525	7
4526	15
4527	17
4528	8
4529	7
4530	10
4531	10
4532	7
4533	10
4534	11
4535	8
4536	12
4537	10
4538	12
4539	18
4540	12
4541	18
4542	9
4543	16
4544	15
4545	9
4546	8
4547	11
4548	10
4549	13
4550	15
4551	16
4552	7
4553	14
4554	10
4555	8
4556	10
4557	11
4558	21
4559	12
4560	10
4561	9
4562	12
4563	17
4564	13
4565	10
4566	10
4567	17
4568	9
4569	11
4570	13
4571	13
4572	7
4573	4
4574	8
4575	16
4576	12
4577	19
4578	14
4579	6
4580	9
4581	8
4582	10
4583	14
4584	12
4585	13
4586	11
4587	19
4588	12
4589	20
4590	7
4591	10
4592	14
4593	14
4594	16
4595	18
4596	9
4597	9
4598	11
4599	12
4600	11
4601	17
4602	15
4603	15
4604	16
4605	13
4606	10
4607	16
4608	9
4609	14
4610	11
4611	13
4612	14
4613	13
4614	17
4615	8
4616	8
4617	14
4618	14
4619	12
4620	12
4621	10
4622	14
4623	15
4624	11
4625	14
4626	11
4627	13
4628	12
4629	15
4630	15
4631	11
4632	7
4633	16
4634	7
4635	12
4636	15
4637	12
4638	13
4639	12
4640	12
4641	17
4642	8
4643	12
4644	12
4645	7
4646	9
4647	12
4648	15
4649	8
4650	17
4651	10
4652	10
4653	14
4654	14
4655	8
4656	11
4657	5
4658	13
4659	16
4660	9
4661	8
4662	13
4663	10
4664	11
4665	18
4666	12
4667	11
4668	12
4669	13
4670	12
4671	14
4672	9
4673	8
4674	12
4675	13
4676	14
4677	11
4678	16
4679	9
4680	14
4681	6
4682	13
4683	14
4684	17
4685	14
4686	11
4687	7
4688	14
4689	12
4690	16
4691	12
4692	10
4693	8
4694	6
4695	10
4696	13
4697	15
4698	14
4699	5
4700	13
4701	9
4702	8
4703	10
4704	15
4705	10
4706	12
4707	17
4708	13
4709	14
4710	10
4711	8
4712	10
4713	9
4714	12
4715	14
4716	18
4717	12
4718	8
4719	10
4720	11
4721	11
4722	7
4723	7
4724	15
4725	10
4726	14
4727	11
4728	10
4729	13
4730	13
4731	15
4732	7
4733	4
4734	11
4735	11
4736	9
4737	12
4738	7
4739	13
4740	15
4741	13
4742	12
4743	8
4744	13
4745	12
4746	8
4747	15
4748	13
4749	15
4750	10
4751	14
4752	11
4753	8
4754	12
4755	9
4756	9
4757	7
4758	7
4759	13
4760	9
4761	8
4762	18
4763	8
4764	14
4765	9
4766	13
4767	10
4768	11
4769	17
4770	9
4771	19
4772	15
4773	6
4774	4
4775	5
4776	11
4777	11
4778	12
4779	6
4780	11
4781	10
4782	11
4783	13
4784	14
4785	10
4786	10
4787	14
4788	9
4789	12
4790	8
4791	15
4792	8
4793	10
4794	8
4795	11
4796	10
4797	9
4798	10
4799	10
4800	17
4801	4
4802	13
4803	18
4804	10
4805	12
4806	14
4807	6
4808	14
4809	10
4810	11
4811	9
4812	9
4813	12
4814	11
4815	4
4816	5
4817	7
4818	7
4819	8
4820	10
4821	9
4822	11
4823	9
4824	14
4825	11
4826	9
4827	5
4828	14
4829	13
4830	11
4831	8
4832	11
4833	13
4834	13
4835	13
4836	6
4837	10
4838	10
4839	11
4840	7
4841	9
4842	14
4843	13
4844	11
4845	18
4846	10
4847	11
4848	8
4849	9
4850	10
4851	9
4852	7
4853	17
4854	11
4855	11
4856	13
4857	11
4858	14
4859	9
4860	8
4861	7
4862	11
4863	11
4864	7
4865	15
4866	10
4867	11
4868	13
4869	9
4870	11
4871	13
4872	9
4873	8
4874	9
4875	10
4876	13
4877	12
4878	8
4879	17
4880	15
4881	9
4882	14
4883	16
4884	11
4885	3
4886	12
4887	5
4888	14
4889	10
4890	10
4891	7
4892	9
4893	7
4894	10
4895	9
4896	14
4897	14
4898	14
4899	10
4900	11
4901	6
4902	12
4903	12
4904	9
4905	7
4906	13
4907	10
4908	11
4909	13
4910	9
4911	17
4912	13
4913	7
4914	9
4915	11
4916	12
4917	8
4918	10
4919	13
4920	11
4921	9
4922	13
4923	10
4924	9
4925	9
4926	9
4927	12
4928	15
4929	11
4930	10
4931	9
4932	10
4933	7
4934	8
4935	10
4936	7
4937	13
4938	7
4939	10
4940	12
4941	20
4942	16
4943	12
4944	8
4945	13
4946	12
4947	7
4948	6
4949	10
4950	6
4951	11
4952	10
4953	10
4954	9
4955	9
4956	16
4957	15
4958	9
4959	10
4960	16
4961	12
4962	13
4963	9
4964	13
4965	7
4966	7
4967	9
4968	9
4969	8
4970	6
4971	14
4972	8
4973	15
4974	11
4975	10
4976	11
4977	8
4978	8
4979	9
4980	8
4981	5
4982	17
4983	7
4984	11
4985	11
4986	6
4987	13
4988	14
4989	9
4990	14
4991	4
4992	15
4993	13
4994	19
4995	12
4996	10
4997	12
4998	13
4999	7
5000	11
5001	12
5002	12
5003	14
5004	13
5005	5
5006	10
5007	11
5008	10
5009	16
5010	13
5011	9
5012	9
5013	14
5014	9
5015	11
5016	8
5017	15
5018	6
5019	10
5020	10
5021	11
5022	10
5023	9
5024	6
5025	15
5026	15
5027	15
5028	9
5029	9
5030	15
5031	8
5032	2
5033	8
5034	12
5035	12
5036	8
5037	14
5038	12
5039	14
5040	13
5041	17
5042	9
5043	11
5044	11
5045	6
5046	7
5047	12
5048	11
5049	7
5050	10
5051	13
5052	13
5053	10
5054	7
5055	11
5056	8
5057	16
5058	11
5059	9
5060	15
5061	11
5062	15
5063	10
5064	7
5065	9
5066	11
5067	14
5068	6
5069	14
5070	7
5071	9
5072	8
5073	8
5074	11
5075	16
5076	11
5077	11
5078	13
5079	7
5080	7
5081	15
5082	14
5083	7
5084	18
5085	7
5086	7
5087	16
5088	6
5089	15
5090	4
5091	17
5092	6
5093	11
5094	13
5095	10
5096	11
5097	11
5098	11
5099	9
5100	16
5101	12
5102	5
5103	12
5104	11
5105	11
5106	8
5107	13
5108	10
5109	8
5110	9
5111	15
5112	9
5113	6
5114	12
5115	5
5116	11
5117	9
5118	9
5119	10
5120	10
5121	9
5122	5
5123	14
5124	5
5125	14
5126	14
5127	15
5128	9
5129	7
5130	12
5131	8
5132	9
5133	11
5134	12
5135	16
5136	12
5137	10
5138	12
5139	7
5140	7
5141	6
5142	19
5143	16
5144	10
5145	12
5146	14
5147	12
5148	12
5149	11
5150	14
5151	12
5152	13
5153	6
5154	10
5155	10
5156	13
5157	9
5158	15
5159	6
5160	11
5161	9
5162	8
5163	9
5164	15
5165	9
5166	7
5167	6
5168	10
5169	12
5170	12
5171	6
5172	15
5173	19
5174	10
5175	12
5176	10
5177	10
5178	8
5179	11
5180	11
5181	11
5182	12
5183	8
5184	5
5185	9
5186	10
5187	9
5188	14
5189	8
5190	11
5191	9
5192	19
5193	9
5194	9
5195	8
5196	14
5197	9
5198	13
5199	9
5200	10
5201	12
5202	10
5203	11
5204	10
5205	6
5206	9
5207	15
5208	10
5209	10
5210	9
5211	11
5212	6
5213	15
5214	13
5215	11
5216	15
5217	9
5218	12
5219	11
5220	13
5221	12
5222	17
5223	8
5224	9
5225	10
5226	15
5227	9
5228	10
5229	9
5230	5
5231	10
5232	8
5233	6
5234	8
5235	8
5236	14
5237	13
5238	7
5239	15
5240	14
5241	8
5242	6
5243	15
5244	7
5245	9
5246	9
5247	9
5248	8
5249	12
5250	17
5251	9
5252	10
5253	8
5254	9
5255	10
5256	7
5257	8
5258	10
5259	10
5260	13
5261	7
5262	20
5263	19
5264	11
5265	8
5266	11
5267	9
5268	14
5269	17
5270	8
5271	14
5272	12
5273	9
5274	8
5275	11
5276	12
5277	9
5278	12
5279	13
5280	19
5281	7
5282	7
5283	13
5284	17
5285	6
5286	14
5287	9
5288	10
5289	8
5290	10
5291	14
5292	6
5293	15
5294	14
5295	15
5296	14
5297	7
5298	10
5299	12
5300	10
5301	11
5302	2
5303	9
5304	15
5305	16
5306	8
5307	14
5308	7
5309	14
5310	11
5311	11
5312	10
5313	8
5314	8
5315	10
5316	9
5317	5
5318	13
5319	4
5320	9
5321	16
5322	10
5323	9
5324	12
5325	14
5326	9
5327	12
5328	5
5329	14
5330	7
5331	13
5332	15
5333	18
5334	4
5335	11
5336	18
5337	16
5338	13
5339	11
5340	11
5341	13
5342	12
5343	13
5344	14
5345	10
5346	10
5347	13
5348	9
5349	6
5350	11
5351	13
5352	20
5353	14
5354	7
5355	13
5356	11
5357	4
5358	17
5359	13
5360	8
5361	9
5362	10
5363	18
5364	12
5365	18
5366	3
5367	2
5368	8
5369	14
5370	13
5371	10
5372	14
5373	9
5374	16
5375	7
5376	14
5377	13
5378	7
5379	14
5380	10
5381	9
5382	12
5383	14
5384	10
5385	8
5386	12
5387	5
5388	6
5389	11
5390	11
5391	9
5392	10
5393	8
5394	9
5395	6
5396	10
5397	12
5398	10
5399	15
5400	17
5401	12
5402	18
5403	15
5404	6
5405	17
5406	10
5407	17
5408	7
5409	8
5410	16
5411	15
5412	12
5413	11
5414	19
5415	16
5416	14
5417	5
5418	13
5419	12
5420	14
5421	3
5422	13
5423	10
5424	15
5425	10
5426	13
5427	18
5428	11
5429	12
5430	15
5431	9
5432	8
5433	7
5434	12
5435	10
5436	19
5437	10
5438	20
5439	15
5440	8
5441	8
5442	11
5443	8
5444	7
5445	13
5446	7
5447	6
5448	6
5449	7
5450	6
5451	11
5452	7
5453	10
5454	16
5455	9
5456	11
5457	13
5458	8
5459	10
5460	13
5461	9
5462	9
5463	10
5464	5
5465	14
5466	6
5467	14
5468	12
5469	11
5470	10
5471	10
5472	12
5473	12
5474	9
5475	18
5476	14
5477	12
5478	10
5479	10
5480	14
5481	10
5482	17
5483	15
5484	11
5485	15
5486	5
5487	13
5488	14
5489	10
5490	8
5491	8
5492	6
5493	5
5494	10
5495	9
5496	13
5497	10
5498	9
5499	8
5500	9
5501	10
5502	10
5503	13
5504	14
5505	11
5506	12
5507	13
5508	12
5509	8
5510	10
5511	6
5512	9
5513	14
5514	8
5515	10
5516	14
5517	7
5518	11
5519	16
5520	15
5521	8
5522	7
5523	11
5524	14
5525	12
5526	8
5527	6
5528	11
5529	12
5530	9
5531	12
5532	11
5533	8
5534	10
5535	5
5536	13
5537	5
5538	11
5539	4
5540	8
5541	7
5542	9
5543	7
5544	9
5545	7
5546	13
5547	9
5548	12
5549	11
5550	13
5551	12
5552	13
5553	10
5554	18
5555	13
5556	9
5557	12
5558	11
5559	6
5560	12
5561	12
5562	14
5563	17
5564	14
5565	11
5566	14
5567	11
5568	10
5569	15
5570	7
5571	12
5572	8
5573	12
5574	16
5575	7
5576	8
5577	5
5578	9
5579	8
5580	12
5581	10
5582	8
5583	15
5584	13
5585	10
5586	10
5587	10
5588	12
5589	15
5590	10
5591	13
5592	10
5593	14
5594	8
5595	7
5596	13
5597	11
5598	11
5599	4
5600	13
5601	14
5602	13
5603	6
5604	10
5605	13
5606	10
5607	9
5608	18
5609	14
5610	10
5611	13
5612	6
5613	14
5614	11
5615	14
5616	13
5617	11
5618	7
5619	5
5620	9
5621	10
5622	11
5623	9
5624	10
5625	10
5626	12
5627	10
5628	8
5629	12
5630	2
5631	14
5632	17
5633	11
5634	7
5635	12
5636	7
5637	14
5638	16
5639	7
5640	11
5641	15
5642	14
5643	14
5644	12
5645	12
5646	15
5647	11
5648	8
5649	10
5650	13
5651	13
5652	12
5653	6
5654	12
5655	13
5656	14
5657	12
5658	10
5659	6
5660	8
5661	6
5662	16
5663	5
5664	10
5665	14
5666	10
5667	8
5668	16
5669	10
5670	10
5671	15
5672	15
5673	16
5674	12
5675	10
5676	12
5677	14
5678	6
5679	8
5680	16
5681	14
5682	11
5683	12
5684	16
5685	17
5686	13
5687	9
5688	9
5689	11
5690	10
5691	12
5692	8
5693	11
5694	12
5695	7
5696	12
5697	12
5698	16
5699	13
5700	10
5701	9
5702	12
5703	12
5704	15
5705	9
5706	7
5707	7
5708	9
5709	8
5710	15
5711	16
5712	14
5713	10
5714	8
5715	11
5716	13
5717	12
5718	15
5719	15
5720	18
5721	5
5722	11
5723	8
5724	13
5725	9
5726	10
5727	12
5728	12
5729	15
5730	17
5731	18
5732	7
5733	10
5734	16
5735	8
5736	11
5737	10
5738	8
5739	18
5740	10
5741	16
5742	7
5743	15
5744	17
5745	19
5746	8
5747	12
5748	11
5749	11
5750	12
5751	6
5752	11
5753	10
5754	13
5755	18
5756	15
5757	7
5758	10
5759	17
5760	9
5761	11
5762	8
5763	15
5764	9
5765	11
5766	13
5767	8
5768	6
5769	16
5770	5
5771	11
5772	9
5773	13
5774	12
5775	10
5776	18
5777	13
5778	13
5779	12
5780	17
5781	11
5782	14
5783	15
5784	8
5785	5
5786	11
5787	12
5788	11
5789	8
5790	16
5791	7
5792	12
5793	11
5794	9
5795	14
5796	13
5797	10
5798	11
5799	11
5800	13
5801	17
5802	12
5803	6
5804	15
5805	9
5806	17
5807	12
5808	12
5809	11
5810	16
5811	13
5812	14
5813	5
5814	16
5815	11
5816	15
5817	14
5818	9
5819	12
5820	19
5821	11
5822	11
5823	11
5824	13
5825	20
5826	16
5827	19
5828	17
5829	13
5830	13
5831	12
5832	6
5833	13
5834	14
5835	16
5836	10
5837	10
5838	12
5839	13
5840	15
5841	17
5842	11
5843	16
5844	12
5845	21
5846	13
5847	8
5848	15
5849	14
5850	15
5851	11
5852	15
5853	11
5854	14
5855	11
5856	15
5857	14
5858	13
5859	14
5860	15
5861	16
5862	3
5863	10
5864	13
5865	12
5866	9
5867	16
5868	14
5869	14
5870	8
5871	13
5872	14
5873	8
5874	6
5875	10
5876	17
5877	13
5878	20
5879	9
5880	11
5881	8
5882	9
5883	11
5884	10
5885	12
5886	8
5887	13
5888	10
5889	13
5890	15
5891	13
5892	11
5893	12
5894	7
5895	11
5896	14
5897	6
5898	11
5899	10
5900	8
5901	11
5902	12
5903	8
5904	8
5905	16
5906	11
5907	14
5908	6
5909	10
5910	15
5911	14
5912	11
5913	5
5914	8
5915	13
5916	6
5917	8
5918	4
5919	11
5920	14
5921	10
5922	14
5923	12
5924	9
5925	13
5926	10
5927	15
5928	12
5929	19
5930	13
5931	17
5932	13
5933	15
5934	15
5935	4
5936	16
5937	10
5938	10
5939	7
5940	15
5941	7
5942	14
5943	6
5944	10
5945	13
5946	8
5947	11
5948	9
5949	9
5950	14
5951	14
5952	13
5953	12
5954	12
5955	14
5956	11
5957	16
5958	18
5959	15
5960	14
5961	16
5962	19
5963	12
5964	12
5965	13
5966	10
5967	14
5968	18
5969	13
5970	10
5971	11
5972	15
5973	12
5974	12
5975	10
5976	11
5977	15
5978	9
5979	11
5980	9
5981	10
5982	10
5983	13
5984	13
5985	10
5986	13
5987	18
5988	17
5989	12
5990	21
5991	19
5992	7
5993	14
5994	13
5995	15
5996	13
5997	14
5998	10
5999	10
6000	8
6001	17
6002	16
6003	9
6004	16
6005	15
6006	20
6007	15
6008	13
6009	13
6010	11
6011	22
6012	7
6013	16
6014	19
6015	15
6016	20
6017	12
6018	19
6019	10
6020	12
6021	15
6022	16
6023	13
6024	13
6025	10
6026	13
6027	18
6028	15
6029	14
6030	14
6031	9
6032	13
6033	15
6034	9
6035	16
6036	16
6037	11
6038	18
6039	17
6040	19
6041	12
6042	23
6043	3
6044	11
6045	15
6046	18
6047	11
6048	7
6049	13
6050	15
6051	20
6052	14
6053	17
6054	18
6055	9
6056	12
6057	11
6058	13
6059	11
6060	16
6061	13
6062	7
6063	16
6064	18
6065	15
6066	10
6067	14
6068	15
6069	19
6070	20
6071	14
6072	16
6073	16
6074	9
6075	15
6076	17
6077	12
6078	19
6079	7
6080	12
6081	14
6082	11
6083	16
6084	10
6085	19
6086	11
6087	8
6088	13
6089	10
6090	17
6091	14
6092	12
6093	13
6094	8
6095	19
6096	14
6097	14
6098	11
6099	16
6100	11
6101	12
6102	11
6103	17
6104	15
6105	11
6106	18
6107	11
6108	11
6109	15
6110	14
6111	9
6112	12
6113	14
6114	15
6115	14
6116	16
6117	14
6118	12
6119	17
6120	13
6121	14
6122	10
6123	13
6124	14
6125	20
6126	11
6127	11
6128	13
6129	17
6130	21
6131	15
6132	18
6133	10
6134	19
6135	9
6136	12
6137	12
6138	16
6139	6
6140	13
6141	11
6142	16
6143	16
6144	14
6145	11
6146	22
6147	10
6148	16
6149	16
6150	21
6151	13
6152	13
6153	21
6154	13
6155	16
6156	18
6157	21
6158	14
6159	12
6160	14
6161	18
6162	18
6163	17
6164	20
6165	15
6166	13
6167	18
6168	19
6169	11
6170	21
6171	23
6172	23
6173	19
6174	16
6175	19
6176	16
6177	15
6178	20
6179	14
6180	14
6181	18
6182	12
6183	14
6184	20
6185	22
6186	10
6187	23
6188	16
6189	19
6190	11
6191	19
6192	19
6193	15
6194	12
6195	16
6196	11
6197	22
6198	16
6199	16
6200	14
6201	16
6202	21
6203	15
6204	17
6205	23
6206	18
6207	9
6208	12
6209	19
6210	15
6211	9
6212	10
6213	20
6214	23
6215	13
6216	11
6217	11
6218	17
6219	23
6220	21
6221	16
6222	16
6223	17
6224	12
6225	15
6226	20
6227	15
6228	10
6229	23
6230	12
6231	12
6232	14
6233	22
6234	11
6235	13
6236	17
6237	12
6238	18
6239	18
6240	12
6241	19
6242	23
6243	17
6244	16
6245	12
6246	19
6247	21
6248	16
6249	15
6250	17
6251	15
6252	16
6253	12
6254	16
6255	26
6256	17
6257	21
6258	10
6259	16
6260	22
6261	16
6262	18
6263	12
6264	17
6265	20
6266	22
6267	18
6268	22
6269	21
6270	13
6271	17
6272	13
6273	17
6274	22
6275	25
6276	11
6277	15
6278	18
6279	15
6280	24
6281	15
6282	22
6283	17
6284	23
6285	23
6286	18
6287	22
6288	21
6289	23
6290	23
6291	21
6292	18
6293	12
6294	16
6295	23
6296	13
6297	20
6298	14
6299	18
6300	15
6301	19
6302	28
6303	19
6304	19
6305	12
6306	15
6307	24
6308	21
6309	21
6310	24
6311	26
6312	12
6313	17
6314	17
6315	19
6316	25
6317	16
6318	21
6319	17
6320	22
6321	14
6322	15
6323	15
6324	17
6325	11
6326	20
6327	30
6328	15
6329	15
6330	15
6331	20
6332	13
6333	13
6334	12
6335	19
6336	21
6337	23
6338	11
6339	17
6340	20
6341	15
6342	17
6343	19
6344	22
6345	33
6346	23
6347	16
6348	21
6349	23
6350	28
6351	21
6352	22
6353	16
6354	20
6355	12
6356	19
6357	25
6358	19
6359	21
6360	20
6361	22
6362	23
6363	23
6364	17
6365	16
6366	15
6367	21
6368	26
6369	14
6370	20
6371	22
6372	24
6373	12
6374	21
6375	21
6376	24
6377	18
6378	21
6379	13
6380	19
6381	22
6382	18
6383	22
6384	22
6385	22
6386	17
6387	14
6388	13
6389	23
6390	25
6391	26
6392	25
6393	21
6394	19
6395	17
6396	17
6397	30
6398	18
6399	17
6400	26
6401	20
6402	14
6403	23
6404	24
6405	24
6406	21
6407	23
6408	23
6409	21
6410	22
6411	17
6412	20
6413	23
6414	15
6415	31
6416	23
6417	24
6418	16
6419	20
6420	27
6421	24
6422	18
6423	14
6424	20
6425	24
6426	22
6427	28
6428	34
6429	23
6430	29
6431	15
6432	19
6433	25
6434	19
6435	19
6436	19
6437	20
6438	20
6439	19
6440	23
6441	28
6442	18
6443	22
6444	23
6445	14
6446	27
6447	27
6448	22
6449	17
6450	20
6451	24
6452	13
6453	22
6454	30
6455	16
6456	21
6457	16
6458	19
6459	31
6460	26
6461	18
6462	20
6463	18
6464	17
6465	19
6466	18
6467	28
6468	22
6469	23
6470	16
6471	19
6472	20
6473	21
6474	29
6475	20
6476	15
6477	20
6478	24
6479	20
6480	30
6481	23
6482	18
6483	19
6484	19
6485	19
6486	20
6487	23
6488	18
6489	29
6490	25
6491	17
6492	31
6493	22
6494	24
6495	23
6496	17
6497	22
6498	20
6499	23
6500	28
6501	24
6502	20
6503	22
6504	20
6505	24
6506	23
6507	27
6508	29
6509	18
6510	29
6511	29
6512	30
6513	18
6514	30
6515	19
6516	23
6517	20
6518	21
6519	23
6520	28
6521	17
6522	29
6523	17
6524	22
6525	20
6526	21
6527	13
6528	27
6529	33
6530	29
6531	19
6532	18
6533	18
6534	16
6535	13
6536	26
6537	24
6538	20
6539	23
6540	22
6541	33
6542	22
6543	27
6544	26
6545	19
6546	27
6547	23
6548	20
6549	24
6550	31
6551	32
6552	11
6553	24
6554	22
6555	25
6556	25
6557	32
6558	21
6559	16
6560	25
6561	27
6562	17
6563	15
6564	31
6565	27
6566	20
6567	16
6568	22
6569	18
6570	25
6571	20
6572	15
6573	21
6574	15
6575	16
6576	26
6577	15
6578	26
6579	22
6580	18
6581	18
6582	18
6583	26
6584	22
6585	19
6586	12
6587	26
6588	24
6589	23
6590	30
6591	22
6592	18
6593	17
6594	18
6595	16
6596	18
6597	24
6598	15
6599	21
6600	25
6601	23
6602	13
6603	27
6604	21
6605	22
6606	20
6607	20
6608	21
6609	21
6610	22
6611	17
6612	17
6613	25
6614	25
6615	22
6616	16
6617	22
6618	21
6619	19
6620	12
6621	18
6622	23
6623	17
6624	18
6625	18
6626	15
6627	25
6628	14
6629	18
6630	17
6631	18
6632	16
6633	21
6634	22
6635	16
6636	12
6637	30
6638	23
6639	20
6640	12
6641	19
6642	17
6643	22
6644	17
6645	21
6646	19
6647	14
6648	13
6649	15
6650	19
6651	21
6652	23
6653	18
6654	19
6655	23
6656	23
6657	8
6658	20
6659	13
6660	25
6661	15
6662	20
6663	14
6664	19
6665	14
6666	20
6667	11
6668	21
6669	17
6670	21
6671	23
6672	12
6673	19
6674	14
6675	14
6676	14
6677	20
6678	14
6679	11
6680	12
6681	20
6682	19
6683	16
6684	12
6685	14
6686	13
6687	20
6688	16
6689	16
6690	17
6691	12
6692	14
6693	18
6694	16
6695	20
6696	6
6697	14
6698	16
6699	21
6700	12
6701	15
6702	13
6703	20
6704	16
6705	15
6706	15
6707	24
6708	23
6709	12
6710	8
6711	10
6712	13
6713	12
6714	15
6715	14
6716	11
6717	19
6718	10
6719	17
6720	10
6721	13
6722	19
6723	12
6724	8
6725	8
6726	14
6727	13
6728	18
6729	7
6730	9
6731	12
6732	10
6733	18
6734	17
6735	12
6736	15
6737	16
6738	21
6739	14
6740	9
6741	9
6742	10
6743	10
6744	8
6745	15
6746	12
6747	16
6748	13
6749	13
6750	15
6751	14
6752	11
6753	10
6754	13
6755	7
6756	15
6757	22
6758	11
6759	15
6760	7
6761	16
6762	13
6763	4
6764	9
6765	11
6766	16
6767	11
6768	9
6769	7
6770	7
6771	10
6772	9
6773	4
6774	12
6775	10
6776	11
6777	9
6778	13
6779	5
6780	13
6781	13
6782	8
6783	6
6784	9
6785	15
6786	13
6787	5
6788	10
6789	13
6790	5
6791	14
6792	9
6793	7
6794	14
6795	13
6796	15
6797	10
6798	7
6799	8
6800	3
6801	10
6802	8
6803	11
6804	8
6805	11
6806	10
6807	15
6808	12
6809	12
6810	7
6811	6
6812	10
6813	7
6814	5
6815	9
6816	5
6817	12
6818	6
6819	6
6820	6
6821	10
6822	9
6823	7
6824	8
6825	12
6826	4
6827	7
6828	6
6829	9
6830	8
6831	6
6832	11
6833	8
6834	5
6835	8
6836	11
6837	6
6838	6
6839	5
6840	7
6841	8
6842	6
6843	5
6844	7
6845	5
6846	3
6847	7
6848	7
6849	3
6850	8
6851	12
6852	3
6853	5
6854	4
6855	9
6856	10
6857	6
6858	1
6859	3
6860	4
6861	6
6862	1
6863	2
6864	5
6865	4
6866	8
6867	6
6868	5
6869	7
6870	5
6871	5
6872	7
6873	3
6874	8
6875	8
6876	3
6877	5
6878	4
6879	2
6880	7
6881	4
6882	5
6883	7
6884	4
6885	6
6886	4
6887	4
6888	4
6889	7
6890	8
6891	8
6892	6
6893	6
6894	3
6895	1
6896	4
6897	6
6898	7
6899	3
6900	5
6901	3
6902	4
6903	1
6904	3
6905	3
6906	2
6907	1
6908	4
6909	5
6910	4
6911	7
6912	5
6913	5
6914	6
6915	6
6916	6
6917	1
6918	3
6919	4
6920	5
6921	5
6922	1
6923	3
6924	3
6925	2
6926	3
6927	2
6928	4
6929	5
6930	1
6931	6
6932	1
6933	2
6934	3
6935	4
6936	0
6937	5
6938	3
6939	2
6940	1
6941	1
6942	3
6943	5
6944	8
6945	5
6946	2
6947	1
6948	3
6949	4
6950	3
6951	3
6952	5
6953	2
6954	1
6955	1
6956	4
6957	5
6958	2
6959	4
6960	1
6961	3
6962	4
6963	4
6964	1
6965	4
6966	3
6967	3
6968	4
6969	4
6970	3
6971	3
6972	1
6973	1
6974	2
6975	0
6976	1
6977	2
6978	3
6979	0
6980	4
6981	3
6982	1
6983	2
6984	2
6985	1
6986	2
6987	1
6988	2
6989	1
6990	2
6991	1
6992	3
6993	2
6994	1
6995	3
6996	3
6997	1
6998	2
6999	0
7000	2
7001	0
7002	0
7003	1
7004	2
7005	2
7006	0
7007	3
7008	0
7009	3
7010	3
7011	1
7012	2
7013	0
7014	2
7015	3
7016	1
7017	1
7018	1
7019	2
7020	4
7021	1
7022	0
7023	0
7024	1
7025	1
7026	1
7027	2
7028	1
7029	1
7030	1
7031	1
7032	3
7033	0
7034	5
7035	4
7036	1
7037	2
7038	1
7039	1
7040	0
7041	2
7042	1
7043	2
7044	0
7045	1
7046	1
7047	0
7048	3
7049	1
7050	0
7051	0
7052	2
7053	1
7054	1
7055	0
7056	1
7057	0
7058	2
7059	0
7060	1
7061	1
7062	1
7063	2
7064	1
7065	2
7066	0
7067	1
7068	2
7069	0
7070	2
7071	1
7072	3
7073	1
7074	1
7075	0
7076	0
7077	1
7078	3
7079	0
7080	0
7081	1
7082	0
7083	1
7084	0
7085	2
7086	0
7087	0
7088	3
7089	0
7090	1
7091	1
7092	1
7093	0
7094	1
7095	0
7096	1
7097	1
7098	0
7099	1
7100	0
7101	1
7102	1
7103	0
7104	0
7105	2
7106	1
7107	2
7108	0
7109	1
7110	2
7111	1
7112	0
7113	1
7114	1
7115	1
7116	0
7117	0
7118	1
7119	3
7120	0
7121	0
7122	0
7123	1
7124	1
7125	0
7126	0
7127	1
7128	2
7129	0
7130	0
7131	1
7132	1
7133	1
7134	1
7135	0
7136	0
7137	1
7138	1
7139	1
7140	2
7141	1
7142	1
7143	0
7144	0
7145	0
7146	0
7147	0
7148	1
7149	0
7150	1
7151	1
7152	1
7153	0
7154	0
7155	0
7156	0
7157	1
7158	1
7159	0
7160	1
7161	1
7162	1
7163	1
7164	1
7165	0
7166	3
7167	0
7168	1
7169	1
7170	0
7171	1
7172	1
7173	1
7174	2
7175	0
7176	1
7177	0
7178	1
7179	0
7180	1
7181	1
7182	0
7183	0
7184	0
7185	1
7186	0
7187	0
7188	2
7189	1
7190	0
7191	2
7192	2
7193	0
7194	0
7195	0
7196	1
7197	0
7198	0
7199	0
7200	0
7201	1
7202	0
7203	1
7204	0
7205	0
7206	1
7207	0
7208	1
7209	0
7210	0
7211	1
7212	0
7213	0
7214	0
7215	0
7216	1
7217	0
7218	2
7219	1
7220	0
7221	0
7222	0
7223	2
7224	0
7225	1
7226	0
7227	1
7228	0
7229	0
7230	2
7231	1
7232	2
7233	2
7234	1
7235	0
7236	0
7237	0
7238	1
7239	2
7240	0
7241	0
7242	1
7243	1
7244	0
7245	1
7246	0
7247	2
7248	0
7249	0
7250	0
7251	1
7252	1
7253	0
7254	0
7255	1
7256	2
7257	0
7258	0
7259	2
7260	0
7261	0
7262	1
7263	2
7264	0
7265	0
7266	0
7267	2
7268	0
7269	1
7270	0
7271	0
7272	0
7273	0
7274	0
7275	1
7276	0
7277	0
7278	1
7279	0
7280	1
7281	0
7282	1
7283	0
7284	1
7285	0
7286	1
7287	0
7288	0
7289	0
7290	1
7291	0
7292	0
7293	2
7294	0
7295	2
7296	0
7297	0
7298	0
7299	0
7300	0
7301	1
7302	0
7303	1
7304	1
7305	0
7306	1
7307	1
7308	0
7309	2
7310	0
7311	0
7312	0
7313	2
7314	0
7315	0
7316	1
7317	1
7318	0
7319	0
7320	0
7321	0
7322	2
7323	0
7324	1
7325	0
7326	1
7327	1
7328	0
7329	1
7330	1
7331	1
7332	1
7333	0
7334	0
7335	0
7336	0
7337	1
7338	0
7339	1
7340	2
7341	3
7342	1
7343	0
7344	1
7345	0
7346	0
7347	0
7348	1
7349	0
7350	0
7351	0
7352	1
7353	1
7354	1
7355	0
7356	0
7357	0
7358	0
7359	1
7360	0
7361	0
7362	1
7363	1
7364	0
7365	2
7366	1
7367	2
7368	0
7369	0
7370	2
7371	1
7372	1
7373	0
7374	0
7375	1
7376	0
7377	1
7378	1
7379	2
7380	1
7381	1
7382	0
7383	0
7384	2
7385	0
7386	2
7387	0
7388	1
7389	0
7390	0
7391	2
7392	1
7393	1
7394	1
7395	2
7396	1
7397	0
7398	1
7399	0
7400	0
7401	0
7402	1
7403	0
7404	0
7405	0
7406	0
7407	0
7408	2
7409	0
7410	1
7411	1
7412	0
7413	1
7414	0
7415	0
7416	0
7417	0
7418	0
7419	1
7420	0
7421	0
7422	0
7423	0
7424	1
7425	0
7426	0
7427	0
7428	0
7429	0
7430	1
7431	1
7432	1
7433	0
7434	0
7435	0
7436	0
7437	1
7438	1
7439	0
7440	0
7441	0
7442	0
7443	1
7444	1
7445	1
7446	1
7447	1
7448	1
7449	0
7450	1
7451	0
7452	1
7453	2
7454	0
7455	0
7456	0
7457	0
7458	0
7459	1
7460	1
7461	0
7462	0
7463	0
7464	0
7465	1
7466	0
7467	2
7468	1
7469	0
7470	0
7471	0
7472	0
7473	2
7474	1
7475	0
7476	1
7477	1
7478	0
7479	0
7480	0
7481	0
7482	0
7483	1
7484	1
7485	0
7486	2
7487	1
7488	2
7489	0
7490	0
7491	0
7492	1
7493	0
7494	0
7495	0
7496	0
7497	0
7498	0
7499	0
7500	0
7501	3
7502	1
7503	0
7504	2
7505	0
7506	1
7507	0
7508	0
7509	0
7510	0
7511	1
7512	1
7513	0
7514	1
7515	1
7516	0
7517	0
7518	0
7519	0
7520	1
7521	2
7522	0
7523	0
7524	0
7525	1
7526	0
7527	1
7528	0
7529	2
7530	0
7531	1
7532	0
7533	0
7534	2
7535	0
7536	0
7537	2
7538	0
7539	0
7540	1
7541	0
7542	0
7543	0
7544	0
7545	0
7546	1
7547	1
7548	1
7549	0
7550	1
7551	0
7552	0
7553	2
7554	0
7555	1
7556	0
7557	1
7558	0
7559	0
7560	0
7561	0
7562	1
7563	0
7564	0
7565	1
7566	2
7567	0
7568	1
7569	1
7570	2
7571	1
7572	0
7573	0
7574	0
7575	0
7576	1
7577	2
7578	0
7579	1
7580	0
7581	0
7582	0
7583	1
7584	1
7585	1
7586	1
7587	1
7588	0
7589	2
7590	0
7591	0
7592	0
7593	0
7594	0
7595	1
7596	0
7597	0
7598	1
7599	0
7600	2
7601	0
7602	0
7603	0
7604	1
7605	2
7606	0
7607	0
7608	1
7609	0
7610	2
7611	0
7612	0
7613	0
7614	0
7615	0
7616	0
7617	0
7618	4
7619	1
7620	1
7621	0
7622	1
7623	1
7624	0
7625	0
7626	0
7627	0
7628	2
7629	0
7630	2
7631	0
7632	2
7633	0
7634	1
7635	0
7636	0
7637	0
7638	0
7639	1
7640	2
7641	0
7642	0
7643	0
7644	0
7645	3
7646	0
7647	1
7648	0
7649	2
7650	1
7651	0
7652	1
7653	0
7654	2
7655	3
7656	0
7657	0
7658	1
7659	0
7660	1
7661	0
7662	0
7663	0
7664	0
7665	0
7666	0
7667	1
7668	1
7669	0
7670	1
7671	0
7672	0
7673	0
7674	0
7675	0
7676	1
7677	1
7678	0
7679	0
7680	0
7681	0
7682	0
7683	0
7684	0
7685	1
7686	1
7687	1
7688	0
7689	1
7690	0
7691	0
7692	1
7693	0
7694	2
7695	1
7696	0
7697	0
7698	2
7699	1
7700	1
7701	0
7702	0
7703	0
7704	2
7705	0
7706	0
7707	0
7708	1
7709	0
7710	0
7711	0
7712	1
7713	0
7714	1
7715	0
7716	1
7717	0
7718	1
7719	0
7720	0
7721	0
7722	0
7723	0
7724	0
7725	1
7726	1
7727	0
7728	0
7729	1
7730	1
7731	0
7732	0
7733	0
7734	1
7735	0
7736	0
7737	1
7738	1
7739	1
7740	1
7741	0
7742	0
7743	0
7744	0
7745	0
7746	0
7747	1
7748	1
7749	1
7750	1
7751	0
7752	1
7753	0
7754	0
7755	0
7756	0
7757	0
7758	0
7759	1
7760	1
7761	0
7762	0
7763	0
7764	0
7765	0
7766	0
7767	0
7768	0
7769	1
7770	0
7771	0
7772	1
7773	0
7774	2
7775	0
7776	1
7777	0
7778	0
7779	0
7780	0
7781	2
7782	0
7783	0
7784	1
7785	1
7786	1
7787	1
7788	2
7789	0
7790	0
7791	1
7792	0
7793	0
7794	0
7795	1
7796	0
7797	0
7798	2
7799	0
7800	0
7801	1
7802	0
7803	1
7804	0
7805	1
7806	0
7807	2
7808	0
7809	0
7810	1
7811	0
7812	1
7813	0
7814	0
7815	0
7816	0
7817	0
7818	0
7819	1
7820	0
7821	0
7822	0
7823	0
7824	0
7825	0
7826	0
7827	1
7828	1
7829	0
7830	0
7831	0
7832	1
7833	1
7834	0
7835	0
7836	0
7837	0
7838	0
7839	0
7840	0
7841	2
7842	0
7843	1
7844	0
7845	1
7846	0
7847	0
7848	0
7849	1
7850	0
7851	0
7852	1
7853	0
7854	0
7855	1
7856	1
7857	0
7858	0
7859	0
7860	0
7861	0
7862	4
7863	0
7864	0
7865	0
7866	0
7867	0
7868	1
7869	0
7870	0
7871	0
7872	1
7873	0
7874	1
7875	1
7876	1
7877	0
7878	1
7879	0
7880	1
7881	1
7882	2
7883	1
7884	0
7885	0
7886	0
7887	1
7888	1
7889	1
7890	1
7891	0
7892	0
7893	1
7894	2
7895	0
7896	0
7897	0
7898	1
7899	1
7900	1
7901	2
7902	0
7903	1
7904	0
7905	0
7906	0
7907	2
7908	0
7909	0
7910	2
7911	1
7912	1
7913	1
7914	0
7915	1
7916	0
7917	0
7918	0
7919	0
7920	0
7921	0
7922	0
7923	0
7924	1
7925	1
7926	1
7927	0
7928	0
7929	0
7930	0
7931	0
7932	1
7933	0
7934	1
7935	0
7936	0
7937	0
7938	1
7939	0
7940	0
7941	0
7942	0
7943	0
7944	0
7945	0
7946	0
7947	1
7948	0
7949	0
7950	1
7951	0
7952	0
7953	1
7954	0
7955	0
7956	1
7957	0
7958	1
7959	0
7960	1
7961	0
7962	3
7963	0
7964	1
7965	1
7966	1
7967	0
7968	0
7969	0
7970	1
7971	0
7972	0
7973	1
7974	0
7975	0
7976	1
7977	1
7978	0
7979	0
7980	0
7981	0
7982	2
7983	0
7984	1
7985	0
7986	4
7987	0
7988	2
7989	3
7990	1
7991	0
7992	0
7993	0
7994	0
7995	1
7996	1
7997	0
7998	0
7999	1
8000	2
8001	0
8002	2
8003	1
8004	0
8005	1
8006	0
8007	2
8008	1
8009	0
8010	0
8011	1
8012	0
8013	0
8014	0
8015	0
8016	0
8017	0
8018	0
8019	0
8020	0
8021	0
8022	2
8023	0
8024	0
8025	0
8026	0
8027	0
8028	0
8029	0
8030	0
8031	0
8032	1
8033	0
8034	0
8035	1
8036	0
8037	0
8038	0
8039	1
8040	0
8041	0
8042	0
8043	1
8044	0
8045	0
8046	2
8047	0
8048	0
8049	0
8050	0
8051	0
8052	0
8053	1
8054	0
8055	0
8056	0
8057	0
8058	1
8059	1
8060	0
8061	1
8062	0
8063	0
8064	2
8065	0
8066	1
8067	0
8068	1
8069	0
8070	1
8071	0
8072	0
8073	0
8074	0
8075	0
8076	0
8077	1
8078	0
8079	1
8080	0
8081	1
8082	0
8083	0
8084	0
8085	0
8086	0
8087	0
8088	0
8089	0
8090	0
8091	0
8092	0
8093	0
8094	0
8095	0
8096	0
8097	0
8098	0
8099	0
8100	0
8101	0
8102	0
8103	0
8104	0
8105	0
8106	0
8107	0
8108	0
8109	0
8110	0
8111	0
8112	0
8113	0
8114	0
8115	0
8116	0
8117	0
8118	0
8119	0
8120	0
8121	0
8122	0
8123	0
8124	0
8125	0
8126	0
8127	0
8128	0
8129	0
8130	0
8131	0
8132	0
8133	0
8134	0
8135	0
8136	0
8137	0
8138	0
8139	0
8140	0
8141	0
8142	0
8143	0
8144	0
8145	0
8146	0
8147	0
8148	0
8149	0
8150	0
8151	0
8152	0
8153	0
8154	0
8155	0
8156	0
8157	0
8158	0
8159	0
8160	0
8161	0
8162	0
8163	0
8164	0
8165	0
8166	0
8167	0
8168	0
8169	0
8170	0
8171	0
8172	0
8173	0
8174	0
8175	0
8176	0
8177	0
8178	0
8179	0
8180	0
8181	0
8182	0
8183	0
8184	0
8185	0
8186	0
8187	0
8188	0
8189	0
8190	0
8191	0
