0	0
1	0
2	0
3	0
4	0
5	0
6	0
7	0
8	0
9	0
10	0
11	0
12	0
13	0
14	0
15	0
16	0
17	0
18	0
19	0
20	0
21	0
22	0
23	0
24	0
25	0
26	0
27	0
28	0
29	0
30	0
31	0
32	0
33	0
34	0
35	0
36	0
37	0
38	0
39	0
40	0
41	0
42	0
43	0
44	0
45	0
46	0
47	0
48	0
49	0
50	0
51	0
52	0
53	0
54	0
55	0
56	0
57	0
58	0
59	0
60	0
61	0
62	0
63	0
64	0
65	0
66	0
67	0
68	0
69	0
70	0
71	0
72	0
73	0
74	0
75	0
76	0
77	0
78	0
79	0
80	1
81	0
82	0
83	1
84	2
85	4
86	8
87	12
88	15
89	10
90	19
91	17
92	11
93	16
94	12
95	11
96	13
97	17
98	10
99	8
100	17
101	13
102	11
103	20
104	9
105	9
106	14
107	14
108	10
109	13
110	5
111	10
112	13
113	17
114	13
115	9
116	9
117	13
118	7
119	18
120	8
121	13
122	13
123	11
124	11
125	7
126	11
127	10
128	14
129	5
130	9
131	10
132	10
133	8
134	26
135	6
136	9
137	14
138	9
139	10
140	7
141	9
142	10
143	7
144	13
145	6
146	11
147	9
148	11
149	7
150	14
151	15
152	15
153	13
154	7
155	11
156	12
157	15
158	8
159	13
160	15
161	9
162	7
163	7
164	10
165	16
166	10
167	16
168	11
169	10
170	11
171	11
172	8
173	10
174	9
175	12
176	14
177	7
178	11
179	20
180	20
181	9
182	11
183	17
184	6
185	12
186	9
187	11
188	16
189	16
190	14
191	17
192	14
193	12
194	9
195	7
196	11
197	6
198	14
199	12
200	10
201	12
202	11
203	9
204	9
205	17
206	16
207	15
208	13
209	14
210	12
211	15
212	12
213	11
214	16
215	11
216	12
217	14
218	3
219	6
220	7
221	11
222	13
223	11
224	13
225	13
226	15
227	17
228	11
229	11
230	15
231	14
232	10
233	13
234	13
235	11
236	10
237	13
238	10
239	13
240	13
241	13
242	11
243	20
244	12
245	10
246	11
247	11
248	13
249	12
250	8
251	14
252	15
253	12
254	12
255	8
256	15
257	8
258	14
259	11
260	14
261	13
262	10
263	13
264	11
265	11
266	13
267	11
268	12
269	14
270	10
271	14
272	14
273	11
274	10
275	13
276	5
277	14
278	18
279	7
280	16
281	15
282	14
283	14
284	13
285	9
286	10
287	11
288	10
289	10
290	13
291	11
292	12
293	11
294	10
295	8
296	16
297	17
298	15
299	10
300	15
301	11
302	16
303	13
304	12
305	11
306	18
307	13
308	5
309	13
310	10
311	9
312	9
313	16
314	12
315	12
316	9
317	13
318	8
319	12
320	6
321	13
322	12
323	8
324	7
325	11
326	11
327	13
328	12
329	9
330	8
331	18
332	7
333	14
334	8
335	16
336	13
337	12
338	13
339	16
340	14
341	10
342	17
343	17
344	9
345	10
346	13
347	13
348	15
349	10
350	15
351	14
352	18
353	14
354	19
355	12
356	13
357	7
358	14
359	17
360	15
361	14
362	11
363	18
364	9
365	9
366	8
367	11
368	13
369	15
370	9
371	15
372	9
373	12
374	10
375	13
376	9
377	7
378	13
379	9
380	15
381	10
382	9
383	10
384	13
385	12
386	9
387	9
388	6
389	21
390	16
391	11
392	8
393	15
394	11
395	15
396	15
397	16
398	11
399	16
400	8
401	7
402	12
403	13
404	14
405	14
406	11
407	17
408	7
409	10
410	15
411	12
412	12
413	16
414	12
415	17
416	14
417	12
418	10
419	10
420	11
421	8
422	16
423	11
424	21
425	8
426	13
427	10
428	4
429	15
430	10
431	15
432	14
433	17
434	13
435	14
436	13
437	12
438	14
439	13
440	16
441	10
442	11
443	12
444	14
445	19
446	14
447	17
448	17
449	9
450	10
451	17
452	14
453	18
454	14
455	20
456	14
457	16
458	12
459	13
460	8
461	24
462	16
463	9
464	9
465	19
466	11
467	21
468	9
469	13
470	9
471	18
472	16
473	16
474	12
475	10
476	15
477	21
478	11
479	11
480	10
481	17
482	10
483	17
484	16
485	5
486	13
487	11
488	19
489	14
490	17
491	15
492	12
493	5
494	11
495	12
496	14
497	14
498	10
499	13
500	12
501	19
502	8
503	11
504	11
505	13
506	11
507	12
508	13
509	15
510	20
511	9
512	20
513	20
514	11
515	16
516	12
517	20
518	15
519	6
520	8
521	18
522	15
523	22
524	10
525	8
526	16
527	9
528	9
529	14
530	10
531	12
532	21
533	13
534	10
535	16
536	15
537	9
538	15
539	17
540	16
541	14
542	11
543	16
544	11
545	13
546	12
547	25
548	17
549	4
550	17
551	5
552	9
553	22
554	15
555	9
556	23
557	15
558	12
559	13
560	8
561	7
562	14
563	4
564	15
565	14
566	16
567	14
568	10
569	12
570	10
571	9
572	14
573	13
574	10
575	7
576	11
577	13
578	12
579	11
580	12
581	19
582	13
583	18
584	14
585	16
586	18
587	11
588	13
589	11
590	21
591	12
592	8
593	11
594	9
595	15
596	20
597	17
598	8
599	15
600	19
601	20
602	24
603	13
604	10
605	9
606	21
607	16
608	17
609	13
610	9
611	16
612	12
613	11
614	14
615	18
616	15
617	7
618	10
619	12
620	12
621	12
622	13
623	13
624	19
625	15
626	16
627	12
628	11
629	8
630	11
631	15
632	15
633	12
634	15
635	12
636	19
637	18
638	8
639	8
640	12
641	9
642	12
643	19
644	10
645	20
646	14
647	13
648	9
649	17
650	13
651	16
652	15
653	16
654	14
655	13
656	14
657	17
658	13
659	17
660	13
661	12
662	11
663	22
664	12
665	17
666	11
667	13
668	15
669	18
670	15
671	13
672	21
673	12
674	21
675	14
676	13
677	13
678	19
679	13
680	18
681	13
682	20
683	10
684	17
685	14
686	12
687	16
688	17
689	12
690	18
691	10
692	11
693	18
694	15
695	12
696	12
697	17
698	19
699	11
700	22
701	16
702	14
703	13
704	14
705	22
706	15
707	14
708	11
709	13
710	19
711	21
712	15
713	12
714	14
715	18
716	16
717	23
718	18
719	19
720	24
721	23
722	15
723	23
724	17
725	9
726	23
727	13
728	16
729	11
730	10
731	17
732	12
733	18
734	18
735	23
736	17
737	13
738	13
739	12
740	10
741	23
742	25
743	16
744	22
745	9
746	18
747	17
748	11
749	24
750	21
751	13
752	14
753	24
754	20
755	13
756	19
757	17
758	18
759	19
760	19
761	18
762	20
763	18
764	19
765	25
766	23
767	16
768	22
769	17
770	13
771	20
772	23
773	22
774	23
775	17
776	21
777	20
778	18
779	20
780	27
781	15
782	15
783	12
784	19
785	15
786	17
787	18
788	20
789	30
790	29
791	22
792	20
793	23
794	22
795	24
796	22
797	28
798	27
799	21
800	25
801	14
802	22
803	30
804	17
805	14
806	25
807	29
808	21
809	29
810	16
811	25
812	18
813	23
814	17
815	28
816	25
817	17
818	19
819	15
820	31
821	23
822	15
823	27
824	29
825	28
826	19
827	23
828	18
829	28
830	22
831	22
832	15
833	30
834	16
835	28
836	30
837	29
838	19
839	25
840	20
841	12
842	20
843	19
844	21
845	20
846	30
847	18
848	22
849	23
850	25
851	28
852	21
853	19
854	17
855	24
856	25
857	28
858	22
859	19
860	19
861	29
862	23
863	26
864	21
865	20
866	27
867	19
868	21
869	18
870	26
871	25
872	25
873	17
874	18
875	27
876	16
877	24
878	23
879	22
880	23
881	18
882	21
883	18
884	21
885	18
886	14
887	21
888	13
889	17
890	12
891	23
892	21
893	22
894	24
895	16
896	12
897	25
898	19
899	15
900	21
901	23
902	14
903	15
904	21
905	16
906	21
907	21
908	17
909	19
910	17
911	18
912	17
913	20
914	17
915	18
916	19
917	22
918	19
919	20
920	22
921	22
922	19
923	23
924	22
925	23
926	20
927	21
928	22
929	17
930	16
931	12
932	18
933	15
934	13
935	21
936	12
937	25
938	15
939	21
940	14
941	15
942	13
943	24
944	20
945	24
946	18
947	11
948	23
949	22
950	22
951	13
952	17
953	13
954	19
955	25
956	25
957	28
958	18
959	21
960	18
961	20
962	25
963	15
964	18
965	22
966	19
967	19
968	17
969	20
970	26
971	15
972	19
973	16
974	22
975	15
976	15
977	26
978	13
979	18
980	29
981	12
982	13
983	24
984	14
985	27
986	10
987	18
988	19
989	19
990	20
991	10
992	18
993	22
994	15
995	15
996	20
997	23
998	17
999	18
1000	22
1001	21
1002	18
1003	25
1004	13
1005	17
1006	22
1007	9
1008	16
1009	19
1010	19
1011	15
1012	21
1013	14
1014	14
1015	20
1016	17
1017	23
1018	18
1019	16
1020	20
1021	17
1022	17
1023	16
1024	20
1025	20
1026	24
1027	24
1028	10
1029	20
1030	11
1031	20
1032	17
1033	15
1034	9
1035	15
1036	18
1037	25
1038	18
1039	12
1040	12
1041	16
1042	12
1043	21
1044	21
1045	16
1046	17
1047	20
1048	22
1049	22
1050	15
1051	21
1052	14
1053	19
1054	22
1055	20
1056	11
1057	22
1058	20
1059	24
1060	24
1061	23
1062	16
1063	19
1064	14
1065	18
1066	22
1067	13
1068	20
1069	25
1070	22
1071	29
1072	8
1073	23
1074	18
1075	29
1076	19
1077	12
1078	24
1079	23
1080	16
1081	22
1082	23
1083	15
1084	17
1085	20
1086	16
1087	24
1088	24
1089	15
1090	19
1091	13
1092	25
1093	14
1094	20
1095	19
1096	14
1097	15
1098	18
1099	17
1100	12
1101	16
1102	18
1103	21
1104	18
1105	20
1106	19
1107	17
1108	18
1109	16
1110	22
1111	20
1112	20
1113	24
1114	25
1115	17
1116	12
1117	19
1118	19
1119	23
1120	22
1121	22
1122	11
1123	12
1124	23
1125	26
1126	14
1127	13
1128	16
1129	16
1130	21
1131	19
1132	32
1133	17
1134	18
1135	24
1136	12
1137	18
1138	12
1139	14
1140	13
1141	12
1142	20
1143	11
1144	22
1145	20
1146	11
1147	11
1148	18
1149	26
1150	20
1151	20
1152	21
1153	17
1154	12
1155	20
1156	14
1157	11
1158	17
1159	21
1160	22
1161	15
1162	22
1163	11
1164	18
1165	20
1166	25
1167	29
1168	19
1169	9
1170	19
1171	15
1172	19
1173	17
1174	17
1175	17
1176	22
1177	18
1178	31
1179	22
1180	18
1181	20
1182	15
1183	15
1184	20
1185	15
1186	14
1187	19
1188	21
1189	20
1190	12
1191	18
1192	21
1193	16
1194	11
1195	28
1196	24
1197	22
1198	21
1199	17
1200	18
1201	30
1202	18
1203	21
1204	20
1205	16
1206	27
1207	14
1208	33
1209	20
1210	15
1211	20
1212	29
1213	16
1214	14
1215	16
1216	20
1217	25
1218	20
1219	23
1220	23
1221	23
1222	26
1223	30
1224	20
1225	20
1226	19
1227	12
1228	24
1229	18
1230	21
1231	20
1232	13
1233	15
1234	20
1235	15
1236	19
1237	23
1238	18
1239	19
1240	15
1241	17
1242	22
1243	11
1244	20
1245	25
1246	28
1247	25
1248	29
1249	21
1250	20
1251	15
1252	23
1253	8
1254	18
1255	20
1256	20
1257	16
1258	19
1259	26
1260	26
1261	23
1262	17
1263	17
1264	23
1265	20
1266	25
1267	23
1268	24
1269	22
1270	27
1271	18
1272	23
1273	23
1274	17
1275	16
1276	23
1277	24
1278	21
1279	25
1280	17
1281	21
1282	20
1283	17
1284	16
1285	19
1286	16
1287	16
1288	13
1289	20
1290	14
1291	19
1292	24
1293	18
1294	17
1295	30
1296	25
1297	30
1298	27
1299	20
1300	33
1301	7
1302	15
1303	19
1304	16
1305	21
1306	28
1307	16
1308	22
1309	21
1310	17
1311	21
1312	26
1313	20
1314	24
1315	20
1316	21
1317	20
1318	20
1319	25
1320	17
1321	18
1322	20
1323	22
1324	18
1325	31
1326	20
1327	24
1328	27
1329	36
1330	27
1331	24
1332	27
1333	20
1334	27
1335	26
1336	19
1337	25
1338	14
1339	30
1340	28
1341	20
1342	25
1343	23
1344	37
1345	15
1346	21
1347	19
1348	15
1349	25
1350	17
1351	23
1352	29
1353	29
1354	12
1355	28
1356	20
1357	17
1358	22
1359	20
1360	24
1361	20
1362	15
1363	18
1364	26
1365	16
1366	23
1367	15
1368	23
1369	18
1370	22
1371	16
1372	26
1373	12
1374	26
1375	31
1376	21
1377	21
1378	23
1379	27
1380	29
1381	32
1382	23
1383	32
1384	27
1385	27
1386	22
1387	27
1388	23
1389	29
1390	23
1391	21
1392	25
1393	25
1394	24
1395	22
1396	27
1397	25
1398	27
1399	17
1400	18
1401	20
1402	17
1403	20
1404	21
1405	14
1406	26
1407	15
1408	34
1409	18
1410	20
1411	22
1412	15
1413	27
1414	25
1415	25
1416	25
1417	27
1418	30
1419	24
1420	25
1421	20
1422	22
1423	24
1424	25
1425	18
1426	21
1427	20
1428	23
1429	21
1430	24
1431	36
1432	24
1433	25
1434	32
1435	22
1436	24
1437	22
1438	19
1439	24
1440	24
1441	15
1442	15
1443	26
1444	26
1445	32
1446	15
1447	30
1448	26
1449	22
1450	26
1451	17
1452	22
1453	20
1454	19
1455	26
1456	17
1457	27
1458	31
1459	25
1460	21
1461	31
1462	35
1463	29
1464	26
1465	15
1466	22
1467	17
1468	27
1469	18
1470	35
1471	39
1472	35
1473	28
1474	26
1475	26
1476	28
1477	23
1478	28
1479	27
1480	20
1481	21
1482	24
1483	17
1484	38
1485	13
1486	17
1487	25
1488	22
1489	33
1490	17
1491	24
1492	20
1493	26
1494	25
1495	23
1496	27
1497	24
1498	23
1499	21
1500	29
1501	27
1502	30
1503	18
1504	21
1505	24
1506	25
1507	26
1508	26
1509	16
1510	28
1511	30
1512	18
1513	19
1514	32
1515	38
1516	17
1517	24
1518	23
1519	18
1520	20
1521	23
1522	22
1523	21
1524	20
1525	13
1526	24
1527	30
1528	24
1529	24
1530	19
1531	24
1532	18
1533	26
1534	26
1535	20
1536	27
1537	34
1538	25
1539	16
1540	28
1541	23
1542	29
1543	27
1544	23
1545	31
1546	28
1547	37
1548	27
1549	21
1550	23
1551	29
1552	27
1553	32
1554	34
1555	22
1556	20
1557	25
1558	24
1559	17
1560	29
1561	23
1562	21
1563	19
1564	37
1565	17
1566	23
1567	22
1568	23
1569	23
1570	27
1571	31
1572	21
1573	25
1574	27
1575	20
1576	28
1577	30
1578	23
1579	26
1580	30
1581	32
1582	24
1583	29
1584	33
1585	26
1586	22
1587	22
1588	24
1589	21
1590	23
1591	25
1592	32
1593	36
1594	19
1595	23
1596	20
1597	29
1598	25
1599	22
1600	23
1601	27
1602	25
1603	25
1604	28
1605	31
1606	29
1607	22
1608	21
1609	21
1610	27
1611	24
1612	18
1613	27
1614	27
1615	20
1616	29
1617	21
1618	32
1619	20
1620	29
1621	34
1622	22
1623	23
1624	33
1625	24
1626	26
1627	36
1628	29
1629	21
1630	25
1631	39
1632	29
1633	32
1634	22
1635	36
1636	22
1637	24
1638	15
1639	32
1640	22
1641	23
1642	19
1643	23
1644	30
1645	20
1646	19
1647	27
1648	29
1649	26
1650	30
1651	22
1652	23
1653	21
1654	23
1655	22
1656	24
1657	17
1658	25
1659	30
1660	26
1661	27
1662	26
1663	28
1664	31
1665	18
1666	27
1667	19
1668	21
1669	26
1670	22
1671	20
1672	23
1673	26
1674	23
1675	31
1676	28
1677	26
1678	20
1679	24
1680	31
1681	31
1682	24
1683	29
1684	24
1685	22
1686	34
1687	28
1688	28
1689	16
1690	22
1691	27
1692	30
1693	22
1694	42
1695	20
1696	34
1697	28
1698	26
1699	25
1700	34
1701	24
1702	26
1703	28
1704	34
1705	25
1706	25
1707	31
1708	24
1709	32
1710	32
1711	23
1712	34
1713	33
1714	20
1715	30
1716	25
1717	20
1718	25
1719	20
1720	25
1721	14
1722	35
1723	31
1724	26
1725	31
1726	22
1727	29
1728	26
1729	31
1730	32
1731	26
1732	30
1733	18
1734	27
1735	28
1736	30
1737	33
1738	25
1739	24
1740	24
1741	26
1742	10
1743	28
1744	21
1745	20
1746	22
1747	30
1748	17
1749	21
1750	21
1751	16
1752	32
1753	29
1754	25
1755	28
1756	30
1757	39
1758	19
1759	20
1760	30
1761	16
1762	31
1763	30
1764	18
1765	28
1766	25
1767	22
1768	32
1769	19
1770	25
1771	43
1772	20
1773	30
1774	19
1775	31
1776	16
1777	30
1778	19
1779	27
1780	25
1781	32
1782	28
1783	19
1784	27
1785	25
1786	24
1787	29
1788	24
1789	23
1790	23
1791	23
1792	21
1793	33
1794	26
1795	19
1796	26
1797	26
1798	28
1799	34
1800	26
1801	32
1802	27
1803	31
1804	29
1805	37
1806	22
1807	41
1808	15
1809	17
1810	29
1811	22
1812	31
1813	27
1814	27
1815	24
1816	33
1817	28
1818	24
1819	25
1820	27
1821	28
1822	20
1823	20
1824	26
1825	14
1826	29
1827	26
1828	28
1829	26
1830	33
1831	19
1832	29
1833	24
1834	28
1835	33
1836	29
1837	37
1838	34
1839	26
1840	29
1841	25
1842	30
1843	23
1844	23
1845	24
1846	40
1847	27
1848	38
1849	22
1850	21
1851	26
1852	23
1853	25
1854	30
1855	18
1856	36
1857	31
1858	26
1859	20
1860	27
1861	24
1862	32
1863	35
1864	29
1865	24
1866	29
1867	28
1868	29
1869	22
1870	30
1871	25
1872	30
1873	30
1874	33
1875	21
1876	30
1877	29
1878	28
1879	29
1880	32
1881	37
1882	28
1883	39
1884	24
1885	34
1886	35
1887	35
1888	26
1889	23
1890	29
1891	31
1892	22
1893	36
1894	29
1895	29
1896	29
1897	24
1898	24
1899	24
1900	30
1901	34
1902	29
1903	21
1904	25
1905	29
1906	35
1907	34
1908	25
1909	29
1910	29
1911	30
1912	35
1913	24
1914	36
1915	24
1916	33
1917	29
1918	42
1919	22
1920	14
1921	33
1922	29
1923	24
1924	20
1925	37
1926	38
1927	38
1928	27
1929	37
1930	29
1931	25
1932	26
1933	22
1934	31
1935	29
1936	30
1937	34
1938	29
1939	26
1940	26
1941	33
1942	33
1943	28
1944	33
1945	29
1946	22
1947	32
1948	33
1949	28
1950	29
1951	25
1952	32
1953	28
1954	31
1955	23
1956	41
1957	26
1958	33
1959	30
1960	27
1961	29
1962	27
1963	28
1964	33
1965	28
1966	37
1967	28
1968	25
1969	25
1970	32
1971	31
1972	19
1973	29
1974	16
1975	28
1976	27
1977	19
1978	25
1979	34
1980	27
1981	22
1982	29
1983	26
1984	21
1985	26
1986	31
1987	38
1988	31
1989	24
1990	18
1991	31
1992	28
1993	25
1994	33
1995	23
1996	33
1997	28
1998	27
1999	32
2000	31
2001	44
2002	24
2003	38
2004	32
2005	39
2006	30
2007	26
2008	28
2009	36
2010	26
2011	38
2012	28
2013	29
2014	24
2015	26
2016	32
2017	38
2018	17
2019	37
2020	30
2021	36
2022	25
2023	31
2024	28
2025	32
2026	28
2027	30
2028	31
2029	34
2030	19
2031	35
2032	29
2033	34
2034	28
2035	38
2036	31
2037	23
2038	43
2039	29
2040	18
2041	27
2042	32
2043	20
2044	32
2045	32
2046	29
2047	26
2048	34
2049	26
2050	37
2051	27
2052	35
2053	25
2054	20
2055	26
2056	36
2057	28
2058	28
2059	24
2060	19
2061	17
2062	29
2063	30
2064	34
2065	29
2066	20
2067	37
2068	24
2069	33
2070	24
2071	22
2072	34
2073	26
2074	29
2075	31
2076	24
2077	27
2078	35
2079	24
2080	26
2081	21
2082	29
2083	35
2084	21
2085	24
2086	30
2087	36
2088	21
2089	26
2090	27
2091	23
2092	26
2093	28
2094	22
2095	28
2096	37
2097	29
2098	29
2099	26
2100	30
2101	23
2102	25
2103	20
2104	30
2105	33
2106	34
2107	32
2108	30
2109	15
2110	28
2111	27
2112	24
2113	26
2114	34
2115	24
2116	20
2117	23
2118	30
2119	33
2120	19
2121	21
2122	18
2123	24
2124	28
2125	24
2126	27
2127	26
2128	21
2129	31
2130	23
2131	30
2132	16
2133	27
2134	32
2135	25
2136	28
2137	23
2138	25
2139	26
2140	37
2141	19
2142	27
2143	19
2144	21
2145	30
2146	22
2147	22
2148	17
2149	33
2150	26
2151	25
2152	27
2153	24
2154	22
2155	24
2156	26
2157	23
2158	28
2159	16
2160	20
2161	24
2162	21
2163	33
2164	28
2165	25
2166	25
2167	31
2168	19
2169	35
2170	20
2171	29
2172	20
2173	35
2174	29
2175	21
2176	22
2177	25
2178	27
2179	23
2180	21
2181	24
2182	22
2183	30
2184	27
2185	26
2186	24
2187	33
2188	28
2189	25
2190	26
2191	27
2192	22
2193	38
2194	33
2195	30
2196	24
2197	22
2198	18
2199	24
2200	25
2201	19
2202	21
2203	32
2204	25
2205	33
2206	17
2207	24
2208	25
2209	25
2210	16
2211	21
2212	30
2213	38
2214	26
2215	23
2216	28
2217	28
2218	27
2219	25
2220	23
2221	30
2222	29
2223	28
2224	25
2225	22
2226	25
2227	24
2228	35
2229	36
2230	20
2231	23
2232	22
2233	21
2234	31
2235	28
2236	24
2237	25
2238	24
2239	25
2240	30
2241	31
2242	28
2243	23
2244	22
2245	21
2246	26
2247	23
2248	23
2249	28
2250	30
2251	20
2252	25
2253	31
2254	25
2255	25
2256	18
2257	18
2258	24
2259	23
2260	27
2261	23
2262	22
2263	21
2264	22
2265	31
2266	22
2267	25
2268	26
2269	22
2270	28
2271	20
2272	13
2273	26
2274	22
2275	15
2276	25
2277	24
2278	36
2279	27
2280	27
2281	26
2282	29
2283	26
2284	35
2285	27
2286	26
2287	27
2288	18
2289	25
2290	27
2291	29
2292	15
2293	25
2294	30
2295	28
2296	24
2297	29
2298	29
2299	26
2300	22
2301	20
2302	25
2303	30
2304	34
2305	29
2306	26
2307	20
2308	27
2309	19
2310	25
2311	31
2312	21
2313	29
2314	27
2315	35
2316	21
2317	19
2318	28
2319	27
2320	27
2321	25
2322	21
2323	24
2324	15
2325	28
2326	31
2327	12
2328	21
2329	25
2330	29
2331	24
2332	24
2333	27
2334	27
2335	24
2336	25
2337	22
2338	20
2339	34
2340	33
2341	26
2342	22
2343	31
2344	22
2345	19
2346	23
2347	23
2348	17
2349	24
2350	23
2351	24
2352	22
2353	27
2354	24
2355	24
2356	25
2357	22
2358	13
2359	26
2360	31
2361	34
2362	17
2363	25
2364	20
2365	25
2366	31
2367	15
2368	14
2369	23
2370	23
2371	25
2372	23
2373	20
2374	28
2375	31
2376	26
2377	21
2378	21
2379	27
2380	23
2381	21
2382	28
2383	28
2384	32
2385	28
2386	31
2387	19
2388	19
2389	22
2390	28
2391	35
2392	32
2393	27
2394	23
2395	17
2396	23
2397	18
2398	27
2399	19
2400	34
2401	28
2402	20
2403	23
2404	34
2405	31
2406	18
2407	28
2408	14
2409	27
2410	32
2411	28
2412	26
2413	26
2414	25
2415	26
2416	23
2417	23
2418	24
2419	30
2420	23
2421	20
2422	20
2423	19
2424	18
2425	25
2426	21
2427	19
2428	21
2429	31
2430	25
2431	25
2432	22
2433	20
2434	23
2435	37
2436	17
2437	20
2438	22
2439	21
2440	28
2441	26
2442	25
2443	22
2444	33
2445	30
2446	19
2447	27
2448	20
2449	25
2450	27
2451	28
2452	22
2453	20
2454	25
2455	23
2456	16
2457	17
2458	19
2459	30
2460	19
2461	21
2462	19
2463	20
2464	26
2465	19
2466	19
2467	26
2468	26
2469	20
2470	22
2471	20
2472	27
2473	18
2474	17
2475	31
2476	23
2477	20
2478	31
2479	22
2480	19
2481	19
2482	19
2483	23
2484	22
2485	21
2486	26
2487	27
2488	21
2489	28
2490	24
2491	17
2492	20
2493	19
2494	23
2495	21
2496	11
2497	29
2498	14
2499	25
2500	26
2501	23
2502	20
2503	31
2504	22
2505	30
2506	18
2507	15
2508	20
2509	24
2510	24
2511	25
2512	24
2513	29
2514	18
2515	23
2516	21
2517	31
2518	20
2519	23
2520	22
2521	28
2522	24
2523	28
2524	18
2525	22
2526	22
2527	18
2528	24
2529	16
2530	24
2531	32
2532	25
2533	23
2534	26
2535	15
2536	26
2537	23
2538	19
2539	19
2540	22
2541	20
2542	31
2543	29
2544	23
2545	21
2546	19
2547	33
2548	30
2549	29
2550	24
2551	21
2552	22
2553	26
2554	22
2555	21
2556	22
2557	26
2558	22
2559	16
2560	27
2561	16
2562	20
2563	27
2564	14
2565	29
2566	16
2567	16
2568	28
2569	28
2570	28
2571	28
2572	17
2573	26
2574	23
2575	27
2576	19
2577	23
2578	16
2579	24
2580	16
2581	36
2582	21
2583	15
2584	17
2585	26
2586	20
2587	20
2588	16
2589	20
2590	18
2591	20
2592	21
2593	20
2594	20
2595	25
2596	21
2597	22
2598	18
2599	23
2600	21
2601	26
2602	18
2603	28
2604	20
2605	18
2606	19
2607	25
2608	29
2609	20
2610	19
2611	35
2612	27
2613	28
2614	17
2615	16
2616	18
2617	21
2618	19
2619	21
2620	13
2621	23
2622	19
2623	24
2624	24
2625	22
2626	20
2627	14
2628	21
2629	34
2630	19
2631	15
2632	19
2633	25
2634	22
2635	16
2636	17
2637	16
2638	22
2639	23
2640	21
2641	17
2642	20
2643	21
2644	23
2645	22
2646	16
2647	19
2648	22
2649	18
2650	19
2651	24
2652	21
2653	23
2654	24
2655	22
2656	25
2657	29
2658	24
2659	21
2660	18
2661	29
2662	18
2663	21
2664	20
2665	25
2666	20
2667	25
2668	20
2669	18
2670	27
2671	13
2672	19
2673	23
2674	26
2675	28
2676	24
2677	15
2678	30
2679	21
2680	19
2681	23
2682	17
2683	24
2684	26
2685	17
2686	22
2687	17
2688	20
2689	24
2690	25
2691	21
2692	25
2693	22
2694	14
2695	12
2696	22
2697	12
2698	17
2699	18
2700	13
2701	23
2702	29
2703	28
2704	23
2705	18
2706	14
2707	13
2708	15
2709	20
2710	20
2711	20
2712	25
2713	21
2714	21
2715	19
2716	17
2717	21
2718	20
2719	17
2720	30
2721	23
2722	16
2723	27
2724	18
2725	20
2726	23
2727	16
2728	21
2729	21
2730	24
2731	25
2732	28
2733	18
2734	24
2735	19
2736	25
2737	31
2738	18
2739	20
2740	26
2741	22
2742	14
2743	20
2744	19
2745	22
2746	17
2747	22
2748	24
2749	19
2750	17
2751	22
2752	25
2753	14
2754	18
2755	17
2756	20
2757	21
2758	25
2759	19
2760	17
2761	21
2762	15
2763	24
2764	23
2765	20
2766	24
2767	18
2768	21
2769	24
2770	21
2771	21
2772	9
2773	23
2774	17
2775	20
2776	17
2777	24
2778	27
2779	20
2780	24
2781	33
2782	16
2783	18
2784	13
2785	17
2786	25
2787	11
2788	18
2789	17
2790	18
2791	20
2792	12
2793	22
2794	18
2795	24
2796	17
2797	19
2798	15
2799	19
2800	14
2801	20
2802	22
2803	14
2804	24
2805	22
2806	21
2807	16
2808	25
2809	19
2810	18
2811	22
2812	16
2813	18
2814	21
2815	16
2816	21
2817	26
2818	32
2819	19
2820	17
2821	26
2822	20
2823	24
2824	28
2825	18
2826	26
2827	21
2828	15
2829	23
2830	17
2831	21
2832	19
2833	17
2834	18
2835	20
2836	22
2837	20
2838	24
2839	6
2840	19
2841	20
2842	16
2843	25
2844	18
2845	18
2846	22
2847	20
2848	17
2849	15
2850	15
2851	23
2852	12
2853	15
2854	15
2855	27
2856	21
2857	23
2858	19
2859	13
2860	22
2861	16
2862	18
2863	17
2864	22
2865	20
2866	23
2867	17
2868	14
2869	19
2870	27
2871	12
2872	27
2873	13
2874	19
2875	18
2876	19
2877	11
2878	27
2879	17
2880	20
2881	20
2882	11
2883	24
2884	25
2885	23
2886	24
2887	15
2888	27
2889	24
2890	28
2891	12
2892	27
2893	15
2894	16
2895	24
2896	26
2897	16
2898	12
2899	19
2900	23
2901	17
2902	20
2903	24
2904	18
2905	18
2906	17
2907	12
2908	15
2909	24
2910	12
2911	21
2912	16
2913	21
2914	16
2915	16
2916	25
2917	22
2918	29
2919	16
2920	24
2921	18
2922	23
2923	20
2924	19
2925	18
2926	12
2927	15
2928	16
2929	21
2930	17
2931	22
2932	16
2933	23
2934	29
2935	25
2936	16
2937	21
2938	19
2939	18
2940	18
2941	16
2942	23
2943	21
2944	14
2945	26
2946	19
2947	13
2948	25
2949	15
2950	28
2951	19
2952	20
2953	27
2954	28
2955	20
2956	22
2957	23
2958	15
2959	20
2960	19
2961	15
2962	18
2963	11
2964	21
2965	17
2966	13
2967	22
2968	18
2969	23
2970	30
2971	13
2972	18
2973	16
2974	19
2975	24
2976	16
2977	19
2978	20
2979	26
2980	10
2981	22
2982	26
2983	21
2984	21
2985	17
2986	15
2987	19
2988	27
2989	25
2990	18
2991	21
2992	19
2993	26
2994	20
2995	21
2996	11
2997	26
2998	20
2999	16
3000	16
3001	20
3002	14
3003	19
3004	23
3005	18
3006	21
3007	14
3008	20
3009	20
3010	22
3011	13
3012	20
3013	16
3014	19
3015	23
3016	18
3017	15
3018	19
3019	22
3020	10
3021	16
3022	20
3023	22
3024	28
3025	24
3026	26
3027	23
3028	23
3029	20
3030	22
3031	11
3032	26
3033	27
3034	18
3035	20
3036	18
3037	15
3038	17
3039	16
3040	19
3041	24
3042	28
3043	13
3044	24
3045	18
3046	23
3047	26
3048	26
3049	20
3050	18
3051	16
3052	20
3053	16
3054	22
3055	11
3056	21
3057	17
3058	22
3059	15
3060	17
3061	19
3062	17
3063	8
3064	28
3065	14
3066	20
3067	22
3068	20
3069	17
3070	25
3071	18
3072	12
3073	21
3074	16
3075	18
3076	12
3077	21
3078	13
3079	13
3080	28
3081	22
3082	17
3083	24
3084	20
3085	21
3086	17
3087	14
3088	24
3089	22
3090	20
3091	22
3092	5
3093	19
3094	20
3095	10
3096	13
3097	17
3098	18
3099	9
3100	18
3101	17
3102	14
3103	23
3104	17
3105	20
3106	21
3107	19
3108	30
3109	15
3110	13
3111	18
3112	22
3113	18
3114	26
3115	19
3116	25
3117	24
3118	11
3119	20
3120	23
3121	17
3122	29
3123	26
3124	20
3125	16
3126	20
3127	14
3128	17
3129	23
3130	28
3131	19
3132	25
3133	22
3134	32
3135	16
3136	16
3137	19
3138	12
3139	24
3140	18
3141	18
3142	13
3143	18
3144	10
3145	20
3146	17
3147	19
3148	12
3149	16
3150	24
3151	21
3152	21
3153	18
3154	14
3155	16
3156	17
3157	23
3158	15
3159	16
3160	21
3161	19
3162	18
3163	16
3164	18
3165	16
3166	21
3167	28
3168	16
3169	20
3170	17
3171	17
3172	21
3173	14
3174	16
3175	14
3176	16
3177	15
3178	27
3179	13
3180	17
3181	11
3182	17
3183	12
3184	20
3185	18
3186	17
3187	13
3188	19
3189	20
3190	27
3191	18
3192	16
3193	15
3194	19
3195	20
3196	14
3197	23
3198	19
3199	14
3200	20
3201	14
3202	15
3203	11
3204	23
3205	12
3206	23
3207	17
3208	19
3209	24
3210	13
3211	13
3212	12
3213	13
3214	19
3215	17
3216	18
3217	22
3218	19
3219	14
3220	15
3221	24
3222	12
3223	19
3224	21
3225	29
3226	10
3227	20
3228	12
3229	16
3230	15
3231	14
3232	17
3233	15
3234	20
3235	22
3236	18
3237	15
3238	11
3239	21
3240	24
3241	21
3242	16
3243	20
3244	15
3245	15
3246	20
3247	25
3248	12
3249	26
3250	23
3251	17
3252	21
3253	27
3254	18
3255	20
3256	16
3257	21
3258	16
3259	15
3260	19
3261	22
3262	16
3263	25
3264	21
3265	13
3266	19
3267	18
3268	25
3269	14
3270	21
3271	17
3272	15
3273	18
3274	27
3275	24
3276	15
3277	24
3278	27
3279	24
3280	22
3281	18
3282	25
3283	23
3284	20
3285	17
3286	13
3287	18
3288	6
3289	14
3290	19
3291	19
3292	18
3293	13
3294	15
3295	14
3296	16
3297	14
3298	16
3299	12
3300	16
3301	24
3302	13
3303	15
3304	23
3305	15
3306	14
3307	18
3308	19
3309	13
3310	19
3311	16
3312	19
3313	16
3314	22
3315	10
3316	18
3317	23
3318	19
3319	20
3320	21
3321	16
3322	16
3323	22
3324	13
3325	14
3326	21
3327	18
3328	18
3329	22
3330	14
3331	14
3332	15
3333	11
3334	21
3335	20
3336	14
3337	16
3338	12
3339	14
3340	21
3341	12
3342	16
3343	16
3344	15
3345	13
3346	22
3347	15
3348	17
3349	15
3350	18
3351	15
3352	30
3353	25
3354	12
3355	11
3356	15
3357	19
3358	16
3359	18
3360	12
3361	19
3362	19
3363	14
3364	19
3365	21
3366	20
3367	16
3368	19
3369	12
3370	14
3371	20
3372	12
3373	18
3374	21
3375	22
3376	23
3377	15
3378	20
3379	20
3380	16
3381	10
3382	20
3383	16
3384	25
3385	21
3386	22
3387	23
3388	14
3389	15
3390	17
3391	13
3392	15
3393	25
3394	17
3395	17
3396	21
3397	13
3398	16
3399	20
3400	19
3401	14
3402	18
3403	14
3404	19
3405	17
3406	15
3407	19
3408	8
3409	17
3410	14
3411	17
3412	24
3413	8
3414	15
3415	19
3416	10
3417	15
3418	18
3419	22
3420	23
3421	13
3422	19
3423	12
3424	19
3425	11
3426	14
3427	21
3428	18
3429	18
3430	19
3431	22
3432	15
3433	13
3434	12
3435	14
3436	13
3437	19
3438	9
3439	15
3440	22
3441	15
3442	13
3443	13
3444	16
3445	12
3446	20
3447	23
3448	22
3449	17
3450	17
3451	13
3452	20
3453	13
3454	20
3455	17
3456	23
3457	17
3458	17
3459	18
3460	13
3461	20
3462	18
3463	16
3464	16
3465	19
3466	20
3467	13
3468	21
3469	15
3470	13
3471	19
3472	10
3473	21
3474	16
3475	14
3476	12
3477	19
3478	15
3479	16
3480	17
3481	18
3482	15
3483	16
3484	16
3485	14
3486	17
3487	24
3488	13
3489	16
3490	15
3491	20
3492	10
3493	18
3494	21
3495	18
3496	15
3497	11
3498	17
3499	21
3500	20
3501	18
3502	10
3503	15
3504	19
3505	10
3506	12
3507	20
3508	14
3509	20
3510	19
3511	15
3512	8
3513	12
3514	15
3515	19
3516	15
3517	21
3518	16
3519	13
3520	17
3521	15
3522	18
3523	17
3524	11
3525	15
3526	20
3527	17
3528	15
3529	15
3530	27
3531	12
3532	19
3533	16
3534	13
3535	21
3536	16
3537	23
3538	17
3539	16
3540	13
3541	33
3542	20
3543	12
3544	17
3545	17
3546	22
3547	13
3548	19
3549	16
3550	17
3551	10
3552	12
3553	22
3554	14
3555	19
3556	14
3557	17
3558	17
3559	16
3560	18
3561	22
3562	21
3563	20
3564	21
3565	8
3566	14
3567	13
3568	16
3569	16
3570	19
3571	11
3572	16
3573	12
3574	18
3575	18
3576	13
3577	18
3578	15
3579	18
3580	13
3581	22
3582	18
3583	17
3584	10
3585	18
3586	12
3587	10
3588	15
3589	14
3590	16
3591	12
3592	14
3593	12
3594	7
3595	18
3596	17
3597	17
3598	18
3599	12
3600	8
3601	16
3602	18
3603	13
3604	12
3605	10
3606	16
3607	17
3608	19
3609	11
3610	21
3611	16
3612	12
3613	12
3614	17
3615	15
3616	13
3617	9
3618	20
3619	17
3620	14
3621	24
3622	18
3623	21
3624	18
3625	17
3626	13
3627	14
3628	18
3629	15
3630	14
3631	21
3632	19
3633	16
3634	15
3635	18
3636	19
3637	11
3638	18
3639	15
3640	12
3641	12
3642	16
3643	20
3644	18
3645	18
3646	12
3647	16
3648	14
3649	15
3650	11
3651	11
3652	18
3653	10
3654	11
3655	15
3656	23
3657	15
3658	9
3659	19
3660	16
3661	15
3662	19
3663	18
3664	23
3665	20
3666	16
3667	14
3668	13
3669	16
3670	17
3671	18
3672	11
3673	13
3674	10
3675	16
3676	16
3677	15
3678	17
3679	14
3680	18
3681	23
3682	20
3683	17
3684	12
3685	16
3686	23
3687	12
3688	7
3689	17
3690	15
3691	17
3692	14
3693	21
3694	19
3695	12
3696	12
3697	13
3698	16
3699	13
3700	13
3701	14
3702	9
3703	21
3704	14
3705	14
3706	16
3707	17
3708	13
3709	17
3710	15
3711	17
3712	16
3713	23
3714	19
3715	14
3716	20
3717	20
3718	17
3719	11
3720	9
3721	15
3722	16
3723	22
3724	13
3725	20
3726	19
3727	16
3728	15
3729	8
3730	11
3731	21
3732	17
3733	14
3734	17
3735	15
3736	20
3737	21
3738	13
3739	18
3740	11
3741	14
3742	14
3743	9
3744	18
3745	15
3746	20
3747	18
3748	17
3749	15
3750	16
3751	11
3752	9
3753	18
3754	20
3755	19
3756	18
3757	16
3758	13
3759	11
3760	13
3761	16
3762	14
3763	13
3764	11
3765	18
3766	16
3767	15
3768	18
3769	15
3770	12
3771	21
3772	12
3773	18
3774	10
3775	14
3776	14
3777	13
3778	18
3779	12
3780	13
3781	12
3782	20
3783	12
3784	20
3785	10
3786	18
3787	9
3788	9
3789	12
3790	18
3791	17
3792	21
3793	13
3794	17
3795	9
3796	18
3797	16
3798	8
3799	12
3800	15
3801	17
3802	18
3803	11
3804	14
3805	18
3806	19
3807	15
3808	14
3809	20
3810	19
3811	19
3812	18
3813	15
3814	21
3815	11
3816	9
3817	19
3818	9
3819	11
3820	17
3821	16
3822	17
3823	13
3824	17
3825	15
3826	17
3827	17
3828	17
3829	17
3830	16
3831	15
3832	16
3833	22
3834	15
3835	12
3836	11
3837	13
3838	16
3839	9
3840	16
3841	21
3842	14
3843	21
3844	16
3845	15
3846	12
3847	16
3848	16
3849	18
3850	13
3851	13
3852	18
3853	10
3854	12
3855	12
3856	15
3857	16
3858	17
3859	15
3860	14
3861	16
3862	12
3863	10
3864	17
3865	10
3866	16
3867	14
3868	19
3869	15
3870	14
3871	28
3872	17
3873	23
3874	18
3875	22
3876	21
3877	19
3878	15
3879	21
3880	16
3881	15
3882	13
3883	9
3884	14
3885	23
3886	16
3887	15
3888	10
3889	11
3890	18
3891	9
3892	16
3893	11
3894	17
3895	12
3896	18
3897	13
3898	14
3899	6
3900	7
3901	20
3902	15
3903	12
3904	22
3905	15
3906	17
3907	14
3908	10
3909	13
3910	14
3911	15
3912	18
3913	16
3914	18
3915	20
3916	17
3917	22
3918	17
3919	19
3920	18
3921	15
3922	12
3923	21
3924	14
3925	10
3926	12
3927	14
3928	16
3929	22
3930	21
3931	16
3932	18
3933	14
3934	18
3935	11
3936	15
3937	20
3938	12
3939	18
3940	22
3941	19
3942	19
3943	15
3944	18
3945	18
3946	15
3947	18
3948	15
3949	9
3950	17
3951	18
3952	14
3953	16
3954	10
3955	18
3956	17
3957	9
3958	13
3959	14
3960	20
3961	23
3962	18
3963	14
3964	11
3965	15
3966	20
3967	13
3968	23
3969	15
3970	21
3971	17
3972	24
3973	23
3974	17
3975	19
3976	23
3977	12
3978	11
3979	13
3980	16
3981	17
3982	13
3983	16
3984	19
3985	16
3986	12
3987	15
3988	11
3989	17
3990	12
3991	17
3992	16
3993	20
3994	14
3995	14
3996	14
3997	20
3998	16
3999	10
4000	11
4001	11
4002	15
4003	11
4004	12
4005	17
4006	20
4007	13
4008	8
4009	13
4010	10
4011	22
4012	16
4013	10
4014	17
4015	16
4016	19
4017	17
4018	20
4019	18
4020	9
4021	17
4022	19
4023	14
4024	9
4025	14
4026	15
4027	5
4028	15
4029	15
4030	13
4031	14
4032	10
4033	14
4034	14
4035	14
4036	11
4037	24
4038	14
4039	11
4040	16
4041	18
4042	10
4043	11
4044	15
4045	11
4046	12
4047	14
4048	8
4049	8
4050	11
4051	16
4052	16
4053	17
4054	10
4055	15
4056	12
4057	19
4058	18
4059	6
4060	12
4061	16
4062	11
4063	9
4064	8
4065	14
4066	15
4067	14
4068	13
4069	16
4070	15
4071	18
4072	14
4073	11
4074	13
4075	12
4076	11
4077	14
4078	24
4079	18
4080	18
4081	18
4082	14
4083	9
4084	23
4085	15
4086	15
4087	10
4088	9
4089	15
4090	16
4091	14
4092	21
4093	17
4094	12
4095	9
4096	14
4097	18
4098	15
4099	10
4100	13
4101	18
4102	14
4103	13
4104	13
4105	15
4106	17
4107	10
4108	16
4109	15
4110	13
4111	19
4112	18
4113	16
4114	15
4115	8
4116	16
4117	13
4118	14
4119	16
4120	11
4121	18
4122	8
4123	17
4124	18
4125	18
4126	11
4127	14
4128	9
4129	15
4130	12
4131	17
4132	7
4133	12
4134	16
4135	19
4136	19
4137	16
4138	20
4139	20
4140	11
4141	14
4142	12
4143	18
4144	19
4145	14
4146	19
4147	16
4148	14
4149	13
4150	17
4151	11
4152	19
4153	12
4154	16
4155	15
4156	6
4157	17
4158	18
4159	5
4160	12
4161	13
4162	19
4163	13
4164	20
4165	12
4166	10
4167	12
4168	17
4169	19
4170	14
4171	12
4172	12
4173	19
4174	11
4175	9
4176	9
4177	7
4178	19
4179	14
4180	19
4181	16
4182	12
4183	14
4184	16
4185	19
4186	11
4187	11
4188	18
4189	18
4190	13
4191	13
4192	20
4193	12
4194	12
4195	15
4196	12
4197	15
4198	21
4199	12
4200	16
4201	14
4202	6
4203	11
4204	16
4205	11
4206	13
4207	18
4208	8
4209	16
4210	11
4211	19
4212	13
4213	14
4214	9
4215	18
4216	13
4217	13
4218	13
4219	12
4220	14
4221	14
4222	13
4223	13
4224	14
4225	16
4226	17
4227	19
4228	17
4229	22
4230	10
4231	11
4232	10
4233	13
4234	16
4235	13
4236	20
4237	13
4238	19
4239	18
4240	24
4241	14
4242	14
4243	17
4244	17
4245	14
4246	16
4247	17
4248	13
4249	17
4250	18
4251	14
4252	13
4253	13
4254	13
4255	19
4256	15
4257	19
4258	20
4259	13
4260	18
4261	15
4262	21
4263	15
4264	15
4265	13
4266	15
4267	12
4268	17
4269	13
4270	16
4271	10
4272	15
4273	20
4274	12
4275	17
4276	19
4277	13
4278	15
4279	14
4280	11
4281	14
4282	15
4283	5
4284	25
4285	14
4286	17
4287	10
4288	17
4289	16
4290	9
4291	13
4292	13
4293	17
4294	12
4295	16
4296	13
4297	11
4298	16
4299	13
4300	17
4301	20
4302	12
4303	18
4304	12
4305	12
4306	13
4307	14
4308	16
4309	9
4310	12
4311	16
4312	17
4313	17
4314	12
4315	13
4316	15
4317	16
4318	13
4319	12
4320	5
4321	16
4322	18
4323	10
4324	10
4325	9
4326	11
4327	12
4328	8
4329	10
4330	15
4331	15
4332	11
4333	7
4334	11
4335	19
4336	15
4337	18
4338	17
4339	8
4340	7
4341	15
4342	17
4343	18
4344	16
4345	14
4346	22
4347	17
4348	9
4349	12
4350	11
4351	15
4352	14
4353	12
4354	9
4355	21
4356	15
4357	13
4358	11
4359	11
4360	5
4361	18
4362	20
4363	13
4364	6
4365	13
4366	12
4367	19
4368	9
4369	10
4370	20
4371	14
4372	8
4373	13
4374	19
4375	19
4376	15
4377	16
4378	13
4379	20
4380	9
4381	17
4382	14
4383	20
4384	15
4385	9
4386	11
4387	7
4388	14
4389	13
4390	7
4391	8
4392	14
4393	10
4394	13
4395	13
4396	17
4397	9
4398	12
4399	10
4400	11
4401	17
4402	11
4403	14
4404	16
4405	13
4406	15
4407	14
4408	12
4409	17
4410	12
4411	11
4412	14
4413	20
4414	16
4415	7
4416	20
4417	17
4418	12
4419	13
4420	11
4421	22
4422	13
4423	12
4424	19
4425	14
4426	15
4427	10
4428	15
4429	16
4430	8
4431	17
4432	15
4433	12
4434	10
4435	16
4436	13
4437	14
4438	16
4439	16
4440	17
4441	17
4442	10
4443	8
4444	16
4445	14
4446	13
4447	12
4448	10
4449	11
4450	9
4451	14
4452	14
4453	17
4454	18
4455	17
4456	13
4457	17
4458	20
4459	17
4460	11
4461	15
4462	7
4463	19
4464	14
4465	9
4466	18
4467	14
4468	15
4469	11
4470	18
4471	11
4472	9
4473	13
4474	13
4475	13
4476	14
4477	13
4478	10
4479	14
4480	21
4481	16
4482	9
4483	14
4484	12
4485	18
4486	9
4487	12
4488	14
4489	11
4490	12
4491	19
4492	12
4493	12
4494	8
4495	12
4496	6
4497	17
4498	13
4499	13
4500	14
4501	22
4502	12
4503	7
4504	16
4505	18
4506	11
4507	17
4508	14
4509	8
4510	16
4511	17
4512	11
4513	12
4514	13
4515	14
4516	13
4517	12
4518	17
4519	11
4520	15
4521	14
4522	13
4523	16
4524	11
4525	14
4526	10
4527	10
4528	16
4529	8
4530	8
4531	14
4532	12
4533	21
4534	9
4535	10
4536	12
4537	10
4538	12
4539	8
4540	14
4541	10
4542	13
4543	19
4544	8
4545	14
4546	12
4547	15
4548	10
4549	16
4550	16
4551	7
4552	14
4553	20
4554	9
4555	12
4556	13
4557	18
4558	14
4559	11
4560	14
4561	6
4562	20
4563	10
4564	17
4565	13
4566	9
4567	15
4568	8
4569	20
4570	11
4571	12
4572	5
4573	11
4574	10
4575	9
4576	12
4577	14
4578	13
4579	13
4580	11
4581	14
4582	10
4583	8
4584	13
4585	7
4586	15
4587	6
4588	11
4589	12
4590	9
4591	16
4592	13
4593	11
4594	10
4595	8
4596	4
4597	14
4598	18
4599	19
4600	8
4601	7
4602	10
4603	6
4604	11
4605	15
4606	13
4607	13
4608	16
4609	11
4610	13
4611	10
4612	14
4613	11
4614	13
4615	11
4616	15
4617	15
4618	11
4619	11
4620	13
4621	12
4622	11
4623	15
4624	15
4625	14
4626	19
4627	15
4628	13
4629	7
4630	14
4631	10
4632	9
4633	12
4634	17
4635	17
4636	10
4637	20
4638	16
4639	10
4640	14
4641	8
4642	10
4643	18
4644	6
4645	10
4646	11
4647	14
4648	20
4649	17
4650	8
4651	12
4652	12
4653	9
4654	16
4655	10
4656	13
4657	11
4658	13
4659	14
4660	10
4661	15
4662	15
4663	10
4664	6
4665	11
4666	8
4667	15
4668	8
4669	13
4670	10
4671	17
4672	14
4673	9
4674	10
4675	10
4676	16
4677	9
4678	16
4679	16
4680	13
4681	14
4682	11
4683	13
4684	12
4685	7
4686	12
4687	8
4688	14
4689	13
4690	14
4691	10
4692	12
4693	7
4694	12
4695	16
4696	16
4697	11
4698	7
4699	10
4700	16
4701	12
4702	15
4703	11
4704	7
4705	16
4706	11
4707	11
4708	9
4709	8
4710	13
4711	7
4712	10
4713	10
4714	10
4715	16
4716	12
4717	10
4718	6
4719	10
4720	14
4721	22
4722	10
4723	13
4724	10
4725	11
4726	12
4727	9
4728	15
4729	11
4730	17
4731	9
4732	12
4733	7
4734	11
4735	6
4736	11
4737	9
4738	13
4739	8
4740	8
4741	16
4742	13
4743	7
4744	4
4745	9
4746	11
4747	9
4748	17
4749	12
4750	9
4751	9
4752	17
4753	12
4754	14
4755	11
4756	12
4757	7
4758	7
4759	16
4760	12
4761	13
4762	16
4763	10
4764	10
4765	14
4766	10
4767	16
4768	13
4769	14
4770	9
4771	18
4772	9
4773	12
4774	9
4775	13
4776	10
4777	8
4778	11
4779	15
4780	14
4781	13
4782	13
4783	13
4784	8
4785	12
4786	8
4787	9
4788	14
4789	13
4790	12
4791	9
4792	8
4793	11
4794	5
4795	15
4796	10
4797	6
4798	15
4799	7
4800	14
4801	24
4802	10
4803	9
4804	7
4805	16
4806	11
4807	13
4808	20
4809	14
4810	22
4811	9
4812	21
4813	14
4814	10
4815	14
4816	11
4817	6
4818	10
4819	8
4820	10
4821	12
4822	11
4823	12
4824	11
4825	11
4826	11
4827	9
4828	12
4829	16
4830	14
4831	17
4832	16
4833	10
4834	17
4835	9
4836	18
4837	8
4838	10
4839	11
4840	10
4841	9
4842	13
4843	8
4844	11
4845	13
4846	15
4847	12
4848	12
4849	16
4850	17
4851	11
4852	20
4853	13
4854	18
4855	6
4856	13
4857	11
4858	12
4859	12
4860	12
4861	8
4862	16
4863	15
4864	19
4865	9
4866	8
4867	7
4868	19
4869	7
4870	6
4871	8
4872	11
4873	9
4874	16
4875	9
4876	11
4877	12
4878	6
4879	10
4880	16
4881	11
4882	5
4883	6
4884	7
4885	14
4886	15
4887	19
4888	6
4889	12
4890	6
4891	12
4892	15
4893	12
4894	8
4895	12
4896	8
4897	6
4898	10
4899	16
4900	10
4901	13
4902	8
4903	14
4904	11
4905	3
4906	10
4907	11
4908	11
4909	13
4910	16
4911	6
4912	11
4913	18
4914	11
4915	9
4916	11
4917	9
4918	11
4919	10
4920	9
4921	11
4922	8
4923	13
4924	13
4925	17
4926	9
4927	20
4928	16
4929	9
4930	7
4931	8
4932	10
4933	8
4934	11
4935	8
4936	11
4937	14
4938	8
4939	16
4940	8
4941	17
4942	6
4943	15
4944	16
4945	16
4946	13
4947	9
4948	15
4949	12
4950	12
4951	10
4952	8
4953	8
4954	14
4955	14
4956	10
4957	12
4958	14
4959	6
4960	13
4961	14
4962	12
4963	14
4964	9
4965	8
4966	15
4967	16
4968	11
4969	12
4970	9
4971	14
4972	5
4973	9
4974	14
4975	11
4976	9
4977	11
4978	14
4979	10
4980	14
4981	8
4982	10
4983	20
4984	14
4985	9
4986	10
4987	15
4988	20
4989	7
4990	15
4991	15
4992	6
4993	12
4994	11
4995	18
4996	16
4997	11
4998	17
4999	13
5000	14
5001	14
5002	11
5003	11
5004	8
5005	12
5006	15
5007	11
5008	7
5009	9
5010	12
5011	10
5012	10
5013	12
5014	16
5015	9
5016	20
5017	12
5018	10
5019	11
5020	17
5021	9
5022	13
5023	9
5024	13
5025	13
5026	9
5027	10
5028	9
5029	9
5030	11
5031	9
5032	12
5033	8
5034	9
5035	13
5036	12
5037	5
5038	18
5039	15
5040	10
5041	16
5042	12
5043	12
5044	6
5045	12
5046	15
5047	13
5048	17
5049	9
5050	9
5051	11
5052	8
5053	15
5054	13
5055	12
5056	8
5057	5
5058	14
5059	7
5060	9
5061	6
5062	10
5063	13
5064	14
5065	12
5066	13
5067	14
5068	9
5069	15
5070	16
5071	12
5072	12
5073	9
5074	10
5075	11
5076	10
5077	7
5078	9
5079	5
5080	15
5081	6
5082	11
5083	6
5084	14
5085	16
5086	7
5087	14
5088	14
5089	4
5090	12
5091	11
5092	6
5093	12
5094	8
5095	11
5096	9
5097	10
5098	15
5099	17
5100	8
5101	13
5102	5
5103	14
5104	16
5105	9
5106	20
5107	10
5108	11
5109	11
5110	13
5111	19
5112	8
5113	11
5114	18
5115	11
5116	14
5117	10
5118	12
5119	5
5120	12
5121	15
5122	10
5123	14
5124	10
5125	7
5126	12
5127	7
5128	9
5129	14
5130	10
5131	9
5132	8
5133	8
5134	10
5135	11
5136	8
5137	17
5138	12
5139	13
5140	13
5141	8
5142	14
5143	13
5144	14
5145	13
5146	14
5147	11
5148	11
5149	14
5150	11
5151	13
5152	14
5153	7
5154	12
5155	16
5156	10
5157	9
5158	9
5159	10
5160	3
5161	14
5162	7
5163	13
5164	14
5165	13
5166	10
5167	9
5168	8
5169	12
5170	10
5171	8
5172	12
5173	18
5174	14
5175	13
5176	8
5177	14
5178	5
5179	10
5180	13
5181	14
5182	15
5183	14
5184	13
5185	9
5186	18
5187	11
5188	15
5189	16
5190	19
5191	13
5192	10
5193	12
5194	9
5195	14
5196	16
5197	11
5198	20
5199	5
5200	7
5201	12
5202	12
5203	15
5204	13
5205	7
5206	11
5207	9
5208	11
5209	12
5210	14
5211	14
5212	7
5213	7
5214	15
5215	12
5216	15
5217	13
5218	9
5219	14
5220	14
5221	10
5222	16
5223	16
5224	10
5225	13
5226	13
5227	19
5228	14
5229	12
5230	3
5231	11
5232	13
5233	17
5234	13
5235	13
5236	11
5237	13
5238	12
5239	10
5240	15
5241	10
5242	8
5243	13
5244	11
5245	8
5246	12
5247	12
5248	7
5249	13
5250	15
5251	13
5252	8
5253	15
5254	15
5255	12
5256	6
5257	5
5258	11
5259	7
5260	8
5261	12
5262	12
5263	11
5264	9
5265	7
5266	10
5267	8
5268	12
5269	9
5270	15
5271	11
5272	7
5273	22
5274	9
5275	12
5276	10
5277	12
5278	6
5279	10
5280	17
5281	11
5282	11
5283	10
5284	13
5285	8
5286	7
5287	14
5288	13
5289	14
5290	6
5291	16
5292	7
5293	11
5294	11
5295	10
5296	6
5297	9
5298	10
5299	13
5300	10
5301	15
5302	13
5303	15
5304	12
5305	8
5306	11
5307	17
5308	8
5309	13
5310	4
5311	15
5312	11
5313	14
5314	12
5315	8
5316	12
5317	9
5318	15
5319	8
5320	14
5321	8
5322	11
5323	13
5324	15
5325	17
5326	18
5327	18
5328	9
5329	16
5330	23
5331	14
5332	14
5333	12
5334	14
5335	17
5336	13
5337	11
5338	13
5339	11
5340	18
5341	7
5342	7
5343	9
5344	9
5345	15
5346	7
5347	14
5348	15
5349	14
5350	9
5351	9
5352	11
5353	11
5354	10
5355	13
5356	12
5357	13
5358	13
5359	12
5360	14
5361	9
5362	15
5363	14
5364	13
5365	12
5366	14
5367	11
5368	11
5369	7
5370	11
5371	15
5372	12
5373	6
5374	8
5375	17
5376	9
5377	15
5378	2
5379	16
5380	9
5381	10
5382	9
5383	14
5384	19
5385	8
5386	13
5387	9
5388	18
5389	7
5390	15
5391	18
5392	11
5393	11
5394	14
5395	9
5396	10
5397	17
5398	11
5399	10
5400	7
5401	10
5402	7
5403	7
5404	15
5405	7
5406	12
5407	18
5408	12
5409	11
5410	14
5411	9
5412	15
5413	10
5414	10
5415	17
5416	13
5417	14
5418	11
5419	11
5420	15
5421	12
5422	14
5423	13
5424	10
5425	7
5426	15
5427	13
5428	12
5429	8
5430	8
5431	13
5432	11
5433	13
5434	17
5435	10
5436	12
5437	10
5438	10
5439	11
5440	21
5441	12
5442	16
5443	18
5444	18
5445	18
5446	12
5447	7
5448	13
5449	9
5450	15
5451	22
5452	16
5453	20
5454	7
5455	13
5456	6
5457	7
5458	12
5459	13
5460	10
5461	13
5462	18
5463	9
5464	9
5465	15
5466	14
5467	9
5468	14
5469	14
5470	12
5471	10
5472	8
5473	8
5474	10
5475	4
5476	10
5477	12
5478	13
5479	16
5480	14
5481	9
5482	15
5483	10
5484	18
5485	18
5486	10
5487	13
5488	13
5489	7
5490	14
5491	19
5492	6
5493	13
5494	14
5495	8
5496	17
5497	6
5498	12
5499	11
5500	13
5501	16
5502	12
5503	15
5504	20
5505	12
5506	12
5507	7
5508	9
5509	15
5510	14
5511	13
5512	8
5513	11
5514	11
5515	5
5516	6
5517	20
5518	9
5519	12
5520	9
5521	13
5522	16
5523	9
5524	17
5525	7
5526	9
5527	13
5528	9
5529	14
5530	12
5531	13
5532	15
5533	10
5534	9
5535	10
5536	9
5537	15
5538	9
5539	15
5540	10
5541	13
5542	12
5543	11
5544	14
5545	11
5546	14
5547	7
5548	15
5549	17
5550	7
5551	6
5552	9
5553	13
5554	5
5555	15
5556	15
5557	14
5558	7
5559	13
5560	17
5561	16
5562	17
5563	17
5564	11
5565	11
5566	10
5567	10
5568	10
5569	14
5570	18
5571	18
5572	14
5573	13
5574	9
5575	10
5576	15
5577	10
5578	13
5579	12
5580	11
5581	11
5582	10
5583	10
5584	14
5585	15
5586	16
5587	18
5588	9
5589	14
5590	10
5591	12
5592	9
5593	12
5594	13
5595	20
5596	16
5597	11
5598	19
5599	21
5600	8
5601	14
5602	11
5603	14
5604	15
5605	20
5606	18
5607	13
5608	10
5609	11
5610	11
5611	12
5612	11
5613	13
5614	15
5615	10
5616	9
5617	19
5618	10
5619	14
5620	11
5621	11
5622	22
5623	15
5624	21
5625	13
5626	14
5627	10
5628	8
5629	19
5630	13
5631	15
5632	15
5633	8
5634	11
5635	11
5636	11
5637	9
5638	8
5639	10
5640	15
5641	13
5642	14
5643	18
5644	21
5645	13
5646	14
5647	12
5648	12
5649	17
5650	10
5651	6
5652	17
5653	12
5654	15
5655	15
5656	9
5657	10
5658	10
5659	15
5660	12
5661	13
5662	15
5663	2
5664	11
5665	13
5666	16
5667	11
5668	11
5669	13
5670	15
5671	16
5672	13
5673	12
5674	9
5675	10
5676	7
5677	11
5678	13
5679	13
5680	10
5681	12
5682	14
5683	14
5684	7
5685	10
5686	15
5687	10
5688	13
5689	5
5690	15
5691	13
5692	11
5693	6
5694	13
5695	13
5696	16
5697	26
5698	12
5699	10
5700	13
5701	18
5702	13
5703	10
5704	17
5705	11
5706	12
5707	13
5708	11
5709	11
5710	9
5711	13
5712	8
5713	15
5714	10
5715	15
5716	10
5717	7
5718	13
5719	12
5720	16
5721	11
5722	12
5723	23
5724	12
5725	13
5726	17
5727	8
5728	14
5729	17
5730	7
5731	13
5732	15
5733	12
5734	10
5735	11
5736	12
5737	12
5738	16
5739	17
5740	15
5741	14
5742	13
5743	13
5744	15
5745	10
5746	20
5747	15
5748	12
5749	5
5750	13
5751	12
5752	15
5753	13
5754	20
5755	15
5756	13
5757	13
5758	16
5759	17
5760	21
5761	11
5762	19
5763	26
5764	20
5765	9
5766	15
5767	7
5768	9
5769	16
5770	12
5771	11
5772	14
5773	17
5774	9
5775	10
5776	10
5777	10
5778	12
5779	20
5780	11
5781	11
5782	15
5783	10
5784	11
5785	10
5786	14
5787	15
5788	14
5789	12
5790	9
5791	21
5792	10
5793	14
5794	11
5795	13
5796	17
5797	13
5798	14
5799	13
5800	8
5801	10
5802	13
5803	11
5804	8
5805	18
5806	8
5807	11
5808	13
5809	18
5810	14
5811	16
5812	13
5813	13
5814	10
5815	18
5816	18
5817	15
5818	15
5819	16
5820	20
5821	9
5822	11
5823	10
5824	15
5825	10
5826	12
5827	13
5828	11
5829	18
5830	13
5831	12
5832	11
5833	9
5834	13
5835	20
5836	14
5837	11
5838	19
5839	16
5840	18
5841	7
5842	12
5843	10
5844	15
5845	13
5846	18
5847	16
5848	13
5849	11
5850	16
5851	18
5852	14
5853	11
5854	14
5855	17
5856	8
5857	11
5858	20
5859	18
5860	21
5861	13
5862	6
5863	8
5864	7
5865	9
5866	15
5867	11
5868	11
5869	14
5870	13
5871	9
5872	18
5873	12
5874	11
5875	10
5876	12
5877	12
5878	18
5879	15
5880	11
5881	10
5882	15
5883	15
5884	8
5885	16
5886	19
5887	18
5888	16
5889	19
5890	15
5891	16
5892	16
5893	13
5894	9
5895	13
5896	17
5897	11
5898	14
5899	14
5900	14
5901	9
5902	16
5903	11
5904	11
5905	10
5906	11
5907	12
5908	9
5909	16
5910	16
5911	17
5912	16
5913	13
5914	16
5915	12
5916	22
5917	10
5918	14
5919	18
5920	17
5921	14
5922	26
5923	10
5924	12
5925	24
5926	18
5927	13
5928	14
5929	15
5930	15
5931	8
5932	11
5933	10
5934	14
5935	20
5936	15
5937	10
5938	12
5939	9
5940	11
5941	17
5942	16
5943	17
5944	6
5945	13
5946	22
5947	9
5948	9
5949	20
5950	11
5951	15
5952	18
5953	12
5954	19
5955	13
5956	14
5957	14
5958	13
5959	14
5960	21
5961	12
5962	12
5963	19
5964	5
5965	11
5966	7
5967	11
5968	13
5969	16
5970	8
5971	18
5972	12
5973	14
5974	9
5975	16
5976	13
5977	14
5978	13
5979	13
5980	21
5981	13
5982	12
5983	10
5984	13
5985	18
5986	13
5987	11
5988	12
5989	18
5990	19
5991	18
5992	12
5993	17
5994	8
5995	5
5996	12
5997	15
5998	15
5999	11
6000	15
6001	9
6002	9
6003	14
6004	16
6005	17
6006	16
6007	14
6008	12
6009	11
6010	16
6011	18
6012	14
6013	16
6014	14
6015	14
6016	15
6017	21
6018	14
6019	13
6020	14
6021	13
6022	5
6023	20
6024	12
6025	6
6026	10
6027	13
6028	14
6029	18
6030	15
6031	14
6032	15
6033	12
6034	15
6035	13
6036	15
6037	16
6038	11
6039	18
6040	18
6041	16
6042	13
6043	17
6044	21
6045	13
6046	17
6047	13
6048	12
6049	19
6050	9
6051	18
6052	18
6053	20
6054	15
6055	24
6056	15
6057	10
6058	15
6059	15
6060	19
6061	15
6062	17
6063	16
6064	19
6065	21
6066	18
6067	15
6068	15
6069	23
6070	13
6071	17
6072	5
6073	13
6074	12
6075	10
6076	15
6077	13
6078	11
6079	10
6080	11
6081	19
6082	9
6083	10
6084	27
6085	10
6086	18
6087	12
6088	18
6089	15
6090	17
6091	14
6092	16
6093	12
6094	22
6095	12
6096	11
6097	16
6098	15
6099	21
6100	16
6101	15
6102	19
6103	19
6104	12
6105	10
6106	18
6107	14
6108	18
6109	14
6110	7
6111	13
6112	18
6113	21
6114	18
6115	15
6116	6
6117	16
6118	19
6119	13
6120	12
6121	10
6122	17
6123	24
6124	14
6125	17
6126	11
6127	20
6128	11
6129	15
6130	10
6131	12
6132	18
6133	16
6134	17
6135	15
6136	20
6137	15
6138	9
6139	20
6140	17
6141	27
6142	11
6143	19
6144	21
6145	15
6146	22
6147	13
6148	19
6149	14
6150	14
6151	14
6152	16
6153	15
6154	15
6155	13
6156	15
6157	16
6158	21
6159	21
6160	16
6161	25
6162	23
6163	21
6164	13
6165	20
6166	15
6167	21
6168	15
6169	18
6170	21
6171	15
6172	19
6173	18
6174	23
6175	12
6176	16
6177	19
6178	13
6179	14
6180	24
6181	19
6182	15
6183	18
6184	21
6185	14
6186	16
6187	17
6188	26
6189	12
6190	17
6191	18
6192	16
6193	22
6194	17
6195	18
6196	18
6197	12
6198	14
6199	17
6200	16
6201	26
6202	17
6203	18
6204	24
6205	17
6206	20
6207	21
6208	23
6209	14
6210	18
6211	24
6212	13
6213	27
6214	20
6215	18
6216	25
6217	13
6218	13
6219	12
6220	16
6221	17
6222	13
6223	22
6224	17
6225	16
6226	16
6227	13
6228	13
6229	10
6230	22
6231	24
6232	25
6233	12
6234	14
6235	18
6236	19
6237	20
6238	23
6239	14
6240	15
6241	16
6242	14
6243	23
6244	30
6245	26
6246	18
6247	18
6248	12
6249	19
6250	19
6251	20
6252	22
6253	21
6254	23
6255	23
6256	18
6257	15
6258	19
6259	18
6260	13
6261	21
6262	34
6263	19
6264	19
6265	29
6266	26
6267	13
6268	19
6269	10
6270	27
6271	20
6272	23
6273	14
6274	19
6275	26
6276	15
6277	18
6278	17
6279	21
6280	24
6281	21
6282	18
6283	24
6284	15
6285	16
6286	15
6287	31
6288	17
6289	22
6290	16
6291	13
6292	25
6293	13
6294	16
6295	21
6296	23
6297	11
6298	12
6299	16
6300	22
6301	16
6302	21
6303	17
6304	16
6305	16
6306	18
6307	18
6308	22
6309	22
6310	19
6311	29
6312	24
6313	21
6314	16
6315	19
6316	13
6317	22
6318	28
6319	20
6320	13
6321	20
6322	25
6323	21
6324	15
6325	19
6326	32
6327	19
6328	18
6329	25
6330	31
6331	17
6332	17
6333	28
6334	19
6335	23
6336	24
6337	27
6338	26
6339	23
6340	20
6341	30
6342	23
6343	30
6344	25
6345	29
6346	16
6347	16
6348	17
6349	21
6350	26
6351	23
6352	24
6353	27
6354	20
6355	24
6356	17
6357	18
6358	17
6359	21
6360	30
6361	22
6362	20
6363	25
6364	17
6365	26
6366	25
6367	25
6368	25
6369	28
6370	27
6371	27
6372	22
6373	20
6374	20
6375	23
6376	20
6377	29
6378	26
6379	33
6380	25
6381	21
6382	24
6383	27
6384	17
6385	11
6386	23
6387	18
6388	23
6389	19
6390	28
6391	20
6392	27
6393	17
6394	20
6395	25
6396	20
6397	30
6398	22
6399	24
6400	22
6401	21
6402	30
6403	22
6404	26
6405	23
6406	21
6407	28
6408	21
6409	33
6410	22
6411	14
6412	24
6413	21
6414	27
6415	30
6416	21
6417	22
6418	25
6419	24
6420	25
6421	27
6422	19
6423	22
6424	28
6425	26
6426	18
6427	36
6428	27
6429	22
6430	29
6431	19
6432	28
6433	26
6434	38
6435	19
6436	23
6437	25
6438	16
6439	37
6440	20
6441	18
6442	26
6443	28
6444	31
6445	25
6446	27
6447	25
6448	28
6449	25
6450	25
6451	21
6452	24
6453	22
6454	22
6455	25
6456	22
6457	17
6458	16
6459	25
6460	23
6461	28
6462	21
6463	29
6464	18
6465	30
6466	21
6467	22
6468	31
6469	23
6470	22
6471	33
6472	23
6473	22
6474	36
6475	23
6476	18
6477	27
6478	26
6479	14
6480	29
6481	23
6482	26
6483	20
6484	25
6485	23
6486	30
6487	24
6488	16
6489	29
6490	28
6491	23
6492	35
6493	31
6494	30
6495	29
6496	28
6497	20
6498	28
6499	23
6500	25
6501	16
6502	20
6503	29
6504	27
6505	30
6506	30
6507	29
6508	16
6509	20
6510	23
6511	28
6512	35
6513	19
6514	23
6515	16
6516	19
6517	16
6518	21
6519	20
6520	22
6521	23
6522	24
6523	13
6524	19
6525	25
6526	26
6527	24
6528	26
6529	19
6530	21
6531	30
6532	18
6533	23
6534	20
6535	34
6536	26
6537	16
6538	24
6539	22
6540	27
6541	23
6542	23
6543	17
6544	30
6545	17
6546	21
6547	17
6548	23
6549	28
6550	28
6551	15
6552	26
6553	25
6554	31
6555	28
6556	22
6557	20
6558	17
6559	29
6560	30
6561	20
6562	25
6563	15
6564	32
6565	29
6566	26
6567	19
6568	24
6569	32
6570	28
6571	25
6572	29
6573	32
6574	28
6575	29
6576	19
6577	23
6578	27
6579	25
6580	26
6581	32
6582	23
6583	22
6584	24
6585	15
6586	20
6587	25
6588	31
6589	25
6590	17
6591	19
6592	23
6593	15
6594	27
6595	26
6596	21
6597	31
6598	20
6599	20
6600	19
6601	23
6602	16
6603	20
6604	18
6605	19
6606	20
6607	22
6608	17
6609	24
6610	24
6611	15
6612	21
6613	24
6614	23
6615	18
6616	29
6617	11
6618	26
6619	27
6620	25
6621	16
6622	22
6623	15
6624	18
6625	22
6626	17
6627	16
6628	23
6629	26
6630	28
6631	28
6632	27
6633	24
6634	17
6635	18
6636	16
6637	15
6638	13
6639	17
6640	18
6641	27
6642	26
6643	24
6644	18
6645	15
6646	20
6647	16
6648	17
6649	18
6650	19
6651	21
6652	10
6653	19
6654	19
6655	21
6656	19
6657	11
6658	23
6659	15
6660	18
6661	21
6662	22
6663	12
6664	18
6665	19
6666	21
6667	23
6668	17
6669	12
6670	16
6671	21
6672	19
6673	23
6674	16
6675	18
6676	15
6677	17
6678	20
6679	17
6680	19
6681	21
6682	16
6683	12
6684	16
6685	19
6686	20
6687	16
6688	15
6689	9
6690	12
6691	20
6692	16
6693	14
6694	14
6695	22
6696	22
6697	17
6698	9
6699	20
6700	16
6701	12
6702	10
6703	15
6704	16
6705	14
6706	18
6707	17
6708	16
6709	10
6710	17
6711	22
6712	20
6713	19
6714	12
6715	13
6716	15
6717	14
6718	17
6719	14
6720	10
6721	17
6722	9
6723	14
6724	13
6725	20
6726	11
6727	18
6728	11
6729	13
6730	15
6731	13
6732	15
6733	17
6734	7
6735	14
6736	11
6737	13
6738	19
6739	15
6740	12
6741	11
6742	9
6743	9
6744	11
6745	16
6746	12
6747	18
6748	14
6749	18
6750	12
6751	15
6752	12
6753	14
6754	11
6755	14
6756	14
6757	19
6758	10
6759	15
6760	13
6761	15
6762	22
6763	12
6764	9
6765	7
6766	9
6767	10
6768	12
6769	15
6770	10
6771	10
6772	12
6773	11
6774	9
6775	13
6776	11
6777	5
6778	8
6779	8
6780	12
6781	11
6782	16
6783	11
6784	11
6785	8
6786	9
6787	15
6788	9
6789	16
6790	10
6791	11
6792	9
6793	10
6794	14
6795	10
6796	7
6797	9
6798	7
6799	9
6800	10
6801	11
6802	10
6803	9
6804	4
6805	17
6806	4
6807	6
6808	9
6809	12
6810	9
6811	10
6812	7
6813	5
6814	6
6815	6
6816	8
6817	15
6818	11
6819	10
6820	5
6821	6
6822	6
6823	9
6824	8
6825	8
6826	9
6827	8
6828	7
6829	5
6830	5
6831	11
6832	9
6833	8
6834	10
6835	13
6836	6
6837	8
6838	11
6839	4
6840	8
6841	5
6842	11
6843	7
6844	4
6845	6
6846	6
6847	7
6848	9
6849	8
6850	10
6851	6
6852	5
6853	5
6854	5
6855	7
6856	5
6857	12
6858	3
6859	6
6860	5
6861	8
6862	4
6863	1
6864	3
6865	5
6866	6
6867	8
6868	4
6869	11
6870	4
6871	6
6872	6
6873	8
6874	5
6875	7
6876	5
6877	7
6878	4
6879	7
6880	5
6881	6
6882	9
6883	3
6884	7
6885	5
6886	5
6887	4
6888	8
6889	2
6890	7
6891	10
6892	3
6893	4
6894	6
6895	5
6896	5
6897	5
6898	9
6899	4
6900	4
6901	5
6902	2
6903	6
6904	1
6905	10
6906	4
6907	4
6908	7
6909	2
6910	4
6911	4
6912	5
6913	3
6914	5
6915	5
6916	3
6917	1
6918	5
6919	7
6920	2
6921	4
6922	3
6923	1
6924	6
6925	11
6926	4
6927	4
6928	5
6929	3
6930	7
6931	2
6932	2
6933	3
6934	6
6935	3
6936	4
6937	4
6938	5
6939	2
6940	1
6941	1
6942	4
6943	2
6944	2
6945	4
6946	4
6947	2
6948	3
6949	4
6950	5
6951	5
6952	7
6953	2
6954	4
6955	3
6956	0
6957	2
6958	2
6959	2
6960	1
6961	5
6962	0
6963	1
6964	1
6965	0
6966	3
6967	1
6968	3
6969	1
6970	4
6971	4
6972	2
6973	3
6974	4
6975	1
6976	3
6977	0
6978	2
6979	2
6980	2
6981	2
6982	4
6983	3
6984	1
6985	0
6986	1
6987	5
6988	0
6989	3
6990	3
6991	4
6992	1
6993	1
6994	0
6995	1
6996	3
6997	1
6998	3
6999	1
7000	1
7001	2
7002	1
7003	2
7004	1
7005	0
7006	1
7007	1
7008	1
7009	1
7010	3
7011	0
7012	0
7013	1
7014	2
7015	1
7016	1
7017	2
7018	2
7019	1
7020	1
7021	3
7022	2
7023	1
7024	2
7025	1
7026	1
7027	0
7028	3
7029	1
7030	0
7031	0
7032	0
7033	2
7034	2
7035	1
7036	2
7037	2
7038	1
7039	2
7040	2
7041	1
7042	4
7043	0
7044	0
7045	0
7046	0
7047	1
7048	1
7049	2
7050	0
7051	0
7052	2
7053	2
7054	1
7055	3
7056	2
7057	2
7058	1
7059	0
7060	3
7061	0
7062	1
7063	1
7064	1
7065	0
7066	3
7067	0
7068	0
7069	0
7070	0
7071	1
7072	0
7073	3
7074	1
7075	0
7076	1
7077	3
7078	1
7079	0
7080	2
7081	2
7082	1
7083	1
7084	0
7085	1
7086	0
7087	1
7088	0
7089	2
7090	1
7091	1
7092	2
7093	2
7094	0
7095	0
7096	1
7097	5
7098	0
7099	0
7100	0
7101	2
7102	0
7103	1
7104	1
7105	2
7106	0
7107	1
7108	1
7109	0
7110	1
7111	1
7112	0
7113	1
7114	0
7115	0
7116	0
7117	1
7118	1
7119	1
7120	2
7121	2
7122	0
7123	2
7124	4
7125	0
7126	1
7127	0
7128	1
7129	1
7130	0
7131	0
7132	1
7133	0
7134	0
7135	0
7136	1
7137	0
7138	1
7139	0
7140	0
7141	0
7142	3
7143	0
7144	1
7145	1
7146	1
7147	0
7148	0
7149	2
7150	1
7151	0
7152	1
7153	1
7154	0
7155	0
7156	0
7157	0
7158	0
7159	0
7160	0
7161	1
7162	1
7163	0
7164	0
7165	0
7166	1
7167	0
7168	0
7169	0
7170	1
7171	0
7172	1
7173	0
7174	0
7175	0
7176	0
7177	0
7178	0
7179	2
7180	1
7181	0
7182	2
7183	0
7184	1
7185	2
7186	1
7187	1
7188	0
7189	1
7190	1
7191	1
7192	0
7193	0
7194	0
7195	0
7196	1
7197	0
7198	0
7199	1
7200	0
7201	0
7202	0
7203	2
7204	0
7205	0
7206	1
7207	0
7208	0
7209	1
7210	0
7211	2
7212	0
7213	0
7214	0
7215	0
7216	0
7217	0
7218	1
7219	0
7220	0
7221	2
7222	0
7223	0
7224	2
7225	0
7226	0
7227	1
7228	1
7229	0
7230	1
7231	0
7232	0
7233	1
7234	0
7235	0
7236	0
7237	2
7238	1
7239	0
7240	0
7241	0
7242	1
7243	1
7244	0
7245	0
7246	3
7247	1
7248	0
7249	1
7250	1
7251	0
7252	0
7253	0
7254	0
7255	1
7256	1
7257	0
7258	0
7259	0
7260	0
7261	1
7262	0
7263	0
7264	1
7265	1
7266	0
7267	1
7268	0
7269	1
7270	1
7271	0
7272	1
7273	0
7274	1
7275	2
7276	0
7277	0
7278	0
7279	1
7280	1
7281	1
7282	0
7283	0
7284	0
7285	0
7286	1
7287	0
7288	0
7289	1
7290	1
7291	1
7292	2
7293	2
7294	0
7295	0
7296	0
7297	0
7298	1
7299	2
7300	0
7301	0
7302	0
7303	2
7304	0
7305	0
7306	0
7307	0
7308	1
7309	1
7310	0
7311	0
7312	0
7313	0
7314	1
7315	0
7316	0
7317	0
7318	1
7319	1
7320	3
7321	0
7322	1
7323	0
7324	0
7325	0
7326	0
7327	2
7328	0
7329	3
7330	3
7331	0
7332	1
7333	0
7334	1
7335	0
7336	2
7337	0
7338	0
7339	0
7340	1
7341	0
7342	0
7343	1
7344	1
7345	0
7346	0
7347	1
7348	0
7349	0
7350	1
7351	0
7352	1
7353	0
7354	0
7355	1
7356	0
7357	0
7358	1
7359	0
7360	0
7361	2
7362	0
7363	0
7364	0
7365	0
7366	0
7367	0
7368	0
7369	0
7370	2
7371	0
7372	1
7373	0
7374	0
7375	0
7376	0
7377	1
7378	0
7379	1
7380	1
7381	0
7382	1
7383	0
7384	1
7385	0
7386	1
7387	0
7388	0
7389	0
7390	1
7391	0
7392	1
7393	1
7394	0
7395	0
7396	0
7397	1
7398	0
7399	1
7400	1
7401	0
7402	0
7403	0
7404	0
7405	0
7406	0
7407	0
7408	0
7409	1
7410	1
7411	0
7412	1
7413	0
7414	2
7415	0
7416	0
7417	1
7418	0
7419	1
7420	1
7421	0
7422	0
7423	0
7424	0
7425	1
7426	0
7427	1
7428	1
7429	0
7430	1
7431	0
7432	0
7433	0
7434	1
7435	0
7436	0
7437	1
7438	1
7439	1
7440	1
7441	0
7442	0
7443	2
7444	0
7445	1
7446	0
7447	0
7448	1
7449	1
7450	0
7451	1
7452	0
7453	1
7454	1
7455	1
7456	2
7457	1
7458	0
7459	1
7460	1
7461	0
7462	2
7463	1
7464	1
7465	0
7466	0
7467	0
7468	0
7469	0
7470	0
7471	1
7472	0
7473	0
7474	0
7475	0
7476	0
7477	2
7478	0
7479	1
7480	0
7481	0
7482	0
7483	1
7484	0
7485	2
7486	0
7487	0
7488	0
7489	1
7490	1
7491	1
7492	0
7493	0
7494	0
7495	0
7496	1
7497	0
7498	2
7499	0
7500	0
7501	4
7502	0
7503	0
7504	0
7505	0
7506	1
7507	0
7508	1
7509	0
7510	1
7511	1
7512	1
7513	3
7514	1
7515	0
7516	1
7517	0
7518	1
7519	0
7520	0
7521	0
7522	0
7523	0
7524	1
7525	0
7526	0
7527	1
7528	0
7529	1
7530	0
7531	1
7532	0
7533	0
7534	0
7535	2
7536	1
7537	0
7538	1
7539	0
7540	0
7541	4
7542	1
7543	1
7544	1
7545	0
7546	0
7547	1
7548	1
7549	1
7550	1
7551	0
7552	0
7553	0
7554	0
7555	1
7556	1
7557	0
7558	0
7559	1
7560	1
7561	0
7562	1
7563	0
7564	0
7565	0
7566	1
7567	0
7568	0
7569	1
7570	0
7571	0
7572	0
7573	1
7574	1
7575	0
7576	0
7577	0
7578	0
7579	0
7580	0
7581	0
7582	0
7583	0
7584	0
7585	0
7586	1
7587	0
7588	1
7589	1
7590	0
7591	0
7592	0
7593	0
7594	0
7595	1
7596	0
7597	1
7598	0
7599	0
7600	1
7601	0
7602	0
7603	0
7604	0
7605	1
7606	0
7607	2
7608	1
7609	0
7610	0
7611	1
7612	1
7613	2
7614	0
7615	1
7616	0
7617	0
7618	0
7619	1
7620	0
7621	0
7622	1
7623	0
7624	3
7625	1
7626	0
7627	0
7628	1
7629	1
7630	1
7631	0
7632	0
7633	1
7634	0
7635	1
7636	0
7637	0
7638	1
7639	0
7640	1
7641	0
7642	1
7643	0
7644	0
7645	0
7646	0
7647	0
7648	0
7649	0
7650	2
7651	2
7652	0
7653	1
7654	0
7655	0
7656	0
7657	0
7658	1
7659	0
7660	2
7661	0
7662	0
7663	1
7664	0
7665	0
7666	1
7667	1
7668	0
7669	0
7670	1
7671	0
7672	1
7673	1
7674	0
7675	1
7676	0
7677	0
7678	0
7679	0
7680	0
7681	2
7682	0
7683	0
7684	0
7685	2
7686	0
7687	1
7688	0
7689	0
7690	1
7691	0
7692	0
7693	0
7694	0
7695	1
7696	1
7697	0
7698	1
7699	1
7700	0
7701	0
7702	0
7703	0
7704	2
7705	1
7706	1
7707	0
7708	0
7709	0
7710	0
7711	1
7712	1
7713	0
7714	1
7715	1
7716	0
7717	0
7718	1
7719	0
7720	1
7721	0
7722	1
7723	1
7724	2
7725	0
7726	0
7727	0
7728	0
7729	0
7730	0
7731	1
7732	0
7733	1
7734	1
7735	1
7736	0
7737	1
7738	0
7739	1
7740	1
7741	0
7742	0
7743	1
7744	0
7745	0
7746	0
7747	0
7748	0
7749	0
7750	0
7751	0
7752	0
7753	1
7754	0
7755	0
7756	0
7757	0
7758	1
7759	0
7760	1
7761	0
7762	1
7763	0
7764	2
7765	1
7766	0
7767	0
7768	0
7769	1
7770	0
7771	0
7772	0
7773	0
7774	3
7775	0
7776	1
7777	0
7778	0
7779	2
7780	0
7781	0
7782	0
7783	1
7784	0
7785	2
7786	0
7787	0
7788	0
7789	1
7790	1
7791	0
7792	0
7793	2
7794	0
7795	0
7796	2
7797	0
7798	1
7799	0
7800	0
7801	1
7802	1
7803	0
7804	1
7805	0
7806	0
7807	0
7808	0
7809	0
7810	0
7811	0
7812	0
7813	2
7814	0
7815	0
7816	2
7817	0
7818	0
7819	0
7820	1
7821	0
7822	0
7823	0
7824	0
7825	2
7826	0
7827	1
7828	0
7829	1
7830	0
7831	0
7832	0
7833	0
7834	0
7835	0
7836	1
7837	0
7838	0
7839	0
7840	1
7841	0
7842	0
7843	0
7844	1
7845	0
7846	2
7847	2
7848	0
7849	0
7850	0
7851	0
7852	2
7853	0
7854	1
7855	1
7856	1
7857	0
7858	1
7859	0
7860	0
7861	1
7862	0
7863	0
7864	0
7865	1
7866	0
7867	0
7868	0
7869	2
7870	1
7871	0
7872	0
7873	0
7874	0
7875	0
7876	0
7877	0
7878	0
7879	1
7880	1
7881	0
7882	1
7883	1
7884	0
7885	1
7886	0
7887	2
7888	1
7889	1
7890	0
7891	0
7892	2
7893	0
7894	0
7895	0
7896	1
7897	0
7898	0
7899	0
7900	0
7901	0
7902	0
7903	1
7904	0
7905	0
7906	0
7907	0
7908	0
7909	2
7910	0
7911	0
7912	2
7913	1
7914	0
7915	1
7916	0
7917	1
7918	0
7919	0
7920	0
7921	0
7922	1
7923	0
7924	0
7925	0
7926	1
7927	0
7928	0
7929	0
7930	1
7931	0
7932	0
7933	0
7934	0
7935	0
7936	0
7937	1
7938	0
7939	0
7940	0
7941	0
7942	0
7943	1
7944	0
7945	0
7946	0
7947	0
7948	0
7949	0
7950	1
7951	0
7952	0
7953	1
7954	0
7955	2
7956	0
7957	1
7958	0
7959	0
7960	0
7961	0
7962	1
7963	0
7964	0
7965	0
7966	1
7967	0
7968	0
7969	0
7970	0
7971	0
7972	0
7973	1
7974	0
7975	0
7976	1
7977	0
7978	1
7979	0
7980	0
7981	0
7982	0
7983	0
7984	0
7985	0
7986	0
7987	0
7988	2
7989	1
7990	1
7991	3
7992	1
7993	1
7994	1
7995	3
7996	0
7997	1
7998	0
7999	0
8000	0
8001	0
8002	1
8003	2
8004	1
8005	0
8006	0
8007	0
8008	1
8009	1
8010	0
8011	1
8012	1
8013	1
8014	1
8015	0
8016	0
8017	0
8018	0
8019	0
8020	0
8021	0
8022	0
8023	0
8024	0
8025	1
8026	2
8027	0
8028	0
8029	0
8030	0
8031	0
8032	0
8033	0
8034	0
8035	0
8036	0
8037	0
8038	0
8039	0
8040	1
8041	1
8042	1
8043	0
8044	0
8045	0
8046	0
8047	0
8048	0
8049	0
8050	0
8051	2
8052	0
8053	0
8054	2
8055	0
8056	0
8057	0
8058	0
8059	0
8060	2
8061	0
8062	0
8063	0
8064	0
8065	0
8066	1
8067	0
8068	3
8069	0
8070	0
8071	1
8072	1
8073	0
8074	2
8075	1
8076	0
8077	0
8078	3
8079	1
8080	0
8081	1
8082	0
8083	0
8084	0
8085	0
8086	0
8087	0
8088	0
8089	0
8090	0
8091	0
8092	0
8093	0
8094	0
8095	0
8096	0
8097	0
8098	0
8099	0
8100	0
8101	0
8102	0
8103	0
8104	0
8105	0
8106	0
8107	0
8108	0
8109	0
8110	0
8111	0
8112	0
8113	0
8114	0
8115	0
8116	0
8117	0
8118	0
8119	0
8120	0
8121	0
8122	0
8123	0
8124	0
8125	0
8126	0
8127	0
8128	0
8129	0
8130	0
8131	0
8132	0
8133	0
8134	0
8135	0
8136	0
8137	0
8138	0
8139	0
8140	0
8141	0
8142	0
8143	0
8144	0
8145	0
8146	0
8147	0
8148	0
8149	0
8150	0
8151	0
8152	0
8153	0
8154	0
8155	0
8156	0
8157	0
8158	0
8159	0
8160	0
8161	0
8162	0
8163	0
8164	0
8165	0
8166	0
8167	0
8168	0
8169	0
8170	0
8171	0
8172	0
8173	0
8174	0
8175	0
8176	0
8177	0
8178	0
8179	0
8180	0
8181	0
8182	0
8183	0
8184	0
8185	0
8186	0
8187	0
8188	0
8189	0
8190	0
8191	0
