0	0
1	0
2	0
3	0
4	0
5	0
6	0
7	0
8	0
9	0
10	0
11	0
12	0
13	0
14	0
15	0
16	0
17	0
18	0
19	0
20	0
21	0
22	0
23	0
24	0
25	0
26	0
27	0
28	0
29	0
30	0
31	0
32	0
33	0
34	0
35	0
36	0
37	0
38	0
39	0
40	0
41	0
42	0
43	0
44	0
45	0
46	0
47	0
48	0
49	0
50	0
51	0
52	0
53	0
54	0
55	0
56	0
57	0
58	0
59	0
60	0
61	0
62	0
63	0
64	0
65	0
66	0
67	0
68	0
69	0
70	0
71	0
72	0
73	0
74	0
75	0
76	0
77	0
78	0
79	0
80	0
81	0
82	0
83	1
84	2
85	5
86	11
87	16
88	18
89	12
90	21
91	11
92	9
93	12
94	21
95	13
96	18
97	12
98	12
99	20
100	6
101	17
102	12
103	9
104	11
105	17
106	12
107	11
108	14
109	8
110	7
111	10
112	15
113	10
114	6
115	10
116	4
117	15
118	11
119	8
120	14
121	11
122	8
123	16
124	11
125	11
126	11
127	12
128	15
129	8
130	14
131	13
132	14
133	11
134	13
135	5
136	17
137	12
138	10
139	7
140	10
141	16
142	17
143	17
144	11
145	9
146	11
147	15
148	20
149	8
150	9
151	14
152	14
153	8
154	11
155	10
156	15
157	15
158	12
159	16
160	11
161	9
162	9
163	17
164	9
165	12
166	10
167	16
168	7
169	14
170	9
171	17
172	5
173	7
174	21
175	9
176	10
177	17
178	11
179	16
180	9
181	10
182	14
183	14
184	9
185	19
186	7
187	9
188	12
189	8
190	12
191	13
192	17
193	16
194	11
195	14
196	13
197	13
198	9
199	8
200	12
201	13
202	10
203	16
204	11
205	13
206	12
207	8
208	15
209	11
210	9
211	7
212	5
213	7
214	11
215	8
216	17
217	13
218	14
219	12
220	17
221	9
222	14
223	9
224	12
225	12
226	10
227	16
228	14
229	8
230	13
231	10
232	13
233	12
234	16
235	8
236	17
237	11
238	11
239	8
240	11
241	14
242	16
243	14
244	15
245	14
246	14
247	12
248	13
249	13
250	14
251	14
252	9
253	20
254	19
255	11
256	12
257	9
258	8
259	8
260	17
261	11
262	16
263	8
264	20
265	11
266	8
267	15
268	17
269	8
270	11
271	15
272	10
273	6
274	14
275	10
276	10
277	10
278	14
279	7
280	8
281	18
282	11
283	11
284	16
285	19
286	12
287	13
288	12
289	12
290	13
291	12
292	12
293	11
294	16
295	14
296	15
297	18
298	14
299	14
300	11
301	10
302	7
303	13
304	17
305	7
306	11
307	17
308	5
309	13
310	9
311	13
312	12
313	7
314	15
315	8
316	13
317	19
318	15
319	15
320	18
321	10
322	17
323	11
324	14
325	16
326	11
327	6
328	13
329	18
330	11
331	12
332	3
333	11
334	8
335	13
336	9
337	14
338	14
339	17
340	14
341	14
342	14
343	15
344	13
345	13
346	19
347	13
348	9
349	19
350	10
351	12
352	7
353	12
354	13
355	4
356	13
357	14
358	18
359	11
360	14
361	15
362	15
363	13
364	12
365	12
366	19
367	7
368	14
369	13
370	10
371	9
372	14
373	11
374	11
375	19
376	11
377	13
378	19
379	10
380	16
381	17
382	12
383	11
384	12
385	17
386	7
387	11
388	21
389	13
390	11
391	13
392	12
393	12
394	13
395	24
396	14
397	9
398	14
399	11
400	15
401	11
402	13
403	13
404	12
405	16
406	8
407	15
408	7
409	18
410	12
411	13
412	19
413	15
414	11
415	21
416	16
417	20
418	12
419	13
420	8
421	10
422	13
423	13
424	21
425	11
426	15
427	14
428	10
429	9
430	10
431	17
432	12
433	13
434	15
435	14
436	23
437	10
438	17
439	13
440	10
441	17
442	10
443	14
444	13
445	12
446	15
447	13
448	11
449	7
450	20
451	15
452	20
453	10
454	13
455	7
456	15
457	13
458	18
459	14
460	12
461	19
462	9
463	8
464	10
465	13
466	19
467	11
468	11
469	14
470	9
471	13
472	15
473	11
474	14
475	16
476	12
477	16
478	12
479	9
480	16
481	14
482	15
483	15
484	18
485	17
486	13
487	21
488	8
489	11
490	16
491	11
492	5
493	15
494	23
495	12
496	15
497	12
498	9
499	5
500	11
501	18
502	15
503	13
504	11
505	12
506	14
507	12
508	10
509	21
510	7
511	15
512	10
513	16
514	22
515	17
516	15
517	8
518	11
519	10
520	16
521	9
522	10
523	14
524	19
525	11
526	17
527	17
528	8
529	9
530	11
531	13
532	15
533	7
534	14
535	16
536	16
537	15
538	22
539	12
540	16
541	10
542	18
543	15
544	14
545	18
546	16
547	11
548	13
549	17
550	13
551	11
552	12
553	18
554	17
555	9
556	22
557	21
558	6
559	10
560	13
561	17
562	16
563	14
564	21
565	16
566	15
567	20
568	12
569	9
570	18
571	16
572	16
573	16
574	7
575	20
576	8
577	17
578	18
579	17
580	16
581	9
582	8
583	11
584	13
585	18
586	19
587	6
588	16
589	23
590	10
591	10
592	10
593	15
594	16
595	12
596	15
597	10
598	11
599	16
600	13
601	6
602	18
603	8
604	14
605	13
606	10
607	12
608	16
609	11
610	15
611	8
612	11
613	19
614	12
615	13
616	15
617	16
618	10
619	17
620	16
621	17
622	10
623	15
624	13
625	14
626	15
627	15
628	13
629	16
630	12
631	14
632	22
633	17
634	9
635	17
636	15
637	12
638	12
639	14
640	10
641	8
642	16
643	18
644	6
645	17
646	14
647	20
648	17
649	18
650	17
651	11
652	20
653	14
654	21
655	19
656	20
657	11
658	13
659	19
660	16
661	17
662	14
663	8
664	12
665	12
666	17
667	14
668	12
669	14
670	17
671	12
672	15
673	17
674	24
675	17
676	16
677	16
678	13
679	11
680	17
681	18
682	13
683	19
684	14
685	13
686	15
687	21
688	8
689	14
690	17
691	9
692	15
693	15
694	11
695	18
696	13
697	12
698	13
699	11
700	20
701	20
702	10
703	21
704	17
705	17
706	15
707	21
708	16
709	13
710	12
711	15
712	25
713	11
714	19
715	16
716	17
717	14
718	20
719	14
720	7
721	21
722	17
723	20
724	31
725	17
726	22
727	14
728	19
729	16
730	11
731	16
732	18
733	13
734	11
735	27
736	16
737	15
738	16
739	18
740	14
741	20
742	21
743	17
744	16
745	20
746	14
747	16
748	26
749	18
750	18
751	16
752	21
753	16
754	16
755	16
756	27
757	19
758	16
759	19
760	20
761	15
762	13
763	22
764	20
765	17
766	13
767	23
768	20
769	16
770	19
771	25
772	14
773	22
774	14
775	25
776	17
777	21
778	22
779	21
780	18
781	18
782	21
783	26
784	14
785	19
786	25
787	28
788	27
789	28
790	21
791	29
792	20
793	22
794	15
795	24
796	15
797	26
798	35
799	33
800	30
801	31
802	18
803	22
804	22
805	23
806	26
807	25
808	33
809	18
810	23
811	16
812	14
813	28
814	27
815	27
816	26
817	20
818	19
819	18
820	15
821	28
822	24
823	26
824	23
825	19
826	32
827	23
828	25
829	24
830	33
831	13
832	27
833	28
834	25
835	22
836	19
837	29
838	31
839	25
840	23
841	22
842	26
843	21
844	20
845	18
846	32
847	32
848	13
849	34
850	17
851	20
852	30
853	26
854	22
855	16
856	22
857	24
858	30
859	29
860	19
861	30
862	21
863	15
864	28
865	15
866	29
867	27
868	20
869	22
870	31
871	26
872	21
873	31
874	22
875	17
876	32
877	18
878	25
879	24
880	19
881	21
882	14
883	20
884	22
885	21
886	22
887	20
888	20
889	32
890	23
891	23
892	21
893	10
894	18
895	25
896	19
897	23
898	24
899	17
900	26
901	18
902	22
903	15
904	19
905	15
906	21
907	23
908	20
909	19
910	25
911	11
912	25
913	22
914	16
915	37
916	25
917	20
918	24
919	20
920	18
921	24
922	18
923	23
924	24
925	19
926	26
927	19
928	17
929	19
930	16
931	14
932	16
933	19
934	23
935	25
936	18
937	17
938	18
939	18
940	20
941	20
942	24
943	22
944	16
945	25
946	23
947	23
948	15
949	26
950	7
951	21
952	24
953	28
954	21
955	19
956	30
957	17
958	24
959	21
960	20
961	28
962	17
963	25
964	26
965	27
966	19
967	22
968	22
969	12
970	26
971	25
972	26
973	16
974	17
975	16
976	21
977	24
978	20
979	26
980	20
981	17
982	10
983	14
984	24
985	23
986	19
987	22
988	16
989	21
990	25
991	15
992	21
993	28
994	26
995	22
996	17
997	12
998	16
999	15
1000	22
1001	19
1002	19
1003	18
1004	25
1005	18
1006	20
1007	15
1008	19
1009	24
1010	17
1011	27
1012	21
1013	21
1014	22
1015	21
1016	19
1017	25
1018	23
1019	20
1020	22
1021	19
1022	17
1023	18
1024	12
1025	23
1026	18
1027	17
1028	15
1029	16
1030	20
1031	13
1032	16
1033	19
1034	19
1035	23
1036	20
1037	14
1038	18
1039	19
1040	20
1041	16
1042	18
1043	15
1044	27
1045	22
1046	22
1047	21
1048	14
1049	19
1050	14
1051	22
1052	24
1053	15
1054	21
1055	23
1056	28
1057	14
1058	20
1059	14
1060	16
1061	23
1062	20
1063	23
1064	15
1065	18
1066	16
1067	19
1068	20
1069	16
1070	26
1071	16
1072	18
1073	21
1074	15
1075	17
1076	23
1077	17
1078	25
1079	18
1080	19
1081	25
1082	19
1083	18
1084	24
1085	15
1086	18
1087	18
1088	14
1089	18
1090	14
1091	18
1092	17
1093	22
1094	17
1095	11
1096	16
1097	20
1098	13
1099	14
1100	15
1101	18
1102	17
1103	13
1104	22
1105	14
1106	15
1107	19
1108	13
1109	15
1110	18
1111	19
1112	24
1113	17
1114	13
1115	27
1116	18
1117	19
1118	17
1119	28
1120	16
1121	18
1122	12
1123	22
1124	23
1125	18
1126	22
1127	16
1128	20
1129	17
1130	23
1131	14
1132	16
1133	21
1134	20
1135	17
1136	18
1137	22
1138	27
1139	9
1140	26
1141	25
1142	17
1143	23
1144	25
1145	23
1146	24
1147	23
1148	18
1149	23
1150	26
1151	19
1152	13
1153	18
1154	24
1155	21
1156	14
1157	10
1158	26
1159	22
1160	20
1161	18
1162	18
1163	19
1164	21
1165	19
1166	26
1167	24
1168	15
1169	15
1170	16
1171	17
1172	16
1173	16
1174	22
1175	15
1176	22
1177	20
1178	20
1179	20
1180	32
1181	18
1182	25
1183	21
1184	18
1185	23
1186	22
1187	28
1188	25
1189	29
1190	26
1191	26
1192	19
1193	26
1194	29
1195	27
1196	14
1197	24
1198	15
1199	18
1200	14
1201	20
1202	21
1203	20
1204	17
1205	28
1206	16
1207	20
1208	22
1209	24
1210	16
1211	24
1212	16
1213	18
1214	27
1215	20
1216	21
1217	21
1218	26
1219	20
1220	24
1221	36
1222	19
1223	17
1224	21
1225	22
1226	15
1227	22
1228	19
1229	31
1230	26
1231	24
1232	24
1233	27
1234	13
1235	24
1236	11
1237	16
1238	17
1239	38
1240	16
1241	17
1242	32
1243	21
1244	31
1245	18
1246	28
1247	19
1248	24
1249	25
1250	21
1251	21
1252	15
1253	25
1254	20
1255	18
1256	20
1257	19
1258	15
1259	21
1260	13
1261	22
1262	17
1263	31
1264	22
1265	21
1266	24
1267	24
1268	22
1269	15
1270	21
1271	22
1272	23
1273	22
1274	18
1275	22
1276	22
1277	15
1278	12
1279	17
1280	16
1281	26
1282	18
1283	26
1284	26
1285	17
1286	21
1287	22
1288	20
1289	21
1290	17
1291	19
1292	27
1293	25
1294	27
1295	24
1296	26
1297	20
1298	15
1299	27
1300	24
1301	22
1302	22
1303	21
1304	30
1305	25
1306	27
1307	22
1308	25
1309	24
1310	20
1311	19
1312	18
1313	20
1314	19
1315	21
1316	23
1317	29
1318	24
1319	21
1320	31
1321	29
1322	26
1323	30
1324	32
1325	23
1326	35
1327	17
1328	23
1329	24
1330	25
1331	24
1332	22
1333	26
1334	17
1335	30
1336	20
1337	25
1338	21
1339	28
1340	28
1341	22
1342	24
1343	23
1344	23
1345	25
1346	26
1347	29
1348	29
1349	21
1350	25
1351	24
1352	34
1353	30
1354	24
1355	15
1356	27
1357	27
1358	29
1359	23
1360	23
1361	17
1362	21
1363	24
1364	16
1365	21
1366	24
1367	19
1368	30
1369	23
1370	20
1371	31
1372	21
1373	22
1374	18
1375	22
1376	27
1377	26
1378	32
1379	25
1380	19
1381	23
1382	27
1383	26
1384	16
1385	35
1386	21
1387	24
1388	21
1389	21
1390	29
1391	29
1392	20
1393	18
1394	24
1395	22
1396	28
1397	22
1398	29
1399	25
1400	24
1401	25
1402	17
1403	14
1404	18
1405	30
1406	24
1407	27
1408	22
1409	22
1410	29
1411	23
1412	35
1413	20
1414	30
1415	21
1416	16
1417	27
1418	31
1419	24
1420	16
1421	27
1422	22
1423	30
1424	23
1425	31
1426	27
1427	23
1428	18
1429	24
1430	24
1431	32
1432	25
1433	23
1434	26
1435	22
1436	22
1437	24
1438	30
1439	34
1440	22
1441	17
1442	18
1443	19
1444	30
1445	26
1446	22
1447	27
1448	24
1449	29
1450	24
1451	26
1452	29
1453	32
1454	27
1455	25
1456	22
1457	21
1458	25
1459	21
1460	32
1461	23
1462	26
1463	23
1464	22
1465	28
1466	20
1467	30
1468	29
1469	25
1470	19
1471	20
1472	24
1473	26
1474	25
1475	20
1476	28
1477	22
1478	20
1479	21
1480	24
1481	27
1482	26
1483	25
1484	23
1485	27
1486	20
1487	25
1488	28
1489	18
1490	20
1491	36
1492	25
1493	26
1494	33
1495	31
1496	21
1497	36
1498	23
1499	39
1500	36
1501	29
1502	27
1503	26
1504	28
1505	22
1506	22
1507	23
1508	33
1509	31
1510	23
1511	22
1512	25
1513	20
1514	27
1515	35
1516	24
1517	19
1518	21
1519	22
1520	19
1521	18
1522	16
1523	30
1524	29
1525	27
1526	29
1527	26
1528	20
1529	29
1530	19
1531	25
1532	22
1533	29
1534	30
1535	22
1536	23
1537	21
1538	21
1539	24
1540	22
1541	26
1542	22
1543	26
1544	22
1545	26
1546	37
1547	29
1548	30
1549	38
1550	23
1551	30
1552	18
1553	24
1554	33
1555	29
1556	29
1557	20
1558	25
1559	28
1560	30
1561	25
1562	26
1563	39
1564	26
1565	37
1566	25
1567	28
1568	30
1569	28
1570	37
1571	23
1572	31
1573	15
1574	24
1575	22
1576	25
1577	23
1578	32
1579	20
1580	24
1581	19
1582	37
1583	29
1584	23
1585	36
1586	30
1587	32
1588	28
1589	29
1590	28
1591	31
1592	24
1593	18
1594	22
1595	23
1596	40
1597	26
1598	33
1599	31
1600	28
1601	31
1602	24
1603	30
1604	21
1605	19
1606	25
1607	30
1608	19
1609	28
1610	30
1611	36
1612	28
1613	28
1614	23
1615	22
1616	33
1617	34
1618	35
1619	24
1620	36
1621	28
1622	24
1623	28
1624	24
1625	23
1626	25
1627	37
1628	24
1629	25
1630	28
1631	27
1632	30
1633	18
1634	25
1635	20
1636	23
1637	20
1638	29
1639	27
1640	25
1641	36
1642	28
1643	35
1644	27
1645	26
1646	21
1647	38
1648	18
1649	20
1650	23
1651	26
1652	21
1653	20
1654	44
1655	37
1656	22
1657	27
1658	41
1659	24
1660	26
1661	22
1662	26
1663	29
1664	25
1665	28
1666	21
1667	20
1668	18
1669	32
1670	25
1671	34
1672	27
1673	27
1674	34
1675	24
1676	28
1677	28
1678	25
1679	27
1680	25
1681	24
1682	30
1683	27
1684	19
1685	22
1686	23
1687	25
1688	25
1689	26
1690	21
1691	30
1692	27
1693	25
1694	30
1695	36
1696	29
1697	27
1698	29
1699	28
1700	20
1701	23
1702	31
1703	29
1704	29
1705	34
1706	31
1707	30
1708	17
1709	34
1710	37
1711	21
1712	39
1713	26
1714	24
1715	33
1716	33
1717	29
1718	23
1719	23
1720	33
1721	32
1722	30
1723	36
1724	25
1725	27
1726	29
1727	36
1728	36
1729	25
1730	19
1731	33
1732	28
1733	31
1734	37
1735	27
1736	28
1737	23
1738	31
1739	25
1740	37
1741	21
1742	20
1743	24
1744	28
1745	34
1746	33
1747	21
1748	26
1749	27
1750	25
1751	25
1752	39
1753	25
1754	25
1755	39
1756	25
1757	39
1758	28
1759	24
1760	31
1761	23
1762	26
1763	40
1764	21
1765	37
1766	32
1767	36
1768	40
1769	20
1770	27
1771	25
1772	36
1773	32
1774	29
1775	29
1776	31
1777	22
1778	26
1779	30
1780	21
1781	25
1782	38
1783	31
1784	24
1785	31
1786	29
1787	26
1788	27
1789	23
1790	32
1791	28
1792	26
1793	26
1794	35
1795	30
1796	31
1797	31
1798	27
1799	21
1800	26
1801	32
1802	25
1803	26
1804	32
1805	30
1806	31
1807	29
1808	31
1809	35
1810	27
1811	39
1812	22
1813	27
1814	37
1815	30
1816	19
1817	23
1818	32
1819	30
1820	23
1821	18
1822	19
1823	21
1824	39
1825	25
1826	27
1827	28
1828	28
1829	25
1830	30
1831	31
1832	21
1833	29
1834	30
1835	21
1836	27
1837	31
1838	25
1839	38
1840	26
1841	22
1842	36
1843	27
1844	29
1845	29
1846	33
1847	21
1848	31
1849	26
1850	34
1851	19
1852	25
1853	24
1854	23
1855	28
1856	23
1857	36
1858	32
1859	23
1860	39
1861	29
1862	29
1863	35
1864	31
1865	29
1866	21
1867	30
1868	29
1869	27
1870	24
1871	28
1872	27
1873	26
1874	23
1875	31
1876	32
1877	29
1878	25
1879	22
1880	34
1881	29
1882	36
1883	38
1884	28
1885	27
1886	24
1887	27
1888	28
1889	28
1890	28
1891	32
1892	26
1893	37
1894	30
1895	34
1896	26
1897	34
1898	21
1899	36
1900	31
1901	19
1902	35
1903	37
1904	39
1905	20
1906	28
1907	29
1908	35
1909	25
1910	24
1911	34
1912	30
1913	34
1914	30
1915	25
1916	35
1917	33
1918	30
1919	31
1920	23
1921	31
1922	22
1923	36
1924	19
1925	28
1926	29
1927	32
1928	32
1929	39
1930	31
1931	28
1932	32
1933	33
1934	36
1935	25
1936	40
1937	40
1938	30
1939	22
1940	34
1941	30
1942	28
1943	30
1944	29
1945	25
1946	40
1947	26
1948	33
1949	35
1950	26
1951	36
1952	41
1953	27
1954	39
1955	25
1956	32
1957	20
1958	30
1959	30
1960	32
1961	29
1962	27
1963	30
1964	32
1965	33
1966	35
1967	24
1968	35
1969	30
1970	40
1971	33
1972	27
1973	29
1974	22
1975	28
1976	30
1977	27
1978	35
1979	19
1980	36
1981	24
1982	41
1983	14
1984	26
1985	27
1986	28
1987	20
1988	37
1989	31
1990	24
1991	38
1992	36
1993	27
1994	30
1995	35
1996	25
1997	34
1998	33
1999	32
2000	29
2001	28
2002	38
2003	25
2004	26
2005	26
2006	35
2007	26
2008	26
2009	16
2010	29
2011	25
2012	37
2013	33
2014	31
2015	25
2016	27
2017	34
2018	30
2019	28
2020	33
2021	33
2022	36
2023	32
2024	28
2025	32
2026	27
2027	38
2028	34
2029	30
2030	35
2031	39
2032	30
2033	31
2034	28
2035	30
2036	23
2037	16
2038	38
2039	24
2040	32
2041	26
2042	43
2043	24
2044	23
2045	23
2046	32
2047	31
2048	31
2049	25
2050	31
2051	37
2052	21
2053	34
2054	32
2055	39
2056	44
2057	32
2058	31
2059	34
2060	24
2061	32
2062	30
2063	19
2064	31
2065	32
2066	30
2067	27
2068	24
2069	25
2070	33
2071	31
2072	21
2073	33
2074	34
2075	28
2076	21
2077	32
2078	23
2079	26
2080	35
2081	33
2082	37
2083	25
2084	23
2085	24
2086	44
2087	21
2088	27
2089	33
2090	29
2091	37
2092	27
2093	29
2094	29
2095	31
2096	30
2097	33
2098	29
2099	27
2100	21
2101	34
2102	29
2103	24
2104	35
2105	34
2106	42
2107	18
2108	36
2109	34
2110	19
2111	43
2112	37
2113	31
2114	26
2115	33
2116	34
2117	19
2118	30
2119	25
2120	22
2121	24
2122	32
2123	28
2124	30
2125	21
2126	26
2127	23
2128	35
2129	32
2130	38
2131	20
2132	37
2133	35
2134	28
2135	22
2136	43
2137	32
2138	31
2139	29
2140	22
2141	25
2142	33
2143	42
2144	22
2145	32
2146	25
2147	24
2148	32
2149	28
2150	31
2151	21
2152	33
2153	29
2154	28
2155	30
2156	31
2157	27
2158	35
2159	22
2160	30
2161	32
2162	28
2163	32
2164	44
2165	29
2166	30
2167	27
2168	26
2169	36
2170	28
2171	23
2172	25
2173	29
2174	31
2175	25
2176	32
2177	18
2178	32
2179	27
2180	33
2181	22
2182	26
2183	32
2184	28
2185	29
2186	31
2187	40
2188	20
2189	28
2190	26
2191	22
2192	27
2193	20
2194	38
2195	36
2196	30
2197	25
2198	32
2199	31
2200	33
2201	32
2202	29
2203	28
2204	25
2205	34
2206	24
2207	24
2208	24
2209	23
2210	29
2211	31
2212	29
2213	35
2214	33
2215	28
2216	23
2217	26
2218	19
2219	34
2220	30
2221	35
2222	26
2223	33
2224	20
2225	22
2226	37
2227	23
2228	30
2229	30
2230	26
2231	28
2232	24
2233	35
2234	33
2235	37
2236	38
2237	24
2238	37
2239	25
2240	29
2241	24
2242	34
2243	40
2244	37
2245	31
2246	39
2247	30
2248	23
2249	38
2250	29
2251	44
2252	28
2253	28
2254	34
2255	33
2256	27
2257	36
2258	45
2259	31
2260	25
2261	32
2262	30
2263	25
2264	27
2265	27
2266	39
2267	36
2268	39
2269	22
2270	30
2271	36
2272	40
2273	34
2274	41
2275	19
2276	34
2277	31
2278	31
2279	35
2280	29
2281	30
2282	34
2283	20
2284	38
2285	30
2286	32
2287	38
2288	30
2289	26
2290	39
2291	35
2292	34
2293	32
2294	36
2295	35
2296	22
2297	33
2298	31
2299	40
2300	37
2301	40
2302	46
2303	31
2304	46
2305	41
2306	30
2307	21
2308	43
2309	28
2310	47
2311	40
2312	23
2313	35
2314	42
2315	27
2316	30
2317	46
2318	33
2319	36
2320	40
2321	36
2322	46
2323	38
2324	39
2325	33
2326	42
2327	29
2328	36
2329	26
2330	40
2331	40
2332	31
2333	25
2334	39
2335	49
2336	30
2337	38
2338	43
2339	42
2340	31
2341	40
2342	34
2343	48
2344	39
2345	30
2346	54
2347	37
2348	39
2349	28
2350	32
2351	33
2352	37
2353	45
2354	46
2355	43
2356	48
2357	38
2358	35
2359	35
2360	37
2361	41
2362	43
2363	36
2364	37
2365	33
2366	29
2367	32
2368	26
2369	37
2370	30
2371	40
2372	35
2373	38
2374	40
2375	44
2376	26
2377	41
2378	40
2379	39
2380	43
2381	35
2382	49
2383	36
2384	46
2385	32
2386	40
2387	32
2388	35
2389	42
2390	45
2391	45
2392	46
2393	53
2394	36
2395	42
2396	53
2397	34
2398	43
2399	31
2400	46
2401	52
2402	34
2403	34
2404	39
2405	42
2406	45
2407	40
2408	41
2409	42
2410	44
2411	41
2412	37
2413	41
2414	55
2415	38
2416	41
2417	46
2418	38
2419	42
2420	49
2421	40
2422	29
2423	44
2424	39
2425	35
2426	40
2427	38
2428	45
2429	43
2430	56
2431	32
2432	46
2433	43
2434	29
2435	38
2436	37
2437	41
2438	46
2439	40
2440	35
2441	45
2442	45
2443	34
2444	44
2445	34
2446	42
2447	31
2448	42
2449	41
2450	54
2451	62
2452	40
2453	47
2454	48
2455	46
2456	42
2457	43
2458	32
2459	46
2460	47
2461	49
2462	42
2463	41
2464	43
2465	36
2466	34
2467	48
2468	35
2469	38
2470	41
2471	47
2472	46
2473	35
2474	39
2475	46
2476	35
2477	44
2478	39
2479	34
2480	28
2481	39
2482	57
2483	45
2484	45
2485	46
2486	43
2487	47
2488	41
2489	44
2490	40
2491	35
2492	44
2493	40
2494	45
2495	41
2496	44
2497	51
2498	45
2499	34
2500	47
2501	54
2502	38
2503	39
2504	44
2505	38
2506	40
2507	36
2508	34
2509	40
2510	38
2511	47
2512	38
2513	49
2514	48
2515	41
2516	34
2517	35
2518	50
2519	41
2520	29
2521	44
2522	29
2523	31
2524	45
2525	41
2526	49
2527	37
2528	41
2529	32
2530	31
2531	50
2532	42
2533	51
2534	40
2535	44
2536	42
2537	39
2538	27
2539	36
2540	47
2541	40
2542	38
2543	45
2544	36
2545	31
2546	36
2547	41
2548	34
2549	45
2550	38
2551	32
2552	36
2553	35
2554	43
2555	44
2556	34
2557	33
2558	35
2559	33
2560	37
2561	33
2562	38
2563	35
2564	44
2565	34
2566	27
2567	35
2568	37
2569	40
2570	33
2571	33
2572	35
2573	47
2574	32
2575	38
2576	39
2577	44
2578	33
2579	39
2580	39
2581	36
2582	35
2583	28
2584	39
2585	36
2586	36
2587	32
2588	42
2589	34
2590	54
2591	40
2592	37
2593	32
2594	28
2595	26
2596	39
2597	27
2598	33
2599	42
2600	49
2601	38
2602	31
2603	32
2604	35
2605	33
2606	26
2607	34
2608	42
2609	28
2610	34
2611	28
2612	32
2613	43
2614	49
2615	28
2616	33
2617	43
2618	34
2619	33
2620	37
2621	47
2622	29
2623	30
2624	44
2625	40
2626	37
2627	36
2628	32
2629	31
2630	27
2631	34
2632	38
2633	30
2634	33
2635	46
2636	33
2637	38
2638	37
2639	32
2640	27
2641	30
2642	36
2643	23
2644	32
2645	38
2646	39
2647	34
2648	26
2649	43
2650	26
2651	36
2652	30
2653	35
2654	24
2655	33
2656	43
2657	33
2658	26
2659	39
2660	36
2661	30
2662	26
2663	33
2664	41
2665	31
2666	42
2667	40
2668	34
2669	24
2670	22
2671	31
2672	34
2673	25
2674	39
2675	25
2676	25
2677	32
2678	23
2679	25
2680	26
2681	35
2682	34
2683	38
2684	22
2685	36
2686	35
2687	25
2688	29
2689	22
2690	27
2691	27
2692	25
2693	36
2694	37
2695	33
2696	21
2697	33
2698	23
2699	35
2700	24
2701	27
2702	28
2703	24
2704	22
2705	28
2706	21
2707	26
2708	35
2709	27
2710	37
2711	24
2712	32
2713	21
2714	23
2715	28
2716	24
2717	20
2718	42
2719	21
2720	28
2721	22
2722	32
2723	23
2724	26
2725	31
2726	28
2727	25
2728	16
2729	26
2730	27
2731	26
2732	31
2733	26
2734	29
2735	19
2736	25
2737	27
2738	29
2739	22
2740	23
2741	34
2742	17
2743	26
2744	24
2745	23
2746	12
2747	30
2748	16
2749	22
2750	23
2751	20
2752	24
2753	21
2754	24
2755	23
2756	27
2757	23
2758	26
2759	17
2760	21
2761	23
2762	22
2763	23
2764	29
2765	16
2766	24
2767	18
2768	21
2769	21
2770	25
2771	20
2772	26
2773	24
2774	17
2775	27
2776	23
2777	35
2778	29
2779	30
2780	27
2781	20
2782	24
2783	29
2784	19
2785	17
2786	29
2787	25
2788	15
2789	21
2790	16
2791	22
2792	23
2793	27
2794	18
2795	20
2796	25
2797	19
2798	21
2799	15
2800	17
2801	22
2802	19
2803	24
2804	19
2805	16
2806	24
2807	25
2808	24
2809	23
2810	23
2811	18
2812	28
2813	22
2814	24
2815	13
2816	20
2817	23
2818	16
2819	24
2820	17
2821	22
2822	23
2823	20
2824	20
2825	26
2826	20
2827	17
2828	19
2829	23
2830	17
2831	18
2832	24
2833	19
2834	28
2835	19
2836	17
2837	24
2838	23
2839	21
2840	22
2841	20
2842	26
2843	19
2844	23
2845	22
2846	26
2847	23
2848	18
2849	23
2850	28
2851	26
2852	23
2853	18
2854	28
2855	13
2856	17
2857	15
2858	21
2859	18
2860	10
2861	19
2862	28
2863	18
2864	20
2865	18
2866	13
2867	18
2868	22
2869	18
2870	25
2871	24
2872	22
2873	18
2874	19
2875	11
2876	13
2877	20
2878	24
2879	21
2880	20
2881	19
2882	25
2883	15
2884	31
2885	21
2886	17
2887	20
2888	18
2889	17
2890	32
2891	21
2892	18
2893	20
2894	24
2895	25
2896	22
2897	22
2898	17
2899	22
2900	21
2901	20
2902	26
2903	16
2904	15
2905	25
2906	7
2907	24
2908	20
2909	25
2910	26
2911	29
2912	22
2913	21
2914	26
2915	20
2916	21
2917	22
2918	20
2919	27
2920	21
2921	16
2922	21
2923	12
2924	14
2925	17
2926	22
2927	15
2928	9
2929	20
2930	23
2931	26
2932	16
2933	21
2934	26
2935	23
2936	19
2937	20
2938	18
2939	12
2940	18
2941	21
2942	22
2943	24
2944	23
2945	16
2946	16
2947	25
2948	23
2949	26
2950	21
2951	22
2952	14
2953	16
2954	20
2955	28
2956	18
2957	19
2958	13
2959	23
2960	25
2961	23
2962	19
2963	25
2964	17
2965	18
2966	17
2967	21
2968	17
2969	14
2970	20
2971	22
2972	14
2973	20
2974	25
2975	18
2976	20
2977	16
2978	23
2979	14
2980	14
2981	17
2982	21
2983	14
2984	16
2985	31
2986	16
2987	16
2988	18
2989	18
2990	19
2991	17
2992	25
2993	20
2994	21
2995	20
2996	10
2997	17
2998	30
2999	22
3000	19
3001	27
3002	18
3003	19
3004	22
3005	18
3006	13
3007	15
3008	28
3009	24
3010	25
3011	11
3012	19
3013	20
3014	22
3015	17
3016	23
3017	22
3018	23
3019	14
3020	21
3021	26
3022	27
3023	16
3024	18
3025	19
3026	22
3027	11
3028	19
3029	21
3030	22
3031	18
3032	17
3033	18
3034	20
3035	31
3036	18
3037	14
3038	20
3039	18
3040	7
3041	19
3042	13
3043	16
3044	22
3045	19
3046	20
3047	16
3048	24
3049	30
3050	23
3051	23
3052	13
3053	18
3054	20
3055	16
3056	25
3057	16
3058	16
3059	18
3060	26
3061	21
3062	25
3063	20
3064	21
3065	17
3066	14
3067	22
3068	20
3069	20
3070	17
3071	16
3072	18
3073	17
3074	21
3075	17
3076	12
3077	19
3078	21
3079	18
3080	15
3081	15
3082	22
3083	16
3084	18
3085	17
3086	19
3087	18
3088	22
3089	12
3090	17
3091	11
3092	21
3093	18
3094	22
3095	13
3096	11
3097	19
3098	22
3099	27
3100	16
3101	16
3102	21
3103	23
3104	24
3105	14
3106	23
3107	21
3108	30
3109	23
3110	23
3111	18
3112	19
3113	6
3114	13
3115	16
3116	18
3117	21
3118	23
3119	16
3120	18
3121	16
3122	15
3123	18
3124	17
3125	31
3126	16
3127	26
3128	31
3129	19
3130	26
3131	8
3132	28
3133	13
3134	11
3135	17
3136	16
3137	13
3138	15
3139	17
3140	20
3141	14
3142	17
3143	19
3144	25
3145	18
3146	17
3147	20
3148	13
3149	21
3150	18
3151	22
3152	17
3153	20
3154	22
3155	18
3156	16
3157	25
3158	16
3159	21
3160	20
3161	19
3162	17
3163	25
3164	22
3165	11
3166	14
3167	11
3168	11
3169	16
3170	18
3171	18
3172	10
3173	19
3174	16
3175	16
3176	14
3177	20
3178	16
3179	16
3180	28
3181	17
3182	18
3183	23
3184	17
3185	13
3186	19
3187	16
3188	24
3189	15
3190	16
3191	17
3192	18
3193	25
3194	18
3195	13
3196	18
3197	14
3198	11
3199	14
3200	15
3201	24
3202	13
3203	18
3204	12
3205	21
3206	19
3207	24
3208	16
3209	14
3210	23
3211	15
3212	24
3213	12
3214	20
3215	9
3216	19
3217	16
3218	17
3219	17
3220	17
3221	17
3222	9
3223	13
3224	19
3225	13
3226	17
3227	18
3228	19
3229	14
3230	16
3231	19
3232	23
3233	15
3234	16
3235	20
3236	13
3237	22
3238	20
3239	20
3240	19
3241	16
3242	8
3243	24
3244	23
3245	13
3246	20
3247	14
3248	10
3249	18
3250	18
3251	16
3252	12
3253	17
3254	25
3255	16
3256	19
3257	7
3258	14
3259	19
3260	10
3261	19
3262	25
3263	19
3264	11
3265	14
3266	22
3267	19
3268	19
3269	17
3270	19
3271	19
3272	23
3273	15
3274	20
3275	24
3276	17
3277	23
3278	10
3279	14
3280	21
3281	26
3282	18
3283	15
3284	10
3285	20
3286	18
3287	10
3288	8
3289	16
3290	10
3291	24
3292	15
3293	12
3294	20
3295	11
3296	19
3297	22
3298	14
3299	20
3300	28
3301	22
3302	19
3303	19
3304	14
3305	19
3306	13
3307	18
3308	28
3309	18
3310	20
3311	19
3312	12
3313	14
3314	10
3315	22
3316	15
3317	24
3318	21
3319	17
3320	12
3321	11
3322	10
3323	19
3324	17
3325	16
3326	12
3327	23
3328	16
3329	19
3330	15
3331	19
3332	15
3333	13
3334	24
3335	18
3336	16
3337	12
3338	14
3339	16
3340	19
3341	20
3342	18
3343	22
3344	26
3345	14
3346	10
3347	21
3348	22
3349	13
3350	14
3351	22
3352	16
3353	16
3354	17
3355	22
3356	18
3357	12
3358	24
3359	19
3360	18
3361	13
3362	22
3363	20
3364	18
3365	17
3366	7
3367	16
3368	17
3369	17
3370	11
3371	21
3372	21
3373	24
3374	21
3375	24
3376	18
3377	16
3378	23
3379	19
3380	23
3381	17
3382	19
3383	19
3384	18
3385	20
3386	12
3387	11
3388	23
3389	16
3390	21
3391	15
3392	17
3393	23
3394	17
3395	20
3396	14
3397	16
3398	15
3399	16
3400	7
3401	20
3402	13
3403	29
3404	18
3405	22
3406	17
3407	16
3408	14
3409	22
3410	23
3411	19
3412	16
3413	21
3414	15
3415	23
3416	23
3417	21
3418	22
3419	13
3420	12
3421	15
3422	13
3423	16
3424	21
3425	17
3426	14
3427	14
3428	15
3429	24
3430	21
3431	18
3432	20
3433	16
3434	13
3435	23
3436	27
3437	16
3438	15
3439	12
3440	12
3441	17
3442	19
3443	21
3444	9
3445	12
3446	17
3447	22
3448	20
3449	16
3450	19
3451	22
3452	16
3453	25
3454	15
3455	16
3456	12
3457	16
3458	18
3459	25
3460	20
3461	22
3462	14
3463	15
3464	16
3465	17
3466	10
3467	22
3468	16
3469	17
3470	11
3471	23
3472	21
3473	17
3474	18
3475	20
3476	16
3477	19
3478	11
3479	17
3480	20
3481	12
3482	11
3483	20
3484	15
3485	21
3486	20
3487	20
3488	13
3489	16
3490	20
3491	16
3492	11
3493	22
3494	12
3495	18
3496	12
3497	13
3498	20
3499	24
3500	23
3501	14
3502	20
3503	22
3504	19
3505	12
3506	15
3507	13
3508	14
3509	27
3510	13
3511	24
3512	14
3513	13
3514	14
3515	15
3516	22
3517	15
3518	13
3519	17
3520	11
3521	12
3522	22
3523	20
3524	21
3525	24
3526	10
3527	16
3528	21
3529	19
3530	15
3531	15
3532	14
3533	10
3534	17
3535	20
3536	12
3537	16
3538	16
3539	18
3540	15
3541	15
3542	19
3543	18
3544	7
3545	28
3546	16
3547	13
3548	20
3549	14
3550	21
3551	11
3552	16
3553	18
3554	13
3555	16
3556	9
3557	19
3558	18
3559	17
3560	18
3561	17
3562	24
3563	15
3564	9
3565	24
3566	10
3567	19
3568	15
3569	18
3570	9
3571	18
3572	21
3573	16
3574	13
3575	25
3576	14
3577	21
3578	21
3579	19
3580	18
3581	19
3582	18
3583	16
3584	17
3585	12
3586	12
3587	13
3588	19
3589	13
3590	21
3591	10
3592	19
3593	11
3594	12
3595	15
3596	12
3597	22
3598	20
3599	19
3600	14
3601	9
3602	17
3603	13
3604	17
3605	12
3606	23
3607	15
3608	32
3609	18
3610	16
3611	12
3612	18
3613	17
3614	18
3615	18
3616	15
3617	17
3618	17
3619	11
3620	12
3621	19
3622	9
3623	13
3624	17
3625	16
3626	28
3627	14
3628	23
3629	23
3630	14
3631	16
3632	12
3633	20
3634	18
3635	19
3636	10
3637	13
3638	22
3639	21
3640	17
3641	22
3642	26
3643	20
3644	13
3645	21
3646	16
3647	19
3648	15
3649	14
3650	18
3651	18
3652	13
3653	20
3654	22
3655	15
3656	18
3657	9
3658	13
3659	19
3660	18
3661	10
3662	19
3663	20
3664	19
3665	23
3666	14
3667	16
3668	14
3669	18
3670	18
3671	14
3672	14
3673	18
3674	18
3675	16
3676	7
3677	16
3678	15
3679	10
3680	17
3681	18
3682	12
3683	16
3684	18
3685	17
3686	19
3687	17
3688	17
3689	18
3690	19
3691	19
3692	12
3693	13
3694	21
3695	11
3696	12
3697	18
3698	16
3699	13
3700	16
3701	10
3702	16
3703	16
3704	15
3705	14
3706	19
3707	14
3708	12
3709	21
3710	14
3711	14
3712	13
3713	12
3714	23
3715	19
3716	16
3717	15
3718	13
3719	16
3720	21
3721	12
3722	24
3723	14
3724	21
3725	20
3726	25
3727	12
3728	12
3729	21
3730	12
3731	12
3732	18
3733	8
3734	20
3735	15
3736	21
3737	23
3738	10
3739	17
3740	16
3741	9
3742	11
3743	16
3744	14
3745	9
3746	20
3747	20
3748	17
3749	9
3750	16
3751	22
3752	16
3753	10
3754	18
3755	16
3756	21
3757	8
3758	17
3759	16
3760	15
3761	14
3762	9
3763	17
3764	13
3765	16
3766	12
3767	16
3768	6
3769	19
3770	17
3771	16
3772	18
3773	10
3774	15
3775	12
3776	14
3777	10
3778	19
3779	11
3780	12
3781	18
3782	19
3783	20
3784	20
3785	17
3786	13
3787	14
3788	15
3789	12
3790	18
3791	15
3792	15
3793	24
3794	18
3795	12
3796	12
3797	19
3798	12
3799	15
3800	27
3801	12
3802	11
3803	19
3804	17
3805	15
3806	21
3807	10
3808	14
3809	25
3810	19
3811	16
3812	10
3813	15
3814	11
3815	22
3816	14
3817	13
3818	16
3819	12
3820	15
3821	12
3822	12
3823	17
3824	10
3825	17
3826	16
3827	18
3828	19
3829	19
3830	18
3831	15
3832	17
3833	12
3834	12
3835	17
3836	18
3837	14
3838	16
3839	12
3840	13
3841	20
3842	18
3843	14
3844	19
3845	18
3846	21
3847	14
3848	24
3849	14
3850	20
3851	17
3852	17
3853	21
3854	13
3855	27
3856	13
3857	15
3858	22
3859	10
3860	19
3861	8
3862	14
3863	10
3864	17
3865	12
3866	17
3867	14
3868	8
3869	18
3870	18
3871	11
3872	17
3873	14
3874	12
3875	20
3876	11
3877	16
3878	21
3879	14
3880	14
3881	16
3882	20
3883	14
3884	13
3885	13
3886	17
3887	14
3888	15
3889	18
3890	9
3891	14
3892	20
3893	19
3894	17
3895	18
3896	12
3897	17
3898	10
3899	18
3900	13
3901	15
3902	14
3903	10
3904	19
3905	11
3906	11
3907	23
3908	13
3909	17
3910	5
3911	12
3912	16
3913	9
3914	8
3915	14
3916	19
3917	19
3918	18
3919	17
3920	12
3921	13
3922	17
3923	15
3924	12
3925	11
3926	17
3927	13
3928	10
3929	14
3930	14
3931	14
3932	9
3933	11
3934	18
3935	15
3936	17
3937	12
3938	18
3939	22
3940	20
3941	16
3942	17
3943	13
3944	18
3945	15
3946	15
3947	13
3948	10
3949	14
3950	22
3951	15
3952	10
3953	10
3954	16
3955	15
3956	11
3957	15
3958	11
3959	24
3960	18
3961	11
3962	12
3963	13
3964	9
3965	13
3966	18
3967	17
3968	20
3969	14
3970	13
3971	16
3972	15
3973	9
3974	14
3975	10
3976	12
3977	17
3978	16
3979	18
3980	18
3981	11
3982	21
3983	9
3984	22
3985	19
3986	15
3987	11
3988	17
3989	12
3990	18
3991	16
3992	18
3993	22
3994	16
3995	10
3996	20
3997	18
3998	17
3999	14
4000	13
4001	14
4002	21
4003	10
4004	8
4005	13
4006	17
4007	17
4008	15
4009	15
4010	18
4011	15
4012	16
4013	14
4014	20
4015	19
4016	18
4017	11
4018	16
4019	19
4020	14
4021	13
4022	13
4023	12
4024	13
4025	25
4026	11
4027	14
4028	9
4029	15
4030	15
4031	16
4032	23
4033	19
4034	20
4035	16
4036	19
4037	15
4038	18
4039	13
4040	12
4041	22
4042	17
4043	20
4044	19
4045	11
4046	13
4047	16
4048	13
4049	12
4050	14
4051	11
4052	13
4053	13
4054	15
4055	13
4056	18
4057	13
4058	9
4059	19
4060	18
4061	8
4062	18
4063	14
4064	14
4065	15
4066	18
4067	15
4068	13
4069	15
4070	14
4071	8
4072	10
4073	11
4074	12
4075	17
4076	15
4077	18
4078	18
4079	19
4080	20
4081	14
4082	13
4083	17
4084	18
4085	20
4086	6
4087	15
4088	19
4089	13
4090	8
4091	12
4092	19
4093	15
4094	23
4095	7
4096	13
4097	15
4098	12
4099	12
4100	9
4101	14
4102	14
4103	12
4104	16
4105	19
4106	17
4107	18
4108	18
4109	20
4110	11
4111	21
4112	19
4113	20
4114	14
4115	12
4116	8
4117	18
4118	11
4119	17
4120	19
4121	12
4122	11
4123	14
4124	27
4125	17
4126	16
4127	16
4128	10
4129	18
4130	14
4131	7
4132	21
4133	22
4134	18
4135	7
4136	14
4137	18
4138	14
4139	19
4140	13
4141	7
4142	9
4143	11
4144	18
4145	13
4146	17
4147	12
4148	17
4149	14
4150	15
4151	17
4152	20
4153	16
4154	23
4155	12
4156	13
4157	12
4158	15
4159	10
4160	18
4161	12
4162	13
4163	24
4164	11
4165	15
4166	19
4167	11
4168	17
4169	9
4170	17
4171	9
4172	10
4173	13
4174	14
4175	10
4176	17
4177	9
4178	20
4179	16
4180	17
4181	17
4182	8
4183	18
4184	14
4185	16
4186	11
4187	13
4188	13
4189	15
4190	19
4191	16
4192	17
4193	17
4194	13
4195	9
4196	17
4197	18
4198	20
4199	13
4200	14
4201	10
4202	10
4203	19
4204	16
4205	9
4206	18
4207	22
4208	12
4209	14
4210	14
4211	14
4212	13
4213	12
4214	17
4215	17
4216	11
4217	12
4218	15
4219	18
4220	20
4221	15
4222	11
4223	17
4224	14
4225	9
4226	21
4227	13
4228	19
4229	11
4230	17
4231	17
4232	12
4233	15
4234	13
4235	16
4236	13
4237	13
4238	15
4239	14
4240	16
4241	13
4242	12
4243	14
4244	11
4245	14
4246	13
4247	8
4248	13
4249	11
4250	10
4251	18
4252	10
4253	14
4254	10
4255	16
4256	16
4257	14
4258	12
4259	13
4260	17
4261	11
4262	14
4263	9
4264	20
4265	9
4266	13
4267	18
4268	16
4269	17
4270	20
4271	12
4272	10
4273	12
4274	22
4275	10
4276	9
4277	14
4278	18
4279	11
4280	13
4281	14
4282	20
4283	12
4284	15
4285	14
4286	13
4287	14
4288	13
4289	11
4290	18
4291	17
4292	12
4293	14
4294	10
4295	11
4296	14
4297	14
4298	16
4299	24
4300	21
4301	15
4302	9
4303	13
4304	15
4305	20
4306	11
4307	11
4308	18
4309	14
4310	10
4311	12
4312	22
4313	16
4314	12
4315	11
4316	12
4317	15
4318	16
4319	11
4320	13
4321	15
4322	13
4323	14
4324	10
4325	6
4326	10
4327	11
4328	16
4329	13
4330	21
4331	7
4332	19
4333	23
4334	8
4335	16
4336	9
4337	18
4338	16
4339	15
4340	13
4341	16
4342	12
4343	9
4344	18
4345	12
4346	12
4347	17
4348	20
4349	19
4350	9
4351	6
4352	12
4353	13
4354	12
4355	15
4356	7
4357	12
4358	19
4359	14
4360	20
4361	10
4362	20
4363	13
4364	13
4365	12
4366	13
4367	13
4368	15
4369	15
4370	13
4371	18
4372	10
4373	22
4374	15
4375	19
4376	18
4377	12
4378	18
4379	6
4380	14
4381	16
4382	14
4383	15
4384	6
4385	17
4386	13
4387	11
4388	11
4389	18
4390	19
4391	23
4392	17
4393	15
4394	12
4395	11
4396	16
4397	17
4398	14
4399	19
4400	7
4401	9
4402	7
4403	17
4404	18
4405	17
4406	11
4407	18
4408	14
4409	19
4410	13
4411	13
4412	13
4413	15
4414	11
4415	9
4416	13
4417	11
4418	15
4419	15
4420	13
4421	15
4422	18
4423	17
4424	13
4425	11
4426	14
4427	17
4428	24
4429	12
4430	13
4431	14
4432	10
4433	13
4434	5
4435	10
4436	22
4437	11
4438	10
4439	18
4440	18
4441	15
4442	14
4443	13
4444	4
4445	13
4446	16
4447	11
4448	14
4449	17
4450	12
4451	11
4452	15
4453	13
4454	16
4455	9
4456	9
4457	11
4458	15
4459	23
4460	14
4461	17
4462	14
4463	10
4464	14
4465	11
4466	25
4467	15
4468	15
4469	10
4470	15
4471	14
4472	13
4473	18
4474	17
4475	11
4476	11
4477	6
4478	15
4479	16
4480	19
4481	9
4482	13
4483	9
4484	14
4485	20
4486	12
4487	11
4488	9
4489	14
4490	9
4491	8
4492	10
4493	14
4494	8
4495	6
4496	14
4497	8
4498	9
4499	12
4500	12
4501	16
4502	13
4503	14
4504	10
4505	6
4506	10
4507	12
4508	16
4509	10
4510	14
4511	6
4512	19
4513	15
4514	23
4515	12
4516	10
4517	18
4518	15
4519	15
4520	15
4521	10
4522	16
4523	11
4524	18
4525	16
4526	17
4527	17
4528	9
4529	7
4530	9
4531	19
4532	14
4533	13
4534	22
4535	17
4536	18
4537	14
4538	16
4539	16
4540	8
4541	14
4542	17
4543	12
4544	19
4545	11
4546	10
4547	16
4548	13
4549	8
4550	12
4551	12
4552	13
4553	6
4554	16
4555	13
4556	15
4557	15
4558	14
4559	12
4560	14
4561	15
4562	18
4563	11
4564	9
4565	15
4566	12
4567	8
4568	10
4569	17
4570	10
4571	9
4572	16
4573	12
4574	18
4575	8
4576	8
4577	5
4578	10
4579	10
4580	13
4581	25
4582	11
4583	10
4584	9
4585	16
4586	21
4587	11
4588	13
4589	18
4590	9
4591	12
4592	8
4593	15
4594	5
4595	9
4596	8
4597	14
4598	12
4599	14
4600	11
4601	16
4602	13
4603	8
4604	14
4605	12
4606	14
4607	15
4608	15
4609	11
4610	11
4611	18
4612	13
4613	12
4614	15
4615	6
4616	15
4617	7
4618	8
4619	7
4620	9
4621	14
4622	12
4623	9
4624	9
4625	11
4626	11
4627	10
4628	14
4629	14
4630	11
4631	16
4632	16
4633	16
4634	13
4635	11
4636	9
4637	11
4638	14
4639	8
4640	10
4641	7
4642	13
4643	16
4644	13
4645	11
4646	13
4647	10
4648	14
4649	14
4650	9
4651	14
4652	12
4653	8
4654	15
4655	10
4656	7
4657	15
4658	15
4659	13
4660	13
4661	13
4662	6
4663	11
4664	11
4665	13
4666	15
4667	18
4668	9
4669	11
4670	12
4671	11
4672	16
4673	8
4674	14
4675	11
4676	12
4677	14
4678	13
4679	8
4680	11
4681	13
4682	17
4683	12
4684	14
4685	18
4686	15
4687	11
4688	9
4689	9
4690	11
4691	11
4692	19
4693	11
4694	12
4695	15
4696	8
4697	12
4698	12
4699	12
4700	20
4701	9
4702	14
4703	16
4704	7
4705	16
4706	6
4707	9
4708	16
4709	12
4710	11
4711	10
4712	12
4713	13
4714	15
4715	14
4716	11
4717	20
4718	6
4719	16
4720	10
4721	8
4722	12
4723	12
4724	14
4725	12
4726	7
4727	13
4728	13
4729	13
4730	19
4731	16
4732	12
4733	22
4734	17
4735	6
4736	10
4737	9
4738	12
4739	20
4740	15
4741	11
4742	13
4743	7
4744	13
4745	14
4746	10
4747	9
4748	12
4749	15
4750	11
4751	16
4752	16
4753	9
4754	12
4755	10
4756	13
4757	9
4758	12
4759	13
4760	17
4761	18
4762	15
4763	15
4764	10
4765	12
4766	11
4767	13
4768	15
4769	18
4770	14
4771	20
4772	10
4773	7
4774	9
4775	17
4776	15
4777	11
4778	14
4779	9
4780	15
4781	14
4782	15
4783	11
4784	9
4785	8
4786	17
4787	15
4788	16
4789	17
4790	14
4791	10
4792	14
4793	15
4794	17
4795	13
4796	10
4797	14
4798	10
4799	10
4800	15
4801	15
4802	12
4803	10
4804	10
4805	8
4806	9
4807	16
4808	11
4809	9
4810	7
4811	13
4812	18
4813	12
4814	9
4815	6
4816	11
4817	12
4818	7
4819	7
4820	9
4821	10
4822	12
4823	8
4824	12
4825	18
4826	9
4827	13
4828	11
4829	10
4830	18
4831	20
4832	12
4833	8
4834	9
4835	9
4836	15
4837	24
4838	16
4839	10
4840	10
4841	8
4842	14
4843	9
4844	16
4845	13
4846	12
4847	7
4848	18
4849	11
4850	19
4851	11
4852	13
4853	10
4854	12
4855	7
4856	9
4857	14
4858	12
4859	11
4860	13
4861	11
4862	15
4863	10
4864	11
4865	15
4866	15
4867	8
4868	15
4869	9
4870	17
4871	9
4872	11
4873	14
4874	13
4875	9
4876	12
4877	14
4878	12
4879	12
4880	9
4881	9
4882	14
4883	11
4884	16
4885	9
4886	12
4887	12
4888	16
4889	12
4890	5
4891	12
4892	11
4893	14
4894	5
4895	11
4896	11
4897	15
4898	11
4899	12
4900	15
4901	19
4902	12
4903	6
4904	6
4905	11
4906	12
4907	15
4908	12
4909	10
4910	12
4911	14
4912	14
4913	14
4914	8
4915	16
4916	13
4917	14
4918	18
4919	4
4920	13
4921	14
4922	11
4923	13
4924	12
4925	13
4926	12
4927	12
4928	14
4929	11
4930	6
4931	13
4932	11
4933	9
4934	14
4935	17
4936	24
4937	6
4938	16
4939	11
4940	10
4941	11
4942	12
4943	9
4944	17
4945	14
4946	16
4947	9
4948	7
4949	15
4950	9
4951	4
4952	12
4953	13
4954	15
4955	6
4956	9
4957	11
4958	9
4959	5
4960	15
4961	6
4962	11
4963	12
4964	9
4965	10
4966	9
4967	10
4968	15
4969	10
4970	5
4971	21
4972	16
4973	8
4974	12
4975	10
4976	11
4977	13
4978	12
4979	13
4980	11
4981	15
4982	9
4983	12
4984	17
4985	16
4986	16
4987	10
4988	15
4989	8
4990	12
4991	7
4992	9
4993	18
4994	10
4995	13
4996	12
4997	10
4998	12
4999	9
5000	11
5001	12
5002	7
5003	9
5004	13
5005	12
5006	10
5007	11
5008	9
5009	7
5010	7
5011	12
5012	20
5013	9
5014	10
5015	10
5016	14
5017	10
5018	10
5019	8
5020	19
5021	7
5022	12
5023	16
5024	8
5025	13
5026	11
5027	8
5028	16
5029	5
5030	9
5031	11
5032	9
5033	10
5034	9
5035	17
5036	10
5037	8
5038	13
5039	10
5040	13
5041	12
5042	11
5043	12
5044	17
5045	8
5046	13
5047	13
5048	17
5049	12
5050	10
5051	7
5052	15
5053	14
5054	11
5055	12
5056	9
5057	11
5058	7
5059	8
5060	16
5061	13
5062	14
5063	10
5064	6
5065	10
5066	14
5067	6
5068	10
5069	11
5070	14
5071	11
5072	8
5073	9
5074	16
5075	13
5076	5
5077	14
5078	16
5079	9
5080	22
5081	7
5082	6
5083	14
5084	13
5085	8
5086	15
5087	7
5088	4
5089	16
5090	11
5091	15
5092	11
5093	11
5094	10
5095	17
5096	13
5097	11
5098	10
5099	15
5100	6
5101	11
5102	13
5103	12
5104	14
5105	6
5106	11
5107	13
5108	8
5109	12
5110	13
5111	11
5112	10
5113	11
5114	16
5115	13
5116	12
5117	10
5118	10
5119	10
5120	14
5121	12
5122	9
5123	15
5124	10
5125	11
5126	17
5127	14
5128	14
5129	18
5130	8
5131	13
5132	19
5133	9
5134	13
5135	16
5136	12
5137	12
5138	10
5139	15
5140	14
5141	11
5142	8
5143	12
5144	12
5145	16
5146	4
5147	13
5148	11
5149	7
5150	10
5151	13
5152	9
5153	5
5154	14
5155	12
5156	10
5157	9
5158	7
5159	11
5160	13
5161	15
5162	9
5163	9
5164	11
5165	12
5166	9
5167	9
5168	11
5169	10
5170	15
5171	13
5172	12
5173	11
5174	10
5175	11
5176	9
5177	10
5178	12
5179	10
5180	11
5181	19
5182	12
5183	13
5184	11
5185	9
5186	17
5187	8
5188	15
5189	8
5190	16
5191	17
5192	11
5193	14
5194	17
5195	15
5196	14
5197	10
5198	11
5199	11
5200	10
5201	12
5202	16
5203	6
5204	13
5205	7
5206	11
5207	14
5208	11
5209	10
5210	8
5211	14
5212	5
5213	11
5214	11
5215	14
5216	10
5217	8
5218	10
5219	17
5220	15
5221	13
5222	12
5223	15
5224	13
5225	15
5226	16
5227	9
5228	16
5229	10
5230	11
5231	4
5232	19
5233	13
5234	9
5235	12
5236	8
5237	13
5238	15
5239	12
5240	11
5241	11
5242	16
5243	14
5244	14
5245	8
5246	18
5247	10
5248	14
5249	11
5250	13
5251	19
5252	12
5253	10
5254	12
5255	11
5256	12
5257	16
5258	7
5259	10
5260	6
5261	12
5262	13
5263	11
5264	11
5265	11
5266	9
5267	13
5268	15
5269	11
5270	9
5271	5
5272	8
5273	14
5274	14
5275	13
5276	14
5277	8
5278	8
5279	11
5280	10
5281	11
5282	18
5283	16
5284	14
5285	7
5286	10
5287	13
5288	13
5289	14
5290	11
5291	10
5292	14
5293	13
5294	16
5295	8
5296	14
5297	11
5298	18
5299	10
5300	11
5301	17
5302	11
5303	20
5304	12
5305	16
5306	17
5307	14
5308	4
5309	13
5310	9
5311	12
5312	8
5313	10
5314	12
5315	11
5316	13
5317	13
5318	9
5319	11
5320	10
5321	10
5322	10
5323	7
5324	9
5325	15
5326	15
5327	16
5328	12
5329	10
5330	14
5331	15
5332	18
5333	13
5334	15
5335	15
5336	16
5337	11
5338	4
5339	13
5340	14
5341	8
5342	15
5343	10
5344	6
5345	16
5346	15
5347	11
5348	7
5349	11
5350	8
5351	10
5352	7
5353	12
5354	19
5355	9
5356	10
5357	8
5358	7
5359	13
5360	11
5361	11
5362	7
5363	13
5364	16
5365	14
5366	12
5367	12
5368	11
5369	4
5370	10
5371	9
5372	19
5373	9
5374	13
5375	11
5376	12
5377	15
5378	10
5379	12
5380	15
5381	9
5382	10
5383	13
5384	12
5385	17
5386	13
5387	7
5388	12
5389	11
5390	17
5391	14
5392	14
5393	12
5394	16
5395	18
5396	7
5397	14
5398	10
5399	5
5400	18
5401	18
5402	12
5403	11
5404	10
5405	19
5406	16
5407	16
5408	16
5409	13
5410	11
5411	10
5412	20
5413	13
5414	17
5415	9
5416	14
5417	13
5418	14
5419	11
5420	10
5421	13
5422	8
5423	9
5424	10
5425	8
5426	16
5427	14
5428	9
5429	13
5430	14
5431	14
5432	14
5433	12
5434	13
5435	11
5436	10
5437	8
5438	9
5439	6
5440	12
5441	13
5442	9
5443	16
5444	21
5445	12
5446	7
5447	8
5448	11
5449	8
5450	13
5451	11
5452	10
5453	20
5454	14
5455	23
5456	20
5457	8
5458	7
5459	12
5460	11
5461	13
5462	13
5463	12
5464	16
5465	13
5466	14
5467	15
5468	12
5469	10
5470	7
5471	11
5472	12
5473	13
5474	17
5475	15
5476	6
5477	9
5478	13
5479	17
5480	18
5481	11
5482	11
5483	8
5484	10
5485	9
5486	12
5487	15
5488	9
5489	11
5490	9
5491	10
5492	17
5493	9
5494	12
5495	14
5496	17
5497	11
5498	9
5499	8
5500	12
5501	9
5502	13
5503	11
5504	18
5505	17
5506	8
5507	10
5508	13
5509	15
5510	13
5511	17
5512	18
5513	10
5514	13
5515	6
5516	11
5517	11
5518	9
5519	22
5520	5
5521	7
5522	12
5523	13
5524	9
5525	11
5526	9
5527	20
5528	17
5529	15
5530	14
5531	13
5532	14
5533	8
5534	9
5535	13
5536	8
5537	5
5538	12
5539	10
5540	7
5541	16
5542	14
5543	10
5544	12
5545	8
5546	13
5547	11
5548	9
5549	18
5550	9
5551	16
5552	11
5553	12
5554	11
5555	8
5556	14
5557	18
5558	15
5559	6
5560	13
5561	13
5562	6
5563	7
5564	13
5565	10
5566	10
5567	18
5568	12
5569	7
5570	9
5571	15
5572	9
5573	13
5574	12
5575	8
5576	14
5577	15
5578	12
5579	10
5580	11
5581	12
5582	12
5583	20
5584	14
5585	11
5586	14
5587	11
5588	10
5589	10
5590	14
5591	9
5592	9
5593	10
5594	12
5595	9
5596	13
5597	12
5598	6
5599	16
5600	12
5601	10
5602	13
5603	14
5604	17
5605	14
5606	17
5607	16
5608	12
5609	13
5610	17
5611	16
5612	11
5613	13
5614	12
5615	13
5616	11
5617	11
5618	16
5619	10
5620	12
5621	18
5622	11
5623	9
5624	7
5625	17
5626	14
5627	12
5628	18
5629	16
5630	10
5631	23
5632	12
5633	8
5634	9
5635	15
5636	18
5637	8
5638	8
5639	9
5640	12
5641	11
5642	12
5643	13
5644	22
5645	14
5646	11
5647	8
5648	14
5649	10
5650	9
5651	12
5652	13
5653	12
5654	13
5655	12
5656	13
5657	14
5658	13
5659	17
5660	8
5661	14
5662	12
5663	7
5664	15
5665	6
5666	10
5667	10
5668	8
5669	13
5670	12
5671	13
5672	14
5673	15
5674	12
5675	7
5676	14
5677	10
5678	11
5679	6
5680	14
5681	13
5682	9
5683	12
5684	15
5685	15
5686	16
5687	16
5688	19
5689	10
5690	12
5691	17
5692	13
5693	19
5694	12
5695	21
5696	10
5697	13
5698	14
5699	3
5700	10
5701	16
5702	19
5703	13
5704	16
5705	9
5706	13
5707	20
5708	14
5709	11
5710	15
5711	11
5712	18
5713	12
5714	15
5715	11
5716	12
5717	8
5718	14
5719	13
5720	10
5721	20
5722	19
5723	10
5724	10
5725	12
5726	19
5727	9
5728	13
5729	11
5730	11
5731	16
5732	12
5733	19
5734	25
5735	10
5736	11
5737	9
5738	14
5739	11
5740	10
5741	9
5742	10
5743	9
5744	17
5745	6
5746	8
5747	11
5748	16
5749	10
5750	14
5751	13
5752	13
5753	7
5754	9
5755	15
5756	10
5757	12
5758	11
5759	13
5760	11
5761	17
5762	11
5763	11
5764	12
5765	12
5766	12
5767	11
5768	15
5769	12
5770	11
5771	9
5772	13
5773	15
5774	12
5775	17
5776	7
5777	13
5778	16
5779	13
5780	22
5781	9
5782	12
5783	15
5784	7
5785	15
5786	7
5787	14
5788	9
5789	9
5790	12
5791	7
5792	11
5793	8
5794	17
5795	15
5796	11
5797	10
5798	15
5799	11
5800	8
5801	14
5802	12
5803	16
5804	13
5805	13
5806	11
5807	22
5808	10
5809	12
5810	13
5811	11
5812	11
5813	22
5814	15
5815	17
5816	18
5817	9
5818	12
5819	22
5820	17
5821	10
5822	13
5823	14
5824	17
5825	13
5826	9
5827	10
5828	22
5829	13
5830	14
5831	11
5832	11
5833	9
5834	12
5835	15
5836	16
5837	15
5838	7
5839	15
5840	14
5841	15
5842	10
5843	6
5844	7
5845	23
5846	12
5847	11
5848	15
5849	12
5850	11
5851	17
5852	13
5853	7
5854	13
5855	15
5856	13
5857	9
5858	13
5859	16
5860	15
5861	16
5862	21
5863	22
5864	10
5865	6
5866	12
5867	15
5868	10
5869	14
5870	13
5871	12
5872	13
5873	13
5874	10
5875	15
5876	8
5877	13
5878	12
5879	13
5880	12
5881	13
5882	9
5883	15
5884	20
5885	16
5886	16
5887	14
5888	8
5889	12
5890	12
5891	10
5892	11
5893	11
5894	13
5895	18
5896	16
5897	7
5898	15
5899	13
5900	9
5901	12
5902	9
5903	10
5904	15
5905	14
5906	7
5907	8
5908	15
5909	8
5910	12
5911	9
5912	21
5913	12
5914	12
5915	14
5916	13
5917	16
5918	18
5919	13
5920	14
5921	15
5922	9
5923	11
5924	12
5925	14
5926	7
5927	12
5928	11
5929	17
5930	6
5931	12
5932	10
5933	20
5934	17
5935	14
5936	16
5937	12
5938	5
5939	16
5940	7
5941	16
5942	14
5943	13
5944	11
5945	19
5946	15
5947	9
5948	13
5949	12
5950	10
5951	14
5952	11
5953	20
5954	10
5955	13
5956	7
5957	18
5958	12
5959	17
5960	16
5961	17
5962	9
5963	17
5964	12
5965	10
5966	17
5967	13
5968	14
5969	24
5970	12
5971	13
5972	23
5973	10
5974	17
5975	18
5976	9
5977	10
5978	15
5979	19
5980	22
5981	16
5982	14
5983	13
5984	15
5985	19
5986	15
5987	7
5988	16
5989	16
5990	12
5991	16
5992	9
5993	16
5994	14
5995	11
5996	12
5997	12
5998	12
5999	19
6000	19
6001	16
6002	13
6003	21
6004	16
6005	14
6006	12
6007	7
6008	10
6009	19
6010	21
6011	18
6012	15
6013	17
6014	13
6015	13
6016	19
6017	12
6018	12
6019	11
6020	12
6021	18
6022	26
6023	10
6024	13
6025	22
6026	13
6027	8
6028	8
6029	13
6030	11
6031	9
6032	13
6033	14
6034	13
6035	10
6036	21
6037	11
6038	17
6039	11
6040	13
6041	18
6042	18
6043	20
6044	16
6045	13
6046	18
6047	17
6048	10
6049	18
6050	12
6051	13
6052	13
6053	12
6054	18
6055	20
6056	15
6057	15
6058	22
6059	15
6060	13
6061	10
6062	18
6063	19
6064	15
6065	20
6066	19
6067	16
6068	22
6069	13
6070	13
6071	14
6072	13
6073	14
6074	9
6075	18
6076	15
6077	8
6078	19
6079	17
6080	23
6081	18
6082	13
6083	13
6084	11
6085	14
6086	16
6087	9
6088	13
6089	20
6090	23
6091	9
6092	13
6093	17
6094	20
6095	14
6096	11
6097	10
6098	24
6099	23
6100	15
6101	13
6102	13
6103	17
6104	16
6105	17
6106	14
6107	13
6108	22
6109	16
6110	13
6111	15
6112	17
6113	11
6114	19
6115	16
6116	17
6117	14
6118	25
6119	17
6120	20
6121	20
6122	11
6123	17
6124	17
6125	27
6126	15
6127	17
6128	15
6129	21
6130	9
6131	17
6132	17
6133	16
6134	17
6135	8
6136	8
6137	9
6138	14
6139	18
6140	32
6141	18
6142	21
6143	6
6144	18
6145	19
6146	20
6147	15
6148	13
6149	18
6150	15
6151	15
6152	20
6153	20
6154	14
6155	23
6156	18
6157	16
6158	19
6159	14
6160	19
6161	16
6162	20
6163	23
6164	21
6165	10
6166	17
6167	14
6168	15
6169	15
6170	21
6171	17
6172	17
6173	19
6174	18
6175	16
6176	14
6177	13
6178	21
6179	24
6180	11
6181	15
6182	12
6183	21
6184	18
6185	15
6186	23
6187	22
6188	17
6189	24
6190	15
6191	21
6192	19
6193	15
6194	6
6195	15
6196	20
6197	20
6198	16
6199	14
6200	17
6201	9
6202	18
6203	19
6204	24
6205	13
6206	17
6207	18
6208	24
6209	23
6210	19
6211	20
6212	14
6213	16
6214	22
6215	16
6216	18
6217	16
6218	23
6219	25
6220	18
6221	10
6222	20
6223	22
6224	26
6225	19
6226	11
6227	14
6228	18
6229	20
6230	17
6231	15
6232	19
6233	18
6234	17
6235	14
6236	17
6237	20
6238	21
6239	21
6240	15
6241	12
6242	23
6243	18
6244	19
6245	21
6246	27
6247	15
6248	18
6249	13
6250	25
6251	25
6252	18
6253	10
6254	17
6255	10
6256	23
6257	29
6258	24
6259	27
6260	18
6261	21
6262	21
6263	22
6264	25
6265	17
6266	29
6267	12
6268	19
6269	25
6270	20
6271	18
6272	19
6273	19
6274	19
6275	19
6276	13
6277	33
6278	14
6279	14
6280	23
6281	19
6282	21
6283	22
6284	16
6285	19
6286	20
6287	21
6288	21
6289	16
6290	20
6291	28
6292	16
6293	22
6294	20
6295	24
6296	24
6297	23
6298	22
6299	12
6300	18
6301	37
6302	20
6303	17
6304	30
6305	20
6306	25
6307	17
6308	22
6309	21
6310	21
6311	12
6312	29
6313	14
6314	16
6315	17
6316	18
6317	22
6318	22
6319	24
6320	24
6321	29
6322	20
6323	13
6324	17
6325	14
6326	19
6327	24
6328	29
6329	29
6330	24
6331	15
6332	20
6333	25
6334	24
6335	31
6336	21
6337	16
6338	18
6339	17
6340	26
6341	28
6342	22
6343	14
6344	18
6345	29
6346	24
6347	21
6348	23
6349	28
6350	27
6351	25
6352	24
6353	25
6354	31
6355	22
6356	21
6357	20
6358	26
6359	15
6360	14
6361	22
6362	26
6363	26
6364	29
6365	31
6366	22
6367	24
6368	25
6369	28
6370	18
6371	31
6372	31
6373	25
6374	26
6375	21
6376	26
6377	26
6378	25
6379	25
6380	19
6381	24
6382	14
6383	25
6384	12
6385	20
6386	22
6387	21
6388	26
6389	18
6390	25
6391	18
6392	23
6393	22
6394	21
6395	28
6396	19
6397	27
6398	21
6399	27
6400	25
6401	28
6402	19
6403	22
6404	16
6405	26
6406	16
6407	21
6408	29
6409	25
6410	22
6411	15
6412	25
6413	37
6414	28
6415	30
6416	22
6417	21
6418	11
6419	33
6420	25
6421	37
6422	15
6423	29
6424	13
6425	19
6426	30
6427	24
6428	17
6429	24
6430	27
6431	24
6432	20
6433	28
6434	24
6435	22
6436	27
6437	18
6438	26
6439	19
6440	20
6441	18
6442	35
6443	13
6444	24
6445	21
6446	17
6447	29
6448	24
6449	23
6450	24
6451	30
6452	26
6453	32
6454	26
6455	29
6456	20
6457	18
6458	24
6459	26
6460	32
6461	18
6462	21
6463	21
6464	27
6465	22
6466	24
6467	25
6468	27
6469	26
6470	30
6471	24
6472	30
6473	20
6474	26
6475	28
6476	37
6477	20
6478	22
6479	16
6480	32
6481	31
6482	22
6483	28
6484	25
6485	24
6486	31
6487	19
6488	23
6489	24
6490	31
6491	21
6492	25
6493	21
6494	18
6495	20
6496	30
6497	31
6498	37
6499	17
6500	25
6501	23
6502	23
6503	23
6504	21
6505	33
6506	25
6507	24
6508	27
6509	34
6510	25
6511	22
6512	25
6513	23
6514	30
6515	18
6516	19
6517	18
6518	18
6519	27
6520	23
6521	14
6522	19
6523	20
6524	27
6525	19
6526	25
6527	19
6528	24
6529	24
6530	27
6531	25
6532	20
6533	35
6534	27
6535	26
6536	18
6537	27
6538	18
6539	32
6540	16
6541	22
6542	25
6543	24
6544	38
6545	36
6546	14
6547	28
6548	23
6549	15
6550	27
6551	26
6552	24
6553	28
6554	20
6555	23
6556	25
6557	32
6558	24
6559	25
6560	19
6561	30
6562	24
6563	23
6564	22
6565	17
6566	24
6567	29
6568	25
6569	29
6570	22
6571	26
6572	19
6573	18
6574	24
6575	25
6576	20
6577	23
6578	28
6579	26
6580	16
6581	18
6582	24
6583	16
6584	24
6585	25
6586	25
6587	21
6588	16
6589	23
6590	26
6591	20
6592	28
6593	19
6594	24
6595	23
6596	33
6597	26
6598	23
6599	18
6600	20
6601	18
6602	23
6603	25
6604	27
6605	18
6606	15
6607	27
6608	26
6609	20
6610	13
6611	29
6612	22
6613	20
6614	27
6615	26
6616	24
6617	18
6618	24
6619	18
6620	24
6621	22
6622	19
6623	23
6624	19
6625	16
6626	13
6627	23
6628	16
6629	18
6630	21
6631	21
6632	27
6633	30
6634	18
6635	29
6636	19
6637	15
6638	29
6639	18
6640	17
6641	19
6642	24
6643	17
6644	29
6645	18
6646	27
6647	14
6648	16
6649	33
6650	21
6651	30
6652	19
6653	15
6654	14
6655	25
6656	24
6657	22
6658	26
6659	19
6660	13
6661	23
6662	20
6663	18
6664	20
6665	32
6666	22
6667	15
6668	21
6669	12
6670	16
6671	23
6672	26
6673	27
6674	26
6675	21
6676	24
6677	24
6678	24
6679	16
6680	10
6681	18
6682	17
6683	12
6684	20
6685	16
6686	21
6687	18
6688	19
6689	16
6690	16
6691	17
6692	16
6693	24
6694	14
6695	18
6696	22
6697	14
6698	18
6699	18
6700	26
6701	16
6702	17
6703	19
6704	16
6705	15
6706	14
6707	18
6708	14
6709	19
6710	19
6711	14
6712	18
6713	23
6714	13
6715	18
6716	12
6717	17
6718	12
6719	20
6720	25
6721	12
6722	13
6723	17
6724	16
6725	18
6726	10
6727	12
6728	18
6729	17
6730	8
6731	17
6732	13
6733	10
6734	10
6735	20
6736	12
6737	15
6738	16
6739	11
6740	11
6741	17
6742	15
6743	12
6744	17
6745	18
6746	12
6747	12
6748	9
6749	6
6750	11
6751	8
6752	8
6753	15
6754	13
6755	5
6756	15
6757	13
6758	7
6759	14
6760	16
6761	11
6762	11
6763	16
6764	14
6765	16
6766	12
6767	13
6768	20
6769	14
6770	10
6771	9
6772	10
6773	16
6774	12
6775	15
6776	10
6777	9
6778	15
6779	8
6780	15
6781	7
6782	15
6783	6
6784	16
6785	18
6786	12
6787	12
6788	7
6789	16
6790	8
6791	10
6792	8
6793	15
6794	8
6795	11
6796	10
6797	11
6798	8
6799	7
6800	9
6801	6
6802	13
6803	7
6804	11
6805	14
6806	12
6807	11
6808	14
6809	5
6810	10
6811	4
6812	5
6813	8
6814	6
6815	9
6816	15
6817	6
6818	9
6819	9
6820	4
6821	6
6822	6
6823	10
6824	6
6825	11
6826	9
6827	9
6828	8
6829	5
6830	9
6831	7
6832	6
6833	7
6834	10
6835	9
6836	3
6837	10
6838	4
6839	7
6840	9
6841	9
6842	10
6843	11
6844	7
6845	9
6846	5
6847	8
6848	5
6849	8
6850	4
6851	9
6852	8
6853	4
6854	6
6855	4
6856	3
6857	8
6858	10
6859	6
6860	4
6861	6
6862	6
6863	7
6864	2
6865	14
6866	6
6867	7
6868	2
6869	11
6870	4
6871	6
6872	5
6873	3
6874	12
6875	2
6876	0
6877	9
6878	5
6879	3
6880	11
6881	5
6882	6
6883	5
6884	5
6885	7
6886	8
6887	2
6888	6
6889	9
6890	3
6891	5
6892	3
6893	6
6894	3
6895	7
6896	3
6897	1
6898	6
6899	4
6900	6
6901	4
6902	4
6903	5
6904	4
6905	2
6906	2
6907	2
6908	3
6909	5
6910	4
6911	1
6912	5
6913	2
6914	3
6915	2
6916	3
6917	2
6918	4
6919	2
6920	3
6921	4
6922	0
6923	4
6924	3
6925	3
6926	2
6927	4
6928	5
6929	1
6930	2
6931	3
6932	7
6933	2
6934	1
6935	3
6936	1
6937	2
6938	3
6939	1
6940	3
6941	4
6942	5
6943	2
6944	3
6945	5
6946	2
6947	0
6948	2
6949	3
6950	1
6951	2
6952	6
6953	3
6954	5
6955	1
6956	3
6957	2
6958	2
6959	4
6960	1
6961	4
6962	3
6963	2
6964	0
6965	3
6966	2
6967	1
6968	2
6969	3
6970	2
6971	3
6972	1
6973	2
6974	6
6975	2
6976	1
6977	6
6978	2
6979	0
6980	5
6981	5
6982	3
6983	3
6984	3
6985	3
6986	3
6987	3
6988	0
6989	1
6990	2
6991	0
6992	0
6993	4
6994	0
6995	2
6996	3
6997	2
6998	2
6999	1
7000	1
7001	0
7002	1
7003	2
7004	2
7005	2
7006	1
7007	3
7008	1
7009	3
7010	0
7011	3
7012	1
7013	1
7014	3
7015	0
7016	0
7017	2
7018	2
7019	2
7020	3
7021	1
7022	0
7023	0
7024	0
7025	1
7026	3
7027	1
7028	1
7029	4
7030	2
7031	2
7032	0
7033	0
7034	0
7035	2
7036	0
7037	4
7038	1
7039	0
7040	0
7041	2
7042	1
7043	1
7044	2
7045	2
7046	2
7047	1
7048	3
7049	0
7050	0
7051	0
7052	1
7053	0
7054	0
7055	0
7056	2
7057	2
7058	0
7059	2
7060	1
7061	2
7062	0
7063	3
7064	0
7065	0
7066	4
7067	2
7068	1
7069	1
7070	1
7071	2
7072	3
7073	1
7074	1
7075	0
7076	2
7077	1
7078	0
7079	0
7080	1
7081	2
7082	0
7083	0
7084	1
7085	1
7086	0
7087	3
7088	1
7089	2
7090	1
7091	0
7092	2
7093	0
7094	1
7095	1
7096	0
7097	1
7098	2
7099	2
7100	0
7101	1
7102	0
7103	1
7104	1
7105	0
7106	3
7107	1
7108	0
7109	0
7110	1
7111	0
7112	0
7113	0
7114	1
7115	1
7116	1
7117	0
7118	0
7119	1
7120	0
7121	0
7122	0
7123	3
7124	2
7125	0
7126	0
7127	0
7128	1
7129	1
7130	0
7131	0
7132	0
7133	0
7134	0
7135	0
7136	0
7137	1
7138	0
7139	2
7140	0
7141	2
7142	3
7143	0
7144	0
7145	1
7146	1
7147	1
7148	0
7149	0
7150	0
7151	0
7152	0
7153	2
7154	0
7155	1
7156	0
7157	1
7158	1
7159	0
7160	0
7161	2
7162	0
7163	2
7164	0
7165	1
7166	0
7167	0
7168	0
7169	0
7170	0
7171	1
7172	2
7173	0
7174	1
7175	0
7176	1
7177	2
7178	1
7179	1
7180	0
7181	0
7182	1
7183	1
7184	0
7185	1
7186	1
7187	1
7188	1
7189	0
7190	1
7191	2
7192	2
7193	0
7194	1
7195	0
7196	0
7197	0
7198	0
7199	2
7200	0
7201	1
7202	0
7203	0
7204	0
7205	2
7206	0
7207	0
7208	0
7209	0
7210	0
7211	0
7212	0
7213	1
7214	0
7215	0
7216	0
7217	0
7218	0
7219	1
7220	0
7221	2
7222	0
7223	1
7224	0
7225	0
7226	0
7227	0
7228	0
7229	0
7230	0
7231	0
7232	0
7233	1
7234	0
7235	0
7236	1
7237	0
7238	0
7239	1
7240	0
7241	2
7242	1
7243	0
7244	1
7245	1
7246	0
7247	0
7248	1
7249	0
7250	0
7251	0
7252	0
7253	0
7254	1
7255	0
7256	0
7257	0
7258	0
7259	0
7260	0
7261	1
7262	0
7263	0
7264	1
7265	1
7266	0
7267	0
7268	0
7269	0
7270	1
7271	1
7272	0
7273	0
7274	0
7275	0
7276	0
7277	0
7278	0
7279	1
7280	1
7281	0
7282	2
7283	0
7284	1
7285	1
7286	1
7287	2
7288	1
7289	1
7290	0
7291	0
7292	0
7293	0
7294	2
7295	0
7296	1
7297	0
7298	0
7299	0
7300	0
7301	1
7302	0
7303	0
7304	0
7305	1
7306	0
7307	0
7308	1
7309	1
7310	0
7311	0
7312	1
7313	0
7314	0
7315	1
7316	0
7317	0
7318	0
7319	0
7320	0
7321	0
7322	0
7323	0
7324	2
7325	0
7326	2
7327	0
7328	0
7329	0
7330	2
7331	0
7332	1
7333	2
7334	2
7335	0
7336	0
7337	1
7338	0
7339	0
7340	0
7341	0
7342	0
7343	0
7344	2
7345	0
7346	0
7347	1
7348	0
7349	0
7350	0
7351	0
7352	0
7353	1
7354	1
7355	1
7356	0
7357	2
7358	0
7359	0
7360	0
7361	1
7362	0
7363	0
7364	1
7365	1
7366	0
7367	1
7368	1
7369	1
7370	1
7371	0
7372	0
7373	4
7374	0
7375	2
7376	0
7377	1
7378	0
7379	1
7380	0
7381	0
7382	2
7383	0
7384	0
7385	1
7386	0
7387	0
7388	0
7389	1
7390	0
7391	1
7392	1
7393	0
7394	0
7395	2
7396	0
7397	2
7398	0
7399	0
7400	0
7401	0
7402	0
7403	1
7404	0
7405	1
7406	3
7407	1
7408	2
7409	1
7410	1
7411	0
7412	3
7413	0
7414	0
7415	0
7416	0
7417	0
7418	1
7419	1
7420	0
7421	1
7422	0
7423	1
7424	0
7425	0
7426	1
7427	1
7428	0
7429	0
7430	0
7431	0
7432	1
7433	2
7434	1
7435	1
7436	2
7437	0
7438	0
7439	0
7440	1
7441	0
7442	0
7443	0
7444	0
7445	0
7446	0
7447	1
7448	0
7449	1
7450	0
7451	0
7452	1
7453	0
7454	1
7455	0
7456	0
7457	1
7458	0
7459	0
7460	1
7461	0
7462	0
7463	0
7464	0
7465	1
7466	2
7467	0
7468	0
7469	0
7470	0
7471	1
7472	0
7473	0
7474	0
7475	0
7476	1
7477	0
7478	1
7479	0
7480	2
7481	0
7482	0
7483	0
7484	0
7485	0
7486	0
7487	0
7488	1
7489	0
7490	1
7491	1
7492	0
7493	0
7494	1
7495	0
7496	0
7497	1
7498	0
7499	1
7500	0
7501	0
7502	1
7503	0
7504	1
7505	1
7506	0
7507	1
7508	0
7509	0
7510	1
7511	1
7512	0
7513	1
7514	1
7515	0
7516	0
7517	0
7518	0
7519	1
7520	1
7521	1
7522	0
7523	0
7524	0
7525	0
7526	1
7527	1
7528	0
7529	3
7530	0
7531	1
7532	0
7533	0
7534	1
7535	1
7536	0
7537	1
7538	0
7539	0
7540	2
7541	0
7542	0
7543	0
7544	1
7545	0
7546	2
7547	1
7548	1
7549	0
7550	0
7551	0
7552	0
7553	1
7554	0
7555	0
7556	0
7557	0
7558	1
7559	0
7560	1
7561	1
7562	0
7563	0
7564	0
7565	0
7566	1
7567	1
7568	0
7569	1
7570	2
7571	2
7572	1
7573	1
7574	0
7575	0
7576	0
7577	0
7578	0
7579	0
7580	1
7581	1
7582	0
7583	0
7584	0
7585	0
7586	0
7587	0
7588	0
7589	0
7590	0
7591	0
7592	0
7593	0
7594	0
7595	0
7596	1
7597	0
7598	1
7599	0
7600	1
7601	0
7602	0
7603	1
7604	0
7605	2
7606	0
7607	1
7608	1
7609	2
7610	0
7611	1
7612	0
7613	0
7614	0
7615	1
7616	0
7617	1
7618	1
7619	0
7620	0
7621	0
7622	1
7623	0
7624	0
7625	0
7626	0
7627	0
7628	1
7629	2
7630	1
7631	0
7632	3
7633	0
7634	0
7635	0
7636	1
7637	0
7638	0
7639	0
7640	0
7641	0
7642	0
7643	3
7644	0
7645	1
7646	0
7647	0
7648	0
7649	1
7650	0
7651	1
7652	0
7653	1
7654	0
7655	0
7656	0
7657	0
7658	0
7659	2
7660	1
7661	0
7662	0
7663	0
7664	4
7665	0
7666	0
7667	1
7668	0
7669	0
7670	1
7671	0
7672	0
7673	0
7674	0
7675	0
7676	1
7677	0
7678	0
7679	2
7680	1
7681	1
7682	0
7683	0
7684	0
7685	0
7686	0
7687	0
7688	0
7689	1
7690	0
7691	0
7692	0
7693	1
7694	1
7695	0
7696	0
7697	2
7698	0
7699	1
7700	0
7701	1
7702	0
7703	0
7704	1
7705	0
7706	0
7707	1
7708	0
7709	1
7710	0
7711	1
7712	1
7713	0
7714	0
7715	1
7716	0
7717	0
7718	0
7719	0
7720	0
7721	0
7722	0
7723	0
7724	0
7725	1
7726	0
7727	2
7728	0
7729	0
7730	0
7731	0
7732	0
7733	2
7734	0
7735	0
7736	1
7737	0
7738	0
7739	0
7740	0
7741	0
7742	1
7743	1
7744	0
7745	0
7746	1
7747	1
7748	0
7749	0
7750	1
7751	1
7752	2
7753	0
7754	1
7755	0
7756	0
7757	0
7758	1
7759	0
7760	0
7761	2
7762	0
7763	0
7764	1
7765	0
7766	1
7767	1
7768	0
7769	1
7770	1
7771	1
7772	0
7773	0
7774	0
7775	2
7776	1
7777	0
7778	1
7779	0
7780	0
7781	0
7782	0
7783	0
7784	0
7785	0
7786	0
7787	0
7788	0
7789	0
7790	0
7791	0
7792	0
7793	1
7794	0
7795	1
7796	0
7797	0
7798	1
7799	0
7800	0
7801	0
7802	1
7803	2
7804	1
7805	1
7806	0
7807	0
7808	0
7809	0
7810	0
7811	0
7812	1
7813	0
7814	0
7815	1
7816	1
7817	0
7818	2
7819	1
7820	0
7821	0
7822	0
7823	1
7824	0
7825	1
7826	0
7827	1
7828	0
7829	1
7830	0
7831	1
7832	0
7833	0
7834	0
7835	1
7836	0
7837	0
7838	1
7839	0
7840	1
7841	1
7842	1
7843	1
7844	0
7845	1
7846	0
7847	0
7848	2
7849	1
7850	0
7851	0
7852	0
7853	1
7854	1
7855	1
7856	0
7857	1
7858	0
7859	0
7860	0
7861	0
7862	0
7863	0
7864	0
7865	1
7866	0
7867	0
7868	0
7869	1
7870	0
7871	0
7872	1
7873	0
7874	0
7875	1
7876	0
7877	0
7878	0
7879	0
7880	0
7881	0
7882	0
7883	0
7884	2
7885	0
7886	1
7887	0
7888	0
7889	1
7890	1
7891	0
7892	0
7893	0
7894	1
7895	0
7896	0
7897	1
7898	1
7899	1
7900	0
7901	1
7902	1
7903	1
7904	1
7905	0
7906	1
7907	0
7908	1
7909	1
7910	0
7911	2
7912	2
7913	1
7914	0
7915	0
7916	1
7917	0
7918	2
7919	2
7920	1
7921	0
7922	2
7923	1
7924	0
7925	0
7926	0
7927	0
7928	0
7929	0
7930	1
7931	0
7932	0
7933	1
7934	2
7935	0
7936	0
7937	0
7938	0
7939	0
7940	0
7941	1
7942	0
7943	1
7944	0
7945	0
7946	2
7947	0
7948	0
7949	0
7950	1
7951	1
7952	0
7953	0
7954	0
7955	1
7956	0
7957	0
7958	0
7959	0
7960	0
7961	0
7962	3
7963	0
7964	0
7965	0
7966	1
7967	0
7968	1
7969	0
7970	1
7971	1
7972	1
7973	0
7974	1
7975	0
7976	0
7977	1
7978	0
7979	0
7980	0
7981	2
7982	1
7983	0
7984	0
7985	0
7986	1
7987	0
7988	1
7989	0
7990	1
7991	1
7992	1
7993	2
7994	0
7995	0
7996	1
7997	0
7998	0
7999	1
8000	2
8001	1
8002	0
8003	1
8004	1
8005	0
8006	1
8007	2
8008	0
8009	0
8010	0
8011	2
8012	0
8013	1
8014	0
8015	0
8016	0
8017	1
8018	0
8019	0
8020	1
8021	1
8022	1
8023	1
8024	0
8025	0
8026	0
8027	0
8028	0
8029	0
8030	0
8031	0
8032	0
8033	1
8034	1
8035	1
8036	0
8037	1
8038	0
8039	0
8040	1
8041	0
8042	1
8043	0
8044	0
8045	3
8046	0
8047	1
8048	2
8049	0
8050	0
8051	1
8052	0
8053	0
8054	0
8055	0
8056	1
8057	0
8058	0
8059	2
8060	0
8061	0
8062	0
8063	1
8064	0
8065	0
8066	0
8067	0
8068	1
8069	1
8070	0
8071	0
8072	1
8073	0
8074	0
8075	1
8076	2
8077	0
8078	0
8079	2
8080	0
8081	0
8082	0
8083	0
8084	0
8085	0
8086	0
8087	0
8088	0
8089	0
8090	0
8091	0
8092	0
8093	0
8094	0
8095	0
8096	0
8097	0
8098	0
8099	0
8100	0
8101	0
8102	0
8103	0
8104	0
8105	0
8106	0
8107	0
8108	0
8109	0
8110	0
8111	0
8112	0
8113	0
8114	0
8115	0
8116	0
8117	0
8118	0
8119	0
8120	0
8121	0
8122	0
8123	0
8124	0
8125	0
8126	0
8127	0
8128	0
8129	0
8130	0
8131	0
8132	0
8133	0
8134	0
8135	0
8136	0
8137	0
8138	0
8139	0
8140	0
8141	0
8142	0
8143	0
8144	0
8145	0
8146	0
8147	0
8148	0
8149	0
8150	0
8151	0
8152	0
8153	0
8154	0
8155	0
8156	0
8157	0
8158	0
8159	0
8160	0
8161	0
8162	0
8163	0
8164	0
8165	0
8166	0
8167	0
8168	0
8169	0
8170	0
8171	0
8172	0
8173	0
8174	0
8175	0
8176	0
8177	0
8178	0
8179	0
8180	0
8181	0
8182	0
8183	0
8184	0
8185	0
8186	0
8187	0
8188	0
8189	0
8190	0
8191	0
