0	1
1	0
2	1
3	1
4	0
5	0
6	0
7	0
8	0
9	0
10	1
11	0
12	1
13	0
14	0
15	0
16	0
17	0
18	0
19	0
20	0
21	0
22	0
23	0
24	0
25	1
26	0
27	0
28	0
29	1
30	0
31	0
32	1
33	0
34	1
35	0
36	0
37	0
38	0
39	0
40	0
41	0
42	0
43	0
44	0
45	0
46	0
47	0
48	0
49	0
50	0
51	0
52	0
53	0
54	0
55	0
56	0
57	0
58	0
59	0
60	0
61	0
62	0
63	0
64	0
65	0
66	0
67	0
68	0
69	0
70	0
71	0
72	0
73	0
74	0
75	0
76	0
77	0
78	0
79	0
80	0
81	0
82	0
83	1
84	2
85	2
86	11
87	17
88	23
89	18
90	13
91	11
92	19
93	16
94	15
95	23
96	14
97	22
98	9
99	14
100	16
101	19
102	14
103	15
104	12
105	13
106	10
107	14
108	9
109	12
110	15
111	9
112	16
113	20
114	17
115	9
116	13
117	9
118	6
119	12
120	18
121	8
122	10
123	6
124	6
125	6
126	13
127	14
128	11
129	10
130	16
131	13
132	13
133	17
134	14
135	5
136	10
137	17
138	13
139	9
140	10
141	8
142	17
143	11
144	9
145	11
146	13
147	14
148	12
149	12
150	10
151	9
152	10
153	15
154	14
155	16
156	11
157	7
158	11
159	15
160	11
161	14
162	9
163	11
164	13
165	10
166	28
167	11
168	17
169	13
170	12
171	11
172	7
173	9
174	18
175	21
176	20
177	11
178	11
179	14
180	20
181	9
182	12
183	12
184	13
185	17
186	18
187	16
188	10
189	12
190	7
191	9
192	13
193	11
194	10
195	14
196	13
197	8
198	15
199	9
200	18
201	13
202	13
203	21
204	13
205	9
206	14
207	16
208	8
209	11
210	21
211	11
212	16
213	15
214	15
215	13
216	12
217	14
218	10
219	20
220	11
221	13
222	13
223	12
224	19
225	12
226	20
227	15
228	13
229	11
230	9
231	5
232	9
233	16
234	15
235	13
236	10
237	11
238	7
239	16
240	14
241	18
242	14
243	10
244	17
245	11
246	7
247	21
248	7
249	13
250	12
251	15
252	14
253	6
254	13
255	11
256	11
257	13
258	12
259	14
260	17
261	6
262	14
263	10
264	10
265	19
266	16
267	14
268	15
269	19
270	11
271	9
272	19
273	10
274	13
275	14
276	14
277	9
278	10
279	20
280	12
281	7
282	16
283	14
284	21
285	21
286	18
287	19
288	12
289	17
290	15
291	9
292	14
293	14
294	12
295	14
296	25
297	18
298	14
299	11
300	15
301	17
302	11
303	19
304	15
305	15
306	14
307	6
308	12
309	10
310	12
311	14
312	10
313	9
314	14
315	15
316	12
317	12
318	15
319	16
320	14
321	19
322	19
323	7
324	15
325	18
326	10
327	9
328	11
329	14
330	11
331	16
332	13
333	12
334	16
335	11
336	11
337	9
338	18
339	10
340	14
341	22
342	14
343	7
344	12
345	12
346	12
347	16
348	15
349	15
350	17
351	11
352	9
353	12
354	14
355	11
356	10
357	14
358	14
359	14
360	7
361	12
362	16
363	11
364	12
365	17
366	13
367	11
368	12
369	11
370	9
371	13
372	15
373	13
374	13
375	21
376	11
377	14
378	14
379	14
380	17
381	11
382	10
383	9
384	14
385	10
386	10
387	12
388	14
389	7
390	11
391	20
392	13
393	8
394	24
395	13
396	10
397	14
398	10
399	22
400	16
401	14
402	14
403	8
404	15
405	8
406	17
407	13
408	24
409	10
410	19
411	19
412	12
413	19
414	12
415	17
416	14
417	20
418	16
419	12
420	9
421	6
422	16
423	19
424	18
425	15
426	10
427	13
428	12
429	8
430	8
431	13
432	13
433	22
434	11
435	11
436	15
437	12
438	12
439	15
440	15
441	19
442	11
443	9
444	14
445	10
446	11
447	14
448	15
449	13
450	17
451	11
452	14
453	12
454	13
455	21
456	12
457	10
458	11
459	15
460	8
461	12
462	13
463	13
464	16
465	12
466	13
467	17
468	12
469	6
470	11
471	11
472	16
473	16
474	15
475	17
476	10
477	12
478	20
479	14
480	12
481	15
482	13
483	10
484	15
485	17
486	16
487	8
488	18
489	14
490	12
491	16
492	18
493	16
494	22
495	11
496	14
497	17
498	23
499	13
500	13
501	14
502	11
503	21
504	21
505	13
506	17
507	11
508	16
509	21
510	15
511	13
512	11
513	16
514	12
515	14
516	17
517	16
518	12
519	11
520	13
521	16
522	15
523	11
524	14
525	17
526	15
527	14
528	10
529	11
530	17
531	16
532	19
533	14
534	7
535	8
536	18
537	23
538	19
539	11
540	20
541	13
542	18
543	17
544	13
545	22
546	12
547	23
548	5
549	22
550	17
551	14
552	17
553	18
554	17
555	10
556	13
557	14
558	16
559	18
560	15
561	15
562	18
563	15
564	16
565	5
566	14
567	16
568	23
569	12
570	13
571	22
572	13
573	12
574	9
575	14
576	14
577	11
578	17
579	19
580	17
581	16
582	16
583	19
584	9
585	15
586	10
587	17
588	8
589	24
590	17
591	13
592	13
593	13
594	15
595	14
596	11
597	13
598	15
599	6
600	10
601	16
602	13
603	20
604	23
605	16
606	11
607	12
608	12
609	21
610	18
611	13
612	17
613	15
614	22
615	13
616	14
617	17
618	18
619	15
620	12
621	16
622	13
623	13
624	13
625	17
626	9
627	9
628	18
629	19
630	22
631	9
632	15
633	15
634	19
635	17
636	15
637	22
638	14
639	11
640	16
641	20
642	11
643	13
644	26
645	10
646	14
647	15
648	12
649	13
650	14
651	22
652	17
653	17
654	25
655	23
656	13
657	14
658	19
659	18
660	11
661	21
662	10
663	16
664	21
665	13
666	15
667	22
668	16
669	17
670	16
671	17
672	19
673	20
674	15
675	11
676	15
677	18
678	22
679	12
680	12
681	16
682	15
683	17
684	15
685	11
686	17
687	17
688	17
689	18
690	14
691	14
692	21
693	14
694	25
695	11
696	17
697	14
698	15
699	13
700	15
701	12
702	13
703	14
704	17
705	19
706	21
707	22
708	9
709	25
710	8
711	18
712	16
713	22
714	14
715	16
716	15
717	16
718	14
719	15
720	16
721	15
722	23
723	11
724	17
725	15
726	24
727	24
728	9
729	15
730	15
731	18
732	10
733	20
734	17
735	9
736	19
737	18
738	17
739	26
740	15
741	15
742	16
743	25
744	19
745	28
746	16
747	13
748	23
749	18
750	18
751	22
752	19
753	18
754	18
755	22
756	23
757	18
758	16
759	28
760	18
761	21
762	17
763	21
764	23
765	15
766	19
767	22
768	22
769	18
770	28
771	16
772	24
773	22
774	20
775	23
776	17
777	23
778	17
779	23
780	25
781	14
782	24
783	27
784	22
785	19
786	27
787	19
788	28
789	20
790	33
791	20
792	18
793	21
794	27
795	24
796	27
797	22
798	25
799	19
800	23
801	19
802	21
803	32
804	23
805	19
806	14
807	23
808	22
809	27
810	23
811	21
812	18
813	27
814	23
815	24
816	20
817	26
818	23
819	22
820	14
821	23
822	26
823	31
824	31
825	22
826	21
827	20
828	36
829	33
830	26
831	29
832	28
833	23
834	26
835	18
836	29
837	26
838	26
839	35
840	34
841	23
842	24
843	13
844	29
845	24
846	28
847	31
848	21
849	30
850	19
851	24
852	25
853	32
854	21
855	29
856	26
857	30
858	25
859	10
860	30
861	15
862	21
863	27
864	17
865	29
866	25
867	33
868	27
869	24
870	19
871	33
872	26
873	20
874	34
875	35
876	24
877	28
878	22
879	34
880	27
881	21
882	19
883	26
884	22
885	21
886	31
887	26
888	17
889	23
890	19
891	26
892	14
893	20
894	23
895	18
896	19
897	21
898	23
899	17
900	15
901	22
902	24
903	27
904	21
905	29
906	22
907	15
908	18
909	20
910	20
911	16
912	23
913	21
914	17
915	15
916	18
917	24
918	14
919	18
920	16
921	23
922	20
923	12
924	25
925	28
926	17
927	26
928	13
929	16
930	17
931	22
932	10
933	22
934	19
935	21
936	20
937	16
938	19
939	22
940	30
941	19
942	28
943	26
944	15
945	14
946	19
947	15
948	17
949	14
950	19
951	18
952	18
953	27
954	22
955	19
956	21
957	19
958	14
959	13
960	17
961	16
962	19
963	15
964	25
965	15
966	28
967	22
968	22
969	23
970	19
971	31
972	13
973	23
974	24
975	22
976	18
977	21
978	31
979	10
980	20
981	25
982	11
983	14
984	19
985	19
986	20
987	17
988	18
989	25
990	18
991	17
992	23
993	23
994	18
995	19
996	19
997	24
998	32
999	16
1000	15
1001	21
1002	14
1003	18
1004	14
1005	25
1006	22
1007	20
1008	14
1009	24
1010	23
1011	17
1012	11
1013	16
1014	21
1015	11
1016	18
1017	14
1018	23
1019	18
1020	17
1021	14
1022	17
1023	15
1024	22
1025	20
1026	19
1027	26
1028	22
1029	19
1030	15
1031	10
1032	12
1033	13
1034	20
1035	25
1036	16
1037	24
1038	18
1039	24
1040	19
1041	26
1042	23
1043	23
1044	19
1045	18
1046	18
1047	21
1048	14
1049	14
1050	17
1051	20
1052	27
1053	27
1054	31
1055	15
1056	22
1057	14
1058	14
1059	21
1060	20
1061	16
1062	20
1063	15
1064	19
1065	14
1066	18
1067	36
1068	15
1069	13
1070	23
1071	13
1072	21
1073	13
1074	31
1075	17
1076	22
1077	19
1078	13
1079	22
1080	25
1081	26
1082	27
1083	23
1084	24
1085	16
1086	30
1087	15
1088	19
1089	18
1090	18
1091	19
1092	20
1093	19
1094	18
1095	16
1096	16
1097	15
1098	21
1099	20
1100	18
1101	31
1102	30
1103	15
1104	16
1105	15
1106	30
1107	18
1108	21
1109	13
1110	25
1111	26
1112	21
1113	19
1114	32
1115	21
1116	11
1117	20
1118	20
1119	25
1120	16
1121	20
1122	20
1123	22
1124	23
1125	15
1126	17
1127	24
1128	17
1129	18
1130	18
1131	20
1132	17
1133	17
1134	20
1135	22
1136	16
1137	16
1138	23
1139	27
1140	19
1141	18
1142	18
1143	17
1144	29
1145	8
1146	24
1147	26
1148	24
1149	20
1150	19
1151	23
1152	25
1153	19
1154	25
1155	20
1156	26
1157	13
1158	20
1159	11
1160	17
1161	12
1162	26
1163	25
1164	21
1165	20
1166	28
1167	18
1168	22
1169	16
1170	26
1171	22
1172	24
1173	12
1174	27
1175	23
1176	21
1177	20
1178	27
1179	17
1180	22
1181	24
1182	20
1183	22
1184	17
1185	30
1186	27
1187	16
1188	27
1189	26
1190	22
1191	26
1192	22
1193	23
1194	26
1195	29
1196	17
1197	19
1198	26
1199	27
1200	24
1201	28
1202	24
1203	19
1204	18
1205	15
1206	25
1207	17
1208	16
1209	27
1210	20
1211	29
1212	16
1213	20
1214	14
1215	18
1216	31
1217	26
1218	17
1219	17
1220	21
1221	25
1222	22
1223	20
1224	21
1225	33
1226	25
1227	22
1228	25
1229	27
1230	21
1231	25
1232	20
1233	25
1234	17
1235	19
1236	20
1237	18
1238	25
1239	26
1240	21
1241	27
1242	27
1243	13
1244	26
1245	25
1246	24
1247	18
1248	19
1249	25
1250	19
1251	21
1252	22
1253	20
1254	17
1255	26
1256	23
1257	21
1258	24
1259	23
1260	26
1261	21
1262	25
1263	20
1264	19
1265	22
1266	31
1267	20
1268	26
1269	19
1270	28
1271	13
1272	15
1273	30
1274	27
1275	29
1276	29
1277	18
1278	15
1279	19
1280	27
1281	21
1282	23
1283	20
1284	22
1285	19
1286	18
1287	25
1288	21
1289	16
1290	20
1291	25
1292	21
1293	33
1294	26
1295	28
1296	24
1297	24
1298	25
1299	23
1300	38
1301	14
1302	19
1303	22
1304	26
1305	29
1306	23
1307	24
1308	23
1309	24
1310	25
1311	19
1312	17
1313	22
1314	35
1315	13
1316	27
1317	31
1318	18
1319	30
1320	24
1321	25
1322	27
1323	27
1324	23
1325	27
1326	28
1327	20
1328	23
1329	21
1330	29
1331	20
1332	23
1333	24
1334	21
1335	33
1336	29
1337	29
1338	29
1339	20
1340	31
1341	21
1342	16
1343	22
1344	27
1345	22
1346	24
1347	29
1348	26
1349	16
1350	28
1351	17
1352	25
1353	32
1354	29
1355	26
1356	23
1357	31
1358	28
1359	20
1360	29
1361	25
1362	27
1363	24
1364	34
1365	24
1366	27
1367	25
1368	28
1369	29
1370	16
1371	24
1372	26
1373	16
1374	27
1375	28
1376	23
1377	17
1378	21
1379	20
1380	24
1381	24
1382	32
1383	33
1384	21
1385	20
1386	33
1387	21
1388	27
1389	26
1390	28
1391	24
1392	26
1393	18
1394	18
1395	23
1396	26
1397	30
1398	21
1399	31
1400	30
1401	34
1402	26
1403	25
1404	23
1405	30
1406	28
1407	23
1408	15
1409	26
1410	28
1411	18
1412	22
1413	27
1414	31
1415	21
1416	34
1417	28
1418	21
1419	19
1420	20
1421	21
1422	32
1423	27
1424	20
1425	33
1426	25
1427	19
1428	24
1429	25
1430	25
1431	26
1432	30
1433	40
1434	26
1435	24
1436	21
1437	21
1438	29
1439	31
1440	25
1441	24
1442	23
1443	25
1444	28
1445	25
1446	25
1447	36
1448	18
1449	24
1450	20
1451	29
1452	28
1453	22
1454	17
1455	24
1456	36
1457	27
1458	33
1459	23
1460	24
1461	31
1462	37
1463	20
1464	16
1465	22
1466	23
1467	29
1468	18
1469	21
1470	20
1471	24
1472	25
1473	26
1474	28
1475	21
1476	15
1477	25
1478	26
1479	33
1480	31
1481	32
1482	23
1483	22
1484	17
1485	34
1486	30
1487	27
1488	28
1489	17
1490	21
1491	22
1492	28
1493	22
1494	28
1495	25
1496	22
1497	25
1498	24
1499	27
1500	22
1501	31
1502	29
1503	26
1504	25
1505	34
1506	31
1507	30
1508	25
1509	15
1510	28
1511	39
1512	24
1513	29
1514	21
1515	34
1516	29
1517	18
1518	19
1519	37
1520	33
1521	30
1522	28
1523	25
1524	29
1525	31
1526	25
1527	19
1528	31
1529	21
1530	28
1531	39
1532	17
1533	24
1534	25
1535	26
1536	33
1537	31
1538	31
1539	26
1540	34
1541	28
1542	27
1543	21
1544	35
1545	28
1546	29
1547	26
1548	34
1549	30
1550	30
1551	28
1552	26
1553	20
1554	28
1555	25
1556	24
1557	29
1558	25
1559	29
1560	24
1561	24
1562	34
1563	32
1564	24
1565	30
1566	26
1567	30
1568	25
1569	26
1570	32
1571	29
1572	23
1573	22
1574	21
1575	20
1576	20
1577	15
1578	28
1579	22
1580	36
1581	29
1582	22
1583	27
1584	33
1585	22
1586	30
1587	25
1588	25
1589	22
1590	22
1591	33
1592	37
1593	33
1594	22
1595	32
1596	30
1597	21
1598	27
1599	30
1600	26
1601	18
1602	24
1603	25
1604	25
1605	17
1606	31
1607	33
1608	30
1609	20
1610	25
1611	21
1612	24
1613	24
1614	24
1615	32
1616	19
1617	24
1618	25
1619	22
1620	27
1621	26
1622	31
1623	35
1624	21
1625	30
1626	29
1627	28
1628	35
1629	25
1630	30
1631	33
1632	24
1633	44
1634	24
1635	31
1636	27
1637	24
1638	42
1639	17
1640	30
1641	26
1642	23
1643	22
1644	27
1645	25
1646	29
1647	34
1648	24
1649	29
1650	33
1651	34
1652	29
1653	38
1654	25
1655	22
1656	27
1657	25
1658	26
1659	32
1660	30
1661	35
1662	22
1663	27
1664	27
1665	27
1666	28
1667	32
1668	28
1669	19
1670	36
1671	25
1672	30
1673	26
1674	23
1675	34
1676	36
1677	22
1678	24
1679	33
1680	28
1681	22
1682	40
1683	34
1684	28
1685	34
1686	40
1687	30
1688	26
1689	24
1690	31
1691	26
1692	27
1693	26
1694	40
1695	29
1696	25
1697	24
1698	33
1699	27
1700	21
1701	27
1702	36
1703	25
1704	26
1705	30
1706	38
1707	33
1708	29
1709	28
1710	32
1711	37
1712	28
1713	19
1714	16
1715	31
1716	33
1717	29
1718	22
1719	24
1720	24
1721	32
1722	20
1723	36
1724	33
1725	28
1726	21
1727	24
1728	35
1729	24
1730	27
1731	41
1732	24
1733	28
1734	27
1735	26
1736	23
1737	22
1738	22
1739	30
1740	23
1741	26
1742	21
1743	25
1744	27
1745	43
1746	30
1747	28
1748	37
1749	29
1750	27
1751	30
1752	24
1753	20
1754	32
1755	27
1756	31
1757	33
1758	22
1759	24
1760	38
1761	24
1762	27
1763	39
1764	18
1765	27
1766	22
1767	22
1768	31
1769	32
1770	25
1771	23
1772	42
1773	32
1774	32
1775	25
1776	23
1777	31
1778	20
1779	27
1780	30
1781	42
1782	21
1783	28
1784	29
1785	36
1786	22
1787	26
1788	30
1789	24
1790	34
1791	34
1792	32
1793	24
1794	28
1795	23
1796	24
1797	35
1798	44
1799	32
1800	26
1801	29
1802	28
1803	33
1804	38
1805	29
1806	25
1807	36
1808	19
1809	30
1810	29
1811	28
1812	26
1813	35
1814	33
1815	31
1816	26
1817	28
1818	28
1819	38
1820	33
1821	26
1822	27
1823	40
1824	25
1825	28
1826	22
1827	24
1828	31
1829	35
1830	28
1831	26
1832	28
1833	41
1834	30
1835	34
1836	27
1837	28
1838	28
1839	27
1840	30
1841	29
1842	31
1843	42
1844	23
1845	31
1846	26
1847	32
1848	32
1849	16
1850	38
1851	24
1852	30
1853	29
1854	31
1855	34
1856	32
1857	26
1858	29
1859	33
1860	28
1861	35
1862	34
1863	28
1864	23
1865	29
1866	28
1867	29
1868	25
1869	34
1870	19
1871	26
1872	32
1873	18
1874	30
1875	34
1876	21
1877	31
1878	33
1879	25
1880	29
1881	31
1882	25
1883	32
1884	23
1885	28
1886	25
1887	24
1888	33
1889	40
1890	32
1891	30
1892	23
1893	39
1894	38
1895	33
1896	28
1897	34
1898	28
1899	22
1900	27
1901	31
1902	28
1903	38
1904	33
1905	18
1906	35
1907	39
1908	27
1909	23
1910	42
1911	25
1912	29
1913	28
1914	37
1915	26
1916	26
1917	27
1918	39
1919	28
1920	27
1921	25
1922	40
1923	23
1924	31
1925	27
1926	29
1927	38
1928	29
1929	44
1930	31
1931	30
1932	27
1933	32
1934	28
1935	18
1936	33
1937	27
1938	29
1939	27
1940	23
1941	34
1942	24
1943	29
1944	28
1945	29
1946	29
1947	33
1948	40
1949	24
1950	44
1951	31
1952	41
1953	32
1954	39
1955	31
1956	28
1957	23
1958	40
1959	37
1960	35
1961	19
1962	30
1963	33
1964	39
1965	41
1966	31
1967	26
1968	39
1969	36
1970	34
1971	34
1972	34
1973	27
1974	26
1975	22
1976	28
1977	21
1978	20
1979	36
1980	27
1981	27
1982	36
1983	25
1984	25
1985	30
1986	29
1987	31
1988	33
1989	28
1990	29
1991	29
1992	37
1993	38
1994	18
1995	24
1996	31
1997	27
1998	36
1999	20
2000	24
2001	28
2002	20
2003	32
2004	31
2005	22
2006	30
2007	16
2008	33
2009	27
2010	31
2011	27
2012	24
2013	34
2014	31
2015	29
2016	26
2017	20
2018	20
2019	24
2020	45
2021	25
2022	20
2023	30
2024	26
2025	25
2026	35
2027	31
2028	21
2029	32
2030	35
2031	28
2032	31
2033	33
2034	41
2035	32
2036	40
2037	35
2038	22
2039	34
2040	31
2041	27
2042	33
2043	30
2044	31
2045	21
2046	26
2047	27
2048	35
2049	27
2050	25
2051	30
2052	41
2053	35
2054	24
2055	31
2056	25
2057	34
2058	25
2059	39
2060	22
2061	28
2062	29
2063	43
2064	29
2065	30
2066	28
2067	26
2068	25
2069	35
2070	21
2071	33
2072	33
2073	41
2074	18
2075	35
2076	40
2077	29
2078	33
2079	26
2080	39
2081	33
2082	29
2083	29
2084	26
2085	37
2086	39
2087	22
2088	23
2089	40
2090	32
2091	36
2092	34
2093	24
2094	35
2095	28
2096	29
2097	45
2098	28
2099	25
2100	26
2101	29
2102	39
2103	26
2104	35
2105	32
2106	28
2107	35
2108	24
2109	26
2110	28
2111	24
2112	31
2113	19
2114	36
2115	25
2116	33
2117	22
2118	29
2119	38
2120	31
2121	25
2122	28
2123	35
2124	20
2125	15
2126	32
2127	28
2128	15
2129	32
2130	31
2131	30
2132	27
2133	21
2134	27
2135	28
2136	31
2137	35
2138	33
2139	27
2140	26
2141	26
2142	26
2143	30
2144	23
2145	31
2146	27
2147	22
2148	31
2149	28
2150	28
2151	27
2152	35
2153	28
2154	27
2155	34
2156	28
2157	21
2158	28
2159	25
2160	25
2161	21
2162	36
2163	32
2164	30
2165	28
2166	36
2167	36
2168	27
2169	29
2170	28
2171	25
2172	25
2173	25
2174	29
2175	27
2176	29
2177	24
2178	28
2179	24
2180	27
2181	29
2182	27
2183	43
2184	24
2185	32
2186	37
2187	32
2188	32
2189	29
2190	35
2191	26
2192	26
2193	36
2194	21
2195	22
2196	34
2197	25
2198	21
2199	23
2200	45
2201	27
2202	29
2203	31
2204	20
2205	35
2206	21
2207	22
2208	32
2209	35
2210	27
2211	33
2212	31
2213	25
2214	24
2215	26
2216	22
2217	34
2218	27
2219	28
2220	31
2221	30
2222	36
2223	22
2224	33
2225	22
2226	30
2227	31
2228	33
2229	24
2230	37
2231	27
2232	28
2233	18
2234	27
2235	25
2236	27
2237	25
2238	27
2239	42
2240	17
2241	34
2242	23
2243	28
2244	35
2245	16
2246	29
2247	29
2248	24
2249	28
2250	26
2251	33
2252	24
2253	24
2254	32
2255	24
2256	29
2257	28
2258	22
2259	14
2260	24
2261	31
2262	31
2263	28
2264	30
2265	26
2266	35
2267	29
2268	28
2269	30
2270	23
2271	19
2272	21
2273	37
2274	29
2275	27
2276	28
2277	26
2278	39
2279	26
2280	19
2281	31
2282	24
2283	29
2284	25
2285	24
2286	23
2287	28
2288	32
2289	28
2290	33
2291	30
2292	25
2293	24
2294	23
2295	34
2296	38
2297	25
2298	22
2299	29
2300	31
2301	25
2302	27
2303	24
2304	22
2305	26
2306	29
2307	27
2308	26
2309	29
2310	29
2311	31
2312	32
2313	23
2314	29
2315	36
2316	28
2317	30
2318	36
2319	22
2320	19
2321	23
2322	31
2323	35
2324	23
2325	16
2326	29
2327	28
2328	27
2329	24
2330	25
2331	25
2332	25
2333	26
2334	35
2335	30
2336	26
2337	27
2338	28
2339	24
2340	22
2341	29
2342	25
2343	25
2344	33
2345	25
2346	38
2347	20
2348	21
2349	13
2350	29
2351	31
2352	31
2353	29
2354	36
2355	25
2356	23
2357	28
2358	24
2359	16
2360	30
2361	28
2362	20
2363	35
2364	25
2365	36
2366	23
2367	22
2368	27
2369	25
2370	21
2371	23
2372	25
2373	28
2374	23
2375	32
2376	26
2377	21
2378	24
2379	32
2380	25
2381	24
2382	25
2383	21
2384	25
2385	18
2386	22
2387	22
2388	29
2389	22
2390	21
2391	28
2392	25
2393	16
2394	25
2395	26
2396	28
2397	27
2398	29
2399	23
2400	25
2401	38
2402	31
2403	27
2404	27
2405	36
2406	18
2407	28
2408	26
2409	25
2410	26
2411	31
2412	32
2413	21
2414	25
2415	29
2416	25
2417	18
2418	23
2419	28
2420	26
2421	26
2422	25
2423	30
2424	23
2425	23
2426	23
2427	24
2428	32
2429	22
2430	23
2431	17
2432	22
2433	23
2434	27
2435	15
2436	20
2437	18
2438	15
2439	18
2440	21
2441	22
2442	26
2443	33
2444	35
2445	19
2446	32
2447	21
2448	23
2449	28
2450	24
2451	23
2452	23
2453	27
2454	25
2455	31
2456	30
2457	25
2458	30
2459	24
2460	25
2461	20
2462	40
2463	27
2464	23
2465	23
2466	27
2467	24
2468	23
2469	19
2470	18
2471	31
2472	19
2473	34
2474	29
2475	26
2476	32
2477	22
2478	22
2479	22
2480	21
2481	21
2482	26
2483	27
2484	31
2485	23
2486	16
2487	41
2488	20
2489	28
2490	28
2491	19
2492	35
2493	21
2494	22
2495	31
2496	25
2497	31
2498	26
2499	24
2500	32
2501	27
2502	41
2503	25
2504	30
2505	27
2506	18
2507	25
2508	23
2509	26
2510	26
2511	20
2512	25
2513	21
2514	16
2515	33
2516	23
2517	20
2518	26
2519	25
2520	29
2521	24
2522	28
2523	26
2524	25
2525	31
2526	27
2527	33
2528	26
2529	25
2530	24
2531	27
2532	27
2533	24
2534	19
2535	16
2536	17
2537	22
2538	31
2539	28
2540	19
2541	20
2542	24
2543	28
2544	20
2545	26
2546	36
2547	25
2548	24
2549	25
2550	36
2551	22
2552	32
2553	19
2554	25
2555	26
2556	30
2557	25
2558	28
2559	27
2560	23
2561	29
2562	31
2563	20
2564	13
2565	20
2566	17
2567	26
2568	32
2569	27
2570	20
2571	8
2572	29
2573	17
2574	28
2575	23
2576	22
2577	22
2578	32
2579	27
2580	33
2581	34
2582	29
2583	21
2584	23
2585	25
2586	26
2587	22
2588	23
2589	16
2590	22
2591	27
2592	25
2593	22
2594	31
2595	17
2596	25
2597	26
2598	30
2599	29
2600	25
2601	19
2602	16
2603	27
2604	27
2605	17
2606	21
2607	20
2608	25
2609	32
2610	23
2611	22
2612	30
2613	18
2614	25
2615	23
2616	18
2617	28
2618	28
2619	22
2620	24
2621	18
2622	18
2623	23
2624	32
2625	19
2626	17
2627	14
2628	30
2629	24
2630	30
2631	20
2632	28
2633	18
2634	24
2635	29
2636	26
2637	22
2638	21
2639	31
2640	25
2641	22
2642	36
2643	30
2644	26
2645	32
2646	20
2647	28
2648	24
2649	20
2650	31
2651	24
2652	19
2653	18
2654	22
2655	28
2656	20
2657	23
2658	23
2659	28
2660	19
2661	31
2662	24
2663	23
2664	15
2665	19
2666	25
2667	27
2668	22
2669	27
2670	29
2671	18
2672	17
2673	20
2674	22
2675	20
2676	21
2677	19
2678	23
2679	17
2680	28
2681	26
2682	26
2683	20
2684	23
2685	19
2686	20
2687	20
2688	22
2689	17
2690	31
2691	16
2692	33
2693	24
2694	15
2695	20
2696	24
2697	30
2698	19
2699	22
2700	27
2701	21
2702	26
2703	25
2704	16
2705	26
2706	25
2707	27
2708	19
2709	16
2710	20
2711	29
2712	20
2713	22
2714	29
2715	21
2716	25
2717	29
2718	19
2719	24
2720	27
2721	27
2722	23
2723	27
2724	24
2725	17
2726	25
2727	20
2728	27
2729	23
2730	28
2731	18
2732	19
2733	20
2734	18
2735	20
2736	25
2737	32
2738	23
2739	27
2740	30
2741	33
2742	21
2743	18
2744	25
2745	25
2746	25
2747	23
2748	37
2749	26
2750	12
2751	20
2752	25
2753	29
2754	20
2755	27
2756	22
2757	25
2758	26
2759	22
2760	27
2761	17
2762	28
2763	22
2764	16
2765	20
2766	28
2767	14
2768	12
2769	34
2770	19
2771	22
2772	24
2773	24
2774	27
2775	23
2776	25
2777	24
2778	19
2779	21
2780	19
2781	27
2782	29
2783	18
2784	26
2785	18
2786	19
2787	22
2788	29
2789	24
2790	22
2791	26
2792	21
2793	21
2794	18
2795	16
2796	28
2797	23
2798	25
2799	23
2800	19
2801	24
2802	20
2803	28
2804	19
2805	26
2806	15
2807	18
2808	17
2809	27
2810	28
2811	21
2812	20
2813	28
2814	21
2815	23
2816	19
2817	13
2818	23
2819	29
2820	21
2821	21
2822	21
2823	24
2824	24
2825	21
2826	33
2827	23
2828	20
2829	24
2830	20
2831	25
2832	18
2833	24
2834	22
2835	26
2836	24
2837	21
2838	18
2839	16
2840	20
2841	19
2842	18
2843	25
2844	20
2845	20
2846	22
2847	23
2848	17
2849	27
2850	18
2851	19
2852	28
2853	20
2854	14
2855	16
2856	24
2857	22
2858	31
2859	24
2860	25
2861	23
2862	18
2863	14
2864	24
2865	25
2866	20
2867	22
2868	16
2869	16
2870	18
2871	21
2872	28
2873	19
2874	18
2875	21
2876	16
2877	24
2878	16
2879	22
2880	17
2881	17
2882	26
2883	19
2884	17
2885	13
2886	16
2887	27
2888	22
2889	22
2890	24
2891	19
2892	14
2893	14
2894	24
2895	19
2896	19
2897	16
2898	19
2899	24
2900	24
2901	23
2902	15
2903	27
2904	26
2905	22
2906	25
2907	28
2908	28
2909	24
2910	27
2911	17
2912	20
2913	26
2914	12
2915	17
2916	15
2917	15
2918	19
2919	25
2920	24
2921	20
2922	23
2923	17
2924	22
2925	26
2926	17
2927	26
2928	19
2929	17
2930	23
2931	19
2932	27
2933	22
2934	23
2935	22
2936	20
2937	18
2938	16
2939	19
2940	17
2941	24
2942	18
2943	28
2944	27
2945	26
2946	25
2947	21
2948	26
2949	17
2950	10
2951	17
2952	18
2953	13
2954	17
2955	18
2956	19
2957	18
2958	28
2959	22
2960	21
2961	17
2962	19
2963	14
2964	19
2965	19
2966	27
2967	24
2968	26
2969	22
2970	22
2971	11
2972	22
2973	16
2974	21
2975	16
2976	19
2977	22
2978	22
2979	15
2980	20
2981	20
2982	17
2983	17
2984	24
2985	32
2986	20
2987	20
2988	21
2989	25
2990	21
2991	20
2992	20
2993	19
2994	14
2995	17
2996	12
2997	18
2998	24
2999	27
3000	27
3001	19
3002	23
3003	25
3004	19
3005	22
3006	18
3007	27
3008	24
3009	30
3010	17
3011	22
3012	25
3013	18
3014	18
3015	21
3016	22
3017	16
3018	30
3019	23
3020	22
3021	22
3022	18
3023	30
3024	21
3025	15
3026	19
3027	22
3028	21
3029	26
3030	18
3031	14
3032	25
3033	19
3034	13
3035	18
3036	22
3037	30
3038	24
3039	26
3040	17
3041	20
3042	25
3043	18
3044	19
3045	17
3046	15
3047	21
3048	20
3049	24
3050	15
3051	17
3052	17
3053	25
3054	22
3055	24
3056	24
3057	20
3058	20
3059	17
3060	15
3061	17
3062	18
3063	16
3064	19
3065	19
3066	31
3067	16
3068	24
3069	22
3070	24
3071	24
3072	17
3073	21
3074	25
3075	20
3076	20
3077	23
3078	14
3079	21
3080	26
3081	19
3082	23
3083	12
3084	17
3085	16
3086	22
3087	24
3088	23
3089	23
3090	25
3091	15
3092	19
3093	18
3094	20
3095	22
3096	22
3097	23
3098	12
3099	20
3100	25
3101	13
3102	22
3103	17
3104	25
3105	19
3106	22
3107	21
3108	20
3109	16
3110	22
3111	18
3112	21
3113	21
3114	19
3115	11
3116	20
3117	17
3118	25
3119	23
3120	13
3121	15
3122	28
3123	22
3124	21
3125	20
3126	29
3127	25
3128	16
3129	24
3130	28
3131	19
3132	24
3133	28
3134	23
3135	21
3136	23
3137	22
3138	24
3139	22
3140	25
3141	14
3142	22
3143	25
3144	28
3145	17
3146	16
3147	18
3148	19
3149	26
3150	22
3151	21
3152	16
3153	14
3154	21
3155	20
3156	22
3157	20
3158	24
3159	19
3160	12
3161	17
3162	25
3163	15
3164	24
3165	21
3166	22
3167	17
3168	17
3169	26
3170	27
3171	16
3172	18
3173	26
3174	21
3175	17
3176	25
3177	23
3178	20
3179	26
3180	14
3181	18
3182	26
3183	17
3184	19
3185	22
3186	20
3187	20
3188	18
3189	21
3190	20
3191	20
3192	19
3193	23
3194	18
3195	16
3196	16
3197	22
3198	17
3199	20
3200	24
3201	23
3202	14
3203	21
3204	18
3205	16
3206	27
3207	22
3208	24
3209	19
3210	19
3211	29
3212	20
3213	24
3214	17
3215	19
3216	14
3217	20
3218	14
3219	21
3220	19
3221	13
3222	12
3223	21
3224	20
3225	17
3226	27
3227	17
3228	33
3229	25
3230	8
3231	17
3232	19
3233	16
3234	25
3235	21
3236	22
3237	17
3238	23
3239	28
3240	18
3241	15
3242	21
3243	22
3244	25
3245	15
3246	20
3247	15
3248	15
3249	17
3250	18
3251	24
3252	24
3253	16
3254	20
3255	18
3256	23
3257	18
3258	29
3259	27
3260	19
3261	25
3262	19
3263	23
3264	20
3265	18
3266	18
3267	14
3268	28
3269	15
3270	26
3271	13
3272	26
3273	19
3274	22
3275	19
3276	13
3277	19
3278	27
3279	16
3280	20
3281	20
3282	25
3283	18
3284	17
3285	16
3286	16
3287	24
3288	21
3289	12
3290	20
3291	13
3292	21
3293	18
3294	17
3295	21
3296	27
3297	17
3298	21
3299	32
3300	12
3301	20
3302	27
3303	16
3304	14
3305	16
3306	19
3307	17
3308	16
3309	22
3310	19
3311	19
3312	11
3313	21
3314	29
3315	19
3316	11
3317	14
3318	22
3319	17
3320	23
3321	23
3322	21
3323	21
3324	21
3325	14
3326	26
3327	19
3328	22
3329	18
3330	22
3331	13
3332	16
3333	14
3334	24
3335	25
3336	12
3337	12
3338	20
3339	20
3340	11
3341	18
3342	16
3343	24
3344	15
3345	21
3346	16
3347	16
3348	11
3349	18
3350	13
3351	21
3352	25
3353	24
3354	20
3355	16
3356	19
3357	20
3358	25
3359	20
3360	26
3361	16
3362	17
3363	17
3364	19
3365	7
3366	21
3367	17
3368	18
3369	19
3370	25
3371	22
3372	25
3373	20
3374	22
3375	16
3376	23
3377	19
3378	15
3379	17
3380	20
3381	22
3382	20
3383	22
3384	24
3385	19
3386	14
3387	16
3388	15
3389	21
3390	22
3391	23
3392	14
3393	19
3394	13
3395	15
3396	26
3397	22
3398	11
3399	26
3400	20
3401	22
3402	22
3403	17
3404	19
3405	18
3406	19
3407	25
3408	22
3409	37
3410	27
3411	19
3412	21
3413	20
3414	16
3415	18
3416	20
3417	16
3418	15
3419	15
3420	20
3421	14
3422	16
3423	17
3424	16
3425	19
3426	20
3427	19
3428	22
3429	18
3430	20
3431	18
3432	21
3433	18
3434	17
3435	19
3436	15
3437	20
3438	14
3439	24
3440	18
3441	23
3442	18
3443	22
3444	22
3445	16
3446	11
3447	23
3448	17
3449	15
3450	17
3451	23
3452	11
3453	18
3454	14
3455	19
3456	23
3457	19
3458	20
3459	12
3460	13
3461	21
3462	16
3463	26
3464	19
3465	16
3466	16
3467	15
3468	14
3469	20
3470	26
3471	22
3472	15
3473	22
3474	18
3475	18
3476	20
3477	14
3478	19
3479	13
3480	15
3481	19
3482	15
3483	11
3484	21
3485	15
3486	20
3487	19
3488	22
3489	20
3490	16
3491	16
3492	27
3493	28
3494	26
3495	21
3496	14
3497	17
3498	26
3499	14
3500	15
3501	17
3502	19
3503	26
3504	13
3505	18
3506	30
3507	15
3508	22
3509	20
3510	18
3511	15
3512	15
3513	20
3514	16
3515	18
3516	22
3517	15
3518	19
3519	18
3520	16
3521	12
3522	20
3523	19
3524	15
3525	17
3526	15
3527	21
3528	16
3529	16
3530	20
3531	16
3532	11
3533	14
3534	13
3535	19
3536	20
3537	19
3538	13
3539	18
3540	15
3541	18
3542	17
3543	22
3544	19
3545	15
3546	12
3547	15
3548	19
3549	19
3550	19
3551	18
3552	18
3553	16
3554	19
3555	20
3556	17
3557	14
3558	11
3559	18
3560	17
3561	20
3562	18
3563	17
3564	14
3565	16
3566	14
3567	20
3568	14
3569	25
3570	7
3571	21
3572	15
3573	19
3574	11
3575	16
3576	16
3577	16
3578	28
3579	15
3580	10
3581	22
3582	17
3583	14
3584	15
3585	12
3586	23
3587	17
3588	28
3589	15
3590	18
3591	22
3592	23
3593	11
3594	18
3595	17
3596	13
3597	16
3598	13
3599	23
3600	14
3601	15
3602	17
3603	16
3604	17
3605	13
3606	18
3607	22
3608	21
3609	21
3610	20
3611	16
3612	18
3613	11
3614	20
3615	14
3616	14
3617	16
3618	14
3619	21
3620	30
3621	25
3622	19
3623	21
3624	17
3625	18
3626	17
3627	13
3628	19
3629	24
3630	14
3631	21
3632	17
3633	19
3634	16
3635	22
3636	13
3637	34
3638	18
3639	16
3640	16
3641	21
3642	21
3643	20
3644	10
3645	17
3646	17
3647	15
3648	18
3649	31
3650	16
3651	27
3652	18
3653	24
3654	28
3655	15
3656	11
3657	15
3658	25
3659	18
3660	16
3661	23
3662	12
3663	29
3664	16
3665	31
3666	13
3667	22
3668	20
3669	12
3670	16
3671	22
3672	23
3673	14
3674	14
3675	22
3676	13
3677	17
3678	18
3679	13
3680	18
3681	11
3682	12
3683	14
3684	21
3685	16
3686	21
3687	10
3688	23
3689	18
3690	13
3691	18
3692	12
3693	18
3694	22
3695	12
3696	12
3697	18
3698	20
3699	17
3700	12
3701	21
3702	29
3703	17
3704	17
3705	16
3706	23
3707	18
3708	15
3709	19
3710	22
3711	21
3712	17
3713	24
3714	16
3715	15
3716	14
3717	26
3718	15
3719	18
3720	19
3721	16
3722	16
3723	17
3724	13
3725	23
3726	22
3727	16
3728	23
3729	20
3730	15
3731	14
3732	29
3733	19
3734	18
3735	14
3736	11
3737	23
3738	16
3739	24
3740	16
3741	16
3742	26
3743	17
3744	14
3745	16
3746	18
3747	14
3748	19
3749	18
3750	15
3751	21
3752	12
3753	21
3754	16
3755	15
3756	22
3757	16
3758	13
3759	13
3760	14
3761	25
3762	21
3763	16
3764	14
3765	17
3766	15
3767	21
3768	18
3769	17
3770	17
3771	18
3772	15
3773	15
3774	17
3775	25
3776	17
3777	18
3778	11
3779	17
3780	26
3781	11
3782	16
3783	16
3784	22
3785	17
3786	11
3787	13
3788	16
3789	17
3790	21
3791	15
3792	13
3793	16
3794	20
3795	17
3796	14
3797	16
3798	15
3799	13
3800	14
3801	10
3802	14
3803	18
3804	18
3805	16
3806	15
3807	13
3808	20
3809	18
3810	21
3811	27
3812	17
3813	15
3814	17
3815	12
3816	18
3817	18
3818	12
3819	13
3820	9
3821	15
3822	18
3823	20
3824	12
3825	19
3826	13
3827	19
3828	19
3829	8
3830	13
3831	20
3832	23
3833	23
3834	19
3835	25
3836	14
3837	23
3838	10
3839	16
3840	16
3841	23
3842	14
3843	15
3844	14
3845	15
3846	7
3847	15
3848	14
3849	15
3850	20
3851	15
3852	18
3853	18
3854	13
3855	16
3856	17
3857	12
3858	21
3859	24
3860	20
3861	13
3862	17
3863	13
3864	16
3865	18
3866	25
3867	18
3868	19
3869	19
3870	17
3871	31
3872	16
3873	23
3874	13
3875	15
3876	16
3877	18
3878	16
3879	9
3880	13
3881	16
3882	22
3883	16
3884	28
3885	16
3886	22
3887	19
3888	19
3889	16
3890	12
3891	19
3892	14
3893	16
3894	11
3895	13
3896	9
3897	15
3898	16
3899	9
3900	15
3901	17
3902	15
3903	22
3904	15
3905	19
3906	10
3907	19
3908	15
3909	13
3910	18
3911	14
3912	15
3913	16
3914	13
3915	12
3916	18
3917	15
3918	18
3919	12
3920	22
3921	15
3922	24
3923	16
3924	13
3925	13
3926	13
3927	19
3928	21
3929	18
3930	9
3931	8
3932	12
3933	18
3934	20
3935	19
3936	15
3937	11
3938	29
3939	12
3940	18
3941	23
3942	21
3943	19
3944	21
3945	21
3946	14
3947	15
3948	19
3949	25
3950	11
3951	14
3952	21
3953	16
3954	16
3955	12
3956	14
3957	16
3958	13
3959	21
3960	18
3961	25
3962	19
3963	15
3964	14
3965	20
3966	15
3967	23
3968	10
3969	15
3970	13
3971	16
3972	21
3973	11
3974	19
3975	19
3976	24
3977	7
3978	14
3979	23
3980	13
3981	10
3982	18
3983	16
3984	14
3985	24
3986	22
3987	18
3988	17
3989	21
3990	16
3991	17
3992	14
3993	11
3994	10
3995	16
3996	22
3997	17
3998	14
3999	18
4000	21
4001	17
4002	14
4003	18
4004	14
4005	29
4006	19
4007	18
4008	23
4009	14
4010	10
4011	18
4012	11
4013	22
4014	14
4015	13
4016	20
4017	16
4018	20
4019	20
4020	18
4021	21
4022	12
4023	22
4024	16
4025	15
4026	25
4027	10
4028	14
4029	16
4030	16
4031	12
4032	20
4033	17
4034	18
4035	13
4036	22
4037	14
4038	14
4039	11
4040	19
4041	13
4042	24
4043	18
4044	27
4045	17
4046	14
4047	16
4048	15
4049	14
4050	27
4051	11
4052	11
4053	13
4054	18
4055	18
4056	13
4057	19
4058	16
4059	22
4060	15
4061	15
4062	18
4063	17
4064	12
4065	19
4066	13
4067	18
4068	17
4069	25
4070	14
4071	16
4072	20
4073	21
4074	17
4075	19
4076	17
4077	11
4078	14
4079	12
4080	19
4081	21
4082	19
4083	20
4084	17
4085	15
4086	19
4087	15
4088	18
4089	15
4090	24
4091	13
4092	17
4093	14
4094	23
4095	18
4096	8
4097	16
4098	25
4099	20
4100	14
4101	20
4102	12
4103	24
4104	21
4105	15
4106	12
4107	13
4108	13
4109	10
4110	13
4111	9
4112	16
4113	13
4114	15
4115	10
4116	16
4117	18
4118	24
4119	22
4120	8
4121	14
4122	12
4123	15
4124	20
4125	19
4126	17
4127	28
4128	15
4129	19
4130	18
4131	21
4132	10
4133	23
4134	14
4135	19
4136	15
4137	16
4138	16
4139	13
4140	10
4141	15
4142	20
4143	24
4144	17
4145	21
4146	20
4147	22
4148	16
4149	15
4150	20
4151	18
4152	28
4153	10
4154	15
4155	25
4156	16
4157	18
4158	15
4159	17
4160	15
4161	20
4162	7
4163	11
4164	16
4165	16
4166	9
4167	25
4168	14
4169	10
4170	16
4171	15
4172	18
4173	17
4174	13
4175	19
4176	18
4177	21
4178	15
4179	18
4180	11
4181	20
4182	17
4183	22
4184	12
4185	18
4186	12
4187	15
4188	15
4189	13
4190	22
4191	14
4192	11
4193	15
4194	20
4195	15
4196	19
4197	16
4198	17
4199	22
4200	22
4201	16
4202	13
4203	8
4204	21
4205	16
4206	17
4207	18
4208	18
4209	13
4210	14
4211	13
4212	16
4213	16
4214	20
4215	16
4216	9
4217	15
4218	18
4219	23
4220	16
4221	19
4222	12
4223	19
4224	26
4225	19
4226	14
4227	17
4228	7
4229	9
4230	18
4231	14
4232	19
4233	13
4234	19
4235	19
4236	11
4237	21
4238	20
4239	15
4240	14
4241	16
4242	14
4243	9
4244	15
4245	20
4246	17
4247	12
4248	19
4249	17
4250	14
4251	14
4252	13
4253	10
4254	17
4255	16
4256	19
4257	19
4258	25
4259	9
4260	18
4261	17
4262	13
4263	16
4264	18
4265	15
4266	12
4267	13
4268	23
4269	22
4270	19
4271	16
4272	13
4273	14
4274	18
4275	12
4276	6
4277	17
4278	15
4279	25
4280	17
4281	22
4282	12
4283	17
4284	17
4285	24
4286	9
4287	13
4288	16
4289	17
4290	16
4291	14
4292	20
4293	13
4294	9
4295	18
4296	16
4297	21
4298	18
4299	15
4300	19
4301	22
4302	20
4303	8
4304	10
4305	25
4306	21
4307	20
4308	13
4309	12
4310	21
4311	14
4312	11
4313	17
4314	18
4315	23
4316	14
4317	12
4318	19
4319	16
4320	14
4321	17
4322	15
4323	15
4324	14
4325	12
4326	16
4327	14
4328	18
4329	12
4330	10
4331	21
4332	11
4333	18
4334	20
4335	15
4336	18
4337	11
4338	19
4339	13
4340	17
4341	23
4342	17
4343	21
4344	11
4345	18
4346	13
4347	17
4348	19
4349	14
4350	14
4351	14
4352	12
4353	13
4354	20
4355	22
4356	13
4357	20
4358	14
4359	16
4360	22
4361	13
4362	9
4363	12
4364	17
4365	20
4366	18
4367	19
4368	19
4369	14
4370	14
4371	12
4372	15
4373	19
4374	18
4375	18
4376	15
4377	13
4378	14
4379	23
4380	22
4381	24
4382	17
4383	17
4384	21
4385	22
4386	14
4387	17
4388	14
4389	18
4390	18
4391	11
4392	10
4393	15
4394	13
4395	19
4396	15
4397	18
4398	9
4399	17
4400	10
4401	17
4402	14
4403	15
4404	20
4405	20
4406	18
4407	11
4408	19
4409	20
4410	7
4411	20
4412	11
4413	18
4414	15
4415	13
4416	10
4417	13
4418	13
4419	15
4420	14
4421	18
4422	13
4423	16
4424	14
4425	15
4426	21
4427	16
4428	23
4429	15
4430	18
4431	17
4432	17
4433	17
4434	22
4435	11
4436	17
4437	20
4438	20
4439	11
4440	17
4441	21
4442	10
4443	13
4444	10
4445	15
4446	13
4447	9
4448	15
4449	16
4450	19
4451	14
4452	15
4453	14
4454	13
4455	18
4456	11
4457	20
4458	15
4459	16
4460	15
4461	9
4462	14
4463	17
4464	16
4465	14
4466	15
4467	9
4468	13
4469	10
4470	20
4471	11
4472	14
4473	20
4474	11
4475	13
4476	14
4477	12
4478	18
4479	24
4480	16
4481	7
4482	14
4483	13
4484	15
4485	12
4486	16
4487	5
4488	17
4489	11
4490	14
4491	13
4492	11
4493	18
4494	13
4495	16
4496	18
4497	9
4498	17
4499	13
4500	15
4501	18
4502	16
4503	18
4504	18
4505	12
4506	10
4507	16
4508	19
4509	12
4510	16
4511	14
4512	18
4513	18
4514	14
4515	17
4516	21
4517	13
4518	17
4519	17
4520	17
4521	13
4522	23
4523	9
4524	12
4525	8
4526	16
4527	15
4528	12
4529	14
4530	14
4531	13
4532	13
4533	19
4534	12
4535	17
4536	22
4537	15
4538	10
4539	9
4540	7
4541	11
4542	12
4543	17
4544	13
4545	16
4546	9
4547	15
4548	13
4549	17
4550	15
4551	14
4552	10
4553	14
4554	19
4555	11
4556	13
4557	15
4558	18
4559	17
4560	18
4561	15
4562	21
4563	16
4564	12
4565	11
4566	22
4567	19
4568	16
4569	17
4570	20
4571	18
4572	11
4573	15
4574	13
4575	14
4576	22
4577	16
4578	14
4579	9
4580	21
4581	10
4582	15
4583	15
4584	17
4585	16
4586	20
4587	15
4588	19
4589	15
4590	17
4591	17
4592	15
4593	9
4594	11
4595	14
4596	18
4597	17
4598	13
4599	24
4600	11
4601	17
4602	11
4603	15
4604	10
4605	12
4606	19
4607	11
4608	13
4609	17
4610	17
4611	16
4612	17
4613	16
4614	24
4615	18
4616	16
4617	11
4618	10
4619	10
4620	12
4621	19
4622	11
4623	16
4624	12
4625	17
4626	6
4627	11
4628	15
4629	13
4630	20
4631	10
4632	12
4633	14
4634	10
4635	8
4636	11
4637	10
4638	17
4639	17
4640	16
4641	15
4642	14
4643	10
4644	20
4645	13
4646	15
4647	12
4648	15
4649	9
4650	13
4651	6
4652	16
4653	18
4654	18
4655	18
4656	14
4657	17
4658	17
4659	14
4660	17
4661	20
4662	17
4663	16
4664	12
4665	14
4666	10
4667	12
4668	10
4669	16
4670	16
4671	12
4672	16
4673	16
4674	15
4675	14
4676	6
4677	16
4678	17
4679	17
4680	13
4681	12
4682	17
4683	12
4684	9
4685	12
4686	12
4687	12
4688	11
4689	12
4690	8
4691	12
4692	11
4693	20
4694	10
4695	16
4696	9
4697	11
4698	11
4699	7
4700	18
4701	14
4702	12
4703	11
4704	8
4705	14
4706	9
4707	13
4708	14
4709	21
4710	7
4711	9
4712	14
4713	12
4714	14
4715	14
4716	15
4717	18
4718	15
4719	13
4720	14
4721	16
4722	9
4723	7
4724	12
4725	19
4726	12
4727	11
4728	11
4729	20
4730	21
4731	19
4732	10
4733	15
4734	12
4735	11
4736	10
4737	17
4738	14
4739	14
4740	17
4741	17
4742	19
4743	11
4744	14
4745	12
4746	14
4747	20
4748	14
4749	11
4750	10
4751	13
4752	22
4753	9
4754	11
4755	14
4756	13
4757	11
4758	15
4759	7
4760	6
4761	10
4762	10
4763	15
4764	17
4765	16
4766	21
4767	12
4768	11
4769	10
4770	11
4771	7
4772	11
4773	9
4774	18
4775	11
4776	11
4777	13
4778	14
4779	10
4780	15
4781	11
4782	12
4783	16
4784	11
4785	15
4786	16
4787	16
4788	17
4789	16
4790	11
4791	11
4792	8
4793	10
4794	14
4795	10
4796	15
4797	10
4798	12
4799	13
4800	8
4801	16
4802	17
4803	9
4804	10
4805	9
4806	17
4807	14
4808	14
4809	17
4810	15
4811	15
4812	16
4813	6
4814	10
4815	12
4816	10
4817	16
4818	7
4819	11
4820	11
4821	10
4822	13
4823	20
4824	12
4825	13
4826	10
4827	6
4828	12
4829	12
4830	13
4831	18
4832	17
4833	13
4834	17
4835	14
4836	8
4837	14
4838	12
4839	11
4840	8
4841	14
4842	11
4843	20
4844	9
4845	14
4846	10
4847	13
4848	11
4849	11
4850	12
4851	17
4852	13
4853	8
4854	8
4855	21
4856	7
4857	8
4858	11
4859	13
4860	7
4861	12
4862	14
4863	20
4864	12
4865	15
4866	15
4867	12
4868	11
4869	12
4870	16
4871	8
4872	16
4873	16
4874	10
4875	14
4876	15
4877	7
4878	11
4879	16
4880	15
4881	21
4882	9
4883	10
4884	11
4885	16
4886	17
4887	12
4888	18
4889	10
4890	12
4891	13
4892	11
4893	14
4894	8
4895	15
4896	15
4897	16
4898	12
4899	12
4900	17
4901	16
4902	13
4903	10
4904	16
4905	9
4906	12
4907	10
4908	14
4909	18
4910	8
4911	11
4912	12
4913	12
4914	10
4915	7
4916	9
4917	9
4918	20
4919	11
4920	18
4921	10
4922	10
4923	11
4924	15
4925	11
4926	17
4927	17
4928	13
4929	15
4930	14
4931	13
4932	16
4933	14
4934	7
4935	6
4936	12
4937	17
4938	16
4939	13
4940	18
4941	14
4942	16
4943	16
4944	12
4945	21
4946	9
4947	14
4948	14
4949	8
4950	14
4951	17
4952	20
4953	12
4954	11
4955	12
4956	12
4957	8
4958	16
4959	13
4960	9
4961	13
4962	11
4963	11
4964	11
4965	13
4966	9
4967	6
4968	14
4969	13
4970	21
4971	12
4972	11
4973	9
4974	12
4975	14
4976	15
4977	15
4978	20
4979	18
4980	10
4981	9
4982	8
4983	14
4984	15
4985	9
4986	13
4987	12
4988	11
4989	10
4990	11
4991	20
4992	14
4993	16
4994	19
4995	13
4996	12
4997	16
4998	13
4999	10
5000	9
5001	12
5002	9
5003	17
5004	16
5005	15
5006	12
5007	10
5008	15
5009	10
5010	15
5011	6
5012	11
5013	8
5014	20
5015	17
5016	21
5017	23
5018	8
5019	10
5020	15
5021	13
5022	7
5023	10
5024	20
5025	14
5026	20
5027	15
5028	15
5029	15
5030	12
5031	9
5032	10
5033	9
5034	13
5035	14
5036	28
5037	7
5038	20
5039	13
5040	10
5041	13
5042	10
5043	16
5044	11
5045	15
5046	8
5047	22
5048	14
5049	16
5050	5
5051	12
5052	11
5053	14
5054	12
5055	16
5056	13
5057	16
5058	17
5059	17
5060	16
5061	17
5062	16
5063	13
5064	14
5065	10
5066	18
5067	15
5068	14
5069	17
5070	15
5071	21
5072	11
5073	16
5074	21
5075	16
5076	14
5077	12
5078	18
5079	10
5080	15
5081	17
5082	16
5083	10
5084	14
5085	12
5086	10
5087	17
5088	11
5089	18
5090	13
5091	18
5092	16
5093	15
5094	14
5095	14
5096	10
5097	13
5098	10
5099	11
5100	12
5101	14
5102	11
5103	14
5104	15
5105	14
5106	6
5107	10
5108	8
5109	9
5110	15
5111	14
5112	13
5113	16
5114	9
5115	7
5116	20
5117	5
5118	7
5119	10
5120	9
5121	14
5122	14
5123	12
5124	16
5125	5
5126	11
5127	19
5128	12
5129	17
5130	14
5131	12
5132	7
5133	10
5134	8
5135	10
5136	12
5137	18
5138	12
5139	14
5140	11
5141	11
5142	14
5143	11
5144	12
5145	12
5146	12
5147	14
5148	7
5149	21
5150	21
5151	16
5152	12
5153	12
5154	9
5155	14
5156	12
5157	17
5158	5
5159	5
5160	11
5161	10
5162	16
5163	16
5164	9
5165	5
5166	11
5167	16
5168	9
5169	20
5170	13
5171	13
5172	8
5173	15
5174	13
5175	13
5176	12
5177	16
5178	14
5179	8
5180	15
5181	13
5182	15
5183	11
5184	18
5185	12
5186	9
5187	15
5188	10
5189	8
5190	11
5191	14
5192	14
5193	10
5194	9
5195	13
5196	12
5197	16
5198	13
5199	20
5200	13
5201	12
5202	13
5203	14
5204	15
5205	7
5206	10
5207	12
5208	9
5209	24
5210	13
5211	7
5212	11
5213	11
5214	11
5215	14
5216	11
5217	7
5218	12
5219	12
5220	12
5221	12
5222	8
5223	11
5224	10
5225	14
5226	11
5227	18
5228	10
5229	18
5230	15
5231	17
5232	15
5233	13
5234	13
5235	10
5236	9
5237	7
5238	13
5239	16
5240	6
5241	6
5242	16
5243	21
5244	18
5245	10
5246	13
5247	15
5248	18
5249	18
5250	9
5251	11
5252	12
5253	12
5254	8
5255	12
5256	11
5257	12
5258	11
5259	15
5260	7
5261	16
5262	19
5263	11
5264	14
5265	14
5266	11
5267	13
5268	13
5269	8
5270	11
5271	11
5272	11
5273	15
5274	13
5275	15
5276	11
5277	12
5278	19
5279	13
5280	13
5281	16
5282	14
5283	9
5284	12
5285	5
5286	15
5287	7
5288	20
5289	16
5290	13
5291	18
5292	17
5293	15
5294	12
5295	13
5296	17
5297	13
5298	16
5299	12
5300	8
5301	20
5302	10
5303	13
5304	17
5305	15
5306	7
5307	13
5308	17
5309	17
5310	15
5311	13
5312	11
5313	9
5314	13
5315	16
5316	11
5317	15
5318	14
5319	12
5320	13
5321	19
5322	17
5323	12
5324	17
5325	17
5326	16
5327	7
5328	14
5329	14
5330	18
5331	10
5332	14
5333	10
5334	17
5335	8
5336	8
5337	11
5338	15
5339	12
5340	11
5341	16
5342	13
5343	10
5344	14
5345	13
5346	15
5347	14
5348	16
5349	9
5350	16
5351	13
5352	13
5353	12
5354	13
5355	6
5356	13
5357	24
5358	17
5359	7
5360	13
5361	9
5362	8
5363	14
5364	20
5365	15
5366	15
5367	18
5368	13
5369	12
5370	17
5371	11
5372	13
5373	20
5374	14
5375	9
5376	10
5377	14
5378	9
5379	14
5380	15
5381	8
5382	12
5383	10
5384	13
5385	11
5386	16
5387	17
5388	15
5389	10
5390	9
5391	14
5392	14
5393	18
5394	10
5395	11
5396	13
5397	15
5398	20
5399	10
5400	8
5401	13
5402	17
5403	12
5404	11
5405	11
5406	12
5407	12
5408	14
5409	9
5410	10
5411	23
5412	17
5413	10
5414	15
5415	15
5416	10
5417	13
5418	14
5419	10
5420	11
5421	11
5422	9
5423	11
5424	13
5425	18
5426	12
5427	17
5428	16
5429	16
5430	8
5431	13
5432	14
5433	15
5434	11
5435	15
5436	7
5437	12
5438	15
5439	21
5440	11
5441	18
5442	17
5443	16
5444	11
5445	10
5446	11
5447	9
5448	12
5449	9
5450	14
5451	17
5452	22
5453	18
5454	16
5455	13
5456	6
5457	15
5458	18
5459	14
5460	10
5461	14
5462	16
5463	9
5464	11
5465	12
5466	13
5467	19
5468	11
5469	14
5470	14
5471	14
5472	18
5473	16
5474	13
5475	7
5476	5
5477	14
5478	11
5479	20
5480	7
5481	10
5482	14
5483	13
5484	20
5485	16
5486	13
5487	12
5488	14
5489	16
5490	17
5491	12
5492	13
5493	15
5494	14
5495	13
5496	12
5497	15
5498	11
5499	8
5500	13
5501	11
5502	14
5503	14
5504	11
5505	16
5506	18
5507	15
5508	9
5509	10
5510	11
5511	12
5512	17
5513	8
5514	15
5515	10
5516	16
5517	13
5518	19
5519	13
5520	9
5521	7
5522	12
5523	14
5524	17
5525	15
5526	14
5527	11
5528	5
5529	17
5530	12
5531	19
5532	22
5533	16
5534	15
5535	16
5536	15
5537	13
5538	10
5539	14
5540	13
5541	16
5542	11
5543	8
5544	9
5545	11
5546	15
5547	16
5548	15
5549	11
5550	13
5551	18
5552	15
5553	12
5554	17
5555	14
5556	15
5557	13
5558	8
5559	16
5560	16
5561	16
5562	12
5563	12
5564	15
5565	14
5566	6
5567	11
5568	16
5569	11
5570	11
5571	16
5572	13
5573	21
5574	14
5575	13
5576	13
5577	11
5578	15
5579	16
5580	19
5581	9
5582	13
5583	19
5584	14
5585	13
5586	17
5587	7
5588	17
5589	16
5590	12
5591	15
5592	19
5593	10
5594	11
5595	13
5596	16
5597	13
5598	11
5599	16
5600	8
5601	14
5602	12
5603	15
5604	14
5605	10
5606	11
5607	9
5608	17
5609	10
5610	17
5611	12
5612	12
5613	10
5614	15
5615	10
5616	18
5617	14
5618	16
5619	11
5620	10
5621	21
5622	11
5623	6
5624	13
5625	23
5626	12
5627	10
5628	14
5629	19
5630	13
5631	10
5632	10
5633	18
5634	17
5635	15
5636	13
5637	23
5638	15
5639	12
5640	14
5641	13
5642	16
5643	15
5644	10
5645	15
5646	13
5647	15
5648	12
5649	20
5650	12
5651	11
5652	9
5653	17
5654	14
5655	9
5656	13
5657	15
5658	9
5659	17
5660	20
5661	19
5662	15
5663	13
5664	15
5665	16
5666	11
5667	16
5668	19
5669	9
5670	20
5671	11
5672	20
5673	16
5674	13
5675	11
5676	12
5677	15
5678	10
5679	20
5680	13
5681	14
5682	10
5683	13
5684	20
5685	15
5686	18
5687	23
5688	9
5689	16
5690	17
5691	9
5692	17
5693	13
5694	15
5695	6
5696	15
5697	15
5698	17
5699	12
5700	13
5701	12
5702	13
5703	15
5704	12
5705	18
5706	18
5707	16
5708	6
5709	21
5710	13
5711	16
5712	12
5713	14
5714	15
5715	13
5716	6
5717	14
5718	13
5719	8
5720	19
5721	16
5722	13
5723	12
5724	23
5725	14
5726	14
5727	8
5728	15
5729	21
5730	8
5731	11
5732	10
5733	19
5734	15
5735	18
5736	16
5737	12
5738	12
5739	11
5740	13
5741	9
5742	13
5743	12
5744	22
5745	15
5746	7
5747	16
5748	11
5749	14
5750	16
5751	13
5752	8
5753	14
5754	15
5755	22
5756	22
5757	16
5758	14
5759	18
5760	17
5761	15
5762	19
5763	13
5764	15
5765	20
5766	15
5767	12
5768	24
5769	12
5770	21
5771	13
5772	5
5773	15
5774	20
5775	14
5776	12
5777	7
5778	16
5779	17
5780	12
5781	10
5782	14
5783	15
5784	14
5785	13
5786	11
5787	14
5788	17
5789	15
5790	17
5791	11
5792	14
5793	15
5794	13
5795	14
5796	18
5797	25
5798	12
5799	13
5800	19
5801	17
5802	20
5803	11
5804	10
5805	14
5806	17
5807	18
5808	20
5809	4
5810	17
5811	12
5812	15
5813	15
5814	17
5815	8
5816	15
5817	18
5818	15
5819	10
5820	14
5821	17
5822	18
5823	13
5824	13
5825	10
5826	5
5827	12
5828	10
5829	20
5830	12
5831	11
5832	14
5833	10
5834	15
5835	16
5836	12
5837	21
5838	22
5839	14
5840	12
5841	20
5842	9
5843	21
5844	9
5845	15
5846	17
5847	14
5848	11
5849	9
5850	16
5851	13
5852	8
5853	7
5854	18
5855	16
5856	11
5857	15
5858	13
5859	14
5860	9
5861	17
5862	13
5863	16
5864	12
5865	9
5866	26
5867	17
5868	11
5869	11
5870	15
5871	20
5872	11
5873	14
5874	15
5875	16
5876	10
5877	11
5878	19
5879	10
5880	14
5881	16
5882	14
5883	23
5884	13
5885	14
5886	14
5887	12
5888	17
5889	20
5890	10
5891	10
5892	15
5893	10
5894	17
5895	15
5896	14
5897	12
5898	13
5899	21
5900	17
5901	16
5902	11
5903	13
5904	17
5905	12
5906	18
5907	19
5908	13
5909	15
5910	21
5911	16
5912	15
5913	17
5914	11
5915	16
5916	19
5917	13
5918	13
5919	22
5920	18
5921	8
5922	9
5923	17
5924	9
5925	6
5926	16
5927	22
5928	15
5929	18
5930	13
5931	15
5932	18
5933	20
5934	13
5935	16
5936	20
5937	16
5938	17
5939	19
5940	17
5941	22
5942	15
5943	18
5944	13
5945	14
5946	12
5947	10
5948	18
5949	11
5950	16
5951	17
5952	17
5953	15
5954	20
5955	8
5956	17
5957	18
5958	19
5959	12
5960	10
5961	18
5962	19
5963	10
5964	18
5965	12
5966	14
5967	17
5968	17
5969	14
5970	15
5971	20
5972	16
5973	16
5974	9
5975	10
5976	8
5977	18
5978	15
5979	7
5980	17
5981	9
5982	13
5983	15
5984	18
5985	18
5986	7
5987	25
5988	17
5989	18
5990	21
5991	11
5992	16
5993	20
5994	26
5995	15
5996	21
5997	16
5998	18
5999	14
6000	16
6001	14
6002	17
6003	22
6004	15
6005	16
6006	13
6007	17
6008	12
6009	9
6010	17
6011	22
6012	19
6013	12
6014	15
6015	13
6016	19
6017	8
6018	17
6019	8
6020	16
6021	17
6022	16
6023	29
6024	13
6025	17
6026	16
6027	26
6028	10
6029	14
6030	21
6031	18
6032	17
6033	13
6034	21
6035	11
6036	8
6037	16
6038	16
6039	21
6040	13
6041	19
6042	13
6043	22
6044	21
6045	20
6046	15
6047	19
6048	15
6049	8
6050	17
6051	18
6052	12
6053	17
6054	16
6055	22
6056	14
6057	18
6058	11
6059	22
6060	17
6061	13
6062	24
6063	23
6064	18
6065	12
6066	19
6067	13
6068	16
6069	23
6070	15
6071	23
6072	15
6073	21
6074	16
6075	16
6076	16
6077	23
6078	17
6079	18
6080	22
6081	18
6082	25
6083	16
6084	21
6085	22
6086	18
6087	20
6088	12
6089	16
6090	12
6091	17
6092	14
6093	24
6094	11
6095	14
6096	19
6097	22
6098	17
6099	18
6100	18
6101	16
6102	18
6103	19
6104	23
6105	23
6106	18
6107	18
6108	19
6109	20
6110	22
6111	12
6112	20
6113	14
6114	14
6115	17
6116	16
6117	23
6118	13
6119	16
6120	17
6121	13
6122	11
6123	17
6124	14
6125	18
6126	17
6127	14
6128	17
6129	22
6130	24
6131	23
6132	25
6133	10
6134	19
6135	18
6136	27
6137	18
6138	19
6139	16
6140	8
6141	25
6142	17
6143	21
6144	17
6145	12
6146	15
6147	19
6148	14
6149	17
6150	17
6151	12
6152	22
6153	16
6154	16
6155	22
6156	25
6157	13
6158	20
6159	14
6160	12
6161	16
6162	21
6163	17
6164	18
6165	16
6166	15
6167	20
6168	23
6169	21
6170	17
6171	14
6172	16
6173	20
6174	19
6175	13
6176	18
6177	15
6178	21
6179	24
6180	30
6181	16
6182	18
6183	18
6184	17
6185	13
6186	14
6187	19
6188	24
6189	23
6190	17
6191	19
6192	20
6193	19
6194	31
6195	23
6196	22
6197	17
6198	14
6199	25
6200	9
6201	19
6202	14
6203	19
6204	17
6205	18
6206	16
6207	30
6208	22
6209	9
6210	21
6211	18
6212	18
6213	25
6214	27
6215	17
6216	19
6217	19
6218	17
6219	20
6220	18
6221	26
6222	25
6223	14
6224	21
6225	27
6226	24
6227	22
6228	21
6229	14
6230	22
6231	14
6232	18
6233	18
6234	25
6235	22
6236	14
6237	29
6238	34
6239	16
6240	28
6241	35
6242	22
6243	20
6244	29
6245	23
6246	20
6247	23
6248	18
6249	17
6250	21
6251	22
6252	22
6253	26
6254	16
6255	19
6256	21
6257	21
6258	27
6259	26
6260	29
6261	22
6262	19
6263	24
6264	23
6265	16
6266	24
6267	29
6268	17
6269	26
6270	21
6271	17
6272	20
6273	21
6274	21
6275	30
6276	19
6277	19
6278	34
6279	20
6280	25
6281	18
6282	21
6283	23
6284	17
6285	24
6286	16
6287	20
6288	24
6289	24
6290	24
6291	20
6292	23
6293	21
6294	28
6295	26
6296	11
6297	20
6298	24
6299	25
6300	16
6301	20
6302	16
6303	28
6304	31
6305	20
6306	14
6307	21
6308	24
6309	19
6310	25
6311	18
6312	19
6313	20
6314	26
6315	25
6316	21
6317	33
6318	19
6319	21
6320	24
6321	22
6322	22
6323	22
6324	22
6325	23
6326	20
6327	34
6328	15
6329	26
6330	24
6331	20
6332	33
6333	27
6334	22
6335	15
6336	14
6337	20
6338	26
6339	21
6340	18
6341	26
6342	29
6343	16
6344	29
6345	22
6346	23
6347	31
6348	19
6349	16
6350	28
6351	14
6352	19
6353	21
6354	24
6355	16
6356	27
6357	30
6358	22
6359	28
6360	32
6361	24
6362	19
6363	20
6364	26
6365	20
6366	21
6367	26
6368	23
6369	28
6370	17
6371	16
6372	24
6373	29
6374	19
6375	21
6376	20
6377	24
6378	22
6379	28
6380	21
6381	23
6382	24
6383	21
6384	19
6385	30
6386	32
6387	20
6388	30
6389	25
6390	28
6391	29
6392	12
6393	31
6394	22
6395	25
6396	22
6397	20
6398	18
6399	29
6400	26
6401	27
6402	28
6403	21
6404	26
6405	27
6406	35
6407	21
6408	24
6409	14
6410	32
6411	22
6412	28
6413	26
6414	28
6415	23
6416	20
6417	23
6418	27
6419	28
6420	25
6421	37
6422	31
6423	27
6424	38
6425	26
6426	28
6427	33
6428	27
6429	27
6430	32
6431	17
6432	24
6433	31
6434	24
6435	25
6436	25
6437	29
6438	18
6439	32
6440	27
6441	25
6442	39
6443	20
6444	27
6445	26
6446	35
6447	31
6448	23
6449	31
6450	31
6451	22
6452	25
6453	24
6454	26
6455	29
6456	17
6457	30
6458	31
6459	26
6460	21
6461	26
6462	27
6463	33
6464	32
6465	30
6466	28
6467	38
6468	29
6469	34
6470	27
6471	25
6472	31
6473	26
6474	27
6475	26
6476	28
6477	38
6478	27
6479	25
6480	30
6481	24
6482	30
6483	32
6484	27
6485	26
6486	18
6487	33
6488	28
6489	32
6490	24
6491	25
6492	21
6493	27
6494	22
6495	19
6496	32
6497	35
6498	34
6499	23
6500	23
6501	32
6502	33
6503	23
6504	29
6505	30
6506	19
6507	23
6508	27
6509	26
6510	31
6511	20
6512	38
6513	25
6514	32
6515	33
6516	36
6517	17
6518	30
6519	27
6520	15
6521	36
6522	35
6523	24
6524	35
6525	21
6526	27
6527	28
6528	38
6529	24
6530	36
6531	18
6532	33
6533	36
6534	35
6535	32
6536	27
6537	31
6538	28
6539	30
6540	23
6541	34
6542	31
6543	26
6544	29
6545	29
6546	30
6547	30
6548	28
6549	28
6550	22
6551	31
6552	37
6553	32
6554	29
6555	27
6556	29
6557	29
6558	25
6559	24
6560	22
6561	24
6562	23
6563	27
6564	28
6565	29
6566	35
6567	29
6568	25
6569	26
6570	26
6571	28
6572	27
6573	30
6574	25
6575	25
6576	35
6577	26
6578	30
6579	28
6580	32
6581	24
6582	27
6583	29
6584	24
6585	24
6586	30
6587	31
6588	31
6589	23
6590	21
6591	28
6592	23
6593	26
6594	29
6595	22
6596	19
6597	34
6598	35
6599	30
6600	25
6601	26
6602	25
6603	25
6604	31
6605	21
6606	20
6607	24
6608	31
6609	20
6610	23
6611	30
6612	28
6613	23
6614	27
6615	24
6616	25
6617	24
6618	27
6619	21
6620	25
6621	24
6622	23
6623	30
6624	27
6625	28
6626	23
6627	21
6628	19
6629	21
6630	26
6631	28
6632	15
6633	22
6634	21
6635	17
6636	23
6637	20
6638	17
6639	33
6640	21
6641	27
6642	27
6643	22
6644	22
6645	11
6646	36
6647	15
6648	24
6649	26
6650	20
6651	15
6652	23
6653	24
6654	12
6655	18
6656	25
6657	25
6658	22
6659	19
6660	25
6661	19
6662	22
6663	25
6664	21
6665	25
6666	13
6667	17
6668	21
6669	14
6670	24
6671	26
6672	19
6673	27
6674	17
6675	23
6676	17
6677	19
6678	19
6679	19
6680	12
6681	23
6682	17
6683	17
6684	19
6685	20
6686	18
6687	25
6688	18
6689	22
6690	19
6691	14
6692	19
6693	16
6694	23
6695	29
6696	16
6697	24
6698	20
6699	20
6700	14
6701	14
6702	20
6703	16
6704	16
6705	21
6706	17
6707	17
6708	23
6709	14
6710	23
6711	16
6712	15
6713	23
6714	16
6715	15
6716	18
6717	22
6718	20
6719	11
6720	17
6721	19
6722	22
6723	11
6724	23
6725	15
6726	15
6727	18
6728	17
6729	13
6730	14
6731	17
6732	8
6733	14
6734	22
6735	14
6736	10
6737	22
6738	14
6739	20
6740	15
6741	13
6742	26
6743	13
6744	11
6745	17
6746	10
6747	15
6748	11
6749	20
6750	11
6751	10
6752	14
6753	15
6754	21
6755	16
6756	12
6757	15
6758	21
6759	13
6760	14
6761	19
6762	14
6763	16
6764	18
6765	16
6766	10
6767	17
6768	14
6769	12
6770	15
6771	12
6772	13
6773	20
6774	8
6775	8
6776	8
6777	16
6778	13
6779	11
6780	10
6781	11
6782	14
6783	11
6784	16
6785	10
6786	18
6787	16
6788	10
6789	16
6790	8
6791	11
6792	18
6793	10
6794	10
6795	7
6796	8
6797	9
6798	10
6799	8
6800	12
6801	8
6802	7
6803	8
6804	8
6805	12
6806	9
6807	10
6808	15
6809	8
6810	10
6811	13
6812	11
6813	8
6814	8
6815	11
6816	10
6817	9
6818	7
6819	8
6820	20
6821	11
6822	9
6823	7
6824	8
6825	8
6826	9
6827	6
6828	5
6829	6
6830	12
6831	11
6832	5
6833	7
6834	7
6835	3
6836	7
6837	8
6838	7
6839	12
6840	8
6841	4
6842	12
6843	7
6844	11
6845	8
6846	11
6847	14
6848	12
6849	5
6850	5
6851	5
6852	5
6853	7
6854	7
6855	6
6856	13
6857	6
6858	8
6859	7
6860	11
6861	5
6862	8
6863	5
6864	3
6865	8
6866	8
6867	3
6868	12
6869	5
6870	6
6871	7
6872	4
6873	8
6874	4
6875	9
6876	8
6877	7
6878	9
6879	9
6880	5
6881	10
6882	6
6883	9
6884	5
6885	3
6886	6
6887	6
6888	4
6889	7
6890	4
6891	6
6892	6
6893	5
6894	5
6895	8
6896	6
6897	6
6898	6
6899	4
6900	4
6901	6
6902	7
6903	4
6904	6
6905	2
6906	2
6907	5
6908	4
6909	3
6910	5
6911	4
6912	4
6913	4
6914	5
6915	5
6916	1
6917	4
6918	7
6919	8
6920	4
6921	5
6922	3
6923	4
6924	4
6925	4
6926	3
6927	4
6928	5
6929	7
6930	4
6931	4
6932	5
6933	4
6934	7
6935	7
6936	2
6937	4
6938	4
6939	1
6940	7
6941	2
6942	2
6943	0
6944	3
6945	2
6946	3
6947	5
6948	4
6949	3
6950	3
6951	4
6952	5
6953	5
6954	4
6955	6
6956	5
6957	3
6958	4
6959	6
6960	5
6961	4
6962	1
6963	5
6964	2
6965	1
6966	2
6967	3
6968	3
6969	2
6970	2
6971	4
6972	3
6973	2
6974	2
6975	2
6976	2
6977	1
6978	2
6979	2
6980	1
6981	3
6982	3
6983	1
6984	3
6985	3
6986	2
6987	3
6988	3
6989	3
6990	4
6991	2
6992	4
6993	2
6994	3
6995	3
6996	3
6997	3
6998	3
6999	2
7000	3
7001	4
7002	4
7003	4
7004	2
7005	5
7006	3
7007	2
7008	2
7009	0
7010	0
7011	0
7012	3
7013	5
7014	2
7015	2
7016	4
7017	2
7018	3
7019	0
7020	1
7021	4
7022	2
7023	2
7024	3
7025	0
7026	1
7027	2
7028	2
7029	2
7030	0
7031	2
7032	1
7033	2
7034	0
7035	1
7036	2
7037	1
7038	3
7039	1
7040	1
7041	1
7042	2
7043	4
7044	1
7045	1
7046	0
7047	0
7048	1
7049	0
7050	1
7051	0
7052	2
7053	0
7054	2
7055	1
7056	0
7057	1
7058	3
7059	0
7060	2
7061	2
7062	0
7063	1
7064	1
7065	0
7066	3
7067	0
7068	1
7069	1
7070	2
7071	1
7072	0
7073	1
7074	2
7075	1
7076	0
7077	1
7078	2
7079	0
7080	0
7081	0
7082	0
7083	1
7084	0
7085	0
7086	1
7087	2
7088	1
7089	0
7090	1
7091	1
7092	2
7093	1
7094	2
7095	2
7096	1
7097	0
7098	1
7099	1
7100	0
7101	0
7102	1
7103	2
7104	1
7105	0
7106	1
7107	0
7108	1
7109	0
7110	1
7111	2
7112	1
7113	1
7114	1
7115	0
7116	1
7117	1
7118	0
7119	1
7120	1
7121	1
7122	0
7123	0
7124	3
7125	2
7126	0
7127	0
7128	0
7129	0
7130	2
7131	2
7132	0
7133	0
7134	1
7135	0
7136	1
7137	0
7138	1
7139	1
7140	1
7141	0
7142	1
7143	0
7144	0
7145	0
7146	1
7147	2
7148	3
7149	1
7150	0
7151	0
7152	0
7153	0
7154	0
7155	0
7156	0
7157	2
7158	0
7159	4
7160	1
7161	1
7162	0
7163	2
7164	1
7165	0
7166	1
7167	1
7168	0
7169	0
7170	0
7171	0
7172	0
7173	0
7174	1
7175	0
7176	0
7177	0
7178	0
7179	0
7180	0
7181	0
7182	0
7183	1
7184	1
7185	0
7186	0
7187	3
7188	0
7189	1
7190	1
7191	0
7192	0
7193	0
7194	1
7195	0
7196	1
7197	1
7198	1
7199	0
7200	1
7201	1
7202	1
7203	0
7204	2
7205	0
7206	2
7207	1
7208	2
7209	0
7210	1
7211	1
7212	0
7213	0
7214	1
7215	1
7216	0
7217	1
7218	0
7219	0
7220	1
7221	0
7222	0
7223	2
7224	1
7225	1
7226	1
7227	1
7228	0
7229	0
7230	0
7231	0
7232	1
7233	0
7234	0
7235	1
7236	0
7237	1
7238	0
7239	1
7240	0
7241	0
7242	1
7243	1
7244	0
7245	0
7246	1
7247	0
7248	0
7249	1
7250	0
7251	1
7252	0
7253	1
7254	0
7255	0
7256	0
7257	0
7258	1
7259	0
7260	1
7261	0
7262	1
7263	0
7264	1
7265	0
7266	1
7267	0
7268	0
7269	0
7270	1
7271	1
7272	1
7273	0
7274	1
7275	1
7276	0
7277	1
7278	1
7279	2
7280	1
7281	1
7282	0
7283	1
7284	0
7285	0
7286	0
7287	0
7288	0
7289	2
7290	0
7291	1
7292	0
7293	1
7294	1
7295	1
7296	1
7297	1
7298	2
7299	0
7300	0
7301	0
7302	0
7303	0
7304	0
7305	1
7306	0
7307	0
7308	0
7309	0
7310	0
7311	1
7312	0
7313	1
7314	1
7315	1
7316	1
7317	0
7318	0
7319	0
7320	0
7321	1
7322	1
7323	2
7324	0
7325	1
7326	0
7327	1
7328	2
7329	0
7330	2
7331	0
7332	0
7333	3
7334	0
7335	0
7336	1
7337	0
7338	0
7339	0
7340	0
7341	0
7342	0
7343	0
7344	1
7345	1
7346	0
7347	0
7348	1
7349	2
7350	0
7351	1
7352	0
7353	0
7354	1
7355	1
7356	1
7357	0
7358	0
7359	0
7360	0
7361	0
7362	1
7363	0
7364	1
7365	0
7366	1
7367	1
7368	0
7369	0
7370	0
7371	0
7372	0
7373	0
7374	1
7375	2
7376	1
7377	0
7378	1
7379	1
7380	0
7381	1
7382	0
7383	0
7384	1
7385	1
7386	1
7387	1
7388	0
7389	0
7390	1
7391	0
7392	0
7393	0
7394	1
7395	0
7396	3
7397	2
7398	1
7399	0
7400	0
7401	1
7402	0
7403	0
7404	1
7405	1
7406	0
7407	1
7408	0
7409	0
7410	0
7411	0
7412	2
7413	3
7414	0
7415	0
7416	0
7417	0
7418	1
7419	0
7420	0
7421	2
7422	1
7423	0
7424	0
7425	0
7426	0
7427	1
7428	0
7429	1
7430	0
7431	1
7432	0
7433	0
7434	0
7435	0
7436	1
7437	0
7438	0
7439	0
7440	3
7441	1
7442	2
7443	1
7444	0
7445	0
7446	0
7447	3
7448	1
7449	0
7450	1
7451	0
7452	0
7453	1
7454	0
7455	0
7456	2
7457	1
7458	1
7459	1
7460	0
7461	1
7462	0
7463	1
7464	1
7465	0
7466	0
7467	0
7468	0
7469	0
7470	0
7471	1
7472	0
7473	0
7474	0
7475	2
7476	0
7477	0
7478	0
7479	0
7480	0
7481	2
7482	1
7483	0
7484	1
7485	0
7486	0
7487	1
7488	1
7489	0
7490	0
7491	0
7492	2
7493	1
7494	0
7495	1
7496	0
7497	0
7498	0
7499	0
7500	0
7501	1
7502	0
7503	0
7504	0
7505	3
7506	2
7507	0
7508	0
7509	0
7510	0
7511	0
7512	1
7513	0
7514	0
7515	0
7516	0
7517	0
7518	1
7519	3
7520	0
7521	0
7522	0
7523	0
7524	0
7525	0
7526	1
7527	0
7528	1
7529	0
7530	0
7531	0
7532	0
7533	1
7534	1
7535	1
7536	1
7537	0
7538	2
7539	1
7540	1
7541	0
7542	1
7543	0
7544	0
7545	0
7546	0
7547	0
7548	1
7549	1
7550	0
7551	0
7552	0
7553	1
7554	1
7555	1
7556	0
7557	0
7558	0
7559	0
7560	1
7561	0
7562	0
7563	0
7564	0
7565	0
7566	0
7567	1
7568	0
7569	1
7570	0
7571	0
7572	1
7573	0
7574	0
7575	1
7576	1
7577	0
7578	0
7579	0
7580	0
7581	0
7582	0
7583	3
7584	0
7585	0
7586	1
7587	0
7588	1
7589	0
7590	0
7591	0
7592	1
7593	1
7594	1
7595	0
7596	3
7597	0
7598	0
7599	0
7600	0
7601	0
7602	0
7603	0
7604	0
7605	1
7606	0
7607	0
7608	1
7609	0
7610	0
7611	0
7612	0
7613	0
7614	0
7615	0
7616	0
7617	0
7618	0
7619	0
7620	0
7621	1
7622	0
7623	0
7624	0
7625	2
7626	0
7627	0
7628	0
7629	0
7630	0
7631	0
7632	1
7633	0
7634	0
7635	0
7636	0
7637	1
7638	0
7639	0
7640	2
7641	0
7642	0
7643	0
7644	0
7645	0
7646	1
7647	0
7648	0
7649	0
7650	0
7651	1
7652	0
7653	0
7654	2
7655	0
7656	0
7657	0
7658	1
7659	0
7660	0
7661	1
7662	0
7663	0
7664	0
7665	1
7666	0
7667	2
7668	3
7669	0
7670	0
7671	1
7672	0
7673	1
7674	2
7675	0
7676	0
7677	0
7678	1
7679	0
7680	0
7681	1
7682	0
7683	1
7684	0
7685	0
7686	0
7687	0
7688	1
7689	0
7690	0
7691	0
7692	2
7693	1
7694	0
7695	0
7696	0
7697	1
7698	0
7699	0
7700	1
7701	0
7702	0
7703	0
7704	1
7705	0
7706	1
7707	0
7708	1
7709	1
7710	0
7711	0
7712	0
7713	0
7714	2
7715	0
7716	3
7717	0
7718	0
7719	1
7720	1
7721	1
7722	0
7723	2
7724	0
7725	0
7726	3
7727	1
7728	0
7729	0
7730	0
7731	0
7732	0
7733	0
7734	0
7735	0
7736	0
7737	0
7738	0
7739	1
7740	0
7741	0
7742	1
7743	0
7744	0
7745	1
7746	0
7747	1
7748	0
7749	0
7750	0
7751	0
7752	0
7753	1
7754	0
7755	0
7756	0
7757	1
7758	1
7759	0
7760	2
7761	1
7762	0
7763	0
7764	1
7765	1
7766	0
7767	1
7768	1
7769	0
7770	0
7771	1
7772	0
7773	0
7774	0
7775	0
7776	0
7777	1
7778	1
7779	0
7780	0
7781	0
7782	0
7783	1
7784	0
7785	0
7786	1
7787	0
7788	0
7789	0
7790	1
7791	0
7792	1
7793	0
7794	0
7795	0
7796	0
7797	1
7798	0
7799	1
7800	0
7801	0
7802	0
7803	0
7804	0
7805	0
7806	1
7807	0
7808	2
7809	0
7810	1
7811	0
7812	1
7813	0
7814	1
7815	0
7816	0
7817	1
7818	0
7819	0
7820	0
7821	0
7822	0
7823	0
7824	0
7825	0
7826	0
7827	1
7828	0
7829	0
7830	0
7831	0
7832	0
7833	1
7834	1
7835	0
7836	0
7837	0
7838	0
7839	0
7840	2
7841	0
7842	1
7843	0
7844	0
7845	1
7846	0
7847	1
7848	0
7849	0
7850	0
7851	0
7852	0
7853	0
7854	0
7855	0
7856	0
7857	0
7858	0
7859	0
7860	1
7861	1
7862	1
7863	0
7864	0
7865	1
7866	1
7867	1
7868	0
7869	1
7870	2
7871	0
7872	0
7873	0
7874	0
7875	1
7876	0
7877	1
7878	0
7879	0
7880	0
7881	0
7882	0
7883	1
7884	1
7885	1
7886	0
7887	1
7888	0
7889	0
7890	0
7891	0
7892	1
7893	0
7894	0
7895	0
7896	1
7897	1
7898	0
7899	0
7900	1
7901	0
7902	1
7903	1
7904	1
7905	2
7906	1
7907	0
7908	1
7909	0
7910	0
7911	3
7912	0
7913	0
7914	0
7915	0
7916	0
7917	0
7918	0
7919	0
7920	0
7921	0
7922	1
7923	1
7924	0
7925	1
7926	1
7927	0
7928	0
7929	1
7930	1
7931	0
7932	0
7933	0
7934	0
7935	0
7936	1
7937	2
7938	0
7939	0
7940	0
7941	0
7942	1
7943	0
7944	0
7945	1
7946	0
7947	1
7948	1
7949	0
7950	0
7951	1
7952	1
7953	0
7954	0
7955	1
7956	0
7957	0
7958	1
7959	0
7960	2
7961	0
7962	0
7963	0
7964	1
7965	0
7966	0
7967	0
7968	1
7969	0
7970	1
7971	0
7972	0
7973	0
7974	0
7975	0
7976	0
7977	0
7978	2
7979	0
7980	0
7981	0
7982	1
7983	0
7984	1
7985	1
7986	0
7987	0
7988	0
7989	1
7990	0
7991	0
7992	0
7993	0
7994	0
7995	3
7996	1
7997	0
7998	0
7999	1
8000	0
8001	0
8002	0
8003	0
8004	1
8005	0
8006	0
8007	0
8008	0
8009	2
8010	0
8011	2
8012	0
8013	1
8014	0
8015	1
8016	1
8017	0
8018	0
8019	0
8020	0
8021	0
8022	1
8023	0
8024	1
8025	0
8026	0
8027	0
8028	1
8029	0
8030	0
8031	0
8032	0
8033	0
8034	0
8035	0
8036	0
8037	0
8038	0
8039	0
8040	0
8041	1
8042	0
8043	1
8044	0
8045	2
8046	0
8047	0
8048	0
8049	0
8050	0
8051	0
8052	2
8053	0
8054	0
8055	1
8056	0
8057	0
8058	1
8059	2
8060	1
8061	0
8062	0
8063	1
8064	1
8065	0
8066	1
8067	0
8068	0
8069	0
8070	0
8071	1
8072	1
8073	2
8074	0
8075	0
8076	0
8077	0
8078	1
8079	1
8080	0
8081	0
8082	0
8083	0
8084	1
8085	0
8086	0
8087	0
8088	0
8089	0
8090	0
8091	0
8092	0
8093	0
8094	0
8095	0
8096	0
8097	0
8098	0
8099	0
8100	0
8101	0
8102	0
8103	0
8104	0
8105	0
8106	0
8107	0
8108	0
8109	0
8110	0
8111	0
8112	0
8113	0
8114	0
8115	0
8116	0
8117	0
8118	0
8119	0
8120	0
8121	0
8122	0
8123	0
8124	0
8125	0
8126	0
8127	0
8128	0
8129	0
8130	0
8131	0
8132	0
8133	0
8134	0
8135	0
8136	0
8137	0
8138	0
8139	0
8140	0
8141	0
8142	0
8143	0
8144	0
8145	0
8146	0
8147	0
8148	0
8149	0
8150	0
8151	0
8152	0
8153	0
8154	0
8155	0
8156	0
8157	0
8158	0
8159	0
8160	0
8161	0
8162	0
8163	0
8164	0
8165	0
8166	0
8167	0
8168	0
8169	0
8170	0
8171	0
8172	0
8173	0
8174	0
8175	0
8176	0
8177	0
8178	0
8179	0
8180	0
8181	0
8182	0
8183	0
8184	0
8185	0
8186	0
8187	0
8188	0
8189	0
8190	0
8191	0
