0	4
1	0
2	0
3	0
4	1
5	0
6	0
7	1
8	0
9	0
10	0
11	0
12	1
13	1
14	0
15	0
16	0
17	0
18	0
19	0
20	0
21	0
22	0
23	0
24	0
25	0
26	0
27	0
28	0
29	0
30	0
31	0
32	0
33	0
34	0
35	0
36	0
37	0
38	0
39	0
40	0
41	0
42	0
43	0
44	0
45	0
46	0
47	0
48	0
49	1
50	0
51	0
52	0
53	0
54	1
55	0
56	0
57	0
58	0
59	0
60	0
61	0
62	0
63	1
64	1
65	0
66	0
67	0
68	0
69	0
70	0
71	0
72	0
73	0
74	0
75	0
76	0
77	0
78	0
79	0
80	0
81	0
82	0
83	0
84	2
85	4
86	11
87	23
88	16
89	10
90	22
91	22
92	17
93	16
94	16
95	19
96	12
97	8
98	21
99	8
100	13
101	14
102	13
103	8
104	14
105	12
106	18
107	16
108	10
109	7
110	16
111	14
112	16
113	12
114	8
115	18
116	17
117	8
118	8
119	14
120	19
121	6
122	17
123	9
124	16
125	15
126	4
127	13
128	13
129	14
130	16
131	13
132	9
133	12
134	16
135	15
136	14
137	16
138	15
139	12
140	12
141	16
142	20
143	14
144	8
145	7
146	16
147	15
148	9
149	13
150	11
151	8
152	13
153	14
154	12
155	9
156	10
157	12
158	15
159	18
160	13
161	11
162	14
163	21
164	14
165	14
166	9
167	14
168	14
169	9
170	10
171	12
172	8
173	11
174	9
175	17
176	12
177	18
178	20
179	13
180	15
181	12
182	13
183	17
184	18
185	13
186	14
187	10
188	12
189	12
190	9
191	11
192	9
193	12
194	16
195	11
196	11
197	17
198	9
199	12
200	15
201	14
202	17
203	6
204	13
205	26
206	10
207	13
208	10
209	16
210	22
211	14
212	10
213	7
214	14
215	18
216	9
217	7
218	17
219	22
220	12
221	14
222	18
223	13
224	14
225	17
226	17
227	8
228	11
229	15
230	10
231	13
232	9
233	23
234	9
235	17
236	14
237	19
238	12
239	20
240	12
241	9
242	19
243	11
244	12
245	13
246	15
247	8
248	13
249	11
250	15
251	12
252	17
253	15
254	16
255	15
256	7
257	18
258	17
259	15
260	17
261	12
262	3
263	11
264	8
265	12
266	20
267	15
268	12
269	15
270	14
271	18
272	12
273	16
274	15
275	12
276	19
277	16
278	21
279	7
280	12
281	15
282	8
283	9
284	14
285	11
286	14
287	14
288	15
289	17
290	15
291	17
292	13
293	16
294	11
295	11
296	15
297	15
298	14
299	19
300	23
301	14
302	14
303	17
304	16
305	13
306	15
307	17
308	14
309	11
310	10
311	12
312	17
313	11
314	22
315	14
316	15
317	13
318	14
319	17
320	18
321	7
322	12
323	6
324	18
325	7
326	18
327	16
328	16
329	14
330	14
331	20
332	19
333	16
334	16
335	13
336	18
337	19
338	21
339	17
340	16
341	9
342	13
343	14
344	19
345	15
346	15
347	10
348	11
349	12
350	16
351	16
352	12
353	9
354	18
355	13
356	26
357	17
358	14
359	13
360	10
361	20
362	13
363	18
364	9
365	13
366	15
367	11
368	18
369	13
370	23
371	14
372	13
373	16
374	16
375	15
376	10
377	17
378	15
379	7
380	5
381	12
382	12
383	17
384	17
385	15
386	15
387	13
388	14
389	15
390	17
391	16
392	12
393	19
394	17
395	15
396	15
397	11
398	7
399	8
400	12
401	21
402	14
403	14
404	15
405	8
406	11
407	17
408	10
409	15
410	6
411	10
412	14
413	15
414	13
415	17
416	15
417	8
418	9
419	16
420	19
421	10
422	16
423	11
424	17
425	16
426	13
427	11
428	17
429	14
430	11
431	16
432	14
433	6
434	24
435	22
436	16
437	11
438	11
439	12
440	15
441	14
442	14
443	17
444	17
445	17
446	10
447	13
448	9
449	16
450	10
451	19
452	17
453	19
454	19
455	10
456	23
457	13
458	11
459	21
460	17
461	22
462	17
463	12
464	18
465	21
466	15
467	21
468	12
469	15
470	12
471	14
472	15
473	23
474	13
475	13
476	11
477	15
478	10
479	16
480	19
481	6
482	9
483	11
484	13
485	20
486	11
487	13
488	22
489	13
490	9
491	18
492	17
493	17
494	18
495	19
496	11
497	18
498	9
499	15
500	16
501	14
502	17
503	21
504	13
505	21
506	10
507	16
508	23
509	12
510	15
511	20
512	14
513	13
514	9
515	13
516	19
517	15
518	15
519	17
520	11
521	19
522	14
523	15
524	13
525	18
526	14
527	12
528	18
529	24
530	20
531	19
532	15
533	14
534	12
535	20
536	8
537	20
538	15
539	15
540	19
541	18
542	19
543	14
544	18
545	17
546	14
547	17
548	13
549	15
550	20
551	15
552	6
553	15
554	14
555	18
556	13
557	18
558	9
559	12
560	12
561	10
562	18
563	18
564	24
565	21
566	17
567	19
568	15
569	13
570	9
571	17
572	7
573	14
574	11
575	20
576	13
577	12
578	23
579	21
580	12
581	18
582	19
583	10
584	16
585	14
586	12
587	17
588	17
589	13
590	11
591	20
592	11
593	18
594	18
595	17
596	24
597	16
598	15
599	7
600	15
601	15
602	15
603	14
604	20
605	13
606	20
607	20
608	15
609	19
610	15
611	19
612	12
613	20
614	21
615	13
616	13
617	18
618	18
619	13
620	17
621	18
622	19
623	13
624	14
625	12
626	15
627	20
628	15
629	20
630	26
631	19
632	14
633	15
634	13
635	11
636	24
637	8
638	19
639	10
640	16
641	13
642	12
643	9
644	16
645	15
646	22
647	18
648	9
649	17
650	21
651	18
652	17
653	16
654	23
655	15
656	10
657	19
658	17
659	12
660	18
661	24
662	20
663	18
664	21
665	16
666	11
667	15
668	12
669	18
670	18
671	19
672	15
673	11
674	10
675	15
676	16
677	15
678	15
679	18
680	13
681	13
682	15
683	17
684	16
685	20
686	21
687	16
688	18
689	18
690	17
691	18
692	14
693	14
694	22
695	17
696	14
697	19
698	21
699	20
700	20
701	20
702	18
703	20
704	16
705	18
706	25
707	15
708	17
709	18
710	23
711	6
712	22
713	14
714	21
715	16
716	19
717	18
718	20
719	19
720	14
721	21
722	12
723	10
724	16
725	20
726	26
727	14
728	23
729	17
730	15
731	18
732	13
733	18
734	18
735	17
736	16
737	29
738	17
739	24
740	24
741	16
742	22
743	17
744	18
745	20
746	22
747	22
748	23
749	14
750	18
751	18
752	24
753	27
754	24
755	20
756	24
757	15
758	15
759	20
760	22
761	21
762	21
763	13
764	18
765	21
766	29
767	21
768	16
769	21
770	25
771	22
772	15
773	23
774	22
775	18
776	28
777	25
778	32
779	29
780	17
781	16
782	22
783	12
784	23
785	24
786	27
787	31
788	28
789	16
790	27
791	17
792	31
793	26
794	27
795	23
796	14
797	30
798	32
799	29
800	21
801	22
802	20
803	22
804	22
805	22
806	22
807	30
808	27
809	22
810	22
811	27
812	29
813	29
814	37
815	26
816	30
817	30
818	22
819	26
820	27
821	27
822	28
823	40
824	22
825	29
826	26
827	28
828	26
829	35
830	28
831	21
832	28
833	27
834	33
835	27
836	28
837	33
838	30
839	27
840	22
841	17
842	23
843	29
844	33
845	17
846	20
847	17
848	19
849	21
850	28
851	25
852	25
853	15
854	31
855	24
856	35
857	34
858	26
859	24
860	30
861	27
862	21
863	26
864	23
865	22
866	23
867	23
868	27
869	21
870	23
871	29
872	27
873	29
874	24
875	27
876	25
877	21
878	30
879	27
880	27
881	31
882	27
883	24
884	30
885	25
886	24
887	31
888	21
889	20
890	21
891	32
892	24
893	22
894	23
895	28
896	25
897	24
898	28
899	21
900	18
901	13
902	23
903	32
904	31
905	24
906	26
907	35
908	16
909	18
910	22
911	24
912	17
913	11
914	21
915	30
916	18
917	23
918	16
919	21
920	25
921	21
922	24
923	18
924	19
925	20
926	26
927	20
928	30
929	20
930	19
931	19
932	20
933	18
934	22
935	26
936	17
937	19
938	22
939	24
940	13
941	18
942	28
943	24
944	19
945	30
946	30
947	16
948	17
949	17
950	20
951	14
952	14
953	16
954	30
955	16
956	17
957	25
958	28
959	21
960	29
961	16
962	19
963	18
964	19
965	19
966	34
967	27
968	25
969	22
970	19
971	24
972	21
973	23
974	16
975	20
976	19
977	17
978	22
979	23
980	24
981	17
982	20
983	29
984	22
985	18
986	19
987	18
988	21
989	28
990	22
991	16
992	11
993	19
994	16
995	15
996	23
997	20
998	16
999	15
1000	15
1001	20
1002	23
1003	27
1004	20
1005	24
1006	29
1007	20
1008	27
1009	15
1010	18
1011	25
1012	21
1013	22
1014	31
1015	24
1016	21
1017	27
1018	26
1019	20
1020	23
1021	15
1022	34
1023	25
1024	12
1025	12
1026	18
1027	18
1028	22
1029	19
1030	35
1031	14
1032	16
1033	26
1034	13
1035	13
1036	25
1037	16
1038	21
1039	17
1040	26
1041	24
1042	17
1043	19
1044	21
1045	23
1046	16
1047	20
1048	22
1049	22
1050	17
1051	20
1052	17
1053	20
1054	13
1055	26
1056	28
1057	26
1058	28
1059	11
1060	22
1061	17
1062	13
1063	15
1064	27
1065	28
1066	21
1067	14
1068	18
1069	14
1070	16
1071	15
1072	19
1073	15
1074	20
1075	28
1076	19
1077	17
1078	18
1079	21
1080	16
1081	23
1082	18
1083	18
1084	12
1085	18
1086	21
1087	15
1088	16
1089	22
1090	18
1091	22
1092	22
1093	22
1094	17
1095	20
1096	27
1097	25
1098	17
1099	22
1100	19
1101	17
1102	19
1103	23
1104	19
1105	25
1106	24
1107	23
1108	21
1109	12
1110	22
1111	19
1112	25
1113	20
1114	25
1115	18
1116	29
1117	20
1118	22
1119	19
1120	21
1121	20
1122	28
1123	22
1124	19
1125	35
1126	15
1127	27
1128	18
1129	19
1130	17
1131	14
1132	20
1133	24
1134	17
1135	20
1136	15
1137	29
1138	16
1139	20
1140	27
1141	12
1142	27
1143	21
1144	23
1145	22
1146	25
1147	25
1148	17
1149	21
1150	26
1151	18
1152	16
1153	22
1154	26
1155	15
1156	20
1157	22
1158	22
1159	20
1160	21
1161	18
1162	17
1163	18
1164	23
1165	25
1166	25
1167	15
1168	23
1169	11
1170	25
1171	24
1172	15
1173	12
1174	20
1175	29
1176	20
1177	28
1178	22
1179	16
1180	21
1181	25
1182	25
1183	25
1184	18
1185	13
1186	27
1187	28
1188	16
1189	16
1190	17
1191	27
1192	23
1193	27
1194	22
1195	18
1196	20
1197	18
1198	18
1199	24
1200	23
1201	23
1202	23
1203	23
1204	23
1205	22
1206	28
1207	20
1208	25
1209	15
1210	27
1211	20
1212	16
1213	25
1214	21
1215	30
1216	31
1217	14
1218	19
1219	30
1220	16
1221	32
1222	15
1223	28
1224	22
1225	20
1226	27
1227	26
1228	21
1229	28
1230	28
1231	25
1232	18
1233	19
1234	24
1235	26
1236	24
1237	22
1238	14
1239	20
1240	29
1241	26
1242	23
1243	12
1244	23
1245	21
1246	20
1247	18
1248	22
1249	20
1250	29
1251	28
1252	20
1253	33
1254	28
1255	17
1256	30
1257	20
1258	23
1259	32
1260	17
1261	25
1262	25
1263	27
1264	24
1265	24
1266	22
1267	24
1268	30
1269	30
1270	39
1271	24
1272	26
1273	22
1274	22
1275	24
1276	27
1277	21
1278	21
1279	27
1280	21
1281	30
1282	33
1283	24
1284	26
1285	16
1286	24
1287	20
1288	15
1289	25
1290	33
1291	27
1292	23
1293	30
1294	23
1295	24
1296	24
1297	28
1298	22
1299	32
1300	16
1301	18
1302	19
1303	24
1304	38
1305	24
1306	16
1307	29
1308	31
1309	21
1310	23
1311	26
1312	27
1313	16
1314	16
1315	23
1316	18
1317	23
1318	26
1319	23
1320	21
1321	28
1322	31
1323	29
1324	23
1325	20
1326	25
1327	18
1328	33
1329	33
1330	23
1331	26
1332	18
1333	28
1334	29
1335	31
1336	25
1337	22
1338	27
1339	28
1340	33
1341	33
1342	17
1343	22
1344	26
1345	23
1346	33
1347	28
1348	25
1349	30
1350	21
1351	28
1352	46
1353	18
1354	28
1355	23
1356	16
1357	27
1358	30
1359	30
1360	24
1361	18
1362	31
1363	19
1364	28
1365	26
1366	31
1367	27
1368	25
1369	39
1370	37
1371	22
1372	20
1373	35
1374	22
1375	29
1376	32
1377	21
1378	23
1379	28
1380	32
1381	22
1382	16
1383	26
1384	25
1385	25
1386	35
1387	32
1388	25
1389	15
1390	28
1391	22
1392	30
1393	22
1394	30
1395	23
1396	27
1397	19
1398	25
1399	24
1400	24
1401	31
1402	30
1403	22
1404	23
1405	28
1406	30
1407	22
1408	27
1409	28
1410	25
1411	29
1412	21
1413	22
1414	31
1415	24
1416	25
1417	31
1418	25
1419	29
1420	30
1421	31
1422	30
1423	22
1424	34
1425	22
1426	29
1427	25
1428	27
1429	25
1430	31
1431	22
1432	34
1433	21
1434	16
1435	20
1436	24
1437	26
1438	32
1439	27
1440	28
1441	32
1442	27
1443	26
1444	40
1445	30
1446	28
1447	14
1448	16
1449	30
1450	34
1451	35
1452	34
1453	29
1454	31
1455	27
1456	26
1457	37
1458	16
1459	32
1460	26
1461	29
1462	26
1463	31
1464	29
1465	26
1466	21
1467	21
1468	23
1469	32
1470	25
1471	31
1472	23
1473	32
1474	22
1475	30
1476	29
1477	33
1478	15
1479	25
1480	17
1481	30
1482	32
1483	27
1484	22
1485	22
1486	27
1487	30
1488	18
1489	25
1490	25
1491	23
1492	19
1493	29
1494	29
1495	43
1496	30
1497	29
1498	30
1499	29
1500	35
1501	21
1502	22
1503	28
1504	27
1505	28
1506	29
1507	20
1508	18
1509	30
1510	22
1511	19
1512	30
1513	42
1514	30
1515	31
1516	39
1517	17
1518	30
1519	29
1520	31
1521	15
1522	29
1523	25
1524	28
1525	18
1526	32
1527	19
1528	29
1529	32
1530	30
1531	21
1532	15
1533	23
1534	24
1535	24
1536	31
1537	34
1538	26
1539	23
1540	29
1541	24
1542	35
1543	35
1544	30
1545	27
1546	27
1547	25
1548	24
1549	24
1550	32
1551	28
1552	30
1553	21
1554	29
1555	26
1556	33
1557	35
1558	34
1559	29
1560	32
1561	22
1562	27
1563	28
1564	22
1565	20
1566	37
1567	23
1568	27
1569	37
1570	29
1571	38
1572	37
1573	27
1574	22
1575	30
1576	18
1577	33
1578	27
1579	22
1580	25
1581	23
1582	34
1583	34
1584	27
1585	25
1586	22
1587	30
1588	33
1589	27
1590	36
1591	30
1592	34
1593	30
1594	22
1595	34
1596	27
1597	29
1598	32
1599	32
1600	26
1601	17
1602	27
1603	41
1604	39
1605	24
1606	29
1607	28
1608	35
1609	33
1610	41
1611	17
1612	24
1613	23
1614	29
1615	20
1616	22
1617	31
1618	29
1619	21
1620	47
1621	37
1622	27
1623	33
1624	27
1625	30
1626	22
1627	20
1628	32
1629	19
1630	28
1631	25
1632	28
1633	23
1634	26
1635	25
1636	29
1637	34
1638	26
1639	40
1640	33
1641	25
1642	22
1643	38
1644	30
1645	28
1646	32
1647	27
1648	35
1649	34
1650	31
1651	29
1652	31
1653	34
1654	25
1655	36
1656	30
1657	26
1658	27
1659	28
1660	26
1661	23
1662	29
1663	27
1664	24
1665	25
1666	30
1667	18
1668	17
1669	30
1670	24
1671	22
1672	26
1673	39
1674	29
1675	25
1676	21
1677	39
1678	19
1679	28
1680	25
1681	25
1682	30
1683	20
1684	26
1685	36
1686	21
1687	30
1688	29
1689	29
1690	32
1691	27
1692	27
1693	28
1694	31
1695	31
1696	31
1697	24
1698	26
1699	34
1700	26
1701	25
1702	26
1703	30
1704	25
1705	16
1706	22
1707	31
1708	36
1709	29
1710	26
1711	37
1712	34
1713	27
1714	36
1715	33
1716	28
1717	32
1718	17
1719	35
1720	29
1721	33
1722	27
1723	32
1724	26
1725	31
1726	29
1727	26
1728	35
1729	26
1730	23
1731	32
1732	33
1733	27
1734	26
1735	27
1736	32
1737	34
1738	25
1739	29
1740	18
1741	32
1742	29
1743	24
1744	35
1745	38
1746	32
1747	33
1748	27
1749	24
1750	36
1751	32
1752	32
1753	34
1754	26
1755	30
1756	25
1757	38
1758	34
1759	32
1760	38
1761	36
1762	27
1763	34
1764	27
1765	42
1766	32
1767	27
1768	35
1769	26
1770	29
1771	23
1772	35
1773	29
1774	35
1775	33
1776	32
1777	34
1778	32
1779	23
1780	35
1781	33
1782	33
1783	26
1784	33
1785	36
1786	27
1787	29
1788	23
1789	25
1790	30
1791	33
1792	21
1793	38
1794	39
1795	28
1796	31
1797	37
1798	29
1799	19
1800	21
1801	34
1802	31
1803	32
1804	34
1805	25
1806	37
1807	37
1808	40
1809	29
1810	33
1811	30
1812	24
1813	31
1814	34
1815	31
1816	40
1817	33
1818	35
1819	33
1820	30
1821	32
1822	26
1823	30
1824	22
1825	39
1826	39
1827	32
1828	35
1829	32
1830	38
1831	30
1832	28
1833	30
1834	21
1835	24
1836	37
1837	29
1838	31
1839	21
1840	22
1841	35
1842	30
1843	23
1844	22
1845	33
1846	35
1847	22
1848	28
1849	34
1850	27
1851	40
1852	31
1853	34
1854	31
1855	29
1856	22
1857	32
1858	29
1859	35
1860	22
1861	37
1862	35
1863	26
1864	30
1865	28
1866	23
1867	37
1868	30
1869	32
1870	24
1871	34
1872	25
1873	31
1874	40
1875	19
1876	24
1877	35
1878	21
1879	31
1880	42
1881	30
1882	36
1883	28
1884	24
1885	24
1886	31
1887	36
1888	33
1889	29
1890	39
1891	31
1892	40
1893	25
1894	32
1895	28
1896	29
1897	26
1898	34
1899	28
1900	38
1901	34
1902	38
1903	25
1904	22
1905	22
1906	32
1907	24
1908	27
1909	32
1910	37
1911	34
1912	29
1913	39
1914	20
1915	35
1916	33
1917	32
1918	22
1919	30
1920	31
1921	34
1922	24
1923	37
1924	25
1925	27
1926	27
1927	29
1928	27
1929	30
1930	27
1931	29
1932	27
1933	21
1934	31
1935	45
1936	35
1937	29
1938	33
1939	37
1940	28
1941	26
1942	32
1943	38
1944	32
1945	29
1946	28
1947	29
1948	35
1949	41
1950	27
1951	33
1952	31
1953	36
1954	29
1955	28
1956	29
1957	37
1958	32
1959	37
1960	25
1961	34
1962	35
1963	24
1964	36
1965	34
1966	41
1967	33
1968	25
1969	39
1970	31
1971	21
1972	27
1973	37
1974	31
1975	38
1976	19
1977	29
1978	31
1979	36
1980	29
1981	37
1982	45
1983	49
1984	30
1985	39
1986	23
1987	35
1988	34
1989	30
1990	29
1991	45
1992	31
1993	33
1994	28
1995	26
1996	37
1997	30
1998	32
1999	33
2000	39
2001	33
2002	28
2003	26
2004	22
2005	33
2006	36
2007	24
2008	36
2009	33
2010	34
2011	29
2012	34
2013	37
2014	23
2015	36
2016	33
2017	43
2018	38
2019	36
2020	33
2021	42
2022	28
2023	28
2024	31
2025	35
2026	27
2027	32
2028	30
2029	30
2030	29
2031	31
2032	37
2033	33
2034	30
2035	38
2036	43
2037	31
2038	37
2039	39
2040	35
2041	31
2042	30
2043	29
2044	36
2045	26
2046	43
2047	37
2048	26
2049	32
2050	34
2051	36
2052	34
2053	31
2054	24
2055	27
2056	32
2057	31
2058	24
2059	30
2060	31
2061	18
2062	39
2063	37
2064	33
2065	35
2066	34
2067	38
2068	28
2069	26
2070	36
2071	34
2072	29
2073	29
2074	31
2075	38
2076	29
2077	43
2078	25
2079	47
2080	36
2081	33
2082	40
2083	32
2084	35
2085	25
2086	25
2087	28
2088	33
2089	24
2090	29
2091	32
2092	22
2093	27
2094	28
2095	30
2096	31
2097	29
2098	34
2099	45
2100	29
2101	32
2102	45
2103	28
2104	31
2105	28
2106	40
2107	39
2108	28
2109	32
2110	31
2111	25
2112	28
2113	31
2114	34
2115	40
2116	24
2117	32
2118	32
2119	36
2120	38
2121	28
2122	26
2123	36
2124	39
2125	26
2126	35
2127	31
2128	25
2129	28
2130	35
2131	27
2132	39
2133	46
2134	28
2135	33
2136	40
2137	43
2138	32
2139	33
2140	28
2141	33
2142	35
2143	38
2144	35
2145	39
2146	39
2147	47
2148	34
2149	40
2150	31
2151	33
2152	40
2153	38
2154	30
2155	33
2156	33
2157	30
2158	32
2159	30
2160	29
2161	38
2162	27
2163	34
2164	27
2165	33
2166	28
2167	41
2168	26
2169	29
2170	34
2171	30
2172	34
2173	31
2174	33
2175	37
2176	45
2177	31
2178	30
2179	34
2180	34
2181	39
2182	31
2183	24
2184	37
2185	42
2186	46
2187	22
2188	35
2189	33
2190	33
2191	27
2192	36
2193	42
2194	38
2195	30
2196	36
2197	28
2198	44
2199	36
2200	43
2201	33
2202	46
2203	28
2204	37
2205	33
2206	53
2207	35
2208	48
2209	42
2210	34
2211	33
2212	41
2213	25
2214	36
2215	37
2216	36
2217	26
2218	42
2219	33
2220	29
2221	37
2222	30
2223	53
2224	49
2225	36
2226	46
2227	43
2228	29
2229	34
2230	50
2231	45
2232	49
2233	39
2234	33
2235	29
2236	36
2237	51
2238	44
2239	47
2240	41
2241	34
2242	49
2243	34
2244	40
2245	44
2246	34
2247	39
2248	29
2249	32
2250	37
2251	39
2252	30
2253	42
2254	39
2255	32
2256	32
2257	36
2258	39
2259	40
2260	32
2261	35
2262	44
2263	45
2264	38
2265	41
2266	38
2267	41
2268	38
2269	44
2270	45
2271	44
2272	27
2273	47
2274	38
2275	39
2276	49
2277	38
2278	44
2279	44
2280	40
2281	35
2282	46
2283	30
2284	34
2285	52
2286	44
2287	63
2288	34
2289	42
2290	29
2291	39
2292	33
2293	42
2294	36
2295	40
2296	39
2297	42
2298	59
2299	41
2300	51
2301	49
2302	36
2303	37
2304	57
2305	49
2306	37
2307	46
2308	43
2309	46
2310	50
2311	43
2312	50
2313	44
2314	37
2315	49
2316	41
2317	46
2318	45
2319	43
2320	41
2321	49
2322	39
2323	52
2324	39
2325	44
2326	45
2327	43
2328	59
2329	55
2330	41
2331	45
2332	41
2333	41
2334	42
2335	52
2336	40
2337	29
2338	46
2339	43
2340	51
2341	40
2342	49
2343	42
2344	59
2345	51
2346	67
2347	44
2348	47
2349	42
2350	41
2351	37
2352	49
2353	41
2354	42
2355	45
2356	53
2357	54
2358	54
2359	39
2360	36
2361	43
2362	46
2363	42
2364	38
2365	47
2366	53
2367	51
2368	39
2369	48
2370	47
2371	44
2372	45
2373	49
2374	42
2375	62
2376	54
2377	64
2378	47
2379	51
2380	45
2381	49
2382	62
2383	50
2384	41
2385	52
2386	48
2387	54
2388	46
2389	50
2390	53
2391	37
2392	47
2393	46
2394	53
2395	49
2396	54
2397	53
2398	48
2399	53
2400	38
2401	44
2402	34
2403	51
2404	32
2405	51
2406	43
2407	43
2408	52
2409	46
2410	45
2411	40
2412	50
2413	37
2414	45
2415	37
2416	45
2417	45
2418	40
2419	56
2420	42
2421	52
2422	43
2423	41
2424	51
2425	46
2426	45
2427	48
2428	44
2429	38
2430	62
2431	35
2432	57
2433	36
2434	48
2435	52
2436	48
2437	46
2438	52
2439	49
2440	43
2441	40
2442	39
2443	41
2444	45
2445	51
2446	48
2447	46
2448	52
2449	42
2450	42
2451	43
2452	46
2453	49
2454	40
2455	48
2456	39
2457	45
2458	51
2459	34
2460	53
2461	42
2462	35
2463	66
2464	47
2465	49
2466	37
2467	33
2468	43
2469	34
2470	33
2471	50
2472	40
2473	47
2474	50
2475	43
2476	42
2477	52
2478	48
2479	35
2480	37
2481	48
2482	45
2483	33
2484	30
2485	40
2486	32
2487	38
2488	33
2489	43
2490	55
2491	35
2492	41
2493	40
2494	44
2495	54
2496	43
2497	46
2498	42
2499	34
2500	37
2501	46
2502	39
2503	38
2504	41
2505	41
2506	38
2507	41
2508	42
2509	38
2510	31
2511	43
2512	42
2513	45
2514	40
2515	47
2516	40
2517	40
2518	43
2519	22
2520	35
2521	33
2522	41
2523	44
2524	44
2525	50
2526	27
2527	35
2528	39
2529	35
2530	36
2531	48
2532	43
2533	44
2534	37
2535	35
2536	32
2537	29
2538	33
2539	36
2540	27
2541	38
2542	42
2543	38
2544	27
2545	32
2546	28
2547	42
2548	33
2549	28
2550	39
2551	39
2552	41
2553	33
2554	34
2555	33
2556	30
2557	50
2558	44
2559	36
2560	40
2561	48
2562	34
2563	35
2564	27
2565	31
2566	28
2567	32
2568	29
2569	38
2570	33
2571	29
2572	35
2573	29
2574	25
2575	27
2576	35
2577	34
2578	31
2579	45
2580	35
2581	32
2582	44
2583	41
2584	40
2585	26
2586	37
2587	43
2588	35
2589	27
2590	27
2591	39
2592	32
2593	38
2594	33
2595	36
2596	25
2597	29
2598	28
2599	32
2600	43
2601	27
2602	28
2603	29
2604	20
2605	26
2606	21
2607	33
2608	30
2609	26
2610	26
2611	22
2612	32
2613	27
2614	26
2615	35
2616	23
2617	25
2618	38
2619	32
2620	35
2621	30
2622	28
2623	31
2624	34
2625	29
2626	30
2627	34
2628	32
2629	18
2630	33
2631	28
2632	26
2633	23
2634	22
2635	28
2636	23
2637	21
2638	24
2639	27
2640	31
2641	37
2642	25
2643	27
2644	26
2645	34
2646	24
2647	32
2648	28
2649	28
2650	33
2651	24
2652	28
2653	28
2654	25
2655	28
2656	18
2657	26
2658	27
2659	29
2660	22
2661	30
2662	31
2663	26
2664	26
2665	21
2666	25
2667	26
2668	30
2669	22
2670	24
2671	29
2672	26
2673	24
2674	35
2675	19
2676	27
2677	33
2678	19
2679	26
2680	32
2681	26
2682	23
2683	23
2684	21
2685	25
2686	36
2687	19
2688	29
2689	19
2690	21
2691	26
2692	28
2693	26
2694	19
2695	21
2696	32
2697	26
2698	20
2699	28
2700	36
2701	25
2702	31
2703	25
2704	25
2705	24
2706	21
2707	17
2708	18
2709	36
2710	26
2711	29
2712	19
2713	24
2714	19
2715	19
2716	25
2717	22
2718	21
2719	24
2720	16
2721	28
2722	24
2723	20
2724	20
2725	21
2726	22
2727	26
2728	24
2729	24
2730	13
2731	20
2732	17
2733	35
2734	25
2735	29
2736	23
2737	26
2738	20
2739	19
2740	24
2741	27
2742	26
2743	22
2744	24
2745	27
2746	18
2747	27
2748	26
2749	23
2750	36
2751	20
2752	25
2753	31
2754	25
2755	30
2756	29
2757	16
2758	23
2759	28
2760	21
2761	21
2762	26
2763	21
2764	18
2765	41
2766	22
2767	19
2768	17
2769	28
2770	29
2771	33
2772	23
2773	28
2774	27
2775	24
2776	15
2777	13
2778	25
2779	25
2780	21
2781	25
2782	18
2783	25
2784	15
2785	18
2786	29
2787	29
2788	29
2789	23
2790	26
2791	25
2792	22
2793	16
2794	23
2795	19
2796	25
2797	25
2798	24
2799	24
2800	19
2801	27
2802	25
2803	27
2804	30
2805	25
2806	22
2807	26
2808	21
2809	35
2810	21
2811	21
2812	29
2813	18
2814	27
2815	22
2816	18
2817	24
2818	20
2819	26
2820	37
2821	17
2822	24
2823	19
2824	29
2825	24
2826	18
2827	32
2828	21
2829	24
2830	13
2831	25
2832	22
2833	24
2834	19
2835	27
2836	29
2837	20
2838	21
2839	24
2840	16
2841	23
2842	23
2843	29
2844	24
2845	14
2846	23
2847	17
2848	28
2849	21
2850	21
2851	22
2852	19
2853	19
2854	26
2855	27
2856	24
2857	25
2858	19
2859	28
2860	18
2861	28
2862	19
2863	23
2864	19
2865	9
2866	25
2867	24
2868	22
2869	24
2870	19
2871	27
2872	23
2873	24
2874	19
2875	15
2876	13
2877	25
2878	18
2879	20
2880	22
2881	19
2882	31
2883	16
2884	29
2885	15
2886	29
2887	21
2888	26
2889	26
2890	21
2891	21
2892	19
2893	21
2894	19
2895	26
2896	21
2897	33
2898	17
2899	28
2900	16
2901	23
2902	22
2903	15
2904	24
2905	23
2906	26
2907	22
2908	24
2909	19
2910	25
2911	27
2912	24
2913	22
2914	18
2915	26
2916	19
2917	19
2918	21
2919	15
2920	26
2921	27
2922	14
2923	17
2924	19
2925	21
2926	29
2927	24
2928	14
2929	19
2930	26
2931	24
2932	23
2933	38
2934	11
2935	20
2936	16
2937	13
2938	31
2939	28
2940	20
2941	20
2942	22
2943	21
2944	23
2945	15
2946	20
2947	17
2948	28
2949	18
2950	23
2951	30
2952	22
2953	20
2954	16
2955	29
2956	27
2957	13
2958	19
2959	21
2960	15
2961	27
2962	19
2963	15
2964	19
2965	17
2966	18
2967	15
2968	23
2969	15
2970	15
2971	22
2972	18
2973	21
2974	25
2975	13
2976	19
2977	24
2978	22
2979	17
2980	33
2981	21
2982	23
2983	14
2984	15
2985	18
2986	21
2987	23
2988	19
2989	20
2990	17
2991	17
2992	18
2993	17
2994	23
2995	20
2996	15
2997	30
2998	24
2999	19
3000	23
3001	22
3002	17
3003	24
3004	26
3005	19
3006	14
3007	23
3008	20
3009	25
3010	16
3011	25
3012	25
3013	25
3014	17
3015	22
3016	14
3017	14
3018	18
3019	16
3020	18
3021	24
3022	19
3023	20
3024	22
3025	22
3026	25
3027	19
3028	19
3029	23
3030	21
3031	18
3032	15
3033	13
3034	18
3035	27
3036	20
3037	18
3038	16
3039	23
3040	17
3041	29
3042	18
3043	18
3044	23
3045	16
3046	21
3047	15
3048	25
3049	19
3050	20
3051	26
3052	20
3053	16
3054	19
3055	14
3056	15
3057	24
3058	19
3059	18
3060	27
3061	29
3062	27
3063	12
3064	19
3065	27
3066	30
3067	17
3068	19
3069	22
3070	17
3071	20
3072	20
3073	25
3074	12
3075	15
3076	18
3077	25
3078	17
3079	22
3080	14
3081	18
3082	19
3083	24
3084	26
3085	18
3086	18
3087	18
3088	11
3089	24
3090	26
3091	11
3092	17
3093	17
3094	18
3095	15
3096	25
3097	23
3098	18
3099	20
3100	15
3101	23
3102	24
3103	21
3104	25
3105	24
3106	27
3107	17
3108	22
3109	19
3110	16
3111	18
3112	15
3113	22
3114	22
3115	17
3116	17
3117	27
3118	16
3119	22
3120	17
3121	17
3122	19
3123	16
3124	18
3125	14
3126	21
3127	19
3128	16
3129	17
3130	19
3131	16
3132	19
3133	17
3134	16
3135	11
3136	19
3137	14
3138	25
3139	28
3140	21
3141	15
3142	19
3143	20
3144	21
3145	10
3146	21
3147	34
3148	21
3149	17
3150	13
3151	8
3152	13
3153	16
3154	9
3155	23
3156	14
3157	26
3158	24
3159	17
3160	21
3161	25
3162	13
3163	22
3164	19
3165	22
3166	19
3167	21
3168	13
3169	21
3170	20
3171	14
3172	29
3173	19
3174	17
3175	12
3176	23
3177	16
3178	14
3179	13
3180	21
3181	20
3182	15
3183	20
3184	17
3185	16
3186	23
3187	21
3188	16
3189	17
3190	18
3191	19
3192	17
3193	12
3194	22
3195	20
3196	18
3197	17
3198	21
3199	19
3200	21
3201	25
3202	22
3203	28
3204	21
3205	20
3206	16
3207	17
3208	20
3209	18
3210	23
3211	28
3212	16
3213	19
3214	15
3215	15
3216	17
3217	24
3218	24
3219	21
3220	22
3221	25
3222	20
3223	27
3224	18
3225	12
3226	16
3227	20
3228	15
3229	20
3230	22
3231	12
3232	23
3233	20
3234	21
3235	24
3236	24
3237	8
3238	29
3239	17
3240	20
3241	22
3242	20
3243	24
3244	21
3245	30
3246	18
3247	14
3248	20
3249	20
3250	19
3251	16
3252	15
3253	24
3254	17
3255	25
3256	25
3257	22
3258	24
3259	13
3260	18
3261	21
3262	20
3263	17
3264	22
3265	22
3266	16
3267	18
3268	24
3269	16
3270	22
3271	16
3272	16
3273	16
3274	22
3275	12
3276	22
3277	16
3278	13
3279	25
3280	22
3281	11
3282	17
3283	12
3284	22
3285	17
3286	23
3287	18
3288	22
3289	16
3290	18
3291	15
3292	18
3293	20
3294	22
3295	20
3296	18
3297	18
3298	21
3299	21
3300	14
3301	18
3302	13
3303	11
3304	23
3305	11
3306	18
3307	19
3308	24
3309	23
3310	20
3311	20
3312	23
3313	17
3314	25
3315	21
3316	10
3317	20
3318	21
3319	11
3320	14
3321	23
3322	23
3323	22
3324	20
3325	21
3326	26
3327	24
3328	24
3329	11
3330	17
3331	22
3332	24
3333	11
3334	20
3335	25
3336	21
3337	22
3338	16
3339	14
3340	22
3341	20
3342	17
3343	14
3344	22
3345	27
3346	21
3347	15
3348	12
3349	18
3350	19
3351	21
3352	21
3353	26
3354	14
3355	15
3356	17
3357	22
3358	14
3359	16
3360	16
3361	25
3362	27
3363	16
3364	11
3365	20
3366	21
3367	20
3368	11
3369	12
3370	20
3371	18
3372	12
3373	20
3374	16
3375	10
3376	26
3377	20
3378	22
3379	30
3380	18
3381	18
3382	18
3383	11
3384	22
3385	21
3386	20
3387	28
3388	26
3389	16
3390	20
3391	16
3392	21
3393	18
3394	20
3395	17
3396	19
3397	18
3398	20
3399	18
3400	16
3401	21
3402	31
3403	21
3404	17
3405	33
3406	24
3407	12
3408	12
3409	8
3410	20
3411	24
3412	20
3413	20
3414	27
3415	19
3416	23
3417	23
3418	17
3419	20
3420	23
3421	16
3422	17
3423	22
3424	25
3425	19
3426	19
3427	25
3428	20
3429	24
3430	18
3431	16
3432	22
3433	14
3434	12
3435	14
3436	15
3437	23
3438	19
3439	15
3440	23
3441	17
3442	17
3443	16
3444	22
3445	23
3446	17
3447	14
3448	14
3449	13
3450	18
3451	18
3452	17
3453	25
3454	9
3455	16
3456	15
3457	23
3458	13
3459	15
3460	12
3461	24
3462	19
3463	22
3464	27
3465	27
3466	28
3467	25
3468	18
3469	12
3470	20
3471	22
3472	14
3473	19
3474	17
3475	22
3476	18
3477	12
3478	14
3479	12
3480	16
3481	20
3482	25
3483	18
3484	24
3485	23
3486	17
3487	23
3488	20
3489	25
3490	13
3491	28
3492	13
3493	11
3494	17
3495	12
3496	14
3497	9
3498	14
3499	22
3500	25
3501	12
3502	14
3503	15
3504	22
3505	12
3506	16
3507	19
3508	18
3509	23
3510	19
3511	18
3512	20
3513	16
3514	22
3515	14
3516	29
3517	15
3518	17
3519	19
3520	13
3521	25
3522	14
3523	14
3524	18
3525	16
3526	10
3527	20
3528	15
3529	25
3530	16
3531	26
3532	19
3533	22
3534	25
3535	22
3536	21
3537	25
3538	17
3539	27
3540	19
3541	23
3542	15
3543	17
3544	17
3545	17
3546	11
3547	26
3548	20
3549	16
3550	18
3551	22
3552	24
3553	22
3554	22
3555	15
3556	15
3557	18
3558	19
3559	17
3560	21
3561	21
3562	27
3563	13
3564	15
3565	22
3566	16
3567	16
3568	16
3569	18
3570	18
3571	21
3572	19
3573	20
3574	17
3575	16
3576	21
3577	17
3578	13
3579	18
3580	18
3581	22
3582	27
3583	12
3584	14
3585	15
3586	14
3587	18
3588	22
3589	17
3590	16
3591	17
3592	19
3593	12
3594	18
3595	18
3596	17
3597	12
3598	19
3599	18
3600	27
3601	14
3602	24
3603	15
3604	20
3605	18
3606	20
3607	15
3608	23
3609	19
3610	16
3611	11
3612	24
3613	19
3614	19
3615	24
3616	14
3617	13
3618	21
3619	17
3620	25
3621	18
3622	11
3623	23
3624	16
3625	20
3626	20
3627	18
3628	19
3629	27
3630	15
3631	15
3632	17
3633	13
3634	16
3635	14
3636	25
3637	13
3638	19
3639	21
3640	19
3641	18
3642	11
3643	13
3644	19
3645	13
3646	24
3647	13
3648	14
3649	14
3650	14
3651	23
3652	13
3653	25
3654	18
3655	19
3656	21
3657	18
3658	8
3659	26
3660	20
3661	17
3662	13
3663	19
3664	18
3665	22
3666	18
3667	19
3668	26
3669	24
3670	26
3671	13
3672	17
3673	17
3674	15
3675	7
3676	18
3677	23
3678	22
3679	24
3680	20
3681	16
3682	16
3683	16
3684	18
3685	16
3686	18
3687	10
3688	14
3689	20
3690	10
3691	16
3692	17
3693	19
3694	16
3695	15
3696	12
3697	11
3698	15
3699	16
3700	23
3701	14
3702	14
3703	19
3704	16
3705	23
3706	20
3707	16
3708	22
3709	17
3710	15
3711	16
3712	16
3713	16
3714	18
3715	15
3716	20
3717	19
3718	13
3719	28
3720	18
3721	16
3722	16
3723	16
3724	19
3725	20
3726	19
3727	21
3728	17
3729	9
3730	16
3731	20
3732	22
3733	19
3734	20
3735	17
3736	17
3737	11
3738	27
3739	22
3740	19
3741	18
3742	18
3743	13
3744	15
3745	11
3746	24
3747	12
3748	16
3749	19
3750	13
3751	15
3752	17
3753	12
3754	18
3755	20
3756	20
3757	22
3758	18
3759	27
3760	22
3761	17
3762	20
3763	15
3764	18
3765	21
3766	14
3767	14
3768	15
3769	13
3770	16
3771	17
3772	13
3773	25
3774	21
3775	18
3776	9
3777	14
3778	21
3779	19
3780	12
3781	15
3782	19
3783	21
3784	16
3785	16
3786	12
3787	11
3788	13
3789	22
3790	15
3791	18
3792	15
3793	16
3794	16
3795	15
3796	18
3797	21
3798	22
3799	22
3800	15
3801	24
3802	26
3803	22
3804	20
3805	16
3806	14
3807	21
3808	14
3809	19
3810	22
3811	18
3812	21
3813	10
3814	11
3815	17
3816	14
3817	18
3818	26
3819	21
3820	17
3821	18
3822	16
3823	15
3824	16
3825	19
3826	17
3827	12
3828	22
3829	19
3830	21
3831	17
3832	12
3833	18
3834	15
3835	22
3836	15
3837	15
3838	18
3839	17
3840	11
3841	14
3842	13
3843	20
3844	19
3845	21
3846	16
3847	16
3848	18
3849	18
3850	13
3851	17
3852	24
3853	10
3854	14
3855	13
3856	11
3857	18
3858	15
3859	24
3860	12
3861	15
3862	20
3863	20
3864	11
3865	10
3866	13
3867	12
3868	15
3869	15
3870	20
3871	17
3872	20
3873	16
3874	18
3875	9
3876	15
3877	16
3878	16
3879	9
3880	15
3881	21
3882	10
3883	13
3884	15
3885	7
3886	19
3887	25
3888	17
3889	20
3890	23
3891	10
3892	20
3893	17
3894	17
3895	13
3896	17
3897	15
3898	15
3899	16
3900	13
3901	19
3902	16
3903	18
3904	20
3905	18
3906	10
3907	12
3908	13
3909	22
3910	14
3911	19
3912	18
3913	14
3914	15
3915	12
3916	12
3917	22
3918	25
3919	11
3920	12
3921	14
3922	18
3923	15
3924	14
3925	21
3926	19
3927	24
3928	18
3929	13
3930	14
3931	13
3932	12
3933	17
3934	17
3935	14
3936	16
3937	22
3938	18
3939	16
3940	15
3941	15
3942	15
3943	14
3944	14
3945	17
3946	23
3947	20
3948	18
3949	12
3950	18
3951	22
3952	22
3953	19
3954	14
3955	14
3956	20
3957	20
3958	21
3959	24
3960	24
3961	16
3962	18
3963	13
3964	16
3965	16
3966	16
3967	21
3968	15
3969	20
3970	13
3971	26
3972	13
3973	22
3974	17
3975	16
3976	18
3977	19
3978	16
3979	16
3980	15
3981	16
3982	14
3983	20
3984	14
3985	20
3986	21
3987	19
3988	16
3989	15
3990	12
3991	6
3992	16
3993	17
3994	20
3995	16
3996	17
3997	14
3998	13
3999	26
4000	10
4001	17
4002	13
4003	18
4004	18
4005	15
4006	20
4007	13
4008	23
4009	20
4010	13
4011	12
4012	13
4013	15
4014	16
4015	11
4016	11
4017	19
4018	24
4019	23
4020	22
4021	9
4022	15
4023	16
4024	24
4025	11
4026	19
4027	10
4028	17
4029	11
4030	15
4031	18
4032	14
4033	12
4034	25
4035	21
4036	23
4037	20
4038	20
4039	17
4040	16
4041	13
4042	16
4043	12
4044	20
4045	15
4046	20
4047	17
4048	13
4049	13
4050	12
4051	9
4052	22
4053	10
4054	19
4055	14
4056	18
4057	17
4058	20
4059	18
4060	17
4061	16
4062	28
4063	11
4064	18
4065	20
4066	20
4067	19
4068	23
4069	14
4070	15
4071	16
4072	18
4073	17
4074	23
4075	13
4076	23
4077	17
4078	22
4079	23
4080	15
4081	15
4082	13
4083	16
4084	22
4085	16
4086	15
4087	18
4088	20
4089	9
4090	19
4091	18
4092	22
4093	15
4094	23
4095	14
4096	11
4097	14
4098	17
4099	22
4100	19
4101	25
4102	15
4103	17
4104	18
4105	15
4106	19
4107	14
4108	15
4109	12
4110	25
4111	16
4112	14
4113	22
4114	13
4115	15
4116	10
4117	25
4118	12
4119	19
4120	14
4121	14
4122	20
4123	13
4124	14
4125	18
4126	19
4127	8
4128	20
4129	22
4130	16
4131	20
4132	18
4133	14
4134	29
4135	17
4136	15
4137	15
4138	13
4139	13
4140	18
4141	21
4142	17
4143	12
4144	15
4145	21
4146	17
4147	13
4148	14
4149	15
4150	22
4151	11
4152	13
4153	25
4154	16
4155	18
4156	15
4157	17
4158	21
4159	11
4160	14
4161	19
4162	13
4163	21
4164	15
4165	17
4166	10
4167	10
4168	18
4169	23
4170	11
4171	18
4172	16
4173	22
4174	20
4175	15
4176	21
4177	14
4178	18
4179	10
4180	20
4181	13
4182	18
4183	12
4184	9
4185	22
4186	15
4187	20
4188	20
4189	6
4190	10
4191	15
4192	11
4193	10
4194	20
4195	14
4196	18
4197	18
4198	9
4199	20
4200	17
4201	14
4202	11
4203	18
4204	20
4205	24
4206	12
4207	15
4208	19
4209	15
4210	17
4211	19
4212	11
4213	5
4214	18
4215	9
4216	13
4217	20
4218	16
4219	17
4220	15
4221	12
4222	21
4223	15
4224	24
4225	20
4226	23
4227	17
4228	14
4229	27
4230	13
4231	27
4232	14
4233	18
4234	7
4235	22
4236	17
4237	21
4238	19
4239	10
4240	14
4241	15
4242	16
4243	17
4244	20
4245	16
4246	15
4247	15
4248	14
4249	24
4250	20
4251	13
4252	16
4253	14
4254	14
4255	21
4256	24
4257	18
4258	17
4259	14
4260	12
4261	11
4262	16
4263	19
4264	15
4265	20
4266	20
4267	19
4268	16
4269	16
4270	13
4271	17
4272	14
4273	21
4274	24
4275	19
4276	11
4277	26
4278	8
4279	13
4280	13
4281	19
4282	18
4283	13
4284	11
4285	13
4286	15
4287	16
4288	19
4289	10
4290	15
4291	14
4292	13
4293	23
4294	16
4295	10
4296	14
4297	19
4298	16
4299	11
4300	13
4301	21
4302	15
4303	17
4304	17
4305	15
4306	14
4307	17
4308	16
4309	17
4310	12
4311	17
4312	16
4313	14
4314	10
4315	20
4316	17
4317	13
4318	23
4319	17
4320	14
4321	11
4322	18
4323	11
4324	14
4325	14
4326	21
4327	15
4328	15
4329	19
4330	18
4331	16
4332	14
4333	14
4334	10
4335	17
4336	13
4337	13
4338	16
4339	20
4340	16
4341	12
4342	7
4343	15
4344	16
4345	21
4346	13
4347	12
4348	17
4349	13
4350	16
4351	14
4352	14
4353	15
4354	16
4355	12
4356	17
4357	20
4358	13
4359	20
4360	24
4361	10
4362	15
4363	25
4364	26
4365	17
4366	16
4367	19
4368	18
4369	23
4370	16
4371	22
4372	14
4373	13
4374	16
4375	19
4376	14
4377	9
4378	6
4379	16
4380	12
4381	11
4382	23
4383	17
4384	9
4385	14
4386	15
4387	13
4388	14
4389	11
4390	12
4391	12
4392	14
4393	10
4394	11
4395	14
4396	15
4397	15
4398	12
4399	18
4400	6
4401	21
4402	16
4403	14
4404	15
4405	19
4406	16
4407	20
4408	12
4409	15
4410	23
4411	13
4412	14
4413	10
4414	14
4415	19
4416	13
4417	14
4418	14
4419	27
4420	12
4421	18
4422	13
4423	14
4424	12
4425	20
4426	16
4427	15
4428	13
4429	19
4430	20
4431	18
4432	19
4433	15
4434	12
4435	16
4436	21
4437	16
4438	13
4439	13
4440	9
4441	18
4442	9
4443	22
4444	20
4445	19
4446	17
4447	12
4448	7
4449	16
4450	22
4451	18
4452	13
4453	14
4454	14
4455	20
4456	16
4457	23
4458	10
4459	17
4460	15
4461	18
4462	13
4463	17
4464	22
4465	15
4466	14
4467	8
4468	17
4469	13
4470	18
4471	14
4472	10
4473	9
4474	12
4475	17
4476	15
4477	20
4478	12
4479	18
4480	11
4481	11
4482	13
4483	10
4484	15
4485	17
4486	17
4487	14
4488	13
4489	12
4490	14
4491	21
4492	8
4493	16
4494	10
4495	14
4496	13
4497	15
4498	13
4499	13
4500	14
4501	13
4502	15
4503	17
4504	17
4505	24
4506	24
4507	11
4508	10
4509	14
4510	18
4511	13
4512	18
4513	12
4514	12
4515	14
4516	17
4517	12
4518	18
4519	10
4520	19
4521	13
4522	11
4523	9
4524	14
4525	13
4526	15
4527	10
4528	20
4529	13
4530	17
4531	9
4532	21
4533	19
4534	13
4535	18
4536	13
4537	14
4538	16
4539	13
4540	19
4541	20
4542	11
4543	14
4544	12
4545	23
4546	12
4547	21
4548	9
4549	12
4550	12
4551	19
4552	15
4553	16
4554	17
4555	14
4556	17
4557	17
4558	10
4559	16
4560	18
4561	13
4562	12
4563	12
4564	18
4565	13
4566	8
4567	10
4568	20
4569	16
4570	15
4571	12
4572	9
4573	16
4574	15
4575	16
4576	13
4577	17
4578	17
4579	18
4580	15
4581	26
4582	11
4583	5
4584	8
4585	16
4586	15
4587	14
4588	8
4589	10
4590	16
4591	11
4592	17
4593	10
4594	12
4595	15
4596	14
4597	13
4598	22
4599	21
4600	19
4601	18
4602	14
4603	10
4604	8
4605	16
4606	13
4607	15
4608	12
4609	13
4610	12
4611	6
4612	7
4613	13
4614	9
4615	16
4616	9
4617	19
4618	14
4619	14
4620	17
4621	22
4622	18
4623	13
4624	15
4625	13
4626	13
4627	14
4628	14
4629	13
4630	16
4631	9
4632	9
4633	17
4634	8
4635	28
4636	14
4637	10
4638	11
4639	13
4640	14
4641	9
4642	11
4643	15
4644	18
4645	13
4646	13
4647	21
4648	12
4649	14
4650	11
4651	17
4652	18
4653	14
4654	21
4655	13
4656	10
4657	12
4658	22
4659	15
4660	9
4661	16
4662	14
4663	12
4664	14
4665	14
4666	12
4667	9
4668	11
4669	15
4670	15
4671	16
4672	19
4673	12
4674	11
4675	15
4676	17
4677	11
4678	13
4679	10
4680	9
4681	17
4682	8
4683	13
4684	12
4685	12
4686	14
4687	11
4688	9
4689	21
4690	17
4691	17
4692	9
4693	16
4694	19
4695	17
4696	19
4697	12
4698	23
4699	13
4700	12
4701	9
4702	13
4703	10
4704	11
4705	15
4706	15
4707	11
4708	12
4709	16
4710	13
4711	16
4712	15
4713	10
4714	22
4715	9
4716	10
4717	11
4718	6
4719	14
4720	9
4721	16
4722	15
4723	12
4724	11
4725	12
4726	9
4727	15
4728	8
4729	17
4730	16
4731	6
4732	7
4733	21
4734	16
4735	13
4736	14
4737	12
4738	16
4739	14
4740	9
4741	14
4742	12
4743	21
4744	14
4745	15
4746	8
4747	18
4748	17
4749	13
4750	14
4751	13
4752	24
4753	11
4754	12
4755	14
4756	10
4757	15
4758	13
4759	8
4760	12
4761	17
4762	18
4763	23
4764	18
4765	13
4766	8
4767	9
4768	17
4769	10
4770	10
4771	8
4772	13
4773	9
4774	16
4775	17
4776	11
4777	9
4778	11
4779	12
4780	14
4781	11
4782	11
4783	13
4784	16
4785	14
4786	13
4787	20
4788	12
4789	15
4790	7
4791	11
4792	14
4793	19
4794	16
4795	12
4796	16
4797	8
4798	10
4799	13
4800	15
4801	7
4802	17
4803	13
4804	14
4805	8
4806	10
4807	15
4808	19
4809	16
4810	12
4811	11
4812	6
4813	15
4814	6
4815	16
4816	8
4817	9
4818	10
4819	7
4820	16
4821	5
4822	13
4823	16
4824	14
4825	12
4826	14
4827	12
4828	7
4829	11
4830	11
4831	15
4832	12
4833	10
4834	14
4835	11
4836	15
4837	8
4838	12
4839	14
4840	18
4841	7
4842	11
4843	12
4844	19
4845	16
4846	7
4847	10
4848	15
4849	12
4850	9
4851	9
4852	13
4853	14
4854	12
4855	8
4856	14
4857	19
4858	16
4859	11
4860	10
4861	15
4862	15
4863	13
4864	7
4865	11
4866	13
4867	12
4868	8
4869	11
4870	9
4871	7
4872	20
4873	13
4874	14
4875	9
4876	10
4877	13
4878	11
4879	11
4880	9
4881	9
4882	8
4883	13
4884	6
4885	11
4886	13
4887	20
4888	10
4889	15
4890	12
4891	6
4892	10
4893	12
4894	24
4895	12
4896	23
4897	15
4898	17
4899	13
4900	10
4901	17
4902	14
4903	8
4904	10
4905	15
4906	15
4907	10
4908	15
4909	12
4910	9
4911	13
4912	14
4913	16
4914	18
4915	12
4916	13
4917	14
4918	10
4919	9
4920	8
4921	19
4922	11
4923	14
4924	12
4925	12
4926	11
4927	4
4928	9
4929	15
4930	10
4931	14
4932	16
4933	6
4934	12
4935	15
4936	20
4937	17
4938	15
4939	20
4940	9
4941	11
4942	7
4943	14
4944	11
4945	9
4946	10
4947	17
4948	9
4949	14
4950	15
4951	18
4952	13
4953	13
4954	12
4955	7
4956	8
4957	7
4958	10
4959	9
4960	8
4961	17
4962	6
4963	12
4964	14
4965	19
4966	13
4967	11
4968	10
4969	13
4970	16
4971	14
4972	12
4973	10
4974	8
4975	15
4976	7
4977	9
4978	23
4979	8
4980	13
4981	8
4982	15
4983	14
4984	13
4985	18
4986	18
4987	12
4988	16
4989	20
4990	9
4991	12
4992	13
4993	12
4994	10
4995	10
4996	13
4997	9
4998	14
4999	9
5000	11
5001	18
5002	10
5003	11
5004	9
5005	10
5006	12
5007	17
5008	9
5009	12
5010	15
5011	14
5012	16
5013	7
5014	11
5015	16
5016	10
5017	14
5018	12
5019	12
5020	8
5021	12
5022	8
5023	12
5024	11
5025	16
5026	16
5027	10
5028	15
5029	12
5030	12
5031	15
5032	17
5033	22
5034	14
5035	13
5036	13
5037	20
5038	10
5039	15
5040	16
5041	15
5042	17
5043	16
5044	8
5045	10
5046	9
5047	12
5048	10
5049	14
5050	14
5051	11
5052	12
5053	14
5054	11
5055	14
5056	7
5057	13
5058	20
5059	12
5060	17
5061	9
5062	15
5063	18
5064	15
5065	5
5066	16
5067	11
5068	10
5069	9
5070	18
5071	11
5072	18
5073	10
5074	15
5075	15
5076	12
5077	23
5078	16
5079	10
5080	11
5081	14
5082	11
5083	11
5084	18
5085	19
5086	13
5087	14
5088	18
5089	12
5090	13
5091	13
5092	13
5093	14
5094	15
5095	12
5096	13
5097	23
5098	14
5099	19
5100	10
5101	10
5102	8
5103	11
5104	17
5105	12
5106	15
5107	12
5108	19
5109	10
5110	16
5111	7
5112	13
5113	12
5114	16
5115	14
5116	10
5117	12
5118	15
5119	10
5120	19
5121	15
5122	10
5123	15
5124	11
5125	10
5126	15
5127	12
5128	11
5129	10
5130	14
5131	18
5132	4
5133	14
5134	12
5135	7
5136	14
5137	11
5138	10
5139	15
5140	20
5141	16
5142	18
5143	12
5144	10
5145	5
5146	13
5147	8
5148	10
5149	10
5150	17
5151	9
5152	7
5153	16
5154	20
5155	18
5156	11
5157	16
5158	6
5159	15
5160	11
5161	17
5162	14
5163	16
5164	14
5165	12
5166	16
5167	5
5168	16
5169	15
5170	9
5171	13
5172	10
5173	15
5174	13
5175	17
5176	10
5177	10
5178	12
5179	18
5180	11
5181	11
5182	16
5183	11
5184	16
5185	12
5186	16
5187	17
5188	18
5189	17
5190	12
5191	10
5192	11
5193	15
5194	13
5195	18
5196	16
5197	8
5198	12
5199	9
5200	13
5201	11
5202	14
5203	12
5204	16
5205	14
5206	15
5207	10
5208	7
5209	16
5210	13
5211	16
5212	19
5213	16
5214	15
5215	17
5216	7
5217	10
5218	14
5219	11
5220	11
5221	22
5222	10
5223	14
5224	14
5225	10
5226	13
5227	9
5228	15
5229	13
5230	9
5231	12
5232	6
5233	13
5234	16
5235	19
5236	19
5237	14
5238	13
5239	17
5240	14
5241	11
5242	20
5243	21
5244	16
5245	14
5246	11
5247	14
5248	17
5249	14
5250	8
5251	15
5252	15
5253	19
5254	10
5255	14
5256	8
5257	10
5258	19
5259	12
5260	17
5261	13
5262	11
5263	11
5264	10
5265	13
5266	16
5267	9
5268	17
5269	13
5270	11
5271	16
5272	18
5273	9
5274	13
5275	10
5276	11
5277	12
5278	14
5279	14
5280	12
5281	12
5282	9
5283	14
5284	17
5285	13
5286	14
5287	11
5288	12
5289	12
5290	16
5291	13
5292	7
5293	10
5294	10
5295	17
5296	8
5297	13
5298	16
5299	15
5300	10
5301	11
5302	21
5303	15
5304	14
5305	17
5306	15
5307	18
5308	23
5309	11
5310	13
5311	12
5312	18
5313	11
5314	12
5315	15
5316	17
5317	14
5318	14
5319	10
5320	12
5321	11
5322	15
5323	17
5324	18
5325	11
5326	18
5327	14
5328	11
5329	19
5330	12
5331	21
5332	14
5333	12
5334	10
5335	12
5336	12
5337	10
5338	11
5339	13
5340	24
5341	12
5342	13
5343	16
5344	13
5345	13
5346	12
5347	13
5348	19
5349	18
5350	16
5351	11
5352	6
5353	19
5354	13
5355	10
5356	16
5357	4
5358	20
5359	20
5360	16
5361	14
5362	20
5363	12
5364	17
5365	19
5366	13
5367	11
5368	15
5369	15
5370	16
5371	16
5372	14
5373	10
5374	17
5375	10
5376	11
5377	8
5378	13
5379	16
5380	16
5381	6
5382	16
5383	12
5384	18
5385	8
5386	12
5387	13
5388	14
5389	14
5390	8
5391	11
5392	16
5393	14
5394	16
5395	21
5396	19
5397	18
5398	15
5399	16
5400	13
5401	13
5402	16
5403	8
5404	17
5405	15
5406	12
5407	6
5408	18
5409	12
5410	10
5411	16
5412	14
5413	11
5414	21
5415	13
5416	5
5417	11
5418	14
5419	11
5420	12
5421	11
5422	14
5423	12
5424	19
5425	12
5426	9
5427	19
5428	11
5429	12
5430	19
5431	15
5432	11
5433	11
5434	18
5435	5
5436	15
5437	18
5438	18
5439	13
5440	10
5441	16
5442	14
5443	7
5444	13
5445	12
5446	17
5447	19
5448	13
5449	16
5450	14
5451	12
5452	14
5453	11
5454	7
5455	17
5456	10
5457	9
5458	8
5459	13
5460	13
5461	13
5462	10
5463	13
5464	18
5465	9
5466	12
5467	9
5468	13
5469	13
5470	12
5471	15
5472	20
5473	18
5474	14
5475	14
5476	6
5477	6
5478	11
5479	16
5480	13
5481	15
5482	12
5483	14
5484	9
5485	15
5486	14
5487	17
5488	22
5489	5
5490	12
5491	15
5492	9
5493	13
5494	8
5495	8
5496	7
5497	12
5498	11
5499	20
5500	18
5501	13
5502	14
5503	18
5504	19
5505	21
5506	20
5507	14
5508	14
5509	15
5510	10
5511	16
5512	15
5513	18
5514	12
5515	8
5516	10
5517	18
5518	13
5519	18
5520	10
5521	12
5522	14
5523	10
5524	20
5525	8
5526	16
5527	10
5528	12
5529	13
5530	7
5531	15
5532	9
5533	10
5534	13
5535	17
5536	12
5537	12
5538	11
5539	7
5540	22
5541	15
5542	17
5543	11
5544	11
5545	17
5546	13
5547	11
5548	11
5549	14
5550	15
5551	13
5552	14
5553	13
5554	22
5555	13
5556	14
5557	14
5558	14
5559	9
5560	14
5561	20
5562	18
5563	13
5564	13
5565	17
5566	15
5567	8
5568	11
5569	15
5570	20
5571	14
5572	17
5573	17
5574	17
5575	22
5576	11
5577	11
5578	15
5579	10
5580	18
5581	16
5582	11
5583	9
5584	17
5585	19
5586	14
5587	12
5588	10
5589	12
5590	12
5591	11
5592	14
5593	13
5594	14
5595	10
5596	17
5597	8
5598	17
5599	16
5600	15
5601	13
5602	24
5603	17
5604	16
5605	13
5606	26
5607	8
5608	14
5609	10
5610	8
5611	9
5612	12
5613	14
5614	12
5615	17
5616	14
5617	18
5618	17
5619	16
5620	12
5621	19
5622	8
5623	11
5624	11
5625	14
5626	8
5627	10
5628	17
5629	9
5630	13
5631	17
5632	14
5633	12
5634	21
5635	14
5636	12
5637	12
5638	11
5639	8
5640	12
5641	15
5642	16
5643	11
5644	16
5645	15
5646	11
5647	16
5648	14
5649	17
5650	11
5651	10
5652	18
5653	18
5654	22
5655	7
5656	16
5657	20
5658	10
5659	16
5660	14
5661	13
5662	15
5663	10
5664	14
5665	18
5666	23
5667	16
5668	15
5669	13
5670	9
5671	12
5672	10
5673	15
5674	15
5675	11
5676	16
5677	14
5678	15
5679	15
5680	18
5681	17
5682	15
5683	10
5684	18
5685	13
5686	13
5687	21
5688	11
5689	16
5690	19
5691	8
5692	15
5693	15
5694	16
5695	16
5696	13
5697	10
5698	21
5699	13
5700	23
5701	15
5702	10
5703	19
5704	18
5705	8
5706	17
5707	9
5708	16
5709	16
5710	16
5711	15
5712	23
5713	17
5714	9
5715	23
5716	14
5717	9
5718	14
5719	16
5720	15
5721	11
5722	10
5723	14
5724	12
5725	14
5726	14
5727	11
5728	8
5729	15
5730	13
5731	10
5732	13
5733	19
5734	12
5735	11
5736	11
5737	10
5738	10
5739	11
5740	11
5741	18
5742	14
5743	9
5744	17
5745	11
5746	18
5747	12
5748	23
5749	18
5750	9
5751	16
5752	14
5753	22
5754	20
5755	13
5756	13
5757	17
5758	19
5759	12
5760	16
5761	11
5762	14
5763	19
5764	21
5765	17
5766	17
5767	13
5768	17
5769	16
5770	10
5771	20
5772	13
5773	11
5774	14
5775	12
5776	19
5777	13
5778	16
5779	18
5780	7
5781	7
5782	14
5783	14
5784	14
5785	17
5786	7
5787	11
5788	10
5789	14
5790	21
5791	18
5792	15
5793	12
5794	11
5795	18
5796	13
5797	14
5798	21
5799	16
5800	21
5801	13
5802	14
5803	16
5804	15
5805	16
5806	15
5807	14
5808	18
5809	19
5810	15
5811	15
5812	12
5813	10
5814	12
5815	17
5816	20
5817	15
5818	23
5819	19
5820	15
5821	25
5822	22
5823	18
5824	11
5825	17
5826	19
5827	14
5828	13
5829	12
5830	10
5831	5
5832	9
5833	11
5834	15
5835	14
5836	8
5837	16
5838	19
5839	15
5840	9
5841	11
5842	21
5843	13
5844	15
5845	11
5846	11
5847	12
5848	12
5849	13
5850	21
5851	16
5852	12
5853	19
5854	17
5855	13
5856	12
5857	12
5858	14
5859	5
5860	10
5861	17
5862	13
5863	13
5864	12
5865	18
5866	16
5867	16
5868	14
5869	16
5870	19
5871	13
5872	9
5873	30
5874	23
5875	15
5876	15
5877	20
5878	16
5879	11
5880	19
5881	10
5882	25
5883	7
5884	12
5885	20
5886	12
5887	10
5888	13
5889	12
5890	16
5891	16
5892	18
5893	13
5894	13
5895	13
5896	9
5897	16
5898	22
5899	15
5900	16
5901	22
5902	19
5903	16
5904	16
5905	14
5906	17
5907	20
5908	10
5909	16
5910	18
5911	16
5912	11
5913	19
5914	8
5915	11
5916	15
5917	9
5918	9
5919	10
5920	14
5921	13
5922	20
5923	19
5924	19
5925	14
5926	12
5927	24
5928	24
5929	11
5930	17
5931	15
5932	14
5933	17
5934	12
5935	24
5936	18
5937	11
5938	19
5939	13
5940	11
5941	10
5942	18
5943	12
5944	14
5945	16
5946	16
5947	18
5948	13
5949	12
5950	19
5951	12
5952	19
5953	13
5954	16
5955	18
5956	18
5957	17
5958	21
5959	14
5960	13
5961	28
5962	16
5963	16
5964	18
5965	19
5966	14
5967	16
5968	18
5969	17
5970	6
5971	13
5972	15
5973	21
5974	7
5975	11
5976	17
5977	15
5978	9
5979	20
5980	14
5981	13
5982	10
5983	16
5984	15
5985	18
5986	16
5987	11
5988	21
5989	18
5990	20
5991	17
5992	11
5993	21
5994	19
5995	14
5996	13
5997	9
5998	15
5999	11
6000	17
6001	17
6002	21
6003	10
6004	21
6005	16
6006	23
6007	14
6008	19
6009	22
6010	10
6011	20
6012	20
6013	9
6014	19
6015	25
6016	12
6017	17
6018	15
6019	22
6020	7
6021	15
6022	21
6023	21
6024	11
6025	13
6026	12
6027	10
6028	11
6029	16
6030	10
6031	21
6032	18
6033	18
6034	20
6035	17
6036	13
6037	20
6038	15
6039	11
6040	15
6041	17
6042	18
6043	18
6044	17
6045	13
6046	19
6047	15
6048	23
6049	17
6050	22
6051	16
6052	22
6053	11
6054	12
6055	17
6056	18
6057	17
6058	16
6059	21
6060	16
6061	21
6062	13
6063	16
6064	21
6065	25
6066	24
6067	14
6068	7
6069	17
6070	18
6071	21
6072	17
6073	22
6074	18
6075	16
6076	19
6077	11
6078	14
6079	11
6080	11
6081	7
6082	7
6083	13
6084	21
6085	12
6086	13
6087	18
6088	14
6089	21
6090	24
6091	14
6092	16
6093	16
6094	19
6095	25
6096	19
6097	12
6098	21
6099	21
6100	18
6101	16
6102	10
6103	15
6104	15
6105	15
6106	17
6107	26
6108	21
6109	16
6110	20
6111	12
6112	18
6113	18
6114	19
6115	17
6116	11
6117	15
6118	18
6119	23
6120	15
6121	17
6122	21
6123	20
6124	21
6125	11
6126	18
6127	17
6128	22
6129	16
6130	8
6131	23
6132	19
6133	16
6134	23
6135	16
6136	18
6137	13
6138	15
6139	16
6140	14
6141	12
6142	16
6143	8
6144	17
6145	17
6146	18
6147	17
6148	23
6149	19
6150	19
6151	19
6152	15
6153	19
6154	23
6155	17
6156	22
6157	21
6158	19
6159	12
6160	22
6161	13
6162	19
6163	23
6164	24
6165	16
6166	13
6167	22
6168	20
6169	19
6170	15
6171	15
6172	6
6173	21
6174	19
6175	18
6176	20
6177	20
6178	15
6179	24
6180	17
6181	27
6182	21
6183	24
6184	14
6185	21
6186	18
6187	19
6188	19
6189	17
6190	23
6191	24
6192	20
6193	20
6194	20
6195	19
6196	22
6197	20
6198	18
6199	21
6200	20
6201	20
6202	17
6203	20
6204	13
6205	10
6206	29
6207	15
6208	19
6209	22
6210	28
6211	18
6212	26
6213	15
6214	19
6215	24
6216	19
6217	27
6218	26
6219	18
6220	22
6221	22
6222	21
6223	26
6224	19
6225	17
6226	25
6227	22
6228	23
6229	11
6230	19
6231	21
6232	19
6233	15
6234	26
6235	18
6236	18
6237	14
6238	21
6239	32
6240	21
6241	21
6242	20
6243	17
6244	21
6245	17
6246	23
6247	21
6248	17
6249	25
6250	14
6251	17
6252	18
6253	14
6254	20
6255	13
6256	19
6257	33
6258	22
6259	13
6260	18
6261	17
6262	18
6263	21
6264	21
6265	30
6266	28
6267	22
6268	18
6269	17
6270	20
6271	20
6272	24
6273	22
6274	30
6275	23
6276	20
6277	30
6278	19
6279	19
6280	29
6281	20
6282	25
6283	22
6284	14
6285	18
6286	34
6287	25
6288	20
6289	15
6290	22
6291	23
6292	21
6293	29
6294	20
6295	19
6296	25
6297	26
6298	21
6299	17
6300	23
6301	16
6302	26
6303	32
6304	24
6305	25
6306	20
6307	26
6308	22
6309	32
6310	18
6311	29
6312	19
6313	22
6314	21
6315	37
6316	33
6317	20
6318	21
6319	16
6320	28
6321	25
6322	17
6323	25
6324	21
6325	15
6326	27
6327	18
6328	28
6329	14
6330	27
6331	18
6332	24
6333	24
6334	21
6335	21
6336	30
6337	28
6338	29
6339	18
6340	26
6341	17
6342	22
6343	23
6344	12
6345	34
6346	22
6347	25
6348	22
6349	27
6350	19
6351	18
6352	30
6353	32
6354	20
6355	24
6356	40
6357	29
6358	32
6359	26
6360	26
6361	22
6362	30
6363	24
6364	30
6365	26
6366	16
6367	17
6368	25
6369	31
6370	22
6371	23
6372	25
6373	13
6374	20
6375	23
6376	17
6377	35
6378	17
6379	31
6380	22
6381	20
6382	32
6383	26
6384	28
6385	23
6386	17
6387	24
6388	21
6389	18
6390	21
6391	16
6392	24
6393	28
6394	29
6395	20
6396	20
6397	29
6398	23
6399	24
6400	25
6401	30
6402	28
6403	25
6404	27
6405	28
6406	36
6407	25
6408	23
6409	28
6410	27
6411	23
6412	26
6413	32
6414	32
6415	34
6416	32
6417	35
6418	21
6419	27
6420	25
6421	23
6422	25
6423	30
6424	42
6425	26
6426	24
6427	25
6428	28
6429	24
6430	23
6431	23
6432	33
6433	27
6434	18
6435	27
6436	28
6437	20
6438	28
6439	26
6440	33
6441	24
6442	25
6443	26
6444	26
6445	27
6446	25
6447	29
6448	22
6449	17
6450	42
6451	21
6452	31
6453	25
6454	31
6455	18
6456	26
6457	23
6458	44
6459	30
6460	22
6461	22
6462	25
6463	24
6464	34
6465	23
6466	27
6467	28
6468	30
6469	34
6470	32
6471	34
6472	20
6473	21
6474	28
6475	25
6476	32
6477	31
6478	37
6479	30
6480	29
6481	38
6482	29
6483	40
6484	27
6485	23
6486	32
6487	25
6488	39
6489	31
6490	19
6491	22
6492	39
6493	33
6494	23
6495	41
6496	34
6497	23
6498	32
6499	27
6500	20
6501	34
6502	32
6503	23
6504	31
6505	17
6506	26
6507	26
6508	33
6509	22
6510	24
6511	31
6512	30
6513	46
6514	27
6515	28
6516	28
6517	21
6518	24
6519	21
6520	25
6521	30
6522	23
6523	17
6524	41
6525	25
6526	25
6527	30
6528	27
6529	28
6530	25
6531	21
6532	33
6533	31
6534	27
6535	31
6536	37
6537	28
6538	29
6539	29
6540	43
6541	23
6542	29
6543	32
6544	28
6545	20
6546	26
6547	32
6548	22
6549	22
6550	29
6551	37
6552	25
6553	28
6554	22
6555	23
6556	28
6557	36
6558	29
6559	25
6560	26
6561	21
6562	33
6563	31
6564	31
6565	22
6566	31
6567	20
6568	26
6569	18
6570	31
6571	21
6572	29
6573	31
6574	16
6575	30
6576	31
6577	20
6578	23
6579	30
6580	41
6581	31
6582	26
6583	20
6584	33
6585	25
6586	21
6587	30
6588	24
6589	18
6590	30
6591	27
6592	24
6593	24
6594	36
6595	25
6596	23
6597	33
6598	30
6599	23
6600	24
6601	24
6602	24
6603	33
6604	23
6605	20
6606	27
6607	40
6608	28
6609	18
6610	22
6611	27
6612	37
6613	30
6614	26
6615	21
6616	23
6617	22
6618	20
6619	20
6620	22
6621	21
6622	25
6623	28
6624	17
6625	23
6626	24
6627	29
6628	20
6629	24
6630	23
6631	30
6632	17
6633	23
6634	21
6635	20
6636	17
6637	15
6638	22
6639	22
6640	27
6641	26
6642	35
6643	25
6644	21
6645	17
6646	27
6647	22
6648	23
6649	25
6650	27
6651	21
6652	15
6653	15
6654	23
6655	21
6656	23
6657	27
6658	15
6659	28
6660	19
6661	14
6662	19
6663	11
6664	23
6665	13
6666	26
6667	25
6668	16
6669	23
6670	20
6671	23
6672	18
6673	19
6674	16
6675	16
6676	26
6677	22
6678	26
6679	16
6680	23
6681	25
6682	20
6683	15
6684	16
6685	12
6686	14
6687	21
6688	16
6689	30
6690	23
6691	16
6692	17
6693	23
6694	16
6695	23
6696	18
6697	18
6698	15
6699	24
6700	19
6701	15
6702	17
6703	14
6704	16
6705	20
6706	19
6707	24
6708	10
6709	16
6710	10
6711	15
6712	18
6713	13
6714	16
6715	18
6716	19
6717	13
6718	11
6719	18
6720	16
6721	25
6722	19
6723	21
6724	15
6725	18
6726	22
6727	15
6728	25
6729	25
6730	15
6731	15
6732	9
6733	9
6734	15
6735	17
6736	10
6737	14
6738	18
6739	17
6740	14
6741	16
6742	13
6743	9
6744	21
6745	18
6746	18
6747	12
6748	15
6749	14
6750	18
6751	15
6752	12
6753	14
6754	18
6755	25
6756	9
6757	11
6758	14
6759	8
6760	15
6761	16
6762	12
6763	11
6764	10
6765	19
6766	24
6767	17
6768	13
6769	17
6770	14
6771	19
6772	14
6773	12
6774	14
6775	14
6776	12
6777	11
6778	12
6779	17
6780	13
6781	11
6782	9
6783	13
6784	10
6785	15
6786	15
6787	12
6788	17
6789	7
6790	10
6791	11
6792	8
6793	8
6794	16
6795	9
6796	13
6797	12
6798	14
6799	14
6800	13
6801	15
6802	19
6803	13
6804	8
6805	9
6806	6
6807	8
6808	11
6809	8
6810	8
6811	5
6812	6
6813	14
6814	7
6815	8
6816	10
6817	12
6818	6
6819	8
6820	7
6821	11
6822	5
6823	11
6824	10
6825	12
6826	6
6827	10
6828	12
6829	12
6830	13
6831	10
6832	3
6833	12
6834	7
6835	7
6836	7
6837	12
6838	7
6839	12
6840	7
6841	6
6842	12
6843	11
6844	9
6845	9
6846	8
6847	11
6848	7
6849	6
6850	6
6851	6
6852	4
6853	13
6854	11
6855	7
6856	9
6857	7
6858	10
6859	5
6860	9
6861	6
6862	12
6863	3
6864	8
6865	6
6866	10
6867	6
6868	8
6869	8
6870	4
6871	4
6872	7
6873	7
6874	13
6875	13
6876	1
6877	4
6878	6
6879	5
6880	8
6881	3
6882	4
6883	10
6884	10
6885	3
6886	3
6887	8
6888	6
6889	3
6890	9
6891	5
6892	6
6893	6
6894	8
6895	6
6896	6
6897	5
6898	8
6899	2
6900	4
6901	5
6902	6
6903	7
6904	3
6905	3
6906	4
6907	4
6908	5
6909	8
6910	4
6911	7
6912	8
6913	5
6914	3
6915	1
6916	2
6917	4
6918	4
6919	7
6920	7
6921	1
6922	3
6923	4
6924	7
6925	3
6926	3
6927	3
6928	4
6929	6
6930	5
6931	7
6932	4
6933	0
6934	3
6935	3
6936	3
6937	2
6938	2
6939	2
6940	1
6941	1
6942	5
6943	2
6944	6
6945	2
6946	2
6947	0
6948	1
6949	4
6950	2
6951	4
6952	7
6953	3
6954	3
6955	3
6956	3
6957	1
6958	2
6959	3
6960	1
6961	2
6962	3
6963	6
6964	1
6965	1
6966	3
6967	5
6968	3
6969	0
6970	3
6971	2
6972	1
6973	1
6974	4
6975	1
6976	0
6977	1
6978	0
6979	2
6980	5
6981	3
6982	0
6983	2
6984	6
6985	0
6986	7
6987	2
6988	4
6989	4
6990	5
6991	1
6992	1
6993	2
6994	2
6995	4
6996	0
6997	0
6998	2
6999	4
7000	6
7001	1
7002	0
7003	2
7004	1
7005	3
7006	0
7007	2
7008	1
7009	2
7010	0
7011	2
7012	6
7013	2
7014	2
7015	2
7016	0
7017	1
7018	1
7019	3
7020	4
7021	5
7022	1
7023	2
7024	1
7025	3
7026	1
7027	4
7028	0
7029	0
7030	0
7031	0
7032	3
7033	0
7034	3
7035	3
7036	0
7037	3
7038	0
7039	2
7040	4
7041	1
7042	1
7043	1
7044	1
7045	1
7046	2
7047	1
7048	3
7049	3
7050	1
7051	0
7052	0
7053	2
7054	4
7055	0
7056	0
7057	3
7058	2
7059	1
7060	1
7061	2
7062	2
7063	1
7064	3
7065	2
7066	2
7067	2
7068	2
7069	0
7070	1
7071	0
7072	0
7073	2
7074	1
7075	0
7076	3
7077	1
7078	1
7079	0
7080	0
7081	0
7082	1
7083	0
7084	0
7085	1
7086	3
7087	0
7088	1
7089	0
7090	0
7091	0
7092	0
7093	0
7094	0
7095	1
7096	0
7097	0
7098	0
7099	3
7100	1
7101	0
7102	0
7103	2
7104	0
7105	3
7106	0
7107	1
7108	1
7109	3
7110	1
7111	2
7112	2
7113	0
7114	1
7115	0
7116	1
7117	0
7118	2
7119	0
7120	2
7121	0
7122	0
7123	0
7124	0
7125	1
7126	3
7127	1
7128	0
7129	1
7130	0
7131	1
7132	0
7133	0
7134	0
7135	0
7136	1
7137	0
7138	0
7139	1
7140	1
7141	0
7142	1
7143	1
7144	1
7145	0
7146	2
7147	2
7148	0
7149	2
7150	0
7151	0
7152	2
7153	1
7154	2
7155	1
7156	0
7157	1
7158	1
7159	0
7160	1
7161	0
7162	1
7163	0
7164	0
7165	0
7166	1
7167	0
7168	1
7169	1
7170	0
7171	1
7172	1
7173	0
7174	1
7175	0
7176	2
7177	0
7178	0
7179	0
7180	1
7181	0
7182	0
7183	1
7184	1
7185	0
7186	0
7187	0
7188	1
7189	0
7190	0
7191	1
7192	0
7193	1
7194	1
7195	0
7196	0
7197	1
7198	1
7199	0
7200	1
7201	1
7202	0
7203	1
7204	0
7205	0
7206	2
7207	1
7208	0
7209	0
7210	1
7211	0
7212	0
7213	2
7214	0
7215	2
7216	0
7217	1
7218	2
7219	1
7220	1
7221	3
7222	1
7223	1
7224	0
7225	4
7226	0
7227	1
7228	1
7229	1
7230	2
7231	0
7232	1
7233	0
7234	0
7235	1
7236	1
7237	0
7238	0
7239	1
7240	0
7241	1
7242	0
7243	1
7244	1
7245	1
7246	1
7247	0
7248	0
7249	0
7250	0
7251	0
7252	0
7253	0
7254	2
7255	0
7256	0
7257	0
7258	1
7259	0
7260	0
7261	0
7262	0
7263	1
7264	1
7265	2
7266	0
7267	1
7268	1
7269	0
7270	1
7271	0
7272	0
7273	1
7274	0
7275	2
7276	0
7277	0
7278	0
7279	1
7280	0
7281	0
7282	1
7283	0
7284	1
7285	0
7286	0
7287	1
7288	0
7289	0
7290	1
7291	1
7292	1
7293	0
7294	1
7295	1
7296	1
7297	2
7298	0
7299	0
7300	0
7301	2
7302	0
7303	0
7304	0
7305	0
7306	0
7307	0
7308	1
7309	0
7310	1
7311	2
7312	1
7313	0
7314	1
7315	0
7316	1
7317	0
7318	0
7319	1
7320	0
7321	0
7322	1
7323	2
7324	0
7325	0
7326	0
7327	0
7328	1
7329	1
7330	0
7331	0
7332	1
7333	2
7334	0
7335	1
7336	0
7337	0
7338	0
7339	0
7340	0
7341	1
7342	1
7343	1
7344	1
7345	0
7346	0
7347	1
7348	0
7349	0
7350	0
7351	0
7352	0
7353	1
7354	2
7355	0
7356	3
7357	1
7358	1
7359	2
7360	0
7361	1
7362	2
7363	0
7364	0
7365	0
7366	0
7367	3
7368	1
7369	1
7370	0
7371	2
7372	0
7373	1
7374	2
7375	0
7376	0
7377	2
7378	0
7379	1
7380	0
7381	0
7382	0
7383	0
7384	1
7385	0
7386	0
7387	1
7388	0
7389	1
7390	0
7391	0
7392	0
7393	0
7394	0
7395	0
7396	0
7397	0
7398	1
7399	0
7400	0
7401	0
7402	0
7403	0
7404	0
7405	1
7406	0
7407	0
7408	0
7409	0
7410	1
7411	0
7412	0
7413	0
7414	1
7415	0
7416	1
7417	0
7418	1
7419	0
7420	1
7421	1
7422	2
7423	0
7424	0
7425	0
7426	0
7427	1
7428	1
7429	1
7430	0
7431	0
7432	0
7433	0
7434	1
7435	0
7436	0
7437	0
7438	1
7439	1
7440	1
7441	0
7442	0
7443	0
7444	0
7445	2
7446	0
7447	1
7448	0
7449	0
7450	1
7451	0
7452	0
7453	0
7454	0
7455	0
7456	0
7457	1
7458	0
7459	0
7460	0
7461	0
7462	0
7463	0
7464	1
7465	0
7466	1
7467	2
7468	0
7469	0
7470	0
7471	0
7472	0
7473	0
7474	0
7475	0
7476	1
7477	1
7478	0
7479	1
7480	0
7481	0
7482	0
7483	1
7484	0
7485	0
7486	0
7487	0
7488	0
7489	1
7490	1
7491	1
7492	1
7493	0
7494	1
7495	0
7496	1
7497	0
7498	1
7499	1
7500	0
7501	0
7502	1
7503	0
7504	0
7505	0
7506	0
7507	1
7508	2
7509	0
7510	0
7511	0
7512	0
7513	0
7514	1
7515	2
7516	1
7517	0
7518	0
7519	0
7520	0
7521	0
7522	1
7523	0
7524	1
7525	0
7526	1
7527	1
7528	0
7529	0
7530	0
7531	0
7532	1
7533	1
7534	1
7535	0
7536	0
7537	0
7538	0
7539	0
7540	0
7541	0
7542	0
7543	1
7544	1
7545	0
7546	1
7547	0
7548	0
7549	1
7550	0
7551	1
7552	0
7553	1
7554	0
7555	0
7556	0
7557	0
7558	0
7559	0
7560	0
7561	1
7562	2
7563	1
7564	0
7565	1
7566	0
7567	2
7568	0
7569	1
7570	0
7571	2
7572	0
7573	0
7574	0
7575	0
7576	1
7577	0
7578	0
7579	1
7580	1
7581	2
7582	1
7583	0
7584	0
7585	0
7586	0
7587	0
7588	1
7589	1
7590	0
7591	0
7592	0
7593	0
7594	1
7595	0
7596	1
7597	0
7598	0
7599	0
7600	0
7601	0
7602	0
7603	0
7604	1
7605	0
7606	1
7607	0
7608	0
7609	0
7610	0
7611	0
7612	0
7613	1
7614	0
7615	0
7616	1
7617	1
7618	0
7619	0
7620	0
7621	1
7622	1
7623	1
7624	0
7625	0
7626	0
7627	0
7628	0
7629	1
7630	1
7631	0
7632	0
7633	0
7634	1
7635	1
7636	0
7637	0
7638	0
7639	1
7640	0
7641	0
7642	0
7643	0
7644	0
7645	0
7646	0
7647	0
7648	0
7649	1
7650	0
7651	0
7652	1
7653	1
7654	1
7655	0
7656	2
7657	0
7658	0
7659	0
7660	2
7661	0
7662	0
7663	1
7664	1
7665	0
7666	0
7667	1
7668	0
7669	0
7670	1
7671	1
7672	0
7673	1
7674	1
7675	0
7676	2
7677	0
7678	0
7679	1
7680	0
7681	0
7682	0
7683	1
7684	0
7685	1
7686	0
7687	0
7688	0
7689	0
7690	1
7691	2
7692	0
7693	1
7694	0
7695	0
7696	1
7697	0
7698	2
7699	1
7700	0
7701	1
7702	0
7703	1
7704	1
7705	0
7706	0
7707	0
7708	0
7709	1
7710	0
7711	0
7712	0
7713	0
7714	0
7715	2
7716	0
7717	0
7718	2
7719	0
7720	0
7721	0
7722	1
7723	0
7724	0
7725	1
7726	0
7727	0
7728	1
7729	0
7730	1
7731	0
7732	4
7733	0
7734	1
7735	3
7736	0
7737	2
7738	2
7739	0
7740	1
7741	0
7742	0
7743	2
7744	0
7745	1
7746	0
7747	0
7748	2
7749	0
7750	1
7751	2
7752	0
7753	0
7754	0
7755	0
7756	1
7757	0
7758	0
7759	1
7760	0
7761	1
7762	2
7763	0
7764	0
7765	0
7766	0
7767	0
7768	0
7769	0
7770	3
7771	0
7772	0
7773	0
7774	1
7775	1
7776	0
7777	0
7778	1
7779	0
7780	0
7781	0
7782	0
7783	0
7784	1
7785	0
7786	0
7787	0
7788	0
7789	0
7790	1
7791	0
7792	0
7793	0
7794	0
7795	0
7796	0
7797	1
7798	0
7799	3
7800	0
7801	2
7802	1
7803	0
7804	1
7805	3
7806	1
7807	0
7808	0
7809	0
7810	0
7811	0
7812	1
7813	2
7814	0
7815	0
7816	0
7817	1
7818	1
7819	0
7820	1
7821	0
7822	1
7823	0
7824	0
7825	0
7826	1
7827	0
7828	1
7829	0
7830	0
7831	0
7832	1
7833	2
7834	1
7835	2
7836	0
7837	0
7838	0
7839	0
7840	1
7841	0
7842	0
7843	0
7844	3
7845	2
7846	1
7847	0
7848	0
7849	0
7850	1
7851	0
7852	4
7853	0
7854	1
7855	1
7856	1
7857	0
7858	1
7859	0
7860	1
7861	0
7862	1
7863	0
7864	2
7865	0
7866	0
7867	0
7868	0
7869	0
7870	1
7871	0
7872	0
7873	1
7874	1
7875	0
7876	0
7877	0
7878	1
7879	0
7880	0
7881	2
7882	0
7883	1
7884	0
7885	0
7886	0
7887	0
7888	0
7889	0
7890	1
7891	0
7892	1
7893	1
7894	0
7895	0
7896	0
7897	0
7898	1
7899	0
7900	0
7901	1
7902	0
7903	1
7904	1
7905	1
7906	0
7907	0
7908	1
7909	1
7910	1
7911	0
7912	0
7913	0
7914	3
7915	1
7916	0
7917	1
7918	1
7919	0
7920	1
7921	1
7922	1
7923	0
7924	0
7925	1
7926	0
7927	0
7928	1
7929	1
7930	2
7931	1
7932	0
7933	0
7934	0
7935	0
7936	0
7937	0
7938	0
7939	2
7940	0
7941	1
7942	0
7943	0
7944	1
7945	1
7946	0
7947	0
7948	0
7949	0
7950	1
7951	1
7952	1
7953	2
7954	0
7955	0
7956	3
7957	0
7958	0
7959	0
7960	1
7961	0
7962	1
7963	1
7964	0
7965	0
7966	0
7967	1
7968	0
7969	0
7970	1
7971	0
7972	1
7973	0
7974	1
7975	0
7976	1
7977	0
7978	0
7979	1
7980	0
7981	0
7982	1
7983	1
7984	0
7985	0
7986	0
7987	1
7988	0
7989	1
7990	0
7991	0
7992	0
7993	0
7994	0
7995	0
7996	0
7997	0
7998	0
7999	0
8000	0
8001	0
8002	2
8003	1
8004	0
8005	0
8006	0
8007	1
8008	0
8009	0
8010	0
8011	1
8012	1
8013	0
8014	0
8015	0
8016	1
8017	0
8018	1
8019	0
8020	0
8021	0
8022	1
8023	0
8024	0
8025	0
8026	1
8027	0
8028	0
8029	0
8030	0
8031	1
8032	1
8033	1
8034	1
8035	0
8036	0
8037	0
8038	1
8039	0
8040	0
8041	0
8042	1
8043	0
8044	2
8045	0
8046	0
8047	1
8048	0
8049	1
8050	0
8051	0
8052	0
8053	0
8054	1
8055	0
8056	2
8057	1
8058	0
8059	0
8060	0
8061	1
8062	0
8063	0
8064	0
8065	0
8066	0
8067	1
8068	2
8069	0
8070	0
8071	0
8072	0
8073	0
8074	0
8075	2
8076	1
8077	0
8078	1
8079	0
8080	1
8081	0
8082	0
8083	0
8084	0
8085	0
8086	0
8087	0
8088	0
8089	0
8090	0
8091	0
8092	0
8093	0
8094	0
8095	0
8096	0
8097	0
8098	0
8099	0
8100	0
8101	0
8102	0
8103	0
8104	0
8105	0
8106	0
8107	0
8108	0
8109	0
8110	0
8111	0
8112	0
8113	0
8114	0
8115	0
8116	0
8117	0
8118	0
8119	0
8120	0
8121	0
8122	0
8123	0
8124	0
8125	0
8126	0
8127	0
8128	0
8129	0
8130	0
8131	0
8132	0
8133	0
8134	0
8135	0
8136	0
8137	0
8138	0
8139	0
8140	0
8141	0
8142	0
8143	0
8144	0
8145	0
8146	0
8147	0
8148	0
8149	0
8150	0
8151	0
8152	0
8153	0
8154	0
8155	0
8156	0
8157	0
8158	0
8159	0
8160	0
8161	0
8162	0
8163	0
8164	0
8165	0
8166	0
8167	0
8168	0
8169	0
8170	0
8171	0
8172	0
8173	0
8174	0
8175	0
8176	0
8177	0
8178	0
8179	0
8180	0
8181	0
8182	0
8183	0
8184	0
8185	0
8186	0
8187	0
8188	0
8189	0
8190	0
8191	0
