0	0
1	0
2	0
3	0
4	0
5	0
6	0
7	0
8	0
9	0
10	0
11	0
12	0
13	0
14	0
15	0
16	0
17	0
18	0
19	0
20	0
21	0
22	0
23	0
24	0
25	0
26	0
27	0
28	0
29	0
30	0
31	0
32	0
33	0
34	0
35	0
36	0
37	0
38	0
39	0
40	0
41	0
42	0
43	0
44	0
45	0
46	0
47	0
48	0
49	0
50	0
51	0
52	0
53	0
54	0
55	0
56	0
57	0
58	0
59	0
60	0
61	0
62	0
63	0
64	0
65	0
66	0
67	0
68	0
69	0
70	0
71	0
72	0
73	0
74	0
75	0
76	0
77	0
78	0
79	0
80	0
81	0
82	0
83	0
84	0
85	2
86	12
87	16
88	22
89	12
90	18
91	20
92	20
93	16
94	16
95	18
96	17
97	22
98	18
99	15
100	14
101	15
102	11
103	13
104	15
105	10
106	9
107	13
108	18
109	20
110	10
111	17
112	13
113	5
114	16
115	12
116	17
117	4
118	8
119	18
120	19
121	14
122	17
123	9
124	18
125	14
126	9
127	13
128	17
129	17
130	10
131	7
132	12
133	19
134	10
135	6
136	22
137	15
138	21
139	12
140	12
141	19
142	14
143	15
144	10
145	13
146	14
147	9
148	10
149	11
150	18
151	12
152	12
153	13
154	15
155	11
156	15
157	7
158	9
159	18
160	14
161	15
162	11
163	11
164	17
165	9
166	16
167	13
168	23
169	14
170	13
171	10
172	8
173	12
174	12
175	14
176	12
177	18
178	17
179	13
180	16
181	13
182	13
183	13
184	11
185	6
186	20
187	10
188	16
189	16
190	12
191	17
192	12
193	12
194	9
195	10
196	19
197	13
198	7
199	22
200	14
201	16
202	15
203	14
204	9
205	20
206	17
207	17
208	13
209	15
210	14
211	17
212	11
213	17
214	12
215	13
216	12
217	11
218	15
219	18
220	17
221	18
222	11
223	10
224	14
225	10
226	22
227	12
228	12
229	15
230	7
231	11
232	15
233	13
234	16
235	16
236	19
237	17
238	19
239	12
240	18
241	14
242	23
243	10
244	9
245	18
246	24
247	16
248	15
249	14
250	11
251	11
252	19
253	10
254	15
255	14
256	19
257	17
258	13
259	15
260	16
261	15
262	15
263	12
264	20
265	17
266	16
267	17
268	12
269	20
270	14
271	12
272	15
273	12
274	19
275	17
276	20
277	10
278	7
279	18
280	12
281	26
282	12
283	13
284	22
285	15
286	15
287	10
288	21
289	10
290	15
291	16
292	19
293	18
294	21
295	20
296	10
297	16
298	16
299	17
300	18
301	18
302	20
303	13
304	23
305	21
306	16
307	19
308	18
309	17
310	21
311	12
312	19
313	16
314	16
315	9
316	19
317	11
318	12
319	13
320	14
321	13
322	21
323	18
324	18
325	17
326	13
327	12
328	17
329	18
330	17
331	12
332	13
333	17
334	12
335	15
336	12
337	14
338	7
339	12
340	8
341	16
342	14
343	15
344	19
345	14
346	12
347	14
348	22
349	15
350	12
351	15
352	17
353	14
354	15
355	13
356	13
357	20
358	16
359	14
360	12
361	21
362	16
363	18
364	14
365	15
366	14
367	13
368	16
369	12
370	12
371	13
372	25
373	12
374	14
375	11
376	22
377	19
378	7
379	19
380	14
381	15
382	13
383	18
384	13
385	20
386	16
387	14
388	10
389	13
390	18
391	16
392	11
393	11
394	13
395	13
396	17
397	16
398	13
399	14
400	19
401	16
402	22
403	15
404	19
405	15
406	10
407	16
408	14
409	14
410	22
411	11
412	13
413	15
414	14
415	16
416	13
417	11
418	20
419	17
420	21
421	19
422	15
423	16
424	16
425	11
426	19
427	17
428	10
429	17
430	18
431	13
432	25
433	26
434	14
435	18
436	25
437	16
438	21
439	16
440	16
441	17
442	17
443	15
444	10
445	16
446	19
447	16
448	22
449	16
450	20
451	15
452	18
453	20
454	23
455	22
456	18
457	17
458	18
459	19
460	17
461	16
462	10
463	16
464	10
465	18
466	16
467	15
468	15
469	18
470	18
471	20
472	13
473	11
474	24
475	14
476	12
477	19
478	27
479	22
480	16
481	12
482	21
483	14
484	13
485	10
486	13
487	10
488	20
489	22
490	20
491	15
492	16
493	19
494	19
495	11
496	11
497	12
498	18
499	13
500	19
501	16
502	17
503	18
504	20
505	13
506	23
507	11
508	19
509	15
510	13
511	11
512	17
513	18
514	11
515	17
516	16
517	17
518	16
519	15
520	16
521	20
522	18
523	20
524	15
525	16
526	19
527	23
528	18
529	15
530	28
531	11
532	15
533	16
534	23
535	27
536	15
537	12
538	18
539	20
540	17
541	14
542	11
543	13
544	11
545	13
546	8
547	18
548	12
549	11
550	22
551	24
552	14
553	17
554	19
555	21
556	17
557	14
558	14
559	15
560	20
561	19
562	19
563	13
564	14
565	14
566	14
567	20
568	12
569	9
570	11
571	17
572	13
573	13
574	18
575	14
576	13
577	8
578	17
579	18
580	15
581	20
582	19
583	16
584	10
585	10
586	25
587	14
588	19
589	15
590	21
591	23
592	24
593	17
594	19
595	10
596	19
597	18
598	22
599	14
600	15
601	9
602	16
603	18
604	15
605	11
606	8
607	16
608	16
609	16
610	16
611	12
612	17
613	19
614	14
615	17
616	10
617	13
618	18
619	19
620	27
621	16
622	13
623	15
624	17
625	19
626	17
627	20
628	11
629	23
630	24
631	16
632	17
633	17
634	13
635	21
636	11
637	17
638	12
639	12
640	14
641	23
642	23
643	11
644	13
645	15
646	21
647	14
648	13
649	14
650	19
651	7
652	14
653	12
654	23
655	15
656	11
657	20
658	11
659	26
660	12
661	14
662	17
663	19
664	18
665	20
666	15
667	13
668	22
669	17
670	19
671	16
672	19
673	13
674	13
675	15
676	19
677	7
678	24
679	19
680	19
681	21
682	17
683	18
684	15
685	15
686	13
687	15
688	28
689	18
690	17
691	14
692	22
693	7
694	27
695	23
696	19
697	17
698	20
699	18
700	19
701	18
702	17
703	20
704	12
705	20
706	18
707	16
708	13
709	12
710	20
711	13
712	17
713	20
714	8
715	24
716	27
717	19
718	13
719	27
720	15
721	18
722	16
723	17
724	30
725	12
726	22
727	18
728	28
729	30
730	26
731	8
732	15
733	20
734	18
735	17
736	27
737	26
738	17
739	13
740	21
741	24
742	18
743	20
744	20
745	26
746	29
747	19
748	29
749	23
750	23
751	17
752	17
753	27
754	20
755	30
756	30
757	23
758	20
759	16
760	20
761	27
762	17
763	20
764	26
765	16
766	20
767	24
768	23
769	18
770	27
771	27
772	17
773	22
774	30
775	24
776	21
777	28
778	31
779	29
780	30
781	27
782	19
783	24
784	19
785	18
786	27
787	22
788	23
789	14
790	26
791	25
792	16
793	19
794	22
795	33
796	31
797	36
798	17
799	33
800	25
801	22
802	26
803	30
804	18
805	27
806	29
807	29
808	26
809	20
810	29
811	35
812	28
813	27
814	21
815	21
816	21
817	26
818	29
819	16
820	22
821	25
822	28
823	18
824	27
825	24
826	27
827	26
828	18
829	26
830	25
831	25
832	22
833	15
834	33
835	25
836	25
837	32
838	20
839	29
840	30
841	19
842	29
843	23
844	23
845	24
846	32
847	27
848	15
849	29
850	29
851	32
852	23
853	30
854	17
855	17
856	24
857	21
858	28
859	24
860	22
861	25
862	25
863	23
864	20
865	23
866	38
867	24
868	16
869	33
870	31
871	28
872	27
873	22
874	21
875	17
876	27
877	22
878	23
879	19
880	26
881	30
882	28
883	22
884	24
885	20
886	28
887	26
888	24
889	23
890	18
891	25
892	20
893	22
894	22
895	26
896	23
897	17
898	16
899	30
900	26
901	20
902	22
903	23
904	15
905	30
906	21
907	29
908	21
909	21
910	20
911	22
912	25
913	27
914	16
915	22
916	29
917	14
918	24
919	14
920	19
921	21
922	25
923	25
924	22
925	22
926	17
927	24
928	22
929	30
930	17
931	22
932	17
933	20
934	23
935	21
936	27
937	19
938	21
939	24
940	26
941	20
942	20
943	25
944	22
945	25
946	27
947	19
948	29
949	40
950	30
951	21
952	13
953	17
954	22
955	28
956	28
957	24
958	25
959	16
960	28
961	19
962	21
963	25
964	16
965	23
966	28
967	28
968	27
969	22
970	16
971	16
972	25
973	22
974	18
975	20
976	23
977	19
978	21
979	18
980	27
981	21
982	27
983	24
984	35
985	13
986	22
987	21
988	25
989	26
990	27
991	20
992	20
993	17
994	25
995	26
996	20
997	24
998	21
999	22
1000	17
1001	13
1002	21
1003	22
1004	24
1005	14
1006	22
1007	27
1008	14
1009	19
1010	29
1011	30
1012	23
1013	21
1014	24
1015	29
1016	20
1017	25
1018	25
1019	24
1020	15
1021	16
1022	13
1023	21
1024	23
1025	26
1026	22
1027	19
1028	25
1029	26
1030	22
1031	22
1032	22
1033	21
1034	28
1035	34
1036	19
1037	17
1038	23
1039	19
1040	13
1041	13
1042	22
1043	19
1044	26
1045	24
1046	27
1047	16
1048	21
1049	17
1050	26
1051	14
1052	22
1053	18
1054	19
1055	22
1056	15
1057	24
1058	26
1059	24
1060	16
1061	21
1062	21
1063	17
1064	15
1065	23
1066	18
1067	23
1068	21
1069	18
1070	27
1071	18
1072	24
1073	17
1074	27
1075	18
1076	12
1077	21
1078	22
1079	17
1080	17
1081	21
1082	30
1083	27
1084	24
1085	25
1086	21
1087	21
1088	18
1089	23
1090	15
1091	26
1092	16
1093	23
1094	19
1095	22
1096	32
1097	20
1098	15
1099	18
1100	23
1101	17
1102	18
1103	18
1104	25
1105	16
1106	19
1107	21
1108	24
1109	23
1110	19
1111	22
1112	19
1113	18
1114	21
1115	20
1116	19
1117	21
1118	23
1119	27
1120	25
1121	28
1122	20
1123	22
1124	25
1125	20
1126	15
1127	19
1128	19
1129	22
1130	14
1131	24
1132	21
1133	24
1134	23
1135	32
1136	28
1137	19
1138	23
1139	29
1140	26
1141	21
1142	17
1143	23
1144	26
1145	24
1146	20
1147	28
1148	18
1149	22
1150	20
1151	23
1152	21
1153	17
1154	30
1155	20
1156	21
1157	25
1158	25
1159	19
1160	21
1161	25
1162	36
1163	29
1164	30
1165	22
1166	18
1167	22
1168	22
1169	19
1170	23
1171	29
1172	24
1173	15
1174	27
1175	21
1176	20
1177	26
1178	18
1179	25
1180	31
1181	21
1182	27
1183	28
1184	23
1185	22
1186	27
1187	27
1188	30
1189	20
1190	16
1191	20
1192	26
1193	13
1194	25
1195	26
1196	26
1197	24
1198	22
1199	21
1200	20
1201	26
1202	35
1203	22
1204	22
1205	18
1206	12
1207	26
1208	17
1209	27
1210	25
1211	18
1212	19
1213	30
1214	19
1215	40
1216	8
1217	26
1218	19
1219	13
1220	31
1221	18
1222	19
1223	28
1224	23
1225	27
1226	22
1227	23
1228	26
1229	20
1230	26
1231	25
1232	26
1233	26
1234	24
1235	23
1236	22
1237	25
1238	26
1239	23
1240	22
1241	23
1242	26
1243	35
1244	29
1245	21
1246	30
1247	22
1248	18
1249	24
1250	17
1251	23
1252	29
1253	22
1254	26
1255	26
1256	27
1257	22
1258	26
1259	21
1260	29
1261	31
1262	19
1263	24
1264	24
1265	27
1266	35
1267	29
1268	19
1269	29
1270	21
1271	24
1272	28
1273	21
1274	28
1275	19
1276	29
1277	28
1278	17
1279	23
1280	38
1281	30
1282	26
1283	23
1284	18
1285	27
1286	20
1287	27
1288	17
1289	20
1290	22
1291	25
1292	21
1293	22
1294	26
1295	21
1296	28
1297	22
1298	29
1299	18
1300	31
1301	33
1302	24
1303	32
1304	24
1305	26
1306	27
1307	29
1308	24
1309	29
1310	27
1311	23
1312	21
1313	27
1314	25
1315	27
1316	32
1317	37
1318	24
1319	29
1320	30
1321	20
1322	29
1323	32
1324	28
1325	22
1326	26
1327	26
1328	19
1329	27
1330	20
1331	25
1332	17
1333	23
1334	16
1335	26
1336	29
1337	27
1338	30
1339	26
1340	18
1341	20
1342	27
1343	18
1344	36
1345	21
1346	22
1347	33
1348	21
1349	19
1350	29
1351	26
1352	35
1353	24
1354	25
1355	20
1356	22
1357	24
1358	16
1359	22
1360	23
1361	30
1362	23
1363	19
1364	25
1365	23
1366	31
1367	24
1368	33
1369	30
1370	32
1371	28
1372	24
1373	26
1374	30
1375	39
1376	22
1377	22
1378	25
1379	26
1380	32
1381	19
1382	20
1383	38
1384	20
1385	31
1386	27
1387	31
1388	19
1389	36
1390	32
1391	21
1392	34
1393	28
1394	28
1395	27
1396	23
1397	25
1398	19
1399	26
1400	31
1401	36
1402	36
1403	33
1404	29
1405	26
1406	28
1407	28
1408	37
1409	29
1410	26
1411	32
1412	30
1413	28
1414	25
1415	28
1416	24
1417	36
1418	17
1419	26
1420	32
1421	24
1422	32
1423	23
1424	30
1425	29
1426	22
1427	32
1428	33
1429	28
1430	22
1431	24
1432	29
1433	29
1434	24
1435	20
1436	25
1437	32
1438	26
1439	31
1440	22
1441	32
1442	29
1443	36
1444	23
1445	32
1446	25
1447	37
1448	38
1449	21
1450	40
1451	27
1452	24
1453	35
1454	27
1455	22
1456	25
1457	29
1458	19
1459	25
1460	26
1461	25
1462	25
1463	22
1464	32
1465	25
1466	26
1467	31
1468	36
1469	27
1470	23
1471	25
1472	23
1473	34
1474	26
1475	37
1476	22
1477	21
1478	27
1479	24
1480	31
1481	17
1482	28
1483	25
1484	23
1485	34
1486	30
1487	34
1488	29
1489	22
1490	30
1491	27
1492	21
1493	27
1494	31
1495	30
1496	34
1497	25
1498	26
1499	27
1500	39
1501	32
1502	28
1503	31
1504	26
1505	27
1506	24
1507	25
1508	32
1509	22
1510	30
1511	34
1512	24
1513	30
1514	38
1515	31
1516	38
1517	29
1518	29
1519	38
1520	26
1521	32
1522	30
1523	38
1524	26
1525	26
1526	31
1527	29
1528	32
1529	34
1530	31
1531	24
1532	34
1533	28
1534	28
1535	27
1536	26
1537	23
1538	33
1539	34
1540	14
1541	34
1542	27
1543	27
1544	31
1545	24
1546	36
1547	36
1548	32
1549	23
1550	30
1551	12
1552	22
1553	26
1554	30
1555	25
1556	25
1557	37
1558	30
1559	31
1560	33
1561	31
1562	28
1563	29
1564	29
1565	21
1566	30
1567	28
1568	28
1569	29
1570	31
1571	38
1572	31
1573	25
1574	36
1575	31
1576	31
1577	34
1578	25
1579	25
1580	35
1581	27
1582	30
1583	25
1584	26
1585	33
1586	26
1587	23
1588	32
1589	29
1590	21
1591	24
1592	25
1593	31
1594	29
1595	31
1596	26
1597	30
1598	29
1599	29
1600	37
1601	41
1602	23
1603	32
1604	41
1605	28
1606	39
1607	26
1608	21
1609	32
1610	17
1611	28
1612	47
1613	38
1614	28
1615	39
1616	25
1617	29
1618	21
1619	20
1620	26
1621	27
1622	26
1623	31
1624	25
1625	44
1626	25
1627	24
1628	29
1629	15
1630	26
1631	24
1632	35
1633	24
1634	20
1635	45
1636	28
1637	16
1638	29
1639	27
1640	40
1641	22
1642	23
1643	26
1644	42
1645	36
1646	29
1647	32
1648	36
1649	40
1650	21
1651	36
1652	32
1653	20
1654	31
1655	38
1656	22
1657	29
1658	29
1659	27
1660	27
1661	27
1662	36
1663	33
1664	28
1665	28
1666	33
1667	24
1668	22
1669	26
1670	40
1671	31
1672	28
1673	38
1674	29
1675	30
1676	32
1677	35
1678	35
1679	34
1680	25
1681	30
1682	23
1683	28
1684	29
1685	28
1686	34
1687	30
1688	36
1689	30
1690	28
1691	33
1692	25
1693	35
1694	32
1695	25
1696	28
1697	20
1698	19
1699	31
1700	25
1701	26
1702	20
1703	32
1704	30
1705	23
1706	30
1707	30
1708	28
1709	25
1710	28
1711	26
1712	31
1713	32
1714	23
1715	41
1716	27
1717	28
1718	34
1719	33
1720	30
1721	27
1722	28
1723	29
1724	27
1725	37
1726	27
1727	24
1728	40
1729	33
1730	25
1731	30
1732	32
1733	23
1734	33
1735	34
1736	26
1737	36
1738	24
1739	24
1740	25
1741	42
1742	24
1743	31
1744	20
1745	31
1746	25
1747	28
1748	38
1749	24
1750	30
1751	33
1752	31
1753	37
1754	31
1755	32
1756	31
1757	25
1758	35
1759	34
1760	25
1761	34
1762	28
1763	31
1764	27
1765	34
1766	20
1767	31
1768	25
1769	29
1770	24
1771	27
1772	32
1773	29
1774	25
1775	34
1776	36
1777	29
1778	34
1779	29
1780	28
1781	36
1782	35
1783	17
1784	25
1785	29
1786	31
1787	34
1788	31
1789	34
1790	28
1791	26
1792	38
1793	22
1794	40
1795	25
1796	39
1797	46
1798	29
1799	32
1800	31
1801	44
1802	37
1803	42
1804	30
1805	23
1806	41
1807	33
1808	33
1809	30
1810	25
1811	28
1812	38
1813	29
1814	41
1815	29
1816	33
1817	19
1818	29
1819	29
1820	38
1821	37
1822	30
1823	31
1824	27
1825	32
1826	33
1827	39
1828	39
1829	35
1830	33
1831	29
1832	27
1833	38
1834	34
1835	39
1836	28
1837	43
1838	35
1839	20
1840	32
1841	37
1842	23
1843	28
1844	40
1845	34
1846	28
1847	40
1848	36
1849	33
1850	28
1851	19
1852	35
1853	28
1854	45
1855	33
1856	32
1857	39
1858	30
1859	43
1860	32
1861	37
1862	34
1863	30
1864	35
1865	27
1866	36
1867	25
1868	41
1869	25
1870	35
1871	28
1872	31
1873	35
1874	40
1875	33
1876	36
1877	38
1878	27
1879	27
1880	40
1881	29
1882	35
1883	26
1884	41
1885	25
1886	32
1887	31
1888	28
1889	28
1890	29
1891	31
1892	36
1893	30
1894	37
1895	24
1896	43
1897	44
1898	30
1899	29
1900	27
1901	28
1902	23
1903	32
1904	27
1905	38
1906	32
1907	34
1908	49
1909	41
1910	34
1911	42
1912	31
1913	30
1914	43
1915	34
1916	45
1917	37
1918	26
1919	33
1920	27
1921	30
1922	50
1923	28
1924	34
1925	34
1926	19
1927	26
1928	40
1929	29
1930	29
1931	37
1932	36
1933	35
1934	36
1935	30
1936	29
1937	31
1938	29
1939	27
1940	37
1941	44
1942	29
1943	28
1944	28
1945	33
1946	26
1947	30
1948	35
1949	33
1950	26
1951	43
1952	34
1953	28
1954	38
1955	30
1956	42
1957	40
1958	34
1959	39
1960	29
1961	33
1962	31
1963	25
1964	32
1965	35
1966	38
1967	29
1968	40
1969	33
1970	39
1971	30
1972	38
1973	40
1974	38
1975	43
1976	36
1977	34
1978	38
1979	37
1980	52
1981	27
1982	43
1983	40
1984	30
1985	31
1986	22
1987	30
1988	38
1989	28
1990	35
1991	26
1992	46
1993	33
1994	36
1995	34
1996	39
1997	27
1998	31
1999	40
2000	32
2001	35
2002	30
2003	31
2004	38
2005	22
2006	27
2007	29
2008	44
2009	34
2010	34
2011	36
2012	26
2013	26
2014	31
2015	32
2016	32
2017	40
2018	32
2019	33
2020	38
2021	26
2022	47
2023	29
2024	31
2025	39
2026	38
2027	25
2028	37
2029	19
2030	36
2031	34
2032	35
2033	28
2034	39
2035	37
2036	32
2037	36
2038	29
2039	33
2040	36
2041	26
2042	29
2043	34
2044	42
2045	27
2046	32
2047	30
2048	36
2049	25
2050	29
2051	36
2052	45
2053	37
2054	31
2055	30
2056	23
2057	35
2058	29
2059	33
2060	29
2061	38
2062	35
2063	29
2064	26
2065	33
2066	35
2067	30
2068	28
2069	33
2070	39
2071	39
2072	33
2073	27
2074	32
2075	37
2076	34
2077	30
2078	38
2079	28
2080	30
2081	26
2082	29
2083	27
2084	24
2085	40
2086	37
2087	35
2088	23
2089	28
2090	24
2091	31
2092	26
2093	28
2094	38
2095	33
2096	37
2097	38
2098	26
2099	24
2100	30
2101	31
2102	24
2103	33
2104	26
2105	34
2106	27
2107	34
2108	32
2109	37
2110	35
2111	26
2112	25
2113	29
2114	22
2115	32
2116	28
2117	38
2118	40
2119	40
2120	30
2121	33
2122	31
2123	36
2124	23
2125	43
2126	18
2127	27
2128	32
2129	28
2130	24
2131	38
2132	32
2133	23
2134	32
2135	32
2136	24
2137	43
2138	23
2139	30
2140	28
2141	32
2142	37
2143	30
2144	35
2145	36
2146	26
2147	29
2148	28
2149	38
2150	29
2151	20
2152	26
2153	20
2154	26
2155	50
2156	26
2157	39
2158	31
2159	32
2160	29
2161	32
2162	28
2163	35
2164	28
2165	32
2166	32
2167	39
2168	32
2169	33
2170	31
2171	28
2172	32
2173	30
2174	35
2175	33
2176	32
2177	26
2178	41
2179	30
2180	35
2181	31
2182	27
2183	21
2184	28
2185	29
2186	31
2187	29
2188	32
2189	26
2190	25
2191	34
2192	33
2193	28
2194	28
2195	27
2196	34
2197	33
2198	35
2199	23
2200	22
2201	32
2202	30
2203	32
2204	27
2205	38
2206	20
2207	25
2208	24
2209	26
2210	37
2211	27
2212	20
2213	29
2214	39
2215	29
2216	23
2217	36
2218	31
2219	30
2220	27
2221	31
2222	22
2223	30
2224	27
2225	32
2226	35
2227	23
2228	26
2229	38
2230	35
2231	39
2232	32
2233	32
2234	36
2235	33
2236	33
2237	20
2238	27
2239	22
2240	28
2241	27
2242	32
2243	31
2244	31
2245	28
2246	23
2247	35
2248	34
2249	27
2250	23
2251	27
2252	22
2253	19
2254	30
2255	34
2256	30
2257	22
2258	39
2259	27
2260	27
2261	33
2262	28
2263	28
2264	31
2265	23
2266	25
2267	23
2268	42
2269	21
2270	27
2271	27
2272	36
2273	35
2274	20
2275	30
2276	30
2277	36
2278	27
2279	36
2280	38
2281	28
2282	26
2283	32
2284	25
2285	32
2286	35
2287	20
2288	28
2289	37
2290	25
2291	22
2292	32
2293	40
2294	32
2295	30
2296	23
2297	38
2298	36
2299	29
2300	41
2301	48
2302	37
2303	35
2304	27
2305	30
2306	22
2307	26
2308	32
2309	29
2310	25
2311	27
2312	32
2313	24
2314	32
2315	33
2316	31
2317	27
2318	16
2319	33
2320	29
2321	22
2322	36
2323	30
2324	41
2325	22
2326	39
2327	29
2328	31
2329	36
2330	36
2331	20
2332	27
2333	24
2334	33
2335	30
2336	26
2337	29
2338	35
2339	31
2340	26
2341	20
2342	24
2343	29
2344	25
2345	34
2346	29
2347	22
2348	32
2349	30
2350	30
2351	31
2352	20
2353	30
2354	19
2355	27
2356	23
2357	26
2358	27
2359	32
2360	19
2361	21
2362	29
2363	25
2364	33
2365	33
2366	27
2367	28
2368	26
2369	31
2370	25
2371	35
2372	30
2373	31
2374	31
2375	24
2376	22
2377	19
2378	19
2379	26
2380	28
2381	28
2382	34
2383	31
2384	27
2385	19
2386	31
2387	36
2388	31
2389	25
2390	26
2391	41
2392	28
2393	30
2394	28
2395	26
2396	31
2397	22
2398	28
2399	18
2400	33
2401	23
2402	27
2403	26
2404	19
2405	30
2406	32
2407	28
2408	28
2409	27
2410	32
2411	34
2412	33
2413	33
2414	36
2415	25
2416	24
2417	34
2418	27
2419	17
2420	30
2421	16
2422	20
2423	21
2424	34
2425	34
2426	23
2427	22
2428	31
2429	31
2430	30
2431	29
2432	40
2433	21
2434	26
2435	30
2436	26
2437	21
2438	26
2439	21
2440	24
2441	31
2442	30
2443	34
2444	31
2445	30
2446	39
2447	28
2448	21
2449	30
2450	23
2451	28
2452	35
2453	23
2454	33
2455	29
2456	29
2457	22
2458	30
2459	27
2460	31
2461	27
2462	22
2463	32
2464	23
2465	31
2466	24
2467	27
2468	19
2469	36
2470	28
2471	33
2472	21
2473	36
2474	30
2475	35
2476	28
2477	32
2478	23
2479	39
2480	21
2481	27
2482	32
2483	15
2484	25
2485	24
2486	32
2487	35
2488	23
2489	31
2490	27
2491	24
2492	27
2493	26
2494	29
2495	25
2496	22
2497	25
2498	29
2499	24
2500	28
2501	21
2502	24
2503	16
2504	27
2505	25
2506	25
2507	30
2508	24
2509	29
2510	32
2511	29
2512	35
2513	26
2514	32
2515	32
2516	32
2517	27
2518	28
2519	26
2520	25
2521	24
2522	22
2523	43
2524	25
2525	29
2526	33
2527	26
2528	22
2529	33
2530	25
2531	25
2532	34
2533	25
2534	25
2535	28
2536	23
2537	26
2538	19
2539	24
2540	20
2541	30
2542	27
2543	23
2544	27
2545	27
2546	22
2547	32
2548	26
2549	30
2550	26
2551	30
2552	22
2553	27
2554	28
2555	30
2556	30
2557	31
2558	23
2559	25
2560	30
2561	22
2562	27
2563	26
2564	33
2565	25
2566	23
2567	28
2568	24
2569	24
2570	32
2571	30
2572	24
2573	26
2574	27
2575	27
2576	26
2577	21
2578	25
2579	33
2580	24
2581	32
2582	32
2583	31
2584	26
2585	21
2586	25
2587	21
2588	33
2589	28
2590	27
2591	33
2592	23
2593	32
2594	20
2595	18
2596	30
2597	29
2598	33
2599	22
2600	28
2601	33
2602	26
2603	22
2604	35
2605	27
2606	23
2607	28
2608	30
2609	18
2610	28
2611	35
2612	26
2613	28
2614	32
2615	24
2616	26
2617	21
2618	26
2619	20
2620	17
2621	26
2622	23
2623	32
2624	20
2625	24
2626	27
2627	34
2628	18
2629	20
2630	26
2631	28
2632	30
2633	21
2634	20
2635	28
2636	27
2637	34
2638	27
2639	31
2640	31
2641	28
2642	21
2643	23
2644	30
2645	25
2646	23
2647	25
2648	28
2649	29
2650	29
2651	28
2652	26
2653	22
2654	25
2655	27
2656	24
2657	23
2658	37
2659	26
2660	24
2661	15
2662	29
2663	28
2664	24
2665	22
2666	22
2667	30
2668	21
2669	27
2670	23
2671	14
2672	33
2673	29
2674	25
2675	28
2676	23
2677	26
2678	25
2679	28
2680	13
2681	22
2682	22
2683	26
2684	27
2685	20
2686	22
2687	21
2688	18
2689	33
2690	27
2691	28
2692	26
2693	23
2694	26
2695	21
2696	25
2697	32
2698	22
2699	27
2700	22
2701	24
2702	25
2703	23
2704	24
2705	23
2706	18
2707	19
2708	28
2709	26
2710	30
2711	21
2712	17
2713	25
2714	31
2715	22
2716	31
2717	31
2718	28
2719	12
2720	29
2721	32
2722	19
2723	13
2724	25
2725	26
2726	18
2727	19
2728	23
2729	26
2730	21
2731	33
2732	20
2733	16
2734	15
2735	31
2736	16
2737	23
2738	24
2739	20
2740	19
2741	24
2742	24
2743	31
2744	26
2745	10
2746	17
2747	23
2748	22
2749	29
2750	24
2751	23
2752	30
2753	20
2754	22
2755	28
2756	25
2757	16
2758	25
2759	33
2760	28
2761	30
2762	28
2763	27
2764	30
2765	21
2766	25
2767	31
2768	12
2769	20
2770	24
2771	26
2772	18
2773	22
2774	35
2775	20
2776	31
2777	26
2778	23
2779	27
2780	22
2781	21
2782	25
2783	16
2784	27
2785	29
2786	23
2787	24
2788	19
2789	26
2790	28
2791	25
2792	17
2793	34
2794	23
2795	30
2796	37
2797	28
2798	27
2799	25
2800	28
2801	18
2802	22
2803	32
2804	20
2805	21
2806	21
2807	28
2808	19
2809	10
2810	22
2811	19
2812	22
2813	28
2814	22
2815	25
2816	20
2817	24
2818	20
2819	23
2820	23
2821	29
2822	38
2823	23
2824	20
2825	33
2826	29
2827	25
2828	27
2829	17
2830	24
2831	27
2832	30
2833	24
2834	27
2835	24
2836	30
2837	29
2838	28
2839	16
2840	20
2841	26
2842	24
2843	27
2844	21
2845	26
2846	24
2847	19
2848	21
2849	20
2850	24
2851	21
2852	22
2853	27
2854	30
2855	26
2856	16
2857	17
2858	24
2859	27
2860	21
2861	21
2862	25
2863	28
2864	26
2865	30
2866	22
2867	13
2868	25
2869	30
2870	21
2871	16
2872	29
2873	22
2874	22
2875	31
2876	20
2877	18
2878	27
2879	35
2880	32
2881	27
2882	22
2883	22
2884	16
2885	22
2886	23
2887	16
2888	26
2889	23
2890	28
2891	25
2892	24
2893	26
2894	26
2895	19
2896	18
2897	17
2898	15
2899	26
2900	19
2901	31
2902	19
2903	25
2904	19
2905	22
2906	15
2907	29
2908	21
2909	21
2910	30
2911	23
2912	22
2913	28
2914	26
2915	27
2916	22
2917	29
2918	26
2919	28
2920	18
2921	30
2922	17
2923	18
2924	15
2925	25
2926	19
2927	20
2928	19
2929	27
2930	19
2931	21
2932	31
2933	21
2934	19
2935	21
2936	34
2937	24
2938	27
2939	24
2940	22
2941	28
2942	31
2943	17
2944	22
2945	23
2946	15
2947	25
2948	31
2949	17
2950	25
2951	17
2952	26
2953	22
2954	18
2955	26
2956	21
2957	16
2958	21
2959	16
2960	18
2961	23
2962	22
2963	31
2964	21
2965	21
2966	25
2967	24
2968	25
2969	24
2970	24
2971	20
2972	18
2973	25
2974	27
2975	13
2976	24
2977	24
2978	19
2979	23
2980	17
2981	18
2982	23
2983	30
2984	19
2985	21
2986	21
2987	19
2988	26
2989	25
2990	21
2991	22
2992	22
2993	24
2994	24
2995	24
2996	20
2997	33
2998	21
2999	23
3000	31
3001	11
3002	17
3003	22
3004	36
3005	16
3006	26
3007	12
3008	23
3009	30
3010	22
3011	22
3012	19
3013	20
3014	14
3015	23
3016	30
3017	18
3018	18
3019	21
3020	16
3021	20
3022	28
3023	24
3024	17
3025	24
3026	15
3027	26
3028	12
3029	19
3030	19
3031	22
3032	20
3033	30
3034	26
3035	21
3036	21
3037	24
3038	15
3039	23
3040	23
3041	25
3042	27
3043	28
3044	18
3045	19
3046	25
3047	34
3048	30
3049	23
3050	28
3051	18
3052	17
3053	27
3054	22
3055	23
3056	23
3057	22
3058	18
3059	25
3060	19
3061	27
3062	24
3063	31
3064	21
3065	16
3066	26
3067	20
3068	33
3069	22
3070	26
3071	17
3072	28
3073	13
3074	19
3075	15
3076	29
3077	24
3078	15
3079	23
3080	27
3081	32
3082	25
3083	19
3084	24
3085	15
3086	25
3087	16
3088	24
3089	16
3090	17
3091	12
3092	13
3093	17
3094	17
3095	19
3096	18
3097	27
3098	29
3099	21
3100	19
3101	18
3102	21
3103	22
3104	23
3105	23
3106	27
3107	30
3108	24
3109	24
3110	21
3111	11
3112	20
3113	23
3114	21
3115	30
3116	26
3117	31
3118	19
3119	14
3120	24
3121	27
3122	18
3123	13
3124	19
3125	21
3126	26
3127	22
3128	19
3129	30
3130	27
3131	18
3132	24
3133	24
3134	27
3135	16
3136	21
3137	19
3138	25
3139	26
3140	28
3141	23
3142	24
3143	27
3144	18
3145	31
3146	19
3147	19
3148	20
3149	23
3150	13
3151	18
3152	27
3153	25
3154	23
3155	25
3156	19
3157	24
3158	30
3159	23
3160	20
3161	23
3162	22
3163	23
3164	21
3165	25
3166	23
3167	16
3168	16
3169	20
3170	21
3171	19
3172	19
3173	24
3174	14
3175	21
3176	22
3177	19
3178	26
3179	23
3180	26
3181	18
3182	31
3183	20
3184	18
3185	20
3186	27
3187	32
3188	20
3189	22
3190	30
3191	28
3192	13
3193	22
3194	26
3195	23
3196	32
3197	35
3198	20
3199	21
3200	26
3201	27
3202	20
3203	27
3204	19
3205	18
3206	25
3207	22
3208	23
3209	23
3210	32
3211	23
3212	21
3213	20
3214	26
3215	18
3216	25
3217	24
3218	19
3219	18
3220	15
3221	22
3222	22
3223	13
3224	19
3225	20
3226	23
3227	31
3228	19
3229	16
3230	22
3231	21
3232	26
3233	21
3234	19
3235	18
3236	25
3237	17
3238	19
3239	15
3240	17
3241	22
3242	20
3243	14
3244	21
3245	13
3246	23
3247	17
3248	16
3249	23
3250	23
3251	20
3252	23
3253	24
3254	18
3255	17
3256	22
3257	21
3258	22
3259	24
3260	17
3261	15
3262	22
3263	20
3264	21
3265	18
3266	17
3267	19
3268	31
3269	29
3270	19
3271	21
3272	17
3273	24
3274	11
3275	14
3276	29
3277	24
3278	23
3279	19
3280	15
3281	24
3282	11
3283	14
3284	20
3285	23
3286	27
3287	17
3288	17
3289	26
3290	14
3291	30
3292	25
3293	18
3294	17
3295	22
3296	21
3297	15
3298	20
3299	19
3300	19
3301	29
3302	21
3303	24
3304	15
3305	19
3306	26
3307	25
3308	26
3309	27
3310	29
3311	23
3312	31
3313	20
3314	28
3315	16
3316	19
3317	15
3318	21
3319	22
3320	17
3321	19
3322	23
3323	21
3324	14
3325	18
3326	21
3327	23
3328	22
3329	22
3330	18
3331	22
3332	26
3333	28
3334	14
3335	22
3336	22
3337	19
3338	22
3339	17
3340	24
3341	26
3342	17
3343	23
3344	20
3345	20
3346	21
3347	18
3348	20
3349	18
3350	18
3351	13
3352	23
3353	22
3354	22
3355	22
3356	23
3357	16
3358	22
3359	19
3360	14
3361	27
3362	23
3363	19
3364	21
3365	16
3366	22
3367	18
3368	23
3369	15
3370	26
3371	16
3372	20
3373	16
3374	22
3375	16
3376	17
3377	21
3378	22
3379	25
3380	26
3381	11
3382	21
3383	18
3384	12
3385	26
3386	28
3387	26
3388	24
3389	16
3390	20
3391	17
3392	22
3393	15
3394	20
3395	14
3396	9
3397	24
3398	19
3399	17
3400	21
3401	17
3402	21
3403	12
3404	21
3405	17
3406	24
3407	22
3408	35
3409	21
3410	22
3411	27
3412	21
3413	24
3414	19
3415	16
3416	12
3417	30
3418	21
3419	22
3420	23
3421	22
3422	18
3423	20
3424	15
3425	17
3426	18
3427	27
3428	28
3429	22
3430	28
3431	19
3432	23
3433	22
3434	20
3435	22
3436	23
3437	18
3438	24
3439	21
3440	19
3441	22
3442	20
3443	25
3444	23
3445	20
3446	18
3447	18
3448	19
3449	24
3450	11
3451	16
3452	14
3453	20
3454	25
3455	22
3456	29
3457	18
3458	21
3459	20
3460	30
3461	31
3462	15
3463	22
3464	23
3465	21
3466	22
3467	18
3468	16
3469	24
3470	29
3471	16
3472	18
3473	17
3474	22
3475	20
3476	21
3477	29
3478	20
3479	26
3480	21
3481	17
3482	20
3483	16
3484	26
3485	19
3486	19
3487	28
3488	15
3489	25
3490	19
3491	23
3492	14
3493	11
3494	22
3495	26
3496	23
3497	27
3498	13
3499	21
3500	20
3501	23
3502	25
3503	19
3504	19
3505	19
3506	21
3507	26
3508	19
3509	22
3510	16
3511	24
3512	20
3513	19
3514	33
3515	18
3516	19
3517	25
3518	21
3519	22
3520	20
3521	16
3522	22
3523	15
3524	19
3525	30
3526	19
3527	18
3528	13
3529	15
3530	20
3531	21
3532	18
3533	19
3534	17
3535	28
3536	25
3537	26
3538	17
3539	17
3540	26
3541	30
3542	12
3543	21
3544	26
3545	19
3546	20
3547	16
3548	16
3549	15
3550	18
3551	14
3552	15
3553	19
3554	25
3555	20
3556	22
3557	22
3558	23
3559	19
3560	24
3561	21
3562	16
3563	28
3564	18
3565	26
3566	19
3567	15
3568	23
3569	24
3570	27
3571	22
3572	16
3573	26
3574	12
3575	27
3576	19
3577	15
3578	12
3579	32
3580	20
3581	11
3582	25
3583	19
3584	14
3585	22
3586	21
3587	35
3588	23
3589	22
3590	11
3591	13
3592	24
3593	27
3594	25
3595	19
3596	18
3597	15
3598	20
3599	10
3600	12
3601	21
3602	15
3603	23
3604	24
3605	17
3606	25
3607	27
3608	19
3609	29
3610	21
3611	15
3612	18
3613	27
3614	21
3615	18
3616	16
3617	20
3618	24
3619	21
3620	18
3621	16
3622	24
3623	13
3624	27
3625	18
3626	20
3627	24
3628	17
3629	20
3630	27
3631	27
3632	18
3633	23
3634	21
3635	23
3636	15
3637	17
3638	17
3639	19
3640	21
3641	23
3642	25
3643	23
3644	20
3645	20
3646	17
3647	19
3648	18
3649	14
3650	14
3651	19
3652	22
3653	18
3654	18
3655	22
3656	13
3657	20
3658	20
3659	29
3660	23
3661	16
3662	19
3663	14
3664	22
3665	24
3666	19
3667	27
3668	24
3669	23
3670	19
3671	17
3672	18
3673	24
3674	16
3675	22
3676	17
3677	21
3678	27
3679	23
3680	23
3681	20
3682	12
3683	16
3684	19
3685	17
3686	19
3687	25
3688	19
3689	21
3690	15
3691	27
3692	20
3693	21
3694	16
3695	15
3696	19
3697	22
3698	27
3699	15
3700	25
3701	24
3702	21
3703	20
3704	26
3705	17
3706	24
3707	21
3708	23
3709	22
3710	21
3711	20
3712	24
3713	20
3714	20
3715	24
3716	21
3717	11
3718	23
3719	24
3720	23
3721	12
3722	9
3723	28
3724	15
3725	15
3726	18
3727	17
3728	15
3729	20
3730	24
3731	20
3732	26
3733	15
3734	20
3735	19
3736	17
3737	20
3738	21
3739	22
3740	17
3741	24
3742	17
3743	14
3744	26
3745	18
3746	17
3747	24
3748	20
3749	12
3750	20
3751	18
3752	18
3753	21
3754	14
3755	26
3756	21
3757	16
3758	29
3759	20
3760	15
3761	22
3762	13
3763	23
3764	19
3765	21
3766	19
3767	22
3768	24
3769	17
3770	16
3771	14
3772	16
3773	29
3774	25
3775	15
3776	23
3777	12
3778	16
3779	16
3780	14
3781	19
3782	18
3783	19
3784	18
3785	9
3786	13
3787	11
3788	30
3789	11
3790	11
3791	27
3792	17
3793	24
3794	20
3795	20
3796	26
3797	16
3798	13
3799	19
3800	22
3801	16
3802	17
3803	20
3804	17
3805	19
3806	29
3807	20
3808	21
3809	22
3810	16
3811	20
3812	23
3813	21
3814	17
3815	21
3816	18
3817	22
3818	25
3819	20
3820	17
3821	17
3822	20
3823	12
3824	24
3825	23
3826	24
3827	17
3828	20
3829	23
3830	21
3831	15
3832	21
3833	28
3834	13
3835	28
3836	25
3837	12
3838	18
3839	22
3840	20
3841	18
3842	18
3843	28
3844	23
3845	23
3846	22
3847	26
3848	21
3849	14
3850	16
3851	24
3852	20
3853	18
3854	14
3855	18
3856	14
3857	14
3858	16
3859	21
3860	15
3861	21
3862	15
3863	17
3864	17
3865	15
3866	21
3867	19
3868	25
3869	23
3870	17
3871	19
3872	21
3873	18
3874	17
3875	16
3876	19
3877	14
3878	13
3879	13
3880	17
3881	23
3882	17
3883	29
3884	19
3885	19
3886	14
3887	23
3888	21
3889	21
3890	16
3891	17
3892	17
3893	13
3894	13
3895	16
3896	10
3897	12
3898	14
3899	21
3900	14
3901	21
3902	22
3903	15
3904	14
3905	15
3906	14
3907	11
3908	19
3909	19
3910	18
3911	10
3912	19
3913	27
3914	18
3915	21
3916	26
3917	25
3918	15
3919	19
3920	14
3921	18
3922	16
3923	18
3924	17
3925	23
3926	26
3927	19
3928	16
3929	20
3930	18
3931	20
3932	19
3933	22
3934	18
3935	21
3936	26
3937	19
3938	10
3939	25
3940	13
3941	24
3942	21
3943	27
3944	12
3945	22
3946	14
3947	15
3948	17
3949	22
3950	19
3951	21
3952	15
3953	20
3954	21
3955	26
3956	19
3957	18
3958	20
3959	10
3960	25
3961	20
3962	9
3963	20
3964	21
3965	19
3966	29
3967	30
3968	20
3969	27
3970	24
3971	20
3972	16
3973	20
3974	14
3975	24
3976	28
3977	20
3978	14
3979	13
3980	19
3981	15
3982	14
3983	21
3984	13
3985	22
3986	23
3987	19
3988	15
3989	20
3990	23
3991	11
3992	21
3993	23
3994	20
3995	15
3996	15
3997	17
3998	16
3999	18
4000	19
4001	18
4002	24
4003	19
4004	24
4005	25
4006	16
4007	21
4008	22
4009	22
4010	20
4011	20
4012	15
4013	25
4014	14
4015	17
4016	20
4017	16
4018	13
4019	17
4020	11
4021	12
4022	22
4023	24
4024	22
4025	29
4026	19
4027	16
4028	14
4029	16
4030	16
4031	16
4032	24
4033	12
4034	18
4035	25
4036	18
4037	13
4038	25
4039	23
4040	16
4041	18
4042	12
4043	15
4044	17
4045	21
4046	15
4047	18
4048	20
4049	36
4050	18
4051	16
4052	24
4053	15
4054	18
4055	17
4056	18
4057	15
4058	18
4059	10
4060	22
4061	23
4062	17
4063	16
4064	24
4065	19
4066	24
4067	16
4068	19
4069	23
4070	15
4071	20
4072	24
4073	23
4074	14
4075	20
4076	19
4077	16
4078	19
4079	24
4080	18
4081	28
4082	16
4083	16
4084	21
4085	21
4086	22
4087	25
4088	23
4089	21
4090	18
4091	16
4092	20
4093	16
4094	24
4095	25
4096	21
4097	25
4098	18
4099	21
4100	14
4101	14
4102	21
4103	20
4104	19
4105	14
4106	17
4107	23
4108	22
4109	15
4110	17
4111	18
4112	20
4113	22
4114	25
4115	21
4116	19
4117	13
4118	22
4119	14
4120	17
4121	15
4122	13
4123	25
4124	24
4125	18
4126	16
4127	20
4128	14
4129	16
4130	23
4131	18
4132	19
4133	15
4134	21
4135	19
4136	16
4137	20
4138	26
4139	12
4140	21
4141	18
4142	20
4143	19
4144	16
4145	21
4146	30
4147	16
4148	18
4149	18
4150	17
4151	12
4152	13
4153	17
4154	15
4155	19
4156	19
4157	18
4158	14
4159	15
4160	16
4161	22
4162	15
4163	14
4164	14
4165	21
4166	12
4167	21
4168	21
4169	26
4170	19
4171	17
4172	23
4173	19
4174	17
4175	24
4176	15
4177	17
4178	16
4179	21
4180	13
4181	14
4182	17
4183	16
4184	11
4185	23
4186	14
4187	22
4188	17
4189	14
4190	15
4191	15
4192	16
4193	17
4194	22
4195	21
4196	20
4197	9
4198	20
4199	20
4200	17
4201	21
4202	23
4203	25
4204	13
4205	13
4206	22
4207	15
4208	16
4209	14
4210	16
4211	17
4212	15
4213	19
4214	20
4215	10
4216	14
4217	28
4218	19
4219	24
4220	15
4221	15
4222	18
4223	7
4224	17
4225	20
4226	15
4227	14
4228	19
4229	12
4230	17
4231	18
4232	12
4233	20
4234	22
4235	17
4236	21
4237	15
4238	21
4239	15
4240	17
4241	18
4242	16
4243	18
4244	19
4245	19
4246	18
4247	15
4248	11
4249	22
4250	24
4251	14
4252	20
4253	14
4254	20
4255	19
4256	23
4257	17
4258	17
4259	21
4260	22
4261	11
4262	15
4263	16
4264	16
4265	15
4266	14
4267	19
4268	13
4269	13
4270	16
4271	16
4272	15
4273	19
4274	16
4275	13
4276	20
4277	26
4278	19
4279	12
4280	21
4281	16
4282	28
4283	23
4284	20
4285	9
4286	18
4287	16
4288	18
4289	19
4290	20
4291	14
4292	16
4293	18
4294	24
4295	29
4296	13
4297	18
4298	18
4299	17
4300	19
4301	18
4302	20
4303	13
4304	19
4305	20
4306	18
4307	15
4308	18
4309	14
4310	11
4311	24
4312	18
4313	16
4314	15
4315	17
4316	16
4317	26
4318	12
4319	17
4320	19
4321	14
4322	18
4323	18
4324	18
4325	17
4326	18
4327	13
4328	19
4329	24
4330	11
4331	14
4332	18
4333	18
4334	20
4335	20
4336	16
4337	26
4338	15
4339	21
4340	19
4341	12
4342	22
4343	16
4344	16
4345	11
4346	23
4347	19
4348	11
4349	24
4350	11
4351	12
4352	18
4353	22
4354	23
4355	18
4356	16
4357	24
4358	14
4359	15
4360	23
4361	19
4362	25
4363	18
4364	17
4365	32
4366	20
4367	21
4368	18
4369	16
4370	17
4371	20
4372	20
4373	14
4374	15
4375	23
4376	11
4377	17
4378	19
4379	18
4380	22
4381	17
4382	13
4383	26
4384	23
4385	14
4386	18
4387	17
4388	12
4389	15
4390	14
4391	19
4392	17
4393	17
4394	21
4395	20
4396	11
4397	22
4398	11
4399	14
4400	13
4401	20
4402	29
4403	15
4404	18
4405	20
4406	23
4407	20
4408	17
4409	25
4410	17
4411	18
4412	12
4413	23
4414	14
4415	9
4416	21
4417	16
4418	22
4419	18
4420	17
4421	16
4422	17
4423	16
4424	14
4425	17
4426	14
4427	15
4428	21
4429	21
4430	21
4431	18
4432	11
4433	15
4434	13
4435	19
4436	23
4437	23
4438	21
4439	18
4440	14
4441	19
4442	20
4443	22
4444	16
4445	19
4446	13
4447	23
4448	19
4449	16
4450	21
4451	14
4452	12
4453	17
4454	15
4455	13
4456	7
4457	11
4458	18
4459	10
4460	22
4461	16
4462	23
4463	14
4464	21
4465	21
4466	15
4467	10
4468	10
4469	22
4470	10
4471	23
4472	16
4473	11
4474	11
4475	16
4476	8
4477	14
4478	17
4479	11
4480	13
4481	21
4482	24
4483	14
4484	16
4485	11
4486	17
4487	9
4488	21
4489	13
4490	21
4491	13
4492	16
4493	12
4494	18
4495	12
4496	27
4497	17
4498	11
4499	16
4500	19
4501	21
4502	16
4503	17
4504	24
4505	18
4506	15
4507	19
4508	25
4509	11
4510	21
4511	19
4512	18
4513	13
4514	9
4515	25
4516	14
4517	16
4518	18
4519	16
4520	17
4521	17
4522	14
4523	12
4524	16
4525	17
4526	29
4527	22
4528	22
4529	15
4530	13
4531	14
4532	17
4533	17
4534	16
4535	13
4536	15
4537	22
4538	14
4539	18
4540	19
4541	12
4542	21
4543	12
4544	14
4545	9
4546	14
4547	16
4548	16
4549	11
4550	24
4551	7
4552	17
4553	18
4554	21
4555	25
4556	13
4557	15
4558	9
4559	12
4560	19
4561	15
4562	19
4563	9
4564	20
4565	13
4566	17
4567	12
4568	13
4569	19
4570	15
4571	13
4572	12
4573	13
4574	19
4575	16
4576	11
4577	25
4578	12
4579	19
4580	12
4581	23
4582	18
4583	24
4584	13
4585	17
4586	20
4587	13
4588	16
4589	24
4590	15
4591	25
4592	12
4593	19
4594	16
4595	11
4596	13
4597	18
4598	10
4599	19
4600	15
4601	13
4602	17
4603	17
4604	19
4605	20
4606	14
4607	14
4608	10
4609	17
4610	7
4611	12
4612	18
4613	9
4614	20
4615	9
4616	16
4617	23
4618	19
4619	17
4620	12
4621	12
4622	16
4623	19
4624	12
4625	14
4626	19
4627	21
4628	24
4629	16
4630	13
4631	14
4632	21
4633	16
4634	11
4635	17
4636	15
4637	17
4638	14
4639	8
4640	7
4641	19
4642	14
4643	14
4644	12
4645	16
4646	18
4647	15
4648	15
4649	11
4650	17
4651	15
4652	19
4653	14
4654	20
4655	20
4656	15
4657	14
4658	12
4659	7
4660	13
4661	21
4662	12
4663	13
4664	10
4665	17
4666	16
4667	21
4668	13
4669	11
4670	13
4671	21
4672	14
4673	14
4674	16
4675	17
4676	11
4677	16
4678	21
4679	12
4680	11
4681	19
4682	13
4683	14
4684	14
4685	17
4686	15
4687	12
4688	23
4689	15
4690	20
4691	17
4692	10
4693	17
4694	16
4695	19
4696	8
4697	11
4698	17
4699	19
4700	14
4701	18
4702	17
4703	17
4704	20
4705	13
4706	18
4707	14
4708	18
4709	12
4710	21
4711	24
4712	18
4713	16
4714	21
4715	19
4716	11
4717	16
4718	18
4719	12
4720	10
4721	14
4722	16
4723	15
4724	25
4725	12
4726	9
4727	17
4728	16
4729	14
4730	16
4731	20
4732	14
4733	9
4734	10
4735	16
4736	13
4737	14
4738	14
4739	17
4740	13
4741	11
4742	12
4743	17
4744	12
4745	15
4746	13
4747	13
4748	14
4749	15
4750	20
4751	18
4752	10
4753	16
4754	16
4755	16
4756	14
4757	15
4758	15
4759	13
4760	24
4761	13
4762	15
4763	20
4764	18
4765	11
4766	17
4767	14
4768	17
4769	14
4770	11
4771	17
4772	10
4773	21
4774	17
4775	16
4776	16
4777	18
4778	13
4779	15
4780	9
4781	5
4782	17
4783	11
4784	21
4785	13
4786	18
4787	12
4788	10
4789	19
4790	5
4791	19
4792	15
4793	17
4794	12
4795	11
4796	12
4797	23
4798	20
4799	12
4800	15
4801	12
4802	15
4803	14
4804	12
4805	16
4806	16
4807	9
4808	12
4809	14
4810	9
4811	12
4812	8
4813	11
4814	12
4815	16
4816	23
4817	16
4818	16
4819	15
4820	13
4821	20
4822	23
4823	13
4824	15
4825	14
4826	11
4827	14
4828	16
4829	27
4830	15
4831	16
4832	12
4833	16
4834	7
4835	19
4836	17
4837	18
4838	10
4839	17
4840	22
4841	19
4842	10
4843	14
4844	14
4845	15
4846	16
4847	17
4848	10
4849	15
4850	13
4851	14
4852	12
4853	14
4854	16
4855	15
4856	11
4857	12
4858	20
4859	20
4860	10
4861	15
4862	15
4863	20
4864	14
4865	18
4866	9
4867	11
4868	21
4869	20
4870	11
4871	14
4872	15
4873	18
4874	15
4875	18
4876	11
4877	19
4878	10
4879	12
4880	17
4881	17
4882	18
4883	11
4884	11
4885	18
4886	11
4887	18
4888	14
4889	21
4890	19
4891	15
4892	11
4893	13
4894	13
4895	12
4896	12
4897	13
4898	15
4899	10
4900	11
4901	15
4902	12
4903	15
4904	11
4905	14
4906	9
4907	15
4908	9
4909	13
4910	21
4911	10
4912	15
4913	7
4914	11
4915	12
4916	12
4917	23
4918	11
4919	13
4920	14
4921	26
4922	19
4923	22
4924	13
4925	14
4926	21
4927	15
4928	21
4929	18
4930	10
4931	10
4932	12
4933	21
4934	14
4935	16
4936	12
4937	11
4938	14
4939	16
4940	19
4941	14
4942	8
4943	8
4944	15
4945	10
4946	12
4947	10
4948	17
4949	13
4950	16
4951	20
4952	9
4953	17
4954	12
4955	11
4956	11
4957	13
4958	14
4959	8
4960	17
4961	16
4962	11
4963	9
4964	10
4965	18
4966	13
4967	10
4968	23
4969	16
4970	13
4971	16
4972	12
4973	21
4974	12
4975	10
4976	17
4977	12
4978	16
4979	12
4980	15
4981	11
4982	15
4983	18
4984	10
4985	23
4986	14
4987	7
4988	17
4989	16
4990	18
4991	12
4992	20
4993	10
4994	18
4995	15
4996	6
4997	16
4998	12
4999	17
5000	16
5001	13
5002	13
5003	8
5004	17
5005	16
5006	18
5007	13
5008	17
5009	21
5010	8
5011	23
5012	20
5013	17
5014	14
5015	14
5016	17
5017	17
5018	14
5019	9
5020	17
5021	14
5022	14
5023	12
5024	15
5025	9
5026	14
5027	16
5028	12
5029	16
5030	6
5031	19
5032	12
5033	12
5034	11
5035	10
5036	17
5037	8
5038	15
5039	24
5040	11
5041	16
5042	17
5043	7
5044	18
5045	17
5046	17
5047	11
5048	19
5049	10
5050	19
5051	19
5052	12
5053	14
5054	13
5055	21
5056	12
5057	7
5058	13
5059	21
5060	18
5061	12
5062	18
5063	15
5064	14
5065	7
5066	16
5067	15
5068	5
5069	15
5070	9
5071	9
5072	22
5073	9
5074	11
5075	14
5076	12
5077	8
5078	15
5079	13
5080	14
5081	15
5082	13
5083	17
5084	18
5085	16
5086	12
5087	14
5088	9
5089	16
5090	21
5091	15
5092	14
5093	16
5094	20
5095	10
5096	13
5097	10
5098	11
5099	15
5100	16
5101	16
5102	15
5103	12
5104	17
5105	15
5106	13
5107	15
5108	18
5109	15
5110	15
5111	12
5112	15
5113	16
5114	8
5115	12
5116	15
5117	13
5118	10
5119	16
5120	16
5121	8
5122	14
5123	14
5124	11
5125	15
5126	11
5127	13
5128	12
5129	18
5130	7
5131	10
5132	8
5133	12
5134	15
5135	16
5136	16
5137	21
5138	11
5139	13
5140	11
5141	11
5142	19
5143	11
5144	19
5145	18
5146	11
5147	16
5148	16
5149	14
5150	11
5151	9
5152	17
5153	10
5154	26
5155	15
5156	18
5157	15
5158	13
5159	30
5160	9
5161	16
5162	12
5163	11
5164	14
5165	19
5166	14
5167	14
5168	20
5169	11
5170	18
5171	13
5172	16
5173	13
5174	19
5175	14
5176	20
5177	13
5178	12
5179	18
5180	17
5181	10
5182	16
5183	15
5184	19
5185	21
5186	14
5187	9
5188	24
5189	12
5190	11
5191	12
5192	18
5193	28
5194	13
5195	11
5196	9
5197	15
5198	14
5199	13
5200	7
5201	20
5202	17
5203	15
5204	11
5205	5
5206	10
5207	21
5208	13
5209	21
5210	18
5211	11
5212	11
5213	17
5214	20
5215	20
5216	11
5217	16
5218	20
5219	14
5220	15
5221	12
5222	6
5223	10
5224	17
5225	17
5226	15
5227	13
5228	10
5229	13
5230	15
5231	14
5232	15
5233	9
5234	15
5235	13
5236	19
5237	16
5238	12
5239	12
5240	11
5241	18
5242	11
5243	10
5244	12
5245	16
5246	18
5247	14
5248	12
5249	13
5250	13
5251	14
5252	10
5253	12
5254	16
5255	14
5256	16
5257	17
5258	20
5259	18
5260	11
5261	18
5262	12
5263	18
5264	12
5265	17
5266	16
5267	11
5268	15
5269	13
5270	20
5271	21
5272	18
5273	19
5274	15
5275	8
5276	20
5277	10
5278	13
5279	14
5280	11
5281	18
5282	22
5283	20
5284	16
5285	12
5286	15
5287	15
5288	12
5289	16
5290	12
5291	12
5292	9
5293	13
5294	7
5295	20
5296	22
5297	16
5298	18
5299	16
5300	11
5301	15
5302	13
5303	13
5304	13
5305	17
5306	16
5307	13
5308	12
5309	15
5310	16
5311	14
5312	17
5313	17
5314	12
5315	15
5316	15
5317	12
5318	11
5319	15
5320	10
5321	14
5322	12
5323	13
5324	9
5325	16
5326	12
5327	17
5328	23
5329	23
5330	17
5331	11
5332	19
5333	19
5334	17
5335	16
5336	18
5337	16
5338	15
5339	8
5340	10
5341	27
5342	14
5343	13
5344	13
5345	18
5346	21
5347	8
5348	13
5349	14
5350	16
5351	13
5352	16
5353	19
5354	17
5355	18
5356	10
5357	12
5358	14
5359	14
5360	15
5361	12
5362	17
5363	19
5364	12
5365	21
5366	11
5367	22
5368	15
5369	17
5370	12
5371	10
5372	6
5373	16
5374	18
5375	13
5376	10
5377	19
5378	13
5379	14
5380	14
5381	15
5382	17
5383	13
5384	15
5385	14
5386	19
5387	17
5388	14
5389	19
5390	23
5391	11
5392	14
5393	19
5394	11
5395	14
5396	19
5397	19
5398	8
5399	10
5400	11
5401	9
5402	8
5403	13
5404	15
5405	18
5406	18
5407	13
5408	20
5409	21
5410	19
5411	15
5412	11
5413	11
5414	9
5415	13
5416	14
5417	14
5418	15
5419	8
5420	15
5421	15
5422	9
5423	18
5424	17
5425	18
5426	14
5427	19
5428	13
5429	19
5430	18
5431	14
5432	7
5433	16
5434	15
5435	14
5436	14
5437	21
5438	13
5439	15
5440	15
5441	11
5442	14
5443	19
5444	11
5445	15
5446	10
5447	16
5448	20
5449	19
5450	12
5451	12
5452	23
5453	13
5454	18
5455	13
5456	17
5457	9
5458	12
5459	14
5460	14
5461	18
5462	13
5463	16
5464	16
5465	14
5466	8
5467	16
5468	12
5469	23
5470	15
5471	9
5472	14
5473	11
5474	16
5475	7
5476	15
5477	16
5478	26
5479	15
5480	11
5481	23
5482	7
5483	16
5484	14
5485	15
5486	10
5487	17
5488	13
5489	16
5490	16
5491	12
5492	14
5493	11
5494	12
5495	12
5496	14
5497	10
5498	16
5499	22
5500	9
5501	9
5502	16
5503	8
5504	16
5505	12
5506	11
5507	21
5508	12
5509	13
5510	13
5511	22
5512	21
5513	22
5514	9
5515	17
5516	16
5517	15
5518	16
5519	15
5520	16
5521	17
5522	15
5523	19
5524	18
5525	21
5526	22
5527	17
5528	16
5529	15
5530	14
5531	7
5532	22
5533	16
5534	8
5535	17
5536	23
5537	15
5538	15
5539	19
5540	15
5541	14
5542	18
5543	19
5544	16
5545	14
5546	15
5547	12
5548	8
5549	21
5550	13
5551	15
5552	24
5553	15
5554	14
5555	15
5556	10
5557	16
5558	13
5559	18
5560	20
5561	13
5562	15
5563	15
5564	20
5565	18
5566	13
5567	30
5568	20
5569	18
5570	14
5571	14
5572	18
5573	16
5574	13
5575	21
5576	12
5577	18
5578	22
5579	10
5580	22
5581	19
5582	19
5583	12
5584	21
5585	7
5586	9
5587	17
5588	21
5589	17
5590	19
5591	10
5592	16
5593	11
5594	19
5595	11
5596	15
5597	13
5598	19
5599	13
5600	14
5601	12
5602	14
5603	17
5604	19
5605	14
5606	15
5607	15
5608	10
5609	16
5610	13
5611	11
5612	17
5613	20
5614	13
5615	16
5616	15
5617	14
5618	15
5619	15
5620	10
5621	17
5622	18
5623	13
5624	16
5625	16
5626	19
5627	20
5628	11
5629	14
5630	12
5631	14
5632	14
5633	17
5634	20
5635	13
5636	16
5637	15
5638	24
5639	11
5640	14
5641	18
5642	11
5643	17
5644	15
5645	16
5646	13
5647	11
5648	14
5649	19
5650	15
5651	13
5652	19
5653	17
5654	21
5655	20
5656	13
5657	18
5658	9
5659	16
5660	15
5661	10
5662	21
5663	17
5664	18
5665	18
5666	18
5667	17
5668	11
5669	16
5670	10
5671	11
5672	13
5673	13
5674	10
5675	16
5676	15
5677	14
5678	11
5679	12
5680	15
5681	22
5682	14
5683	21
5684	17
5685	17
5686	19
5687	7
5688	18
5689	12
5690	15
5691	13
5692	13
5693	18
5694	21
5695	15
5696	8
5697	12
5698	22
5699	10
5700	9
5701	20
5702	12
5703	16
5704	10
5705	10
5706	13
5707	13
5708	17
5709	14
5710	22
5711	17
5712	19
5713	17
5714	15
5715	13
5716	19
5717	13
5718	15
5719	14
5720	16
5721	21
5722	20
5723	18
5724	12
5725	21
5726	20
5727	15
5728	21
5729	11
5730	16
5731	23
5732	10
5733	17
5734	18
5735	14
5736	19
5737	16
5738	14
5739	14
5740	11
5741	17
5742	15
5743	18
5744	9
5745	14
5746	20
5747	18
5748	17
5749	15
5750	15
5751	16
5752	18
5753	9
5754	16
5755	9
5756	13
5757	22
5758	13
5759	14
5760	18
5761	15
5762	12
5763	15
5764	20
5765	18
5766	16
5767	9
5768	15
5769	20
5770	20
5771	23
5772	15
5773	13
5774	18
5775	19
5776	26
5777	9
5778	18
5779	21
5780	8
5781	11
5782	13
5783	12
5784	16
5785	14
5786	19
5787	14
5788	24
5789	15
5790	18
5791	20
5792	14
5793	14
5794	11
5795	18
5796	9
5797	16
5798	14
5799	23
5800	13
5801	24
5802	21
5803	17
5804	22
5805	18
5806	18
5807	15
5808	20
5809	20
5810	19
5811	12
5812	17
5813	13
5814	14
5815	21
5816	13
5817	14
5818	16
5819	8
5820	19
5821	16
5822	13
5823	16
5824	6
5825	9
5826	17
5827	17
5828	20
5829	18
5830	8
5831	13
5832	17
5833	18
5834	13
5835	12
5836	16
5837	19
5838	20
5839	17
5840	22
5841	14
5842	13
5843	19
5844	20
5845	18
5846	17
5847	28
5848	25
5849	22
5850	20
5851	14
5852	14
5853	17
5854	18
5855	13
5856	19
5857	20
5858	17
5859	22
5860	12
5861	16
5862	14
5863	12
5864	14
5865	22
5866	15
5867	22
5868	14
5869	15
5870	18
5871	14
5872	24
5873	11
5874	17
5875	16
5876	17
5877	17
5878	15
5879	21
5880	13
5881	15
5882	14
5883	13
5884	18
5885	17
5886	23
5887	14
5888	19
5889	19
5890	18
5891	15
5892	17
5893	17
5894	15
5895	16
5896	17
5897	12
5898	11
5899	23
5900	13
5901	11
5902	14
5903	19
5904	17
5905	17
5906	15
5907	20
5908	14
5909	17
5910	11
5911	18
5912	17
5913	15
5914	11
5915	19
5916	15
5917	19
5918	14
5919	20
5920	12
5921	20
5922	16
5923	10
5924	24
5925	21
5926	9
5927	14
5928	14
5929	20
5930	23
5931	20
5932	19
5933	10
5934	25
5935	12
5936	22
5937	18
5938	14
5939	17
5940	17
5941	16
5942	25
5943	13
5944	13
5945	16
5946	19
5947	14
5948	13
5949	21
5950	16
5951	20
5952	25
5953	12
5954	17
5955	16
5956	19
5957	13
5958	27
5959	20
5960	19
5961	12
5962	15
5963	14
5964	19
5965	18
5966	15
5967	19
5968	18
5969	21
5970	18
5971	13
5972	13
5973	26
5974	19
5975	18
5976	12
5977	19
5978	11
5979	11
5980	16
5981	15
5982	20
5983	19
5984	15
5985	17
5986	16
5987	22
5988	19
5989	9
5990	22
5991	15
5992	21
5993	23
5994	20
5995	21
5996	18
5997	16
5998	15
5999	19
6000	19
6001	25
6002	19
6003	27
6004	24
6005	21
6006	18
6007	17
6008	19
6009	13
6010	19
6011	17
6012	17
6013	12
6014	16
6015	24
6016	12
6017	10
6018	14
6019	22
6020	20
6021	13
6022	23
6023	24
6024	17
6025	13
6026	14
6027	20
6028	15
6029	24
6030	20
6031	20
6032	14
6033	17
6034	19
6035	19
6036	13
6037	15
6038	18
6039	18
6040	20
6041	25
6042	22
6043	14
6044	17
6045	19
6046	18
6047	17
6048	23
6049	21
6050	24
6051	13
6052	18
6053	16
6054	20
6055	18
6056	22
6057	20
6058	27
6059	19
6060	12
6061	18
6062	19
6063	21
6064	15
6065	17
6066	16
6067	19
6068	14
6069	17
6070	17
6071	23
6072	20
6073	14
6074	21
6075	17
6076	24
6077	23
6078	18
6079	18
6080	18
6081	26
6082	17
6083	17
6084	19
6085	20
6086	11
6087	22
6088	12
6089	24
6090	13
6091	20
6092	18
6093	28
6094	27
6095	16
6096	21
6097	21
6098	14
6099	12
6100	18
6101	21
6102	28
6103	29
6104	16
6105	24
6106	11
6107	19
6108	12
6109	20
6110	22
6111	18
6112	15
6113	16
6114	18
6115	20
6116	18
6117	27
6118	17
6119	15
6120	17
6121	18
6122	22
6123	25
6124	22
6125	19
6126	20
6127	21
6128	17
6129	32
6130	23
6131	28
6132	23
6133	17
6134	33
6135	23
6136	17
6137	25
6138	22
6139	18
6140	18
6141	13
6142	30
6143	18
6144	25
6145	24
6146	18
6147	13
6148	29
6149	18
6150	29
6151	17
6152	20
6153	17
6154	27
6155	19
6156	21
6157	13
6158	23
6159	20
6160	19
6161	16
6162	17
6163	23
6164	28
6165	18
6166	27
6167	30
6168	17
6169	18
6170	25
6171	22
6172	23
6173	22
6174	17
6175	21
6176	14
6177	15
6178	16
6179	18
6180	30
6181	18
6182	19
6183	18
6184	28
6185	35
6186	16
6187	21
6188	13
6189	13
6190	19
6191	25
6192	29
6193	13
6194	20
6195	23
6196	15
6197	21
6198	24
6199	24
6200	18
6201	31
6202	21
6203	28
6204	26
6205	14
6206	17
6207	22
6208	13
6209	20
6210	32
6211	23
6212	27
6213	17
6214	18
6215	30
6216	23
6217	27
6218	23
6219	30
6220	25
6221	27
6222	24
6223	21
6224	19
6225	26
6226	20
6227	26
6228	25
6229	22
6230	21
6231	36
6232	15
6233	21
6234	22
6235	21
6236	20
6237	26
6238	29
6239	23
6240	21
6241	28
6242	20
6243	27
6244	27
6245	28
6246	19
6247	23
6248	30
6249	23
6250	37
6251	16
6252	27
6253	20
6254	25
6255	21
6256	20
6257	27
6258	25
6259	28
6260	24
6261	16
6262	19
6263	23
6264	24
6265	35
6266	21
6267	28
6268	27
6269	25
6270	25
6271	21
6272	23
6273	35
6274	27
6275	27
6276	29
6277	31
6278	31
6279	25
6280	20
6281	30
6282	19
6283	26
6284	17
6285	31
6286	22
6287	21
6288	27
6289	24
6290	38
6291	21
6292	25
6293	29
6294	29
6295	27
6296	19
6297	25
6298	25
6299	33
6300	31
6301	23
6302	21
6303	30
6304	25
6305	30
6306	34
6307	30
6308	25
6309	27
6310	23
6311	26
6312	18
6313	32
6314	28
6315	25
6316	29
6317	20
6318	34
6319	27
6320	23
6321	25
6322	26
6323	18
6324	33
6325	26
6326	23
6327	28
6328	27
6329	34
6330	22
6331	26
6332	27
6333	22
6334	23
6335	25
6336	32
6337	26
6338	31
6339	28
6340	26
6341	30
6342	30
6343	31
6344	27
6345	24
6346	24
6347	25
6348	24
6349	25
6350	24
6351	30
6352	29
6353	28
6354	21
6355	22
6356	26
6357	24
6358	24
6359	35
6360	34
6361	17
6362	25
6363	32
6364	33
6365	25
6366	28
6367	33
6368	26
6369	38
6370	28
6371	22
6372	24
6373	36
6374	33
6375	25
6376	33
6377	23
6378	30
6379	22
6380	26
6381	21
6382	29
6383	32
6384	22
6385	29
6386	27
6387	38
6388	27
6389	28
6390	28
6391	28
6392	32
6393	23
6394	22
6395	31
6396	30
6397	25
6398	23
6399	39
6400	28
6401	25
6402	33
6403	32
6404	25
6405	25
6406	36
6407	22
6408	30
6409	30
6410	38
6411	33
6412	36
6413	31
6414	24
6415	26
6416	31
6417	28
6418	29
6419	31
6420	27
6421	38
6422	30
6423	25
6424	26
6425	30
6426	28
6427	25
6428	28
6429	24
6430	26
6431	30
6432	31
6433	15
6434	32
6435	28
6436	36
6437	29
6438	33
6439	33
6440	31
6441	21
6442	36
6443	30
6444	35
6445	30
6446	28
6447	25
6448	19
6449	32
6450	35
6451	24
6452	19
6453	40
6454	31
6455	33
6456	35
6457	39
6458	31
6459	20
6460	32
6461	22
6462	29
6463	25
6464	31
6465	35
6466	32
6467	34
6468	28
6469	33
6470	38
6471	42
6472	31
6473	33
6474	40
6475	36
6476	30
6477	28
6478	35
6479	22
6480	30
6481	34
6482	36
6483	34
6484	32
6485	22
6486	27
6487	32
6488	30
6489	31
6490	39
6491	27
6492	39
6493	27
6494	38
6495	35
6496	24
6497	34
6498	31
6499	24
6500	29
6501	32
6502	33
6503	23
6504	27
6505	38
6506	24
6507	27
6508	35
6509	40
6510	28
6511	18
6512	44
6513	29
6514	42
6515	21
6516	37
6517	21
6518	35
6519	28
6520	39
6521	26
6522	36
6523	26
6524	28
6525	34
6526	33
6527	25
6528	34
6529	34
6530	36
6531	28
6532	35
6533	32
6534	28
6535	29
6536	20
6537	38
6538	24
6539	27
6540	32
6541	37
6542	47
6543	31
6544	35
6545	29
6546	27
6547	34
6548	26
6549	26
6550	31
6551	43
6552	32
6553	33
6554	27
6555	20
6556	31
6557	20
6558	28
6559	43
6560	26
6561	31
6562	36
6563	32
6564	32
6565	30
6566	27
6567	41
6568	35
6569	29
6570	29
6571	33
6572	32
6573	26
6574	24
6575	29
6576	30
6577	27
6578	25
6579	28
6580	26
6581	25
6582	29
6583	32
6584	20
6585	29
6586	27
6587	36
6588	21
6589	33
6590	28
6591	33
6592	30
6593	27
6594	24
6595	30
6596	38
6597	20
6598	29
6599	27
6600	28
6601	28
6602	28
6603	35
6604	25
6605	41
6606	24
6607	28
6608	42
6609	31
6610	29
6611	23
6612	42
6613	26
6614	25
6615	22
6616	31
6617	28
6618	24
6619	30
6620	23
6621	30
6622	27
6623	36
6624	31
6625	30
6626	25
6627	25
6628	26
6629	30
6630	25
6631	28
6632	30
6633	29
6634	22
6635	30
6636	24
6637	22
6638	28
6639	23
6640	27
6641	33
6642	27
6643	27
6644	28
6645	21
6646	22
6647	20
6648	27
6649	21
6650	23
6651	23
6652	19
6653	27
6654	34
6655	22
6656	20
6657	18
6658	23
6659	31
6660	19
6661	24
6662	24
6663	25
6664	23
6665	29
6666	20
6667	21
6668	18
6669	28
6670	23
6671	27
6672	19
6673	21
6674	23
6675	18
6676	16
6677	26
6678	19
6679	28
6680	21
6681	26
6682	22
6683	32
6684	21
6685	23
6686	24
6687	24
6688	18
6689	20
6690	18
6691	31
6692	26
6693	20
6694	18
6695	22
6696	26
6697	31
6698	17
6699	22
6700	15
6701	17
6702	21
6703	13
6704	17
6705	25
6706	15
6707	23
6708	22
6709	12
6710	23
6711	21
6712	17
6713	13
6714	13
6715	15
6716	17
6717	14
6718	30
6719	18
6720	23
6721	18
6722	14
6723	30
6724	18
6725	28
6726	18
6727	18
6728	16
6729	21
6730	21
6731	19
6732	19
6733	17
6734	17
6735	23
6736	11
6737	20
6738	14
6739	14
6740	23
6741	17
6742	12
6743	21
6744	16
6745	17
6746	17
6747	17
6748	19
6749	16
6750	18
6751	10
6752	24
6753	15
6754	14
6755	17
6756	16
6757	19
6758	11
6759	19
6760	13
6761	13
6762	11
6763	15
6764	12
6765	13
6766	13
6767	16
6768	13
6769	15
6770	20
6771	15
6772	14
6773	18
6774	12
6775	20
6776	17
6777	13
6778	14
6779	14
6780	11
6781	7
6782	13
6783	17
6784	15
6785	13
6786	16
6787	17
6788	20
6789	9
6790	13
6791	12
6792	15
6793	16
6794	12
6795	15
6796	9
6797	12
6798	11
6799	14
6800	12
6801	12
6802	10
6803	11
6804	13
6805	5
6806	16
6807	20
6808	5
6809	8
6810	9
6811	6
6812	9
6813	9
6814	8
6815	8
6816	16
6817	10
6818	7
6819	13
6820	11
6821	6
6822	12
6823	8
6824	13
6825	7
6826	8
6827	10
6828	10
6829	8
6830	5
6831	7
6832	7
6833	12
6834	10
6835	5
6836	5
6837	7
6838	7
6839	7
6840	7
6841	13
6842	6
6843	9
6844	14
6845	9
6846	7
6847	6
6848	7
6849	6
6850	8
6851	3
6852	8
6853	9
6854	9
6855	6
6856	6
6857	7
6858	5
6859	6
6860	10
6861	11
6862	5
6863	6
6864	7
6865	11
6866	8
6867	6
6868	7
6869	10
6870	9
6871	8
6872	4
6873	3
6874	5
6875	5
6876	5
6877	8
6878	7
6879	7
6880	5
6881	6
6882	9
6883	6
6884	7
6885	4
6886	8
6887	7
6888	4
6889	7
6890	8
6891	10
6892	3
6893	2
6894	5
6895	8
6896	5
6897	3
6898	7
6899	5
6900	6
6901	6
6902	3
6903	8
6904	5
6905	8
6906	5
6907	4
6908	2
6909	5
6910	5
6911	7
6912	5
6913	6
6914	4
6915	2
6916	3
6917	5
6918	2
6919	5
6920	0
6921	5
6922	6
6923	3
6924	5
6925	4
6926	1
6927	5
6928	3
6929	7
6930	5
6931	9
6932	2
6933	2
6934	5
6935	4
6936	0
6937	5
6938	3
6939	5
6940	5
6941	8
6942	5
6943	4
6944	5
6945	4
6946	4
6947	5
6948	1
6949	4
6950	4
6951	2
6952	5
6953	6
6954	2
6955	3
6956	1
6957	4
6958	6
6959	1
6960	4
6961	2
6962	1
6963	6
6964	3
6965	3
6966	2
6967	2
6968	2
6969	4
6970	1
6971	1
6972	1
6973	3
6974	4
6975	4
6976	3
6977	3
6978	2
6979	4
6980	5
6981	2
6982	0
6983	3
6984	0
6985	1
6986	1
6987	1
6988	2
6989	2
6990	1
6991	1
6992	1
6993	1
6994	1
6995	4
6996	4
6997	1
6998	2
6999	0
7000	1
7001	2
7002	0
7003	2
7004	0
7005	1
7006	2
7007	3
7008	0
7009	1
7010	3
7011	2
7012	1
7013	2
7014	1
7015	3
7016	3
7017	1
7018	4
7019	0
7020	0
7021	1
7022	1
7023	2
7024	2
7025	2
7026	3
7027	2
7028	1
7029	5
7030	1
7031	1
7032	1
7033	5
7034	0
7035	1
7036	1
7037	1
7038	2
7039	1
7040	3
7041	1
7042	1
7043	0
7044	2
7045	4
7046	1
7047	1
7048	3
7049	0
7050	0
7051	0
7052	0
7053	3
7054	2
7055	0
7056	2
7057	0
7058	0
7059	0
7060	1
7061	0
7062	1
7063	2
7064	2
7065	0
7066	4
7067	1
7068	3
7069	3
7070	2
7071	2
7072	1
7073	1
7074	2
7075	0
7076	2
7077	0
7078	0
7079	1
7080	1
7081	1
7082	0
7083	3
7084	1
7085	1
7086	2
7087	3
7088	0
7089	0
7090	2
7091	1
7092	0
7093	1
7094	1
7095	1
7096	0
7097	1
7098	1
7099	0
7100	1
7101	2
7102	2
7103	1
7104	1
7105	2
7106	0
7107	1
7108	0
7109	1
7110	0
7111	1
7112	0
7113	3
7114	0
7115	0
7116	2
7117	1
7118	0
7119	0
7120	0
7121	1
7122	2
7123	1
7124	0
7125	2
7126	0
7127	1
7128	0
7129	2
7130	0
7131	0
7132	2
7133	2
7134	0
7135	1
7136	0
7137	0
7138	0
7139	1
7140	0
7141	0
7142	0
7143	1
7144	2
7145	1
7146	2
7147	2
7148	2
7149	0
7150	1
7151	1
7152	0
7153	1
7154	1
7155	0
7156	0
7157	0
7158	0
7159	3
7160	0
7161	0
7162	1
7163	0
7164	0
7165	1
7166	0
7167	0
7168	0
7169	0
7170	0
7171	0
7172	0
7173	0
7174	2
7175	0
7176	0
7177	1
7178	0
7179	0
7180	0
7181	0
7182	1
7183	2
7184	0
7185	1
7186	2
7187	0
7188	1
7189	3
7190	0
7191	3
7192	3
7193	1
7194	0
7195	0
7196	1
7197	1
7198	0
7199	2
7200	1
7201	0
7202	0
7203	0
7204	0
7205	0
7206	0
7207	1
7208	0
7209	0
7210	0
7211	0
7212	0
7213	1
7214	0
7215	0
7216	1
7217	1
7218	1
7219	1
7220	0
7221	0
7222	0
7223	0
7224	0
7225	1
7226	0
7227	1
7228	0
7229	1
7230	0
7231	0
7232	0
7233	0
7234	0
7235	2
7236	0
7237	0
7238	1
7239	0
7240	0
7241	1
7242	0
7243	2
7244	0
7245	0
7246	1
7247	1
7248	0
7249	0
7250	1
7251	0
7252	1
7253	1
7254	1
7255	0
7256	0
7257	3
7258	1
7259	1
7260	1
7261	0
7262	1
7263	0
7264	0
7265	0
7266	0
7267	0
7268	3
7269	0
7270	1
7271	0
7272	0
7273	2
7274	1
7275	3
7276	0
7277	0
7278	0
7279	0
7280	0
7281	1
7282	1
7283	0
7284	0
7285	0
7286	0
7287	0
7288	0
7289	1
7290	1
7291	1
7292	0
7293	0
7294	0
7295	0
7296	1
7297	0
7298	0
7299	1
7300	0
7301	0
7302	1
7303	0
7304	1
7305	0
7306	0
7307	0
7308	3
7309	1
7310	1
7311	0
7312	1
7313	0
7314	1
7315	2
7316	1
7317	0
7318	0
7319	0
7320	0
7321	0
7322	0
7323	0
7324	0
7325	0
7326	2
7327	0
7328	0
7329	2
7330	0
7331	1
7332	0
7333	1
7334	2
7335	0
7336	3
7337	1
7338	0
7339	0
7340	0
7341	0
7342	1
7343	2
7344	1
7345	0
7346	1
7347	0
7348	0
7349	0
7350	1
7351	1
7352	1
7353	2
7354	0
7355	2
7356	2
7357	0
7358	0
7359	0
7360	0
7361	1
7362	0
7363	0
7364	0
7365	1
7366	1
7367	1
7368	0
7369	0
7370	0
7371	0
7372	0
7373	0
7374	1
7375	1
7376	1
7377	0
7378	0
7379	1
7380	0
7381	0
7382	0
7383	1
7384	0
7385	0
7386	1
7387	1
7388	2
7389	2
7390	1
7391	1
7392	1
7393	1
7394	0
7395	1
7396	0
7397	0
7398	0
7399	0
7400	0
7401	1
7402	0
7403	0
7404	0
7405	0
7406	0
7407	0
7408	0
7409	0
7410	1
7411	0
7412	2
7413	2
7414	0
7415	1
7416	0
7417	1
7418	1
7419	0
7420	1
7421	1
7422	1
7423	0
7424	1
7425	0
7426	0
7427	1
7428	2
7429	0
7430	1
7431	1
7432	1
7433	0
7434	2
7435	0
7436	2
7437	1
7438	0
7439	1
7440	1
7441	2
7442	0
7443	0
7444	0
7445	1
7446	0
7447	2
7448	1
7449	0
7450	1
7451	2
7452	0
7453	2
7454	0
7455	1
7456	1
7457	2
7458	2
7459	0
7460	0
7461	0
7462	1
7463	0
7464	0
7465	0
7466	1
7467	0
7468	0
7469	0
7470	1
7471	0
7472	0
7473	0
7474	0
7475	0
7476	1
7477	2
7478	0
7479	1
7480	0
7481	0
7482	0
7483	0
7484	1
7485	0
7486	0
7487	1
7488	1
7489	1
7490	2
7491	0
7492	1
7493	1
7494	0
7495	2
7496	1
7497	1
7498	0
7499	0
7500	0
7501	0
7502	1
7503	0
7504	0
7505	0
7506	0
7507	1
7508	0
7509	1
7510	0
7511	0
7512	1
7513	1
7514	0
7515	0
7516	1
7517	0
7518	0
7519	1
7520	0
7521	1
7522	0
7523	1
7524	1
7525	0
7526	0
7527	1
7528	0
7529	1
7530	0
7531	0
7532	0
7533	0
7534	0
7535	1
7536	0
7537	0
7538	1
7539	0
7540	0
7541	0
7542	0
7543	0
7544	0
7545	0
7546	0
7547	0
7548	1
7549	1
7550	1
7551	0
7552	1
7553	1
7554	0
7555	0
7556	0
7557	2
7558	2
7559	1
7560	0
7561	0
7562	0
7563	0
7564	1
7565	0
7566	0
7567	1
7568	0
7569	1
7570	0
7571	1
7572	0
7573	1
7574	0
7575	0
7576	0
7577	0
7578	0
7579	1
7580	0
7581	0
7582	0
7583	1
7584	0
7585	0
7586	1
7587	0
7588	1
7589	0
7590	0
7591	0
7592	0
7593	0
7594	1
7595	1
7596	0
7597	0
7598	1
7599	1
7600	2
7601	1
7602	1
7603	1
7604	1
7605	2
7606	0
7607	1
7608	0
7609	0
7610	0
7611	1
7612	0
7613	0
7614	2
7615	1
7616	0
7617	0
7618	1
7619	1
7620	1
7621	0
7622	0
7623	1
7624	0
7625	0
7626	0
7627	1
7628	0
7629	0
7630	0
7631	0
7632	1
7633	1
7634	0
7635	1
7636	2
7637	0
7638	0
7639	0
7640	0
7641	0
7642	1
7643	0
7644	2
7645	0
7646	1
7647	0
7648	2
7649	0
7650	1
7651	2
7652	0
7653	0
7654	1
7655	2
7656	1
7657	1
7658	1
7659	0
7660	0
7661	0
7662	0
7663	0
7664	3
7665	2
7666	1
7667	0
7668	0
7669	0
7670	0
7671	1
7672	0
7673	0
7674	0
7675	0
7676	1
7677	0
7678	0
7679	0
7680	0
7681	1
7682	0
7683	0
7684	0
7685	0
7686	0
7687	0
7688	0
7689	0
7690	0
7691	1
7692	1
7693	0
7694	0
7695	1
7696	0
7697	1
7698	0
7699	1
7700	1
7701	0
7702	1
7703	0
7704	0
7705	0
7706	0
7707	1
7708	0
7709	0
7710	0
7711	0
7712	0
7713	1
7714	0
7715	1
7716	0
7717	2
7718	0
7719	1
7720	1
7721	0
7722	1
7723	0
7724	0
7725	1
7726	2
7727	1
7728	2
7729	0
7730	0
7731	0
7732	0
7733	0
7734	1
7735	0
7736	0
7737	0
7738	1
7739	0
7740	0
7741	0
7742	1
7743	0
7744	0
7745	0
7746	0
7747	1
7748	2
7749	0
7750	2
7751	0
7752	0
7753	0
7754	1
7755	0
7756	1
7757	0
7758	0
7759	0
7760	1
7761	1
7762	0
7763	0
7764	1
7765	0
7766	2
7767	1
7768	0
7769	0
7770	0
7771	0
7772	1
7773	1
7774	0
7775	1
7776	0
7777	0
7778	1
7779	1
7780	0
7781	1
7782	0
7783	0
7784	2
7785	0
7786	0
7787	0
7788	3
7789	0
7790	0
7791	2
7792	0
7793	1
7794	0
7795	1
7796	0
7797	0
7798	0
7799	1
7800	0
7801	0
7802	0
7803	0
7804	0
7805	0
7806	0
7807	0
7808	0
7809	0
7810	0
7811	0
7812	1
7813	1
7814	1
7815	1
7816	0
7817	0
7818	0
7819	1
7820	0
7821	0
7822	0
7823	0
7824	1
7825	0
7826	0
7827	0
7828	1
7829	2
7830	0
7831	1
7832	2
7833	0
7834	1
7835	0
7836	1
7837	1
7838	0
7839	2
7840	2
7841	0
7842	0
7843	0
7844	1
7845	1
7846	0
7847	1
7848	0
7849	1
7850	0
7851	1
7852	1
7853	0
7854	0
7855	0
7856	0
7857	0
7858	0
7859	1
7860	2
7861	0
7862	1
7863	0
7864	0
7865	2
7866	0
7867	0
7868	0
7869	0
7870	0
7871	1
7872	0
7873	0
7874	0
7875	2
7876	0
7877	1
7878	1
7879	0
7880	2
7881	0
7882	1
7883	0
7884	1
7885	2
7886	1
7887	0
7888	0
7889	0
7890	1
7891	1
7892	0
7893	0
7894	0
7895	0
7896	0
7897	0
7898	0
7899	1
7900	0
7901	0
7902	2
7903	2
7904	0
7905	0
7906	0
7907	0
7908	0
7909	1
7910	0
7911	1
7912	0
7913	0
7914	1
7915	0
7916	0
7917	1
7918	1
7919	0
7920	0
7921	0
7922	0
7923	0
7924	0
7925	0
7926	1
7927	0
7928	0
7929	0
7930	1
7931	0
7932	1
7933	1
7934	0
7935	0
7936	1
7937	0
7938	0
7939	2
7940	0
7941	0
7942	0
7943	1
7944	0
7945	2
7946	0
7947	0
7948	0
7949	1
7950	1
7951	0
7952	0
7953	0
7954	0
7955	1
7956	0
7957	0
7958	0
7959	3
7960	0
7961	0
7962	0
7963	2
7964	0
7965	0
7966	0
7967	1
7968	0
7969	1
7970	0
7971	1
7972	0
7973	1
7974	0
7975	0
7976	1
7977	0
7978	0
7979	0
7980	0
7981	1
7982	0
7983	0
7984	1
7985	2
7986	1
7987	1
7988	0
7989	1
7990	1
7991	1
7992	0
7993	0
7994	0
7995	1
7996	0
7997	0
7998	0
7999	0
8000	0
8001	1
8002	0
8003	0
8004	1
8005	1
8006	0
8007	1
8008	0
8009	0
8010	0
8011	0
8012	0
8013	0
8014	0
8015	0
8016	1
8017	0
8018	0
8019	0
8020	0
8021	1
8022	0
8023	0
8024	0
8025	1
8026	0
8027	0
8028	0
8029	0
8030	1
8031	0
8032	2
8033	0
8034	2
8035	1
8036	0
8037	0
8038	0
8039	2
8040	0
8041	0
8042	0
8043	2
8044	1
8045	0
8046	0
8047	0
8048	0
8049	0
8050	0
8051	1
8052	1
8053	1
8054	0
8055	1
8056	0
8057	0
8058	1
8059	1
8060	0
8061	0
8062	0
8063	1
8064	0
8065	0
8066	1
8067	0
8068	0
8069	0
8070	0
8071	1
8072	0
8073	0
8074	1
8075	0
8076	0
8077	1
8078	0
8079	2
8080	0
8081	0
8082	0
8083	0
8084	0
8085	0
8086	0
8087	0
8088	0
8089	0
8090	0
8091	0
8092	0
8093	0
8094	0
8095	0
8096	0
8097	0
8098	0
8099	0
8100	0
8101	0
8102	0
8103	0
8104	0
8105	0
8106	0
8107	0
8108	0
8109	0
8110	0
8111	1
8112	0
8113	0
8114	0
8115	0
8116	0
8117	0
8118	0
8119	0
8120	0
8121	0
8122	0
8123	0
8124	0
8125	0
8126	0
8127	0
8128	0
8129	0
8130	0
8131	0
8132	0
8133	0
8134	0
8135	0
8136	0
8137	0
8138	0
8139	0
8140	0
8141	0
8142	0
8143	0
8144	0
8145	0
8146	0
8147	0
8148	0
8149	0
8150	0
8151	0
8152	0
8153	0
8154	0
8155	0
8156	0
8157	0
8158	0
8159	0
8160	0
8161	0
8162	0
8163	0
8164	0
8165	0
8166	0
8167	0
8168	0
8169	0
8170	0
8171	0
8172	0
8173	0
8174	0
8175	0
8176	0
8177	0
8178	0
8179	0
8180	0
8181	0
8182	0
8183	0
8184	0
8185	0
8186	0
8187	0
8188	0
8189	0
8190	0
8191	0
