0	0
1	0
2	0
3	0
4	0
5	0
6	0
7	0
8	0
9	0
10	0
11	0
12	0
13	0
14	0
15	0
16	0
17	0
18	0
19	0
20	0
21	0
22	0
23	0
24	0
25	0
26	0
27	0
28	0
29	0
30	0
31	0
32	0
33	0
34	0
35	0
36	0
37	0
38	0
39	0
40	0
41	0
42	0
43	0
44	0
45	0
46	0
47	0
48	0
49	0
50	0
51	0
52	0
53	0
54	0
55	0
56	0
57	0
58	0
59	0
60	0
61	0
62	0
63	0
64	0
65	0
66	0
67	0
68	0
69	0
70	0
71	0
72	0
73	0
74	0
75	0
76	0
77	0
78	0
79	0
80	0
81	0
82	0
83	1
84	0
85	4
86	14
87	23
88	13
89	15
90	21
91	15
92	18
93	16
94	17
95	12
96	12
97	18
98	14
99	11
100	9
101	6
102	11
103	15
104	22
105	15
106	15
107	12
108	20
109	15
110	16
111	15
112	17
113	19
114	11
115	13
116	19
117	23
118	21
119	11
120	15
121	16
122	15
123	11
124	14
125	15
126	8
127	16
128	13
129	7
130	14
131	13
132	16
133	12
134	12
135	18
136	11
137	12
138	12
139	11
140	25
141	9
142	20
143	16
144	14
145	20
146	10
147	15
148	9
149	16
150	13
151	9
152	13
153	11
154	9
155	21
156	11
157	8
158	13
159	13
160	15
161	12
162	9
163	12
164	15
165	14
166	20
167	14
168	5
169	21
170	18
171	14
172	12
173	14
174	14
175	9
176	14
177	12
178	10
179	18
180	14
181	10
182	15
183	14
184	22
185	15
186	15
187	17
188	19
189	12
190	12
191	14
192	14
193	11
194	13
195	18
196	11
197	13
198	13
199	19
200	13
201	13
202	25
203	13
204	11
205	14
206	17
207	9
208	10
209	13
210	8
211	13
212	14
213	10
214	16
215	19
216	7
217	16
218	16
219	12
220	16
221	14
222	14
223	15
224	12
225	17
226	10
227	19
228	23
229	17
230	15
231	12
232	18
233	18
234	17
235	19
236	14
237	19
238	17
239	12
240	14
241	20
242	10
243	14
244	13
245	16
246	17
247	22
248	14
249	12
250	17
251	9
252	14
253	19
254	14
255	16
256	14
257	18
258	9
259	17
260	10
261	15
262	19
263	12
264	14
265	16
266	15
267	13
268	14
269	13
270	12
271	19
272	14
273	16
274	17
275	13
276	17
277	15
278	14
279	15
280	17
281	16
282	15
283	17
284	15
285	19
286	18
287	19
288	19
289	16
290	15
291	17
292	13
293	17
294	16
295	8
296	17
297	17
298	18
299	10
300	14
301	23
302	11
303	14
304	13
305	15
306	17
307	13
308	25
309	9
310	14
311	12
312	9
313	18
314	11
315	15
316	16
317	22
318	16
319	14
320	23
321	11
322	21
323	27
324	18
325	15
326	16
327	17
328	11
329	12
330	11
331	10
332	14
333	22
334	14
335	11
336	13
337	20
338	10
339	9
340	16
341	17
342	14
343	15
344	13
345	8
346	18
347	18
348	20
349	15
350	15
351	12
352	15
353	20
354	14
355	19
356	19
357	13
358	21
359	14
360	16
361	11
362	23
363	23
364	18
365	14
366	10
367	17
368	14
369	18
370	18
371	24
372	9
373	13
374	19
375	15
376	19
377	15
378	14
379	18
380	16
381	13
382	18
383	14
384	28
385	15
386	19
387	15
388	14
389	14
390	19
391	26
392	18
393	11
394	16
395	18
396	20
397	14
398	17
399	13
400	16
401	21
402	11
403	16
404	20
405	20
406	24
407	12
408	21
409	8
410	15
411	13
412	16
413	15
414	19
415	20
416	11
417	24
418	17
419	14
420	16
421	13
422	16
423	13
424	25
425	14
426	17
427	12
428	13
429	11
430	18
431	18
432	14
433	17
434	10
435	13
436	21
437	20
438	10
439	19
440	20
441	25
442	17
443	24
444	25
445	13
446	15
447	22
448	15
449	18
450	18
451	12
452	12
453	11
454	16
455	15
456	16
457	21
458	16
459	15
460	20
461	19
462	14
463	16
464	8
465	22
466	21
467	19
468	13
469	20
470	19
471	13
472	15
473	18
474	13
475	9
476	15
477	13
478	18
479	18
480	23
481	21
482	21
483	14
484	18
485	18
486	17
487	14
488	21
489	15
490	14
491	17
492	22
493	15
494	23
495	21
496	9
497	17
498	19
499	21
500	11
501	18
502	14
503	15
504	19
505	24
506	21
507	20
508	17
509	26
510	24
511	12
512	12
513	18
514	10
515	21
516	19
517	18
518	13
519	24
520	21
521	13
522	20
523	17
524	22
525	14
526	25
527	13
528	19
529	23
530	14
531	16
532	14
533	20
534	18
535	14
536	16
537	16
538	15
539	28
540	20
541	9
542	15
543	16
544	17
545	22
546	15
547	23
548	10
549	13
550	11
551	15
552	10
553	18
554	14
555	9
556	12
557	12
558	15
559	18
560	26
561	14
562	19
563	5
564	17
565	14
566	12
567	21
568	17
569	20
570	15
571	20
572	18
573	16
574	15
575	17
576	17
577	19
578	17
579	17
580	16
581	21
582	10
583	18
584	15
585	15
586	22
587	16
588	19
589	21
590	21
591	22
592	13
593	13
594	18
595	25
596	13
597	9
598	9
599	16
600	13
601	24
602	20
603	14
604	20
605	15
606	28
607	16
608	19
609	24
610	19
611	17
612	16
613	24
614	16
615	16
616	13
617	11
618	16
619	17
620	17
621	21
622	17
623	14
624	18
625	13
626	19
627	10
628	12
629	16
630	14
631	15
632	27
633	15
634	19
635	8
636	22
637	15
638	17
639	17
640	17
641	12
642	12
643	20
644	14
645	14
646	21
647	15
648	24
649	16
650	17
651	20
652	14
653	22
654	14
655	19
656	18
657	21
658	16
659	15
660	13
661	19
662	23
663	15
664	15
665	15
666	18
667	24
668	17
669	18
670	24
671	19
672	20
673	23
674	18
675	11
676	17
677	25
678	16
679	10
680	15
681	14
682	13
683	19
684	23
685	13
686	21
687	15
688	15
689	14
690	15
691	13
692	13
693	15
694	20
695	22
696	16
697	22
698	19
699	22
700	16
701	19
702	18
703	13
704	21
705	17
706	19
707	25
708	17
709	19
710	18
711	18
712	18
713	19
714	18
715	20
716	16
717	21
718	14
719	23
720	15
721	20
722	17
723	21
724	14
725	16
726	14
727	14
728	17
729	22
730	16
731	28
732	16
733	23
734	20
735	19
736	21
737	18
738	19
739	20
740	23
741	25
742	16
743	17
744	19
745	19
746	17
747	24
748	21
749	29
750	20
751	20
752	16
753	23
754	25
755	20
756	16
757	20
758	17
759	21
760	23
761	17
762	16
763	21
764	17
765	28
766	21
767	27
768	17
769	24
770	20
771	19
772	23
773	28
774	22
775	32
776	32
777	17
778	26
779	25
780	22
781	27
782	26
783	26
784	28
785	22
786	24
787	25
788	29
789	24
790	22
791	19
792	31
793	27
794	19
795	22
796	26
797	29
798	32
799	28
800	27
801	27
802	27
803	30
804	22
805	27
806	30
807	22
808	26
809	24
810	41
811	24
812	21
813	28
814	20
815	31
816	29
817	29
818	31
819	37
820	32
821	24
822	26
823	20
824	31
825	43
826	19
827	30
828	34
829	29
830	29
831	29
832	35
833	36
834	24
835	33
836	27
837	32
838	27
839	32
840	34
841	27
842	21
843	27
844	33
845	27
846	33
847	30
848	25
849	45
850	30
851	27
852	27
853	27
854	23
855	26
856	24
857	23
858	23
859	30
860	23
861	25
862	38
863	35
864	24
865	30
866	25
867	31
868	37
869	26
870	22
871	27
872	29
873	26
874	22
875	25
876	33
877	28
878	30
879	23
880	27
881	21
882	25
883	34
884	34
885	25
886	23
887	35
888	26
889	17
890	19
891	21
892	29
893	23
894	25
895	30
896	20
897	25
898	25
899	27
900	24
901	13
902	21
903	23
904	20
905	25
906	24
907	28
908	22
909	32
910	28
911	17
912	25
913	20
914	21
915	23
916	30
917	17
918	25
919	26
920	18
921	31
922	18
923	33
924	19
925	20
926	23
927	23
928	30
929	23
930	25
931	18
932	25
933	22
934	26
935	11
936	24
937	38
938	34
939	19
940	25
941	13
942	24
943	13
944	26
945	20
946	19
947	24
948	24
949	28
950	23
951	24
952	13
953	25
954	30
955	18
956	23
957	17
958	27
959	32
960	22
961	20
962	27
963	21
964	22
965	18
966	20
967	26
968	25
969	25
970	20
971	22
972	27
973	30
974	22
975	27
976	27
977	22
978	25
979	25
980	28
981	23
982	26
983	23
984	27
985	20
986	39
987	15
988	17
989	16
990	21
991	20
992	18
993	20
994	22
995	22
996	22
997	22
998	17
999	29
1000	28
1001	26
1002	22
1003	23
1004	19
1005	10
1006	15
1007	16
1008	15
1009	13
1010	21
1011	25
1012	29
1013	21
1014	24
1015	21
1016	18
1017	19
1018	24
1019	25
1020	27
1021	27
1022	20
1023	19
1024	26
1025	28
1026	15
1027	34
1028	26
1029	22
1030	21
1031	32
1032	28
1033	15
1034	29
1035	14
1036	17
1037	18
1038	31
1039	28
1040	27
1041	18
1042	16
1043	32
1044	17
1045	26
1046	26
1047	23
1048	18
1049	22
1050	27
1051	18
1052	26
1053	18
1054	24
1055	21
1056	20
1057	16
1058	30
1059	22
1060	19
1061	25
1062	21
1063	17
1064	23
1065	29
1066	28
1067	32
1068	23
1069	20
1070	17
1071	21
1072	23
1073	15
1074	19
1075	18
1076	24
1077	19
1078	26
1079	28
1080	26
1081	21
1082	27
1083	20
1084	32
1085	17
1086	20
1087	28
1088	25
1089	17
1090	16
1091	20
1092	21
1093	22
1094	21
1095	26
1096	19
1097	26
1098	24
1099	23
1100	22
1101	21
1102	25
1103	25
1104	19
1105	27
1106	19
1107	26
1108	26
1109	21
1110	21
1111	25
1112	32
1113	21
1114	21
1115	24
1116	21
1117	26
1118	19
1119	18
1120	22
1121	18
1122	19
1123	19
1124	20
1125	16
1126	22
1127	24
1128	20
1129	14
1130	21
1131	27
1132	17
1133	16
1134	21
1135	21
1136	29
1137	18
1138	34
1139	19
1140	20
1141	14
1142	17
1143	21
1144	23
1145	23
1146	17
1147	23
1148	23
1149	26
1150	25
1151	27
1152	19
1153	25
1154	23
1155	21
1156	21
1157	17
1158	21
1159	17
1160	20
1161	22
1162	23
1163	32
1164	26
1165	24
1166	15
1167	26
1168	30
1169	27
1170	27
1171	20
1172	18
1173	21
1174	25
1175	23
1176	22
1177	29
1178	24
1179	26
1180	20
1181	19
1182	31
1183	24
1184	27
1185	27
1186	22
1187	23
1188	20
1189	25
1190	28
1191	20
1192	30
1193	23
1194	22
1195	34
1196	21
1197	26
1198	35
1199	23
1200	33
1201	26
1202	29
1203	14
1204	26
1205	16
1206	27
1207	29
1208	17
1209	23
1210	16
1211	30
1212	24
1213	26
1214	31
1215	26
1216	29
1217	30
1218	30
1219	28
1220	26
1221	21
1222	26
1223	18
1224	26
1225	30
1226	24
1227	29
1228	25
1229	24
1230	24
1231	23
1232	23
1233	32
1234	26
1235	27
1236	27
1237	27
1238	26
1239	24
1240	20
1241	25
1242	17
1243	23
1244	24
1245	18
1246	23
1247	19
1248	32
1249	30
1250	21
1251	26
1252	21
1253	28
1254	22
1255	31
1256	16
1257	26
1258	26
1259	20
1260	22
1261	24
1262	20
1263	15
1264	32
1265	37
1266	29
1267	32
1268	23
1269	35
1270	23
1271	26
1272	28
1273	24
1274	24
1275	28
1276	24
1277	29
1278	30
1279	35
1280	24
1281	21
1282	17
1283	22
1284	25
1285	17
1286	28
1287	22
1288	31
1289	22
1290	21
1291	21
1292	27
1293	24
1294	17
1295	23
1296	24
1297	23
1298	34
1299	27
1300	30
1301	26
1302	23
1303	25
1304	19
1305	28
1306	29
1307	23
1308	24
1309	20
1310	20
1311	31
1312	19
1313	28
1314	21
1315	28
1316	33
1317	16
1318	25
1319	19
1320	33
1321	27
1322	31
1323	33
1324	30
1325	34
1326	22
1327	24
1328	33
1329	21
1330	31
1331	18
1332	23
1333	23
1334	21
1335	29
1336	30
1337	28
1338	23
1339	30
1340	23
1341	24
1342	26
1343	25
1344	41
1345	29
1346	32
1347	26
1348	31
1349	21
1350	33
1351	29
1352	29
1353	23
1354	23
1355	40
1356	23
1357	36
1358	35
1359	33
1360	28
1361	34
1362	23
1363	33
1364	28
1365	26
1366	18
1367	28
1368	30
1369	30
1370	20
1371	29
1372	33
1373	27
1374	30
1375	25
1376	26
1377	27
1378	30
1379	36
1380	27
1381	20
1382	26
1383	25
1384	27
1385	36
1386	30
1387	26
1388	27
1389	32
1390	31
1391	20
1392	22
1393	25
1394	30
1395	38
1396	28
1397	28
1398	25
1399	26
1400	30
1401	21
1402	26
1403	27
1404	32
1405	26
1406	33
1407	18
1408	19
1409	33
1410	24
1411	21
1412	28
1413	32
1414	31
1415	28
1416	26
1417	24
1418	28
1419	28
1420	24
1421	26
1422	40
1423	28
1424	28
1425	22
1426	29
1427	28
1428	20
1429	24
1430	22
1431	21
1432	33
1433	25
1434	20
1435	29
1436	26
1437	26
1438	38
1439	28
1440	29
1441	29
1442	34
1443	28
1444	18
1445	23
1446	36
1447	26
1448	17
1449	32
1450	19
1451	27
1452	25
1453	22
1454	17
1455	23
1456	27
1457	27
1458	38
1459	25
1460	25
1461	23
1462	37
1463	30
1464	24
1465	32
1466	32
1467	33
1468	27
1469	29
1470	38
1471	23
1472	34
1473	27
1474	35
1475	23
1476	22
1477	21
1478	27
1479	22
1480	35
1481	41
1482	35
1483	36
1484	26
1485	32
1486	26
1487	33
1488	27
1489	38
1490	23
1491	26
1492	30
1493	20
1494	30
1495	37
1496	33
1497	25
1498	28
1499	28
1500	33
1501	34
1502	30
1503	33
1504	26
1505	31
1506	29
1507	30
1508	29
1509	40
1510	43
1511	28
1512	31
1513	22
1514	29
1515	31
1516	37
1517	36
1518	27
1519	27
1520	26
1521	24
1522	29
1523	29
1524	30
1525	31
1526	26
1527	26
1528	36
1529	33
1530	23
1531	36
1532	29
1533	32
1534	32
1535	31
1536	29
1537	33
1538	31
1539	31
1540	22
1541	36
1542	36
1543	33
1544	35
1545	25
1546	33
1547	32
1548	37
1549	36
1550	30
1551	30
1552	15
1553	24
1554	25
1555	22
1556	29
1557	31
1558	26
1559	23
1560	27
1561	31
1562	22
1563	21
1564	22
1565	28
1566	30
1567	33
1568	21
1569	35
1570	29
1571	38
1572	34
1573	30
1574	27
1575	32
1576	29
1577	38
1578	50
1579	22
1580	39
1581	22
1582	33
1583	25
1584	33
1585	30
1586	26
1587	30
1588	23
1589	37
1590	31
1591	39
1592	40
1593	26
1594	37
1595	41
1596	25
1597	32
1598	44
1599	29
1600	30
1601	28
1602	23
1603	27
1604	30
1605	20
1606	30
1607	35
1608	32
1609	25
1610	17
1611	24
1612	35
1613	33
1614	26
1615	35
1616	34
1617	28
1618	29
1619	32
1620	26
1621	37
1622	38
1623	28
1624	35
1625	29
1626	30
1627	29
1628	32
1629	33
1630	28
1631	39
1632	34
1633	38
1634	25
1635	24
1636	26
1637	20
1638	35
1639	33
1640	30
1641	29
1642	34
1643	24
1644	24
1645	25
1646	39
1647	29
1648	20
1649	32
1650	37
1651	21
1652	35
1653	33
1654	28
1655	34
1656	25
1657	33
1658	32
1659	40
1660	28
1661	24
1662	42
1663	32
1664	37
1665	33
1666	43
1667	29
1668	30
1669	29
1670	30
1671	35
1672	34
1673	27
1674	35
1675	35
1676	22
1677	38
1678	35
1679	37
1680	30
1681	22
1682	23
1683	33
1684	34
1685	35
1686	38
1687	37
1688	28
1689	28
1690	27
1691	31
1692	31
1693	33
1694	39
1695	35
1696	32
1697	31
1698	36
1699	35
1700	28
1701	31
1702	30
1703	33
1704	34
1705	41
1706	28
1707	30
1708	41
1709	33
1710	33
1711	38
1712	26
1713	47
1714	36
1715	27
1716	29
1717	30
1718	33
1719	25
1720	27
1721	33
1722	48
1723	27
1724	41
1725	24
1726	31
1727	24
1728	27
1729	24
1730	37
1731	40
1732	33
1733	26
1734	41
1735	36
1736	43
1737	29
1738	27
1739	32
1740	40
1741	32
1742	32
1743	34
1744	38
1745	31
1746	38
1747	37
1748	25
1749	35
1750	30
1751	30
1752	26
1753	30
1754	31
1755	40
1756	30
1757	42
1758	27
1759	32
1760	29
1761	37
1762	38
1763	31
1764	30
1765	30
1766	30
1767	26
1768	29
1769	33
1770	31
1771	37
1772	30
1773	26
1774	32
1775	25
1776	28
1777	27
1778	33
1779	31
1780	33
1781	38
1782	35
1783	32
1784	32
1785	31
1786	28
1787	30
1788	26
1789	32
1790	29
1791	36
1792	35
1793	40
1794	25
1795	29
1796	35
1797	35
1798	38
1799	39
1800	25
1801	31
1802	32
1803	27
1804	37
1805	23
1806	34
1807	42
1808	30
1809	32
1810	43
1811	29
1812	34
1813	35
1814	24
1815	41
1816	24
1817	26
1818	29
1819	27
1820	32
1821	36
1822	28
1823	27
1824	33
1825	27
1826	30
1827	28
1828	34
1829	39
1830	40
1831	33
1832	39
1833	24
1834	38
1835	41
1836	51
1837	29
1838	34
1839	32
1840	30
1841	37
1842	27
1843	21
1844	31
1845	28
1846	31
1847	45
1848	41
1849	31
1850	35
1851	32
1852	30
1853	28
1854	30
1855	40
1856	35
1857	40
1858	44
1859	30
1860	34
1861	34
1862	36
1863	36
1864	30
1865	33
1866	29
1867	40
1868	30
1869	51
1870	39
1871	30
1872	30
1873	34
1874	30
1875	39
1876	39
1877	34
1878	28
1879	32
1880	27
1881	35
1882	29
1883	27
1884	33
1885	48
1886	24
1887	40
1888	32
1889	43
1890	40
1891	34
1892	39
1893	34
1894	37
1895	30
1896	30
1897	39
1898	38
1899	30
1900	30
1901	35
1902	32
1903	29
1904	40
1905	32
1906	41
1907	42
1908	29
1909	37
1910	39
1911	30
1912	31
1913	37
1914	35
1915	27
1916	41
1917	33
1918	38
1919	31
1920	38
1921	39
1922	28
1923	41
1924	36
1925	36
1926	30
1927	36
1928	23
1929	33
1930	38
1931	28
1932	39
1933	39
1934	28
1935	41
1936	31
1937	34
1938	39
1939	28
1940	52
1941	45
1942	44
1943	31
1944	40
1945	20
1946	34
1947	33
1948	37
1949	29
1950	34
1951	32
1952	22
1953	41
1954	35
1955	32
1956	34
1957	45
1958	31
1959	32
1960	32
1961	32
1962	34
1963	29
1964	42
1965	31
1966	36
1967	37
1968	43
1969	35
1970	35
1971	25
1972	35
1973	29
1974	35
1975	37
1976	35
1977	36
1978	42
1979	36
1980	33
1981	44
1982	36
1983	29
1984	33
1985	36
1986	26
1987	29
1988	50
1989	32
1990	22
1991	40
1992	32
1993	29
1994	30
1995	39
1996	36
1997	33
1998	43
1999	37
2000	39
2001	26
2002	33
2003	39
2004	34
2005	30
2006	43
2007	39
2008	32
2009	46
2010	34
2011	45
2012	39
2013	47
2014	40
2015	42
2016	37
2017	25
2018	42
2019	35
2020	43
2021	34
2022	38
2023	40
2024	26
2025	28
2026	34
2027	36
2028	32
2029	37
2030	37
2031	38
2032	35
2033	33
2034	43
2035	40
2036	42
2037	37
2038	40
2039	35
2040	36
2041	31
2042	32
2043	40
2044	28
2045	29
2046	29
2047	28
2048	44
2049	36
2050	34
2051	33
2052	28
2053	33
2054	31
2055	39
2056	32
2057	39
2058	31
2059	35
2060	30
2061	48
2062	37
2063	41
2064	35
2065	34
2066	44
2067	45
2068	36
2069	46
2070	40
2071	26
2072	38
2073	34
2074	32
2075	27
2076	43
2077	35
2078	32
2079	29
2080	39
2081	38
2082	29
2083	34
2084	34
2085	25
2086	32
2087	36
2088	42
2089	39
2090	32
2091	30
2092	34
2093	34
2094	39
2095	31
2096	40
2097	52
2098	33
2099	49
2100	32
2101	32
2102	36
2103	53
2104	45
2105	45
2106	41
2107	30
2108	36
2109	34
2110	35
2111	41
2112	38
2113	53
2114	28
2115	41
2116	34
2117	27
2118	33
2119	26
2120	38
2121	38
2122	35
2123	31
2124	36
2125	32
2126	39
2127	32
2128	35
2129	35
2130	47
2131	45
2132	31
2133	36
2134	41
2135	46
2136	36
2137	44
2138	40
2139	30
2140	31
2141	42
2142	47
2143	43
2144	54
2145	50
2146	50
2147	40
2148	60
2149	36
2150	37
2151	49
2152	52
2153	35
2154	33
2155	48
2156	30
2157	36
2158	43
2159	37
2160	48
2161	41
2162	41
2163	41
2164	42
2165	42
2166	40
2167	42
2168	30
2169	45
2170	46
2171	43
2172	52
2173	56
2174	38
2175	47
2176	44
2177	45
2178	45
2179	39
2180	29
2181	38
2182	43
2183	43
2184	34
2185	44
2186	51
2187	44
2188	49
2189	45
2190	50
2191	47
2192	44
2193	50
2194	41
2195	41
2196	42
2197	51
2198	32
2199	40
2200	46
2201	43
2202	42
2203	48
2204	32
2205	34
2206	54
2207	44
2208	51
2209	50
2210	27
2211	42
2212	40
2213	39
2214	53
2215	56
2216	52
2217	49
2218	52
2219	38
2220	56
2221	36
2222	38
2223	46
2224	43
2225	37
2226	50
2227	40
2228	49
2229	60
2230	43
2231	48
2232	52
2233	38
2234	42
2235	40
2236	50
2237	57
2238	52
2239	42
2240	50
2241	45
2242	40
2243	48
2244	49
2245	36
2246	70
2247	47
2248	55
2249	58
2250	45
2251	48
2252	53
2253	50
2254	56
2255	51
2256	50
2257	40
2258	56
2259	44
2260	47
2261	49
2262	58
2263	41
2264	52
2265	55
2266	49
2267	40
2268	38
2269	78
2270	45
2271	44
2272	39
2273	54
2274	46
2275	59
2276	48
2277	47
2278	51
2279	40
2280	54
2281	38
2282	45
2283	41
2284	44
2285	42
2286	54
2287	41
2288	48
2289	59
2290	56
2291	54
2292	52
2293	51
2294	40
2295	54
2296	50
2297	56
2298	38
2299	48
2300	43
2301	48
2302	46
2303	50
2304	44
2305	52
2306	45
2307	41
2308	56
2309	49
2310	42
2311	52
2312	48
2313	49
2314	49
2315	43
2316	58
2317	48
2318	54
2319	46
2320	63
2321	43
2322	52
2323	50
2324	40
2325	48
2326	44
2327	49
2328	51
2329	43
2330	52
2331	54
2332	57
2333	45
2334	52
2335	53
2336	68
2337	46
2338	47
2339	53
2340	48
2341	42
2342	51
2343	55
2344	58
2345	45
2346	57
2347	56
2348	53
2349	41
2350	46
2351	47
2352	48
2353	45
2354	54
2355	40
2356	52
2357	33
2358	47
2359	45
2360	49
2361	48
2362	48
2363	41
2364	46
2365	47
2366	44
2367	48
2368	51
2369	46
2370	52
2371	51
2372	31
2373	51
2374	50
2375	44
2376	56
2377	40
2378	46
2379	55
2380	45
2381	43
2382	48
2383	34
2384	58
2385	64
2386	39
2387	49
2388	49
2389	35
2390	36
2391	53
2392	39
2393	46
2394	29
2395	49
2396	47
2397	55
2398	33
2399	50
2400	52
2401	46
2402	46
2403	47
2404	40
2405	53
2406	48
2407	46
2408	53
2409	39
2410	38
2411	37
2412	42
2413	50
2414	50
2415	40
2416	53
2417	37
2418	38
2419	51
2420	42
2421	31
2422	53
2423	40
2424	48
2425	47
2426	34
2427	49
2428	42
2429	51
2430	45
2431	54
2432	50
2433	37
2434	37
2435	34
2436	30
2437	25
2438	46
2439	60
2440	45
2441	34
2442	42
2443	39
2444	33
2445	44
2446	40
2447	55
2448	44
2449	33
2450	41
2451	40
2452	46
2453	33
2454	46
2455	48
2456	40
2457	35
2458	31
2459	37
2460	28
2461	32
2462	39
2463	43
2464	38
2465	51
2466	38
2467	48
2468	36
2469	39
2470	40
2471	54
2472	49
2473	26
2474	41
2475	44
2476	49
2477	47
2478	37
2479	47
2480	38
2481	42
2482	30
2483	34
2484	37
2485	31
2486	38
2487	35
2488	42
2489	31
2490	39
2491	35
2492	41
2493	45
2494	32
2495	40
2496	31
2497	32
2498	29
2499	31
2500	40
2501	35
2502	30
2503	43
2504	29
2505	27
2506	28
2507	42
2508	31
2509	52
2510	35
2511	28
2512	32
2513	30
2514	34
2515	40
2516	33
2517	37
2518	39
2519	34
2520	34
2521	36
2522	32
2523	41
2524	39
2525	21
2526	38
2527	33
2528	33
2529	42
2530	33
2531	20
2532	29
2533	36
2534	27
2535	29
2536	36
2537	37
2538	40
2539	41
2540	32
2541	39
2542	29
2543	29
2544	31
2545	32
2546	20
2547	39
2548	31
2549	37
2550	26
2551	31
2552	27
2553	29
2554	31
2555	22
2556	22
2557	21
2558	28
2559	27
2560	30
2561	28
2562	24
2563	37
2564	25
2565	30
2566	32
2567	43
2568	28
2569	29
2570	33
2571	26
2572	38
2573	28
2574	39
2575	18
2576	36
2577	41
2578	27
2579	34
2580	41
2581	37
2582	25
2583	36
2584	33
2585	39
2586	38
2587	22
2588	28
2589	24
2590	23
2591	27
2592	25
2593	29
2594	32
2595	37
2596	27
2597	33
2598	28
2599	27
2600	37
2601	35
2602	35
2603	32
2604	19
2605	31
2606	33
2607	29
2608	25
2609	26
2610	21
2611	30
2612	26
2613	24
2614	30
2615	21
2616	29
2617	25
2618	31
2619	28
2620	30
2621	28
2622	22
2623	25
2624	25
2625	26
2626	44
2627	33
2628	29
2629	23
2630	22
2631	32
2632	18
2633	14
2634	29
2635	28
2636	37
2637	22
2638	18
2639	25
2640	22
2641	26
2642	37
2643	29
2644	22
2645	25
2646	22
2647	29
2648	25
2649	22
2650	34
2651	28
2652	23
2653	35
2654	22
2655	24
2656	40
2657	20
2658	20
2659	30
2660	34
2661	29
2662	28
2663	30
2664	26
2665	34
2666	27
2667	32
2668	32
2669	24
2670	30
2671	22
2672	21
2673	31
2674	27
2675	24
2676	36
2677	22
2678	24
2679	25
2680	32
2681	34
2682	27
2683	24
2684	20
2685	19
2686	32
2687	25
2688	31
2689	26
2690	24
2691	22
2692	33
2693	20
2694	19
2695	37
2696	28
2697	18
2698	15
2699	27
2700	28
2701	31
2702	29
2703	32
2704	31
2705	31
2706	28
2707	31
2708	29
2709	26
2710	24
2711	13
2712	20
2713	19
2714	25
2715	33
2716	21
2717	35
2718	23
2719	25
2720	24
2721	20
2722	22
2723	22
2724	32
2725	20
2726	21
2727	30
2728	27
2729	29
2730	29
2731	36
2732	22
2733	28
2734	33
2735	25
2736	37
2737	25
2738	20
2739	39
2740	23
2741	30
2742	27
2743	28
2744	28
2745	24
2746	20
2747	26
2748	20
2749	37
2750	23
2751	18
2752	18
2753	26
2754	23
2755	30
2756	21
2757	28
2758	23
2759	26
2760	20
2761	23
2762	26
2763	22
2764	19
2765	31
2766	28
2767	22
2768	32
2769	29
2770	25
2771	27
2772	23
2773	15
2774	26
2775	26
2776	21
2777	25
2778	25
2779	28
2780	30
2781	21
2782	24
2783	23
2784	25
2785	23
2786	27
2787	32
2788	21
2789	13
2790	27
2791	30
2792	26
2793	17
2794	28
2795	29
2796	32
2797	29
2798	20
2799	23
2800	23
2801	21
2802	28
2803	33
2804	36
2805	29
2806	23
2807	27
2808	28
2809	30
2810	24
2811	18
2812	27
2813	17
2814	23
2815	27
2816	32
2817	26
2818	21
2819	20
2820	22
2821	29
2822	28
2823	28
2824	25
2825	29
2826	28
2827	27
2828	24
2829	25
2830	28
2831	20
2832	24
2833	35
2834	23
2835	33
2836	16
2837	23
2838	31
2839	33
2840	21
2841	16
2842	29
2843	24
2844	20
2845	31
2846	18
2847	33
2848	23
2849	21
2850	27
2851	29
2852	22
2853	22
2854	27
2855	27
2856	28
2857	24
2858	15
2859	18
2860	25
2861	17
2862	19
2863	26
2864	23
2865	23
2866	19
2867	16
2868	31
2869	24
2870	20
2871	19
2872	18
2873	30
2874	26
2875	40
2876	27
2877	19
2878	30
2879	27
2880	33
2881	28
2882	23
2883	22
2884	33
2885	25
2886	31
2887	27
2888	25
2889	32
2890	27
2891	15
2892	24
2893	21
2894	31
2895	26
2896	31
2897	26
2898	22
2899	18
2900	28
2901	28
2902	25
2903	32
2904	18
2905	25
2906	23
2907	23
2908	23
2909	33
2910	19
2911	20
2912	28
2913	30
2914	28
2915	18
2916	27
2917	26
2918	23
2919	24
2920	18
2921	18
2922	17
2923	25
2924	20
2925	26
2926	21
2927	21
2928	27
2929	16
2930	17
2931	21
2932	23
2933	26
2934	24
2935	26
2936	21
2937	20
2938	19
2939	18
2940	23
2941	29
2942	21
2943	25
2944	28
2945	19
2946	21
2947	23
2948	25
2949	25
2950	14
2951	20
2952	23
2953	17
2954	20
2955	25
2956	30
2957	25
2958	29
2959	24
2960	21
2961	25
2962	29
2963	23
2964	20
2965	25
2966	18
2967	24
2968	25
2969	24
2970	17
2971	27
2972	16
2973	25
2974	21
2975	22
2976	13
2977	23
2978	12
2979	22
2980	18
2981	20
2982	20
2983	30
2984	23
2985	20
2986	19
2987	21
2988	27
2989	26
2990	20
2991	30
2992	19
2993	16
2994	17
2995	26
2996	19
2997	18
2998	18
2999	17
3000	27
3001	19
3002	22
3003	26
3004	32
3005	31
3006	18
3007	23
3008	17
3009	24
3010	21
3011	28
3012	25
3013	20
3014	18
3015	21
3016	25
3017	24
3018	28
3019	24
3020	26
3021	36
3022	31
3023	31
3024	21
3025	19
3026	27
3027	22
3028	24
3029	17
3030	16
3031	16
3032	21
3033	26
3034	34
3035	22
3036	25
3037	32
3038	21
3039	20
3040	20
3041	26
3042	17
3043	23
3044	23
3045	33
3046	25
3047	17
3048	22
3049	31
3050	22
3051	25
3052	21
3053	21
3054	19
3055	16
3056	19
3057	19
3058	24
3059	16
3060	18
3061	21
3062	28
3063	22
3064	24
3065	21
3066	16
3067	26
3068	24
3069	22
3070	23
3071	30
3072	17
3073	20
3074	20
3075	26
3076	22
3077	19
3078	25
3079	27
3080	22
3081	13
3082	27
3083	29
3084	22
3085	19
3086	26
3087	24
3088	25
3089	25
3090	26
3091	21
3092	19
3093	29
3094	22
3095	16
3096	30
3097	19
3098	19
3099	15
3100	18
3101	31
3102	28
3103	19
3104	24
3105	33
3106	26
3107	26
3108	14
3109	24
3110	29
3111	21
3112	23
3113	24
3114	31
3115	20
3116	31
3117	22
3118	27
3119	27
3120	31
3121	25
3122	19
3123	23
3124	20
3125	24
3126	24
3127	24
3128	26
3129	25
3130	22
3131	8
3132	23
3133	26
3134	23
3135	22
3136	22
3137	27
3138	19
3139	18
3140	25
3141	20
3142	22
3143	24
3144	22
3145	21
3146	21
3147	21
3148	22
3149	14
3150	29
3151	30
3152	32
3153	20
3154	21
3155	30
3156	17
3157	30
3158	25
3159	21
3160	11
3161	21
3162	22
3163	33
3164	17
3165	24
3166	31
3167	22
3168	19
3169	23
3170	19
3171	25
3172	9
3173	28
3174	32
3175	21
3176	17
3177	19
3178	27
3179	12
3180	23
3181	12
3182	21
3183	21
3184	16
3185	17
3186	15
3187	19
3188	16
3189	26
3190	26
3191	25
3192	24
3193	14
3194	30
3195	21
3196	27
3197	30
3198	20
3199	25
3200	29
3201	28
3202	15
3203	22
3204	11
3205	27
3206	26
3207	25
3208	19
3209	17
3210	34
3211	17
3212	24
3213	21
3214	25
3215	18
3216	20
3217	25
3218	26
3219	22
3220	13
3221	29
3222	19
3223	25
3224	25
3225	19
3226	19
3227	20
3228	29
3229	15
3230	20
3231	17
3232	20
3233	22
3234	24
3235	25
3236	22
3237	23
3238	20
3239	24
3240	19
3241	19
3242	22
3243	21
3244	24
3245	29
3246	24
3247	18
3248	15
3249	22
3250	24
3251	21
3252	26
3253	26
3254	26
3255	21
3256	22
3257	18
3258	18
3259	17
3260	22
3261	14
3262	27
3263	21
3264	23
3265	21
3266	24
3267	20
3268	30
3269	13
3270	24
3271	26
3272	19
3273	33
3274	16
3275	15
3276	27
3277	32
3278	23
3279	19
3280	20
3281	26
3282	16
3283	15
3284	23
3285	25
3286	20
3287	19
3288	28
3289	24
3290	26
3291	14
3292	27
3293	19
3294	22
3295	27
3296	15
3297	27
3298	20
3299	15
3300	23
3301	19
3302	24
3303	14
3304	25
3305	21
3306	25
3307	18
3308	23
3309	14
3310	25
3311	20
3312	28
3313	13
3314	26
3315	19
3316	21
3317	20
3318	20
3319	18
3320	25
3321	22
3322	15
3323	17
3324	19
3325	20
3326	21
3327	21
3328	21
3329	27
3330	23
3331	17
3332	23
3333	24
3334	20
3335	25
3336	20
3337	28
3338	22
3339	22
3340	19
3341	28
3342	18
3343	17
3344	25
3345	23
3346	20
3347	20
3348	21
3349	22
3350	20
3351	21
3352	24
3353	18
3354	27
3355	17
3356	25
3357	29
3358	17
3359	19
3360	19
3361	13
3362	16
3363	22
3364	29
3365	21
3366	23
3367	25
3368	21
3369	22
3370	25
3371	16
3372	12
3373	21
3374	25
3375	18
3376	21
3377	19
3378	23
3379	22
3380	22
3381	10
3382	35
3383	22
3384	22
3385	19
3386	14
3387	24
3388	29
3389	28
3390	15
3391	19
3392	16
3393	8
3394	26
3395	20
3396	17
3397	23
3398	24
3399	22
3400	23
3401	18
3402	15
3403	19
3404	18
3405	19
3406	21
3407	24
3408	16
3409	24
3410	14
3411	24
3412	16
3413	20
3414	19
3415	22
3416	18
3417	18
3418	13
3419	17
3420	23
3421	27
3422	19
3423	19
3424	24
3425	17
3426	18
3427	20
3428	21
3429	13
3430	26
3431	16
3432	15
3433	23
3434	18
3435	27
3436	22
3437	12
3438	20
3439	21
3440	24
3441	21
3442	23
3443	25
3444	18
3445	19
3446	14
3447	29
3448	19
3449	27
3450	21
3451	17
3452	24
3453	18
3454	18
3455	11
3456	21
3457	17
3458	21
3459	17
3460	31
3461	20
3462	18
3463	18
3464	21
3465	24
3466	22
3467	19
3468	23
3469	21
3470	13
3471	16
3472	17
3473	15
3474	19
3475	17
3476	26
3477	12
3478	15
3479	30
3480	23
3481	20
3482	19
3483	19
3484	23
3485	21
3486	16
3487	25
3488	10
3489	16
3490	24
3491	21
3492	17
3493	25
3494	13
3495	17
3496	30
3497	14
3498	16
3499	26
3500	20
3501	19
3502	28
3503	22
3504	18
3505	22
3506	25
3507	14
3508	15
3509	18
3510	19
3511	21
3512	23
3513	17
3514	23
3515	14
3516	16
3517	19
3518	25
3519	17
3520	15
3521	29
3522	31
3523	24
3524	20
3525	21
3526	17
3527	23
3528	18
3529	14
3530	10
3531	21
3532	24
3533	22
3534	22
3535	23
3536	20
3537	16
3538	16
3539	21
3540	26
3541	18
3542	20
3543	13
3544	23
3545	21
3546	16
3547	25
3548	24
3549	24
3550	18
3551	22
3552	22
3553	22
3554	26
3555	20
3556	17
3557	19
3558	21
3559	27
3560	16
3561	19
3562	24
3563	17
3564	15
3565	27
3566	14
3567	22
3568	14
3569	21
3570	11
3571	27
3572	20
3573	18
3574	20
3575	20
3576	17
3577	27
3578	20
3579	16
3580	22
3581	17
3582	21
3583	20
3584	15
3585	26
3586	23
3587	20
3588	20
3589	24
3590	28
3591	25
3592	17
3593	28
3594	21
3595	24
3596	19
3597	20
3598	24
3599	30
3600	24
3601	21
3602	20
3603	14
3604	14
3605	24
3606	14
3607	29
3608	19
3609	16
3610	25
3611	18
3612	21
3613	21
3614	18
3615	25
3616	23
3617	17
3618	15
3619	17
3620	23
3621	18
3622	20
3623	29
3624	23
3625	19
3626	16
3627	16
3628	25
3629	23
3630	20
3631	14
3632	23
3633	21
3634	20
3635	22
3636	24
3637	24
3638	18
3639	15
3640	25
3641	19
3642	25
3643	21
3644	24
3645	22
3646	19
3647	28
3648	14
3649	24
3650	24
3651	22
3652	33
3653	24
3654	20
3655	19
3656	19
3657	16
3658	25
3659	15
3660	31
3661	19
3662	23
3663	22
3664	16
3665	27
3666	17
3667	19
3668	12
3669	10
3670	14
3671	25
3672	14
3673	23
3674	22
3675	17
3676	25
3677	21
3678	17
3679	17
3680	14
3681	20
3682	22
3683	22
3684	15
3685	14
3686	24
3687	15
3688	21
3689	17
3690	19
3691	17
3692	20
3693	20
3694	19
3695	22
3696	25
3697	16
3698	18
3699	20
3700	15
3701	24
3702	22
3703	13
3704	24
3705	24
3706	24
3707	12
3708	26
3709	27
3710	23
3711	21
3712	24
3713	20
3714	27
3715	18
3716	17
3717	24
3718	21
3719	16
3720	22
3721	23
3722	17
3723	21
3724	16
3725	26
3726	19
3727	31
3728	15
3729	18
3730	19
3731	25
3732	17
3733	21
3734	21
3735	21
3736	20
3737	20
3738	20
3739	23
3740	25
3741	17
3742	25
3743	22
3744	22
3745	21
3746	21
3747	18
3748	24
3749	21
3750	12
3751	17
3752	23
3753	9
3754	14
3755	19
3756	17
3757	14
3758	19
3759	15
3760	14
3761	15
3762	22
3763	18
3764	15
3765	23
3766	26
3767	15
3768	21
3769	19
3770	23
3771	28
3772	24
3773	29
3774	10
3775	13
3776	25
3777	14
3778	18
3779	18
3780	28
3781	11
3782	13
3783	15
3784	25
3785	22
3786	17
3787	27
3788	23
3789	23
3790	29
3791	20
3792	24
3793	21
3794	20
3795	15
3796	17
3797	21
3798	21
3799	16
3800	13
3801	20
3802	17
3803	14
3804	14
3805	22
3806	16
3807	19
3808	20
3809	19
3810	18
3811	19
3812	16
3813	11
3814	24
3815	13
3816	17
3817	25
3818	21
3819	27
3820	30
3821	18
3822	19
3823	19
3824	12
3825	17
3826	20
3827	13
3828	25
3829	19
3830	19
3831	23
3832	25
3833	13
3834	17
3835	21
3836	18
3837	14
3838	18
3839	16
3840	20
3841	19
3842	21
3843	16
3844	26
3845	20
3846	22
3847	12
3848	19
3849	18
3850	22
3851	18
3852	13
3853	18
3854	19
3855	20
3856	17
3857	22
3858	18
3859	19
3860	19
3861	20
3862	22
3863	17
3864	27
3865	22
3866	26
3867	21
3868	15
3869	18
3870	22
3871	21
3872	22
3873	16
3874	19
3875	13
3876	19
3877	11
3878	29
3879	18
3880	13
3881	14
3882	27
3883	25
3884	20
3885	20
3886	17
3887	12
3888	24
3889	15
3890	19
3891	17
3892	21
3893	17
3894	22
3895	27
3896	17
3897	26
3898	12
3899	23
3900	22
3901	21
3902	20
3903	21
3904	15
3905	15
3906	16
3907	16
3908	19
3909	15
3910	15
3911	11
3912	26
3913	15
3914	17
3915	12
3916	16
3917	22
3918	25
3919	14
3920	11
3921	18
3922	23
3923	18
3924	15
3925	27
3926	22
3927	19
3928	22
3929	18
3930	14
3931	12
3932	19
3933	22
3934	17
3935	11
3936	21
3937	19
3938	15
3939	12
3940	21
3941	18
3942	18
3943	29
3944	20
3945	30
3946	18
3947	8
3948	10
3949	16
3950	17
3951	22
3952	20
3953	17
3954	19
3955	17
3956	25
3957	25
3958	19
3959	21
3960	25
3961	15
3962	15
3963	22
3964	15
3965	20
3966	19
3967	18
3968	27
3969	16
3970	16
3971	11
3972	18
3973	13
3974	22
3975	26
3976	20
3977	19
3978	9
3979	22
3980	16
3981	20
3982	12
3983	25
3984	16
3985	24
3986	20
3987	14
3988	18
3989	20
3990	20
3991	20
3992	17
3993	26
3994	24
3995	20
3996	19
3997	25
3998	27
3999	13
4000	18
4001	19
4002	26
4003	17
4004	10
4005	16
4006	11
4007	13
4008	14
4009	21
4010	21
4011	25
4012	13
4013	16
4014	20
4015	19
4016	19
4017	19
4018	16
4019	14
4020	18
4021	17
4022	22
4023	16
4024	22
4025	18
4026	16
4027	19
4028	19
4029	20
4030	16
4031	23
4032	18
4033	20
4034	23
4035	21
4036	16
4037	21
4038	16
4039	23
4040	19
4041	22
4042	20
4043	17
4044	20
4045	24
4046	14
4047	19
4048	26
4049	16
4050	16
4051	12
4052	19
4053	19
4054	15
4055	18
4056	18
4057	15
4058	18
4059	14
4060	15
4061	16
4062	19
4063	12
4064	21
4065	23
4066	19
4067	15
4068	17
4069	18
4070	21
4071	19
4072	9
4073	34
4074	23
4075	17
4076	23
4077	18
4078	16
4079	22
4080	18
4081	20
4082	19
4083	20
4084	23
4085	25
4086	16
4087	20
4088	12
4089	13
4090	13
4091	13
4092	17
4093	18
4094	18
4095	16
4096	20
4097	23
4098	19
4099	17
4100	17
4101	15
4102	29
4103	15
4104	24
4105	29
4106	23
4107	19
4108	14
4109	24
4110	16
4111	18
4112	24
4113	13
4114	17
4115	22
4116	12
4117	20
4118	9
4119	17
4120	15
4121	14
4122	19
4123	21
4124	26
4125	17
4126	18
4127	15
4128	16
4129	20
4130	11
4131	10
4132	14
4133	17
4134	19
4135	20
4136	16
4137	25
4138	27
4139	14
4140	23
4141	20
4142	21
4143	20
4144	18
4145	17
4146	19
4147	18
4148	18
4149	25
4150	21
4151	12
4152	14
4153	20
4154	20
4155	21
4156	21
4157	13
4158	22
4159	25
4160	16
4161	14
4162	21
4163	22
4164	18
4165	19
4166	14
4167	23
4168	18
4169	15
4170	19
4171	18
4172	26
4173	22
4174	15
4175	21
4176	27
4177	19
4178	18
4179	19
4180	28
4181	19
4182	18
4183	16
4184	13
4185	13
4186	18
4187	21
4188	18
4189	15
4190	21
4191	15
4192	27
4193	19
4194	15
4195	10
4196	25
4197	27
4198	16
4199	13
4200	22
4201	16
4202	8
4203	15
4204	11
4205	16
4206	16
4207	20
4208	19
4209	24
4210	18
4211	20
4212	18
4213	23
4214	20
4215	20
4216	23
4217	22
4218	14
4219	13
4220	12
4221	18
4222	17
4223	18
4224	22
4225	18
4226	12
4227	22
4228	21
4229	17
4230	16
4231	14
4232	21
4233	13
4234	18
4235	17
4236	21
4237	20
4238	16
4239	16
4240	14
4241	20
4242	15
4243	12
4244	20
4245	22
4246	18
4247	20
4248	17
4249	13
4250	16
4251	15
4252	20
4253	21
4254	11
4255	20
4256	18
4257	21
4258	23
4259	21
4260	11
4261	20
4262	20
4263	24
4264	22
4265	18
4266	21
4267	20
4268	21
4269	19
4270	23
4271	16
4272	12
4273	16
4274	15
4275	21
4276	19
4277	15
4278	19
4279	15
4280	12
4281	17
4282	23
4283	13
4284	17
4285	18
4286	19
4287	15
4288	14
4289	18
4290	23
4291	15
4292	18
4293	21
4294	23
4295	18
4296	15
4297	16
4298	23
4299	17
4300	13
4301	19
4302	13
4303	15
4304	22
4305	8
4306	12
4307	15
4308	16
4309	16
4310	22
4311	22
4312	15
4313	14
4314	25
4315	14
4316	19
4317	23
4318	15
4319	19
4320	15
4321	16
4322	17
4323	12
4324	14
4325	11
4326	19
4327	19
4328	20
4329	19
4330	17
4331	20
4332	15
4333	21
4334	21
4335	14
4336	18
4337	15
4338	15
4339	15
4340	18
4341	17
4342	16
4343	14
4344	21
4345	20
4346	17
4347	15
4348	15
4349	19
4350	20
4351	18
4352	21
4353	14
4354	18
4355	15
4356	23
4357	29
4358	17
4359	22
4360	20
4361	12
4362	16
4363	9
4364	13
4365	10
4366	18
4367	24
4368	19
4369	25
4370	22
4371	13
4372	22
4373	12
4374	13
4375	20
4376	21
4377	19
4378	18
4379	25
4380	26
4381	18
4382	14
4383	9
4384	11
4385	16
4386	18
4387	18
4388	15
4389	10
4390	15
4391	25
4392	14
4393	15
4394	14
4395	19
4396	16
4397	19
4398	9
4399	17
4400	13
4401	9
4402	19
4403	18
4404	20
4405	18
4406	14
4407	20
4408	14
4409	18
4410	22
4411	10
4412	16
4413	15
4414	19
4415	15
4416	14
4417	15
4418	11
4419	28
4420	16
4421	11
4422	16
4423	10
4424	24
4425	22
4426	16
4427	14
4428	14
4429	14
4430	21
4431	15
4432	13
4433	16
4434	13
4435	20
4436	15
4437	13
4438	22
4439	20
4440	21
4441	16
4442	22
4443	21
4444	11
4445	21
4446	16
4447	11
4448	17
4449	18
4450	20
4451	26
4452	23
4453	13
4454	15
4455	13
4456	18
4457	20
4458	16
4459	18
4460	13
4461	20
4462	16
4463	10
4464	25
4465	17
4466	22
4467	17
4468	14
4469	20
4470	14
4471	12
4472	15
4473	13
4474	12
4475	11
4476	18
4477	17
4478	13
4479	15
4480	17
4481	19
4482	15
4483	17
4484	10
4485	14
4486	21
4487	28
4488	22
4489	18
4490	15
4491	21
4492	22
4493	17
4494	17
4495	13
4496	6
4497	15
4498	17
4499	10
4500	16
4501	14
4502	15
4503	10
4504	12
4505	14
4506	10
4507	11
4508	13
4509	11
4510	6
4511	14
4512	12
4513	15
4514	22
4515	11
4516	16
4517	17
4518	9
4519	15
4520	21
4521	19
4522	7
4523	20
4524	17
4525	17
4526	23
4527	13
4528	19
4529	27
4530	16
4531	12
4532	21
4533	12
4534	16
4535	12
4536	16
4537	14
4538	14
4539	15
4540	18
4541	16
4542	17
4543	18
4544	19
4545	14
4546	15
4547	13
4548	18
4549	23
4550	14
4551	24
4552	15
4553	15
4554	15
4555	10
4556	13
4557	14
4558	20
4559	15
4560	16
4561	16
4562	24
4563	15
4564	19
4565	14
4566	18
4567	20
4568	17
4569	21
4570	18
4571	9
4572	18
4573	20
4574	15
4575	14
4576	17
4577	20
4578	16
4579	16
4580	13
4581	14
4582	17
4583	15
4584	8
4585	15
4586	16
4587	18
4588	20
4589	12
4590	12
4591	18
4592	23
4593	14
4594	19
4595	16
4596	18
4597	9
4598	15
4599	15
4600	27
4601	17
4602	25
4603	16
4604	10
4605	16
4606	15
4607	15
4608	16
4609	19
4610	23
4611	14
4612	16
4613	12
4614	19
4615	19
4616	18
4617	19
4618	15
4619	14
4620	19
4621	17
4622	15
4623	17
4624	19
4625	13
4626	14
4627	19
4628	16
4629	14
4630	21
4631	10
4632	14
4633	8
4634	20
4635	9
4636	15
4637	14
4638	9
4639	18
4640	18
4641	21
4642	25
4643	18
4644	19
4645	24
4646	17
4647	16
4648	12
4649	21
4650	11
4651	15
4652	14
4653	17
4654	12
4655	18
4656	11
4657	18
4658	16
4659	26
4660	21
4661	11
4662	9
4663	11
4664	7
4665	15
4666	8
4667	17
4668	7
4669	20
4670	13
4671	16
4672	17
4673	12
4674	8
4675	18
4676	19
4677	18
4678	8
4679	14
4680	11
4681	15
4682	22
4683	16
4684	17
4685	15
4686	20
4687	16
4688	17
4689	19
4690	15
4691	11
4692	13
4693	12
4694	20
4695	12
4696	12
4697	15
4698	12
4699	19
4700	11
4701	10
4702	11
4703	14
4704	7
4705	12
4706	16
4707	9
4708	10
4709	17
4710	14
4711	15
4712	13
4713	13
4714	13
4715	14
4716	17
4717	16
4718	16
4719	16
4720	15
4721	17
4722	16
4723	10
4724	11
4725	12
4726	14
4727	15
4728	19
4729	9
4730	16
4731	11
4732	10
4733	7
4734	12
4735	19
4736	9
4737	10
4738	10
4739	12
4740	16
4741	16
4742	19
4743	9
4744	14
4745	14
4746	17
4747	14
4748	17
4749	16
4750	20
4751	12
4752	16
4753	11
4754	21
4755	11
4756	15
4757	12
4758	15
4759	11
4760	20
4761	18
4762	18
4763	16
4764	8
4765	15
4766	20
4767	10
4768	12
4769	17
4770	10
4771	9
4772	18
4773	9
4774	10
4775	11
4776	14
4777	8
4778	26
4779	17
4780	7
4781	19
4782	11
4783	13
4784	12
4785	14
4786	14
4787	16
4788	13
4789	12
4790	11
4791	16
4792	20
4793	14
4794	13
4795	7
4796	16
4797	19
4798	13
4799	10
4800	15
4801	16
4802	10
4803	14
4804	14
4805	19
4806	20
4807	12
4808	8
4809	19
4810	9
4811	16
4812	11
4813	11
4814	13
4815	15
4816	15
4817	18
4818	12
4819	15
4820	13
4821	10
4822	17
4823	12
4824	10
4825	22
4826	20
4827	23
4828	16
4829	11
4830	9
4831	12
4832	11
4833	16
4834	19
4835	24
4836	23
4837	11
4838	20
4839	17
4840	15
4841	11
4842	14
4843	21
4844	11
4845	16
4846	12
4847	13
4848	23
4849	8
4850	18
4851	21
4852	19
4853	17
4854	22
4855	18
4856	19
4857	16
4858	18
4859	13
4860	10
4861	14
4862	11
4863	12
4864	8
4865	14
4866	13
4867	16
4868	16
4869	16
4870	19
4871	17
4872	14
4873	8
4874	18
4875	13
4876	16
4877	16
4878	14
4879	14
4880	10
4881	12
4882	17
4883	19
4884	15
4885	16
4886	17
4887	15
4888	13
4889	14
4890	19
4891	12
4892	12
4893	19
4894	27
4895	16
4896	16
4897	12
4898	21
4899	7
4900	11
4901	12
4902	14
4903	18
4904	7
4905	20
4906	14
4907	15
4908	13
4909	15
4910	13
4911	15
4912	12
4913	16
4914	10
4915	13
4916	10
4917	17
4918	11
4919	12
4920	29
4921	17
4922	15
4923	11
4924	23
4925	16
4926	13
4927	10
4928	8
4929	14
4930	14
4931	16
4932	19
4933	19
4934	18
4935	12
4936	15
4937	12
4938	11
4939	13
4940	14
4941	16
4942	10
4943	18
4944	15
4945	17
4946	13
4947	16
4948	15
4949	12
4950	17
4951	11
4952	9
4953	13
4954	8
4955	10
4956	15
4957	10
4958	11
4959	7
4960	18
4961	15
4962	17
4963	11
4964	17
4965	13
4966	16
4967	17
4968	15
4969	15
4970	11
4971	16
4972	13
4973	20
4974	11
4975	15
4976	8
4977	27
4978	15
4979	19
4980	17
4981	14
4982	19
4983	20
4984	17
4985	13
4986	14
4987	11
4988	22
4989	21
4990	14
4991	16
4992	16
4993	15
4994	19
4995	22
4996	17
4997	8
4998	17
4999	15
5000	20
5001	13
5002	17
5003	16
5004	15
5005	18
5006	12
5007	15
5008	14
5009	16
5010	13
5011	13
5012	11
5013	16
5014	18
5015	16
5016	24
5017	15
5018	22
5019	19
5020	19
5021	16
5022	18
5023	16
5024	15
5025	12
5026	11
5027	15
5028	11
5029	21
5030	17
5031	6
5032	11
5033	17
5034	15
5035	17
5036	14
5037	17
5038	21
5039	12
5040	21
5041	19
5042	18
5043	10
5044	9
5045	11
5046	19
5047	22
5048	20
5049	15
5050	18
5051	13
5052	15
5053	14
5054	13
5055	16
5056	17
5057	13
5058	18
5059	13
5060	18
5061	14
5062	17
5063	16
5064	14
5065	10
5066	19
5067	16
5068	15
5069	7
5070	18
5071	13
5072	13
5073	19
5074	14
5075	13
5076	17
5077	14
5078	21
5079	10
5080	17
5081	15
5082	10
5083	12
5084	10
5085	15
5086	15
5087	16
5088	13
5089	13
5090	14
5091	20
5092	19
5093	17
5094	17
5095	12
5096	15
5097	12
5098	10
5099	23
5100	14
5101	8
5102	18
5103	13
5104	11
5105	17
5106	17
5107	18
5108	17
5109	13
5110	12
5111	19
5112	13
5113	12
5114	14
5115	16
5116	15
5117	11
5118	14
5119	21
5120	16
5121	11
5122	11
5123	17
5124	12
5125	28
5126	17
5127	15
5128	22
5129	11
5130	17
5131	18
5132	12
5133	19
5134	13
5135	11
5136	15
5137	7
5138	14
5139	13
5140	16
5141	17
5142	14
5143	17
5144	16
5145	20
5146	11
5147	9
5148	17
5149	11
5150	15
5151	13
5152	17
5153	11
5154	18
5155	22
5156	15
5157	13
5158	18
5159	14
5160	11
5161	19
5162	9
5163	19
5164	12
5165	15
5166	12
5167	13
5168	20
5169	21
5170	14
5171	14
5172	11
5173	18
5174	16
5175	17
5176	15
5177	10
5178	15
5179	10
5180	15
5181	22
5182	14
5183	10
5184	14
5185	11
5186	15
5187	14
5188	11
5189	16
5190	8
5191	17
5192	18
5193	14
5194	10
5195	14
5196	16
5197	10
5198	10
5199	17
5200	18
5201	13
5202	5
5203	12
5204	13
5205	11
5206	21
5207	15
5208	19
5209	16
5210	14
5211	19
5212	9
5213	12
5214	5
5215	23
5216	11
5217	20
5218	16
5219	15
5220	18
5221	21
5222	14
5223	11
5224	13
5225	14
5226	13
5227	19
5228	15
5229	11
5230	19
5231	15
5232	13
5233	22
5234	18
5235	8
5236	8
5237	15
5238	15
5239	8
5240	14
5241	11
5242	14
5243	19
5244	17
5245	14
5246	18
5247	18
5248	10
5249	12
5250	14
5251	15
5252	26
5253	9
5254	15
5255	10
5256	14
5257	12
5258	13
5259	11
5260	12
5261	21
5262	19
5263	15
5264	13
5265	14
5266	15
5267	16
5268	14
5269	14
5270	10
5271	11
5272	14
5273	9
5274	13
5275	10
5276	17
5277	14
5278	22
5279	16
5280	20
5281	19
5282	16
5283	12
5284	12
5285	23
5286	13
5287	10
5288	14
5289	8
5290	16
5291	17
5292	15
5293	16
5294	14
5295	9
5296	14
5297	10
5298	15
5299	20
5300	14
5301	9
5302	11
5303	13
5304	12
5305	15
5306	13
5307	11
5308	17
5309	16
5310	19
5311	19
5312	13
5313	19
5314	18
5315	20
5316	16
5317	16
5318	12
5319	11
5320	21
5321	15
5322	19
5323	8
5324	19
5325	16
5326	11
5327	15
5328	12
5329	12
5330	10
5331	14
5332	24
5333	13
5334	8
5335	11
5336	16
5337	19
5338	14
5339	12
5340	17
5341	11
5342	15
5343	14
5344	12
5345	13
5346	16
5347	18
5348	13
5349	15
5350	11
5351	14
5352	10
5353	13
5354	13
5355	16
5356	12
5357	13
5358	15
5359	17
5360	5
5361	20
5362	12
5363	16
5364	14
5365	16
5366	20
5367	10
5368	15
5369	9
5370	17
5371	20
5372	17
5373	18
5374	10
5375	20
5376	15
5377	14
5378	6
5379	17
5380	18
5381	19
5382	10
5383	11
5384	19
5385	14
5386	20
5387	14
5388	14
5389	14
5390	14
5391	12
5392	15
5393	22
5394	13
5395	17
5396	13
5397	15
5398	17
5399	13
5400	11
5401	16
5402	20
5403	19
5404	13
5405	21
5406	18
5407	14
5408	12
5409	8
5410	14
5411	10
5412	20
5413	14
5414	18
5415	15
5416	14
5417	15
5418	12
5419	17
5420	6
5421	14
5422	16
5423	7
5424	11
5425	12
5426	20
5427	10
5428	21
5429	21
5430	9
5431	23
5432	10
5433	15
5434	14
5435	18
5436	20
5437	6
5438	7
5439	17
5440	14
5441	15
5442	19
5443	15
5444	17
5445	21
5446	11
5447	13
5448	15
5449	17
5450	19
5451	11
5452	20
5453	8
5454	13
5455	17
5456	12
5457	11
5458	13
5459	16
5460	13
5461	17
5462	16
5463	17
5464	7
5465	9
5466	22
5467	16
5468	25
5469	8
5470	19
5471	12
5472	17
5473	11
5474	20
5475	16
5476	13
5477	12
5478	12
5479	20
5480	16
5481	20
5482	16
5483	12
5484	14
5485	13
5486	16
5487	14
5488	12
5489	14
5490	9
5491	9
5492	13
5493	13
5494	15
5495	11
5496	10
5497	15
5498	17
5499	14
5500	14
5501	15
5502	15
5503	21
5504	14
5505	17
5506	15
5507	19
5508	9
5509	20
5510	12
5511	17
5512	18
5513	20
5514	14
5515	9
5516	10
5517	13
5518	15
5519	9
5520	12
5521	15
5522	18
5523	11
5524	18
5525	18
5526	16
5527	15
5528	15
5529	17
5530	13
5531	17
5532	15
5533	11
5534	17
5535	10
5536	22
5537	13
5538	11
5539	18
5540	12
5541	8
5542	15
5543	21
5544	13
5545	11
5546	21
5547	11
5548	14
5549	15
5550	8
5551	15
5552	15
5553	14
5554	16
5555	23
5556	16
5557	22
5558	16
5559	19
5560	15
5561	13
5562	15
5563	16
5564	9
5565	16
5566	10
5567	12
5568	11
5569	19
5570	9
5571	13
5572	20
5573	15
5574	14
5575	19
5576	14
5577	9
5578	20
5579	21
5580	13
5581	15
5582	18
5583	11
5584	14
5585	14
5586	8
5587	13
5588	10
5589	13
5590	21
5591	18
5592	16
5593	17
5594	20
5595	14
5596	10
5597	20
5598	21
5599	8
5600	19
5601	18
5602	20
5603	18
5604	18
5605	19
5606	13
5607	16
5608	7
5609	14
5610	10
5611	18
5612	17
5613	20
5614	14
5615	18
5616	25
5617	19
5618	7
5619	16
5620	17
5621	13
5622	20
5623	10
5624	18
5625	20
5626	11
5627	13
5628	14
5629	8
5630	23
5631	9
5632	17
5633	17
5634	19
5635	11
5636	17
5637	13
5638	18
5639	8
5640	12
5641	13
5642	28
5643	21
5644	17
5645	13
5646	24
5647	13
5648	17
5649	18
5650	15
5651	19
5652	15
5653	20
5654	17
5655	14
5656	12
5657	14
5658	11
5659	15
5660	15
5661	25
5662	25
5663	13
5664	19
5665	25
5666	15
5667	16
5668	17
5669	12
5670	20
5671	15
5672	17
5673	14
5674	18
5675	13
5676	10
5677	19
5678	15
5679	10
5680	11
5681	14
5682	15
5683	14
5684	14
5685	18
5686	18
5687	15
5688	24
5689	11
5690	10
5691	11
5692	17
5693	13
5694	25
5695	26
5696	20
5697	21
5698	16
5699	16
5700	11
5701	19
5702	19
5703	14
5704	15
5705	18
5706	18
5707	12
5708	13
5709	9
5710	26
5711	12
5712	13
5713	16
5714	17
5715	20
5716	24
5717	18
5718	13
5719	10
5720	17
5721	14
5722	18
5723	21
5724	18
5725	16
5726	16
5727	10
5728	10
5729	16
5730	13
5731	17
5732	14
5733	23
5734	14
5735	15
5736	19
5737	13
5738	11
5739	14
5740	17
5741	15
5742	16
5743	8
5744	21
5745	21
5746	18
5747	15
5748	9
5749	17
5750	20
5751	13
5752	12
5753	17
5754	8
5755	16
5756	13
5757	15
5758	14
5759	16
5760	25
5761	9
5762	17
5763	13
5764	24
5765	11
5766	8
5767	18
5768	12
5769	14
5770	20
5771	19
5772	9
5773	20
5774	11
5775	16
5776	16
5777	8
5778	12
5779	19
5780	13
5781	16
5782	14
5783	9
5784	12
5785	24
5786	24
5787	17
5788	10
5789	12
5790	9
5791	12
5792	19
5793	14
5794	20
5795	10
5796	23
5797	19
5798	17
5799	15
5800	19
5801	18
5802	21
5803	19
5804	12
5805	13
5806	16
5807	14
5808	16
5809	21
5810	19
5811	15
5812	17
5813	12
5814	18
5815	15
5816	24
5817	17
5818	18
5819	20
5820	14
5821	11
5822	18
5823	15
5824	10
5825	18
5826	15
5827	15
5828	17
5829	19
5830	10
5831	22
5832	20
5833	24
5834	24
5835	15
5836	13
5837	13
5838	22
5839	14
5840	15
5841	12
5842	23
5843	22
5844	17
5845	16
5846	10
5847	16
5848	24
5849	13
5850	20
5851	16
5852	15
5853	18
5854	16
5855	15
5856	18
5857	19
5858	11
5859	17
5860	13
5861	20
5862	23
5863	14
5864	11
5865	17
5866	23
5867	20
5868	18
5869	18
5870	15
5871	11
5872	21
5873	11
5874	10
5875	17
5876	22
5877	14
5878	10
5879	18
5880	16
5881	16
5882	18
5883	16
5884	27
5885	17
5886	18
5887	13
5888	14
5889	11
5890	15
5891	17
5892	17
5893	18
5894	13
5895	13
5896	22
5897	19
5898	19
5899	23
5900	18
5901	10
5902	12
5903	23
5904	21
5905	20
5906	11
5907	20
5908	13
5909	23
5910	11
5911	19
5912	20
5913	16
5914	11
5915	16
5916	22
5917	20
5918	18
5919	20
5920	15
5921	16
5922	19
5923	17
5924	12
5925	17
5926	17
5927	16
5928	16
5929	16
5930	14
5931	8
5932	20
5933	13
5934	13
5935	20
5936	16
5937	16
5938	16
5939	16
5940	11
5941	20
5942	13
5943	18
5944	14
5945	13
5946	18
5947	22
5948	17
5949	19
5950	12
5951	11
5952	19
5953	13
5954	16
5955	21
5956	21
5957	21
5958	18
5959	15
5960	18
5961	15
5962	15
5963	21
5964	17
5965	20
5966	24
5967	16
5968	14
5969	21
5970	22
5971	17
5972	18
5973	19
5974	14
5975	10
5976	28
5977	22
5978	14
5979	22
5980	12
5981	17
5982	15
5983	19
5984	17
5985	15
5986	16
5987	9
5988	14
5989	18
5990	17
5991	18
5992	15
5993	18
5994	17
5995	14
5996	23
5997	17
5998	9
5999	24
6000	11
6001	18
6002	18
6003	21
6004	16
6005	18
6006	18
6007	13
6008	23
6009	16
6010	18
6011	16
6012	23
6013	21
6014	16
6015	12
6016	16
6017	21
6018	16
6019	10
6020	21
6021	15
6022	14
6023	15
6024	23
6025	7
6026	17
6027	15
6028	23
6029	27
6030	15
6031	17
6032	13
6033	25
6034	17
6035	22
6036	29
6037	17
6038	22
6039	19
6040	18
6041	20
6042	18
6043	36
6044	13
6045	20
6046	12
6047	23
6048	12
6049	22
6050	11
6051	25
6052	14
6053	18
6054	21
6055	16
6056	23
6057	14
6058	20
6059	10
6060	18
6061	18
6062	21
6063	18
6064	13
6065	22
6066	22
6067	24
6068	17
6069	17
6070	16
6071	22
6072	17
6073	15
6074	20
6075	14
6076	15
6077	15
6078	28
6079	19
6080	19
6081	14
6082	29
6083	19
6084	12
6085	18
6086	14
6087	10
6088	17
6089	14
6090	10
6091	28
6092	22
6093	19
6094	19
6095	19
6096	21
6097	16
6098	14
6099	18
6100	24
6101	24
6102	24
6103	22
6104	16
6105	26
6106	23
6107	19
6108	16
6109	19
6110	29
6111	25
6112	14
6113	17
6114	15
6115	21
6116	24
6117	20
6118	19
6119	21
6120	26
6121	19
6122	19
6123	18
6124	28
6125	18
6126	26
6127	25
6128	13
6129	17
6130	23
6131	16
6132	19
6133	17
6134	17
6135	20
6136	17
6137	17
6138	22
6139	24
6140	18
6141	22
6142	16
6143	28
6144	12
6145	20
6146	22
6147	22
6148	19
6149	21
6150	22
6151	23
6152	18
6153	23
6154	21
6155	20
6156	20
6157	16
6158	14
6159	22
6160	20
6161	18
6162	21
6163	21
6164	17
6165	21
6166	21
6167	25
6168	16
6169	25
6170	27
6171	25
6172	25
6173	15
6174	18
6175	21
6176	15
6177	18
6178	13
6179	21
6180	22
6181	23
6182	20
6183	30
6184	17
6185	22
6186	24
6187	21
6188	29
6189	31
6190	19
6191	26
6192	20
6193	17
6194	20
6195	25
6196	24
6197	24
6198	21
6199	24
6200	26
6201	22
6202	21
6203	26
6204	17
6205	20
6206	27
6207	22
6208	20
6209	22
6210	30
6211	22
6212	23
6213	31
6214	26
6215	19
6216	18
6217	18
6218	25
6219	28
6220	26
6221	15
6222	24
6223	24
6224	13
6225	21
6226	24
6227	23
6228	22
6229	20
6230	25
6231	20
6232	27
6233	29
6234	23
6235	20
6236	23
6237	22
6238	25
6239	22
6240	25
6241	23
6242	34
6243	25
6244	21
6245	32
6246	22
6247	21
6248	19
6249	21
6250	24
6251	25
6252	29
6253	19
6254	29
6255	26
6256	18
6257	22
6258	22
6259	20
6260	19
6261	26
6262	26
6263	31
6264	22
6265	32
6266	18
6267	23
6268	21
6269	22
6270	24
6271	28
6272	17
6273	19
6274	19
6275	33
6276	24
6277	18
6278	23
6279	26
6280	24
6281	20
6282	28
6283	18
6284	23
6285	28
6286	30
6287	25
6288	25
6289	30
6290	25
6291	31
6292	26
6293	29
6294	17
6295	23
6296	28
6297	30
6298	31
6299	23
6300	29
6301	25
6302	25
6303	31
6304	27
6305	22
6306	26
6307	31
6308	29
6309	31
6310	32
6311	17
6312	31
6313	20
6314	24
6315	24
6316	25
6317	24
6318	22
6319	30
6320	31
6321	31
6322	24
6323	23
6324	37
6325	19
6326	31
6327	22
6328	31
6329	24
6330	18
6331	28
6332	28
6333	22
6334	30
6335	22
6336	32
6337	28
6338	32
6339	27
6340	27
6341	29
6342	28
6343	20
6344	28
6345	27
6346	28
6347	20
6348	34
6349	27
6350	25
6351	22
6352	29
6353	23
6354	30
6355	28
6356	32
6357	25
6358	26
6359	30
6360	32
6361	31
6362	36
6363	26
6364	30
6365	33
6366	26
6367	25
6368	25
6369	18
6370	28
6371	33
6372	20
6373	32
6374	32
6375	30
6376	26
6377	23
6378	27
6379	33
6380	17
6381	27
6382	17
6383	33
6384	19
6385	28
6386	26
6387	27
6388	28
6389	23
6390	27
6391	25
6392	27
6393	34
6394	30
6395	25
6396	27
6397	32
6398	32
6399	28
6400	37
6401	30
6402	22
6403	35
6404	37
6405	42
6406	25
6407	22
6408	32
6409	29
6410	28
6411	37
6412	25
6413	28
6414	38
6415	39
6416	29
6417	38
6418	23
6419	35
6420	51
6421	15
6422	28
6423	25
6424	34
6425	38
6426	35
6427	30
6428	30
6429	31
6430	29
6431	36
6432	39
6433	26
6434	26
6435	34
6436	35
6437	35
6438	35
6439	42
6440	26
6441	27
6442	41
6443	37
6444	31
6445	31
6446	35
6447	26
6448	44
6449	30
6450	46
6451	17
6452	34
6453	28
6454	25
6455	29
6456	37
6457	26
6458	24
6459	26
6460	27
6461	38
6462	24
6463	27
6464	33
6465	40
6466	28
6467	37
6468	25
6469	34
6470	48
6471	36
6472	30
6473	35
6474	28
6475	36
6476	30
6477	34
6478	25
6479	29
6480	29
6481	29
6482	25
6483	29
6484	29
6485	24
6486	34
6487	30
6488	33
6489	43
6490	20
6491	32
6492	34
6493	26
6494	39
6495	28
6496	32
6497	27
6498	42
6499	33
6500	47
6501	35
6502	30
6503	29
6504	33
6505	31
6506	31
6507	24
6508	35
6509	25
6510	35
6511	30
6512	39
6513	36
6514	26
6515	29
6516	29
6517	41
6518	29
6519	26
6520	31
6521	28
6522	32
6523	32
6524	32
6525	38
6526	40
6527	27
6528	39
6529	29
6530	37
6531	21
6532	26
6533	32
6534	35
6535	24
6536	22
6537	37
6538	39
6539	21
6540	40
6541	17
6542	36
6543	25
6544	31
6545	31
6546	40
6547	30
6548	28
6549	29
6550	28
6551	38
6552	26
6553	30
6554	24
6555	25
6556	37
6557	25
6558	29
6559	32
6560	24
6561	22
6562	29
6563	35
6564	40
6565	31
6566	32
6567	33
6568	29
6569	25
6570	22
6571	25
6572	32
6573	34
6574	25
6575	26
6576	32
6577	37
6578	24
6579	28
6580	36
6581	35
6582	19
6583	38
6584	25
6585	35
6586	32
6587	33
6588	31
6589	17
6590	27
6591	25
6592	26
6593	35
6594	32
6595	32
6596	32
6597	30
6598	29
6599	25
6600	27
6601	25
6602	37
6603	37
6604	28
6605	28
6606	23
6607	30
6608	30
6609	21
6610	24
6611	36
6612	33
6613	36
6614	27
6615	26
6616	36
6617	29
6618	32
6619	24
6620	27
6621	28
6622	21
6623	25
6624	33
6625	28
6626	21
6627	19
6628	22
6629	25
6630	24
6631	30
6632	23
6633	19
6634	28
6635	24
6636	32
6637	26
6638	25
6639	30
6640	23
6641	28
6642	28
6643	23
6644	29
6645	27
6646	31
6647	19
6648	26
6649	23
6650	26
6651	32
6652	28
6653	21
6654	29
6655	29
6656	26
6657	21
6658	26
6659	10
6660	25
6661	23
6662	29
6663	28
6664	19
6665	26
6666	23
6667	22
6668	23
6669	21
6670	32
6671	14
6672	28
6673	21
6674	27
6675	16
6676	21
6677	33
6678	18
6679	16
6680	20
6681	28
6682	26
6683	18
6684	24
6685	21
6686	26
6687	17
6688	20
6689	20
6690	24
6691	15
6692	27
6693	16
6694	15
6695	15
6696	31
6697	21
6698	25
6699	21
6700	23
6701	21
6702	14
6703	25
6704	16
6705	18
6706	22
6707	18
6708	19
6709	21
6710	22
6711	12
6712	16
6713	22
6714	15
6715	16
6716	19
6717	26
6718	13
6719	16
6720	22
6721	21
6722	11
6723	18
6724	28
6725	20
6726	9
6727	18
6728	28
6729	15
6730	21
6731	19
6732	15
6733	22
6734	18
6735	10
6736	15
6737	19
6738	15
6739	15
6740	11
6741	26
6742	17
6743	19
6744	23
6745	26
6746	12
6747	11
6748	16
6749	22
6750	15
6751	19
6752	16
6753	16
6754	11
6755	11
6756	20
6757	20
6758	16
6759	23
6760	13
6761	21
6762	13
6763	9
6764	22
6765	17
6766	16
6767	15
6768	16
6769	14
6770	13
6771	10
6772	21
6773	11
6774	12
6775	9
6776	15
6777	17
6778	16
6779	13
6780	14
6781	19
6782	13
6783	14
6784	8
6785	12
6786	13
6787	8
6788	14
6789	13
6790	12
6791	16
6792	22
6793	19
6794	12
6795	13
6796	14
6797	5
6798	14
6799	12
6800	11
6801	11
6802	13
6803	11
6804	17
6805	9
6806	11
6807	14
6808	10
6809	15
6810	8
6811	15
6812	7
6813	10
6814	13
6815	10
6816	8
6817	6
6818	10
6819	5
6820	16
6821	10
6822	10
6823	6
6824	13
6825	12
6826	9
6827	14
6828	13
6829	6
6830	7
6831	7
6832	12
6833	11
6834	13
6835	9
6836	11
6837	19
6838	13
6839	10
6840	7
6841	8
6842	4
6843	13
6844	9
6845	8
6846	6
6847	10
6848	4
6849	7
6850	7
6851	10
6852	10
6853	9
6854	9
6855	7
6856	4
6857	13
6858	9
6859	6
6860	10
6861	8
6862	7
6863	8
6864	6
6865	4
6866	8
6867	3
6868	6
6869	9
6870	6
6871	8
6872	5
6873	6
6874	4
6875	5
6876	9
6877	9
6878	5
6879	6
6880	7
6881	11
6882	10
6883	8
6884	10
6885	10
6886	7
6887	6
6888	8
6889	9
6890	7
6891	5
6892	9
6893	1
6894	7
6895	7
6896	3
6897	7
6898	6
6899	7
6900	4
6901	5
6902	8
6903	2
6904	2
6905	2
6906	4
6907	8
6908	4
6909	3
6910	3
6911	6
6912	5
6913	3
6914	11
6915	4
6916	4
6917	3
6918	2
6919	4
6920	2
6921	5
6922	8
6923	4
6924	7
6925	3
6926	2
6927	4
6928	2
6929	2
6930	3
6931	0
6932	5
6933	4
6934	8
6935	4
6936	2
6937	3
6938	1
6939	4
6940	6
6941	6
6942	3
6943	7
6944	2
6945	5
6946	6
6947	4
6948	3
6949	4
6950	10
6951	2
6952	1
6953	4
6954	2
6955	4
6956	5
6957	2
6958	4
6959	4
6960	4
6961	1
6962	3
6963	7
6964	4
6965	4
6966	3
6967	4
6968	2
6969	2
6970	3
6971	3
6972	4
6973	6
6974	0
6975	2
6976	3
6977	1
6978	1
6979	1
6980	3
6981	3
6982	3
6983	2
6984	2
6985	3
6986	3
6987	2
6988	0
6989	1
6990	4
6991	1
6992	0
6993	7
6994	2
6995	1
6996	3
6997	3
6998	1
6999	1
7000	2
7001	4
7002	1
7003	1
7004	2
7005	1
7006	1
7007	3
7008	2
7009	3
7010	3
7011	1
7012	1
7013	2
7014	2
7015	4
7016	5
7017	2
7018	3
7019	0
7020	2
7021	2
7022	2
7023	4
7024	2
7025	2
7026	1
7027	1
7028	1
7029	2
7030	2
7031	3
7032	4
7033	2
7034	2
7035	0
7036	1
7037	8
7038	1
7039	0
7040	3
7041	1
7042	0
7043	1
7044	3
7045	1
7046	0
7047	1
7048	4
7049	1
7050	2
7051	0
7052	0
7053	0
7054	0
7055	4
7056	2
7057	1
7058	4
7059	0
7060	0
7061	1
7062	0
7063	0
7064	2
7065	1
7066	1
7067	1
7068	3
7069	1
7070	0
7071	0
7072	4
7073	1
7074	1
7075	1
7076	1
7077	2
7078	1
7079	0
7080	1
7081	1
7082	1
7083	0
7084	0
7085	0
7086	2
7087	0
7088	2
7089	0
7090	3
7091	1
7092	0
7093	1
7094	1
7095	1
7096	3
7097	2
7098	0
7099	2
7100	0
7101	0
7102	2
7103	0
7104	3
7105	2
7106	1
7107	3
7108	0
7109	1
7110	1
7111	0
7112	1
7113	0
7114	2
7115	2
7116	0
7117	0
7118	1
7119	0
7120	0
7121	2
7122	0
7123	0
7124	0
7125	0
7126	1
7127	1
7128	1
7129	0
7130	0
7131	0
7132	1
7133	0
7134	0
7135	0
7136	0
7137	0
7138	1
7139	1
7140	1
7141	0
7142	0
7143	0
7144	0
7145	1
7146	3
7147	2
7148	0
7149	2
7150	0
7151	2
7152	2
7153	4
7154	0
7155	0
7156	0
7157	0
7158	0
7159	0
7160	1
7161	1
7162	0
7163	0
7164	0
7165	0
7166	0
7167	0
7168	1
7169	1
7170	1
7171	0
7172	0
7173	0
7174	0
7175	0
7176	2
7177	1
7178	0
7179	0
7180	1
7181	1
7182	3
7183	0
7184	1
7185	0
7186	1
7187	0
7188	0
7189	0
7190	0
7191	0
7192	0
7193	0
7194	0
7195	0
7196	1
7197	0
7198	0
7199	2
7200	1
7201	1
7202	0
7203	0
7204	2
7205	1
7206	0
7207	2
7208	0
7209	1
7210	0
7211	1
7212	0
7213	0
7214	0
7215	3
7216	1
7217	1
7218	0
7219	1
7220	0
7221	0
7222	0
7223	1
7224	1
7225	0
7226	1
7227	0
7228	0
7229	0
7230	0
7231	0
7232	0
7233	2
7234	0
7235	0
7236	0
7237	0
7238	1
7239	0
7240	1
7241	1
7242	0
7243	0
7244	1
7245	0
7246	0
7247	3
7248	0
7249	0
7250	0
7251	1
7252	0
7253	0
7254	1
7255	0
7256	0
7257	0
7258	0
7259	0
7260	0
7261	0
7262	1
7263	0
7264	1
7265	0
7266	0
7267	1
7268	0
7269	2
7270	0
7271	0
7272	0
7273	0
7274	0
7275	0
7276	0
7277	1
7278	1
7279	0
7280	0
7281	1
7282	0
7283	0
7284	0
7285	2
7286	0
7287	0
7288	1
7289	0
7290	0
7291	1
7292	0
7293	0
7294	0
7295	0
7296	0
7297	0
7298	0
7299	1
7300	1
7301	0
7302	0
7303	1
7304	0
7305	0
7306	1
7307	0
7308	1
7309	1
7310	0
7311	0
7312	0
7313	0
7314	0
7315	0
7316	0
7317	1
7318	1
7319	0
7320	0
7321	0
7322	0
7323	0
7324	0
7325	1
7326	0
7327	2
7328	1
7329	1
7330	1
7331	0
7332	0
7333	1
7334	0
7335	0
7336	1
7337	0
7338	0
7339	0
7340	0
7341	1
7342	0
7343	0
7344	1
7345	0
7346	2
7347	0
7348	1
7349	0
7350	1
7351	0
7352	0
7353	0
7354	0
7355	0
7356	0
7357	0
7358	0
7359	0
7360	1
7361	1
7362	1
7363	1
7364	0
7365	0
7366	0
7367	0
7368	0
7369	0
7370	0
7371	2
7372	1
7373	1
7374	0
7375	0
7376	0
7377	0
7378	0
7379	0
7380	0
7381	1
7382	0
7383	1
7384	0
7385	0
7386	1
7387	1
7388	0
7389	2
7390	2
7391	0
7392	2
7393	0
7394	0
7395	2
7396	0
7397	3
7398	0
7399	0
7400	0
7401	1
7402	0
7403	0
7404	0
7405	0
7406	0
7407	0
7408	2
7409	0
7410	1
7411	0
7412	2
7413	1
7414	0
7415	0
7416	0
7417	0
7418	1
7419	0
7420	1
7421	2
7422	1
7423	1
7424	0
7425	1
7426	2
7427	1
7428	0
7429	1
7430	0
7431	0
7432	1
7433	0
7434	2
7435	1
7436	1
7437	0
7438	0
7439	1
7440	0
7441	1
7442	0
7443	0
7444	1
7445	0
7446	0
7447	1
7448	0
7449	0
7450	0
7451	1
7452	1
7453	0
7454	0
7455	0
7456	0
7457	1
7458	1
7459	1
7460	2
7461	2
7462	1
7463	0
7464	0
7465	0
7466	0
7467	1
7468	0
7469	0
7470	0
7471	1
7472	0
7473	0
7474	0
7475	2
7476	0
7477	1
7478	0
7479	1
7480	2
7481	0
7482	0
7483	0
7484	1
7485	3
7486	1
7487	0
7488	1
7489	0
7490	0
7491	2
7492	0
7493	2
7494	0
7495	0
7496	1
7497	1
7498	1
7499	0
7500	1
7501	0
7502	1
7503	0
7504	0
7505	0
7506	0
7507	0
7508	1
7509	0
7510	0
7511	1
7512	0
7513	0
7514	0
7515	1
7516	0
7517	0
7518	1
7519	1
7520	1
7521	0
7522	1
7523	0
7524	0
7525	1
7526	0
7527	0
7528	0
7529	2
7530	0
7531	0
7532	1
7533	1
7534	0
7535	0
7536	0
7537	0
7538	0
7539	0
7540	2
7541	0
7542	0
7543	0
7544	1
7545	1
7546	1
7547	1
7548	0
7549	1
7550	2
7551	2
7552	2
7553	2
7554	0
7555	0
7556	1
7557	0
7558	0
7559	0
7560	0
7561	0
7562	1
7563	0
7564	0
7565	1
7566	0
7567	0
7568	0
7569	1
7570	0
7571	1
7572	0
7573	1
7574	0
7575	0
7576	1
7577	1
7578	0
7579	0
7580	0
7581	0
7582	0
7583	0
7584	1
7585	2
7586	0
7587	0
7588	1
7589	0
7590	1
7591	1
7592	1
7593	2
7594	0
7595	1
7596	1
7597	1
7598	1
7599	0
7600	0
7601	1
7602	0
7603	0
7604	0
7605	1
7606	0
7607	0
7608	0
7609	2
7610	0
7611	1
7612	0
7613	0
7614	0
7615	0
7616	1
7617	0
7618	0
7619	2
7620	0
7621	0
7622	0
7623	0
7624	0
7625	2
7626	1
7627	0
7628	0
7629	1
7630	1
7631	1
7632	0
7633	0
7634	0
7635	0
7636	1
7637	2
7638	1
7639	0
7640	1
7641	2
7642	0
7643	0
7644	0
7645	0
7646	1
7647	2
7648	0
7649	1
7650	1
7651	1
7652	0
7653	1
7654	0
7655	2
7656	1
7657	0
7658	0
7659	0
7660	1
7661	1
7662	1
7663	0
7664	1
7665	0
7666	0
7667	1
7668	0
7669	0
7670	1
7671	0
7672	2
7673	0
7674	1
7675	0
7676	1
7677	0
7678	0
7679	1
7680	0
7681	0
7682	0
7683	1
7684	0
7685	0
7686	2
7687	0
7688	0
7689	0
7690	2
7691	0
7692	0
7693	1
7694	0
7695	0
7696	0
7697	0
7698	2
7699	1
7700	0
7701	0
7702	0
7703	0
7704	1
7705	0
7706	0
7707	0
7708	0
7709	0
7710	1
7711	1
7712	1
7713	0
7714	0
7715	0
7716	0
7717	1
7718	0
7719	0
7720	0
7721	0
7722	0
7723	2
7724	0
7725	3
7726	0
7727	2
7728	1
7729	0
7730	0
7731	0
7732	1
7733	1
7734	0
7735	1
7736	0
7737	0
7738	0
7739	0
7740	0
7741	1
7742	1
7743	1
7744	1
7745	0
7746	1
7747	0
7748	0
7749	0
7750	1
7751	0
7752	0
7753	1
7754	0
7755	2
7756	0
7757	0
7758	0
7759	0
7760	1
7761	0
7762	1
7763	0
7764	0
7765	4
7766	0
7767	0
7768	0
7769	1
7770	0
7771	2
7772	0
7773	1
7774	1
7775	0
7776	0
7777	0
7778	0
7779	1
7780	0
7781	1
7782	0
7783	0
7784	1
7785	2
7786	0
7787	0
7788	1
7789	0
7790	1
7791	0
7792	0
7793	0
7794	1
7795	0
7796	1
7797	0
7798	1
7799	0
7800	1
7801	0
7802	0
7803	0
7804	0
7805	0
7806	0
7807	0
7808	0
7809	0
7810	0
7811	0
7812	1
7813	0
7814	0
7815	0
7816	1
7817	0
7818	0
7819	1
7820	1
7821	1
7822	0
7823	0
7824	0
7825	0
7826	0
7827	1
7828	0
7829	1
7830	2
7831	1
7832	2
7833	0
7834	0
7835	1
7836	1
7837	0
7838	1
7839	0
7840	1
7841	0
7842	0
7843	1
7844	1
7845	0
7846	1
7847	0
7848	0
7849	1
7850	0
7851	0
7852	0
7853	0
7854	0
7855	0
7856	1
7857	0
7858	0
7859	0
7860	0
7861	0
7862	0
7863	0
7864	1
7865	1
7866	1
7867	1
7868	0
7869	1
7870	0
7871	1
7872	1
7873	0
7874	0
7875	0
7876	0
7877	1
7878	0
7879	0
7880	1
7881	0
7882	0
7883	1
7884	0
7885	1
7886	0
7887	1
7888	0
7889	0
7890	0
7891	0
7892	0
7893	0
7894	1
7895	0
7896	0
7897	0
7898	0
7899	1
7900	1
7901	1
7902	1
7903	0
7904	2
7905	0
7906	0
7907	1
7908	0
7909	1
7910	1
7911	0
7912	0
7913	1
7914	2
7915	0
7916	0
7917	0
7918	1
7919	1
7920	0
7921	1
7922	0
7923	1
7924	1
7925	0
7926	1
7927	0
7928	0
7929	1
7930	0
7931	0
7932	1
7933	0
7934	0
7935	1
7936	0
7937	1
7938	0
7939	1
7940	0
7941	0
7942	0
7943	0
7944	0
7945	0
7946	2
7947	2
7948	0
7949	0
7950	0
7951	1
7952	0
7953	0
7954	0
7955	0
7956	0
7957	0
7958	0
7959	2
7960	0
7961	1
7962	0
7963	1
7964	0
7965	1
7966	0
7967	0
7968	0
7969	0
7970	0
7971	0
7972	1
7973	0
7974	0
7975	0
7976	0
7977	0
7978	0
7979	1
7980	0
7981	0
7982	1
7983	0
7984	1
7985	0
7986	1
7987	0
7988	1
7989	0
7990	0
7991	0
7992	1
7993	0
7994	0
7995	0
7996	0
7997	0
7998	1
7999	0
8000	1
8001	0
8002	0
8003	1
8004	0
8005	1
8006	0
8007	0
8008	0
8009	0
8010	0
8011	2
8012	0
8013	0
8014	0
8015	1
8016	1
8017	0
8018	0
8019	0
8020	0
8021	0
8022	0
8023	1
8024	0
8025	0
8026	0
8027	0
8028	0
8029	0
8030	0
8031	1
8032	0
8033	0
8034	1
8035	0
8036	1
8037	0
8038	0
8039	0
8040	0
8041	2
8042	0
8043	1
8044	2
8045	1
8046	1
8047	0
8048	0
8049	0
8050	1
8051	2
8052	2
8053	1
8054	1
8055	0
8056	0
8057	0
8058	0
8059	0
8060	0
8061	0
8062	0
8063	0
8064	0
8065	1
8066	1
8067	0
8068	1
8069	0
8070	0
8071	0
8072	2
8073	1
8074	1
8075	0
8076	0
8077	0
8078	1
8079	1
8080	0
8081	1
8082	0
8083	1
8084	0
8085	0
8086	0
8087	0
8088	0
8089	0
8090	0
8091	0
8092	0
8093	0
8094	0
8095	0
8096	0
8097	0
8098	0
8099	0
8100	0
8101	0
8102	0
8103	0
8104	0
8105	0
8106	0
8107	0
8108	0
8109	0
8110	1
8111	0
8112	0
8113	0
8114	0
8115	0
8116	0
8117	0
8118	0
8119	0
8120	0
8121	0
8122	0
8123	0
8124	0
8125	0
8126	0
8127	0
8128	0
8129	0
8130	0
8131	0
8132	0
8133	0
8134	0
8135	0
8136	0
8137	0
8138	0
8139	0
8140	0
8141	0
8142	0
8143	0
8144	0
8145	0
8146	0
8147	0
8148	0
8149	0
8150	0
8151	0
8152	0
8153	0
8154	0
8155	0
8156	0
8157	0
8158	0
8159	0
8160	0
8161	0
8162	0
8163	0
8164	0
8165	0
8166	0
8167	0
8168	0
8169	0
8170	0
8171	0
8172	0
8173	0
8174	0
8175	0
8176	0
8177	0
8178	0
8179	0
8180	0
8181	0
8182	0
8183	0
8184	0
8185	0
8186	0
8187	0
8188	0
8189	0
8190	0
8191	0
