0	0
1	0
2	0
3	0
4	0
5	0
6	0
7	0
8	0
9	0
10	0
11	0
12	0
13	0
14	0
15	0
16	0
17	0
18	0
19	0
20	0
21	0
22	0
23	0
24	0
25	0
26	0
27	0
28	0
29	0
30	0
31	0
32	0
33	0
34	0
35	0
36	0
37	0
38	0
39	0
40	0
41	0
42	0
43	0
44	0
45	0
46	0
47	0
48	0
49	0
50	0
51	0
52	0
53	0
54	0
55	0
56	0
57	0
58	0
59	0
60	0
61	0
62	0
63	0
64	0
65	0
66	0
67	0
68	0
69	0
70	0
71	0
72	0
73	0
74	0
75	0
76	0
77	0
78	0
79	0
80	0
81	0
82	0
83	0
84	2
85	3
86	12
87	14
88	15
89	11
90	13
91	22
92	11
93	16
94	14
95	16
96	16
97	5
98	19
99	17
100	12
101	10
102	11
103	7
104	6
105	10
106	6
107	9
108	3
109	13
110	14
111	9
112	8
113	9
114	9
115	15
116	12
117	14
118	5
119	14
120	5
121	10
122	11
123	12
124	10
125	10
126	15
127	16
128	12
129	10
130	14
131	7
132	10
133	11
134	14
135	8
136	15
137	13
138	9
139	13
140	6
141	7
142	9
143	12
144	7
145	8
146	10
147	13
148	13
149	14
150	9
151	10
152	8
153	4
154	12
155	15
156	12
157	8
158	14
159	11
160	11
161	15
162	10
163	11
164	5
165	14
166	10
167	14
168	12
169	3
170	12
171	8
172	10
173	11
174	12
175	7
176	11
177	11
178	12
179	9
180	7
181	19
182	11
183	11
184	4
185	6
186	7
187	15
188	10
189	12
190	12
191	22
192	13
193	15
194	11
195	9
196	9
197	10
198	6
199	12
200	14
201	16
202	13
203	13
204	5
205	12
206	13
207	13
208	11
209	14
210	14
211	8
212	6
213	16
214	16
215	14
216	18
217	18
218	12
219	8
220	12
221	10
222	8
223	13
224	12
225	18
226	18
227	10
228	18
229	16
230	15
231	13
232	13
233	9
234	7
235	14
236	15
237	12
238	14
239	18
240	10
241	10
242	11
243	9
244	11
245	15
246	11
247	8
248	18
249	12
250	9
251	17
252	17
253	10
254	15
255	12
256	17
257	11
258	7
259	11
260	10
261	11
262	17
263	17
264	9
265	13
266	11
267	6
268	16
269	11
270	9
271	14
272	13
273	17
274	9
275	11
276	9
277	15
278	9
279	14
280	11
281	13
282	12
283	23
284	12
285	10
286	17
287	8
288	3
289	15
290	9
291	14
292	20
293	11
294	16
295	9
296	15
297	12
298	12
299	16
300	17
301	11
302	5
303	11
304	11
305	18
306	13
307	8
308	10
309	12
310	20
311	17
312	8
313	6
314	14
315	12
316	13
317	14
318	12
319	14
320	20
321	10
322	13
323	16
324	14
325	16
326	13
327	9
328	12
329	14
330	8
331	18
332	17
333	16
334	16
335	11
336	11
337	12
338	15
339	14
340	9
341	20
342	16
343	18
344	11
345	15
346	20
347	13
348	17
349	9
350	8
351	7
352	15
353	17
354	14
355	10
356	13
357	19
358	17
359	17
360	20
361	14
362	11
363	10
364	9
365	11
366	14
367	16
368	14
369	16
370	12
371	16
372	17
373	8
374	13
375	10
376	15
377	11
378	17
379	13
380	11
381	13
382	8
383	8
384	15
385	14
386	10
387	11
388	17
389	14
390	12
391	12
392	11
393	14
394	19
395	8
396	14
397	9
398	16
399	12
400	11
401	13
402	11
403	15
404	18
405	8
406	12
407	17
408	11
409	10
410	7
411	10
412	14
413	18
414	10
415	10
416	9
417	14
418	12
419	19
420	17
421	14
422	12
423	15
424	11
425	17
426	14
427	10
428	13
429	5
430	15
431	10
432	12
433	10
434	18
435	18
436	8
437	15
438	14
439	21
440	9
441	18
442	15
443	12
444	12
445	16
446	6
447	16
448	9
449	10
450	12
451	12
452	10
453	17
454	15
455	14
456	13
457	15
458	12
459	15
460	20
461	11
462	7
463	18
464	13
465	10
466	16
467	21
468	10
469	15
470	14
471	16
472	13
473	15
474	17
475	23
476	13
477	7
478	14
479	15
480	11
481	11
482	17
483	17
484	11
485	17
486	13
487	22
488	14
489	13
490	25
491	12
492	13
493	16
494	15
495	18
496	22
497	10
498	11
499	18
500	16
501	20
502	11
503	15
504	15
505	16
506	15
507	14
508	18
509	24
510	17
511	19
512	22
513	13
514	17
515	23
516	22
517	18
518	16
519	21
520	8
521	17
522	18
523	22
524	11
525	15
526	12
527	20
528	14
529	18
530	11
531	16
532	11
533	18
534	17
535	15
536	14
537	16
538	15
539	14
540	16
541	17
542	12
543	16
544	15
545	14
546	16
547	11
548	13
549	14
550	12
551	14
552	12
553	18
554	18
555	11
556	9
557	17
558	14
559	12
560	8
561	13
562	17
563	13
564	15
565	14
566	21
567	10
568	17
569	17
570	13
571	16
572	16
573	14
574	21
575	15
576	16
577	10
578	13
579	14
580	12
581	11
582	13
583	12
584	15
585	20
586	15
587	14
588	12
589	12
590	12
591	17
592	15
593	15
594	15
595	11
596	10
597	20
598	14
599	14
600	19
601	15
602	9
603	14
604	21
605	14
606	18
607	17
608	12
609	15
610	16
611	20
612	10
613	20
614	20
615	15
616	19
617	14
618	17
619	24
620	19
621	14
622	13
623	15
624	22
625	17
626	13
627	15
628	15
629	14
630	14
631	15
632	12
633	12
634	19
635	14
636	17
637	14
638	12
639	17
640	13
641	18
642	11
643	11
644	11
645	12
646	8
647	15
648	15
649	15
650	19
651	10
652	16
653	16
654	14
655	17
656	12
657	10
658	23
659	12
660	13
661	20
662	14
663	15
664	15
665	12
666	15
667	12
668	21
669	16
670	14
671	16
672	22
673	21
674	14
675	14
676	20
677	18
678	20
679	19
680	18
681	19
682	17
683	18
684	18
685	20
686	17
687	9
688	9
689	13
690	13
691	9
692	9
693	16
694	15
695	9
696	9
697	17
698	15
699	15
700	13
701	20
702	15
703	19
704	9
705	16
706	17
707	15
708	18
709	13
710	9
711	18
712	20
713	15
714	14
715	10
716	21
717	23
718	18
719	22
720	22
721	12
722	15
723	19
724	8
725	14
726	19
727	17
728	25
729	9
730	22
731	15
732	18
733	17
734	19
735	15
736	22
737	18
738	21
739	16
740	22
741	11
742	18
743	17
744	15
745	19
746	18
747	22
748	14
749	22
750	9
751	16
752	11
753	29
754	21
755	25
756	23
757	19
758	22
759	18
760	21
761	22
762	32
763	18
764	20
765	28
766	23
767	22
768	18
769	18
770	22
771	11
772	25
773	21
774	18
775	11
776	20
777	21
778	28
779	22
780	16
781	23
782	38
783	27
784	30
785	25
786	20
787	21
788	22
789	24
790	28
791	30
792	27
793	24
794	35
795	33
796	27
797	24
798	34
799	32
800	18
801	16
802	29
803	22
804	20
805	32
806	24
807	29
808	29
809	31
810	24
811	28
812	27
813	33
814	31
815	36
816	29
817	29
818	28
819	28
820	21
821	22
822	32
823	23
824	28
825	30
826	38
827	32
828	38
829	29
830	24
831	35
832	27
833	38
834	28
835	37
836	41
837	42
838	32
839	31
840	28
841	33
842	25
843	36
844	36
845	35
846	27
847	37
848	25
849	29
850	35
851	30
852	40
853	33
854	40
855	36
856	27
857	32
858	33
859	28
860	22
861	31
862	30
863	25
864	34
865	26
866	37
867	36
868	37
869	32
870	34
871	26
872	35
873	36
874	24
875	21
876	38
877	21
878	38
879	26
880	31
881	30
882	25
883	35
884	33
885	31
886	31
887	20
888	25
889	26
890	34
891	27
892	21
893	27
894	29
895	29
896	26
897	23
898	32
899	32
900	28
901	28
902	29
903	25
904	26
905	24
906	23
907	31
908	23
909	24
910	19
911	23
912	29
913	32
914	20
915	17
916	19
917	22
918	26
919	32
920	24
921	21
922	26
923	25
924	26
925	22
926	28
927	24
928	25
929	21
930	14
931	26
932	37
933	33
934	26
935	23
936	21
937	19
938	25
939	20
940	26
941	25
942	25
943	17
944	28
945	20
946	20
947	23
948	18
949	24
950	33
951	29
952	28
953	27
954	24
955	34
956	17
957	18
958	23
959	11
960	33
961	25
962	20
963	18
964	20
965	31
966	18
967	23
968	19
969	28
970	24
971	21
972	19
973	22
974	28
975	28
976	22
977	31
978	23
979	22
980	23
981	23
982	20
983	24
984	24
985	20
986	17
987	21
988	21
989	24
990	26
991	20
992	26
993	24
994	25
995	21
996	17
997	21
998	26
999	14
1000	14
1001	23
1002	19
1003	17
1004	19
1005	16
1006	25
1007	21
1008	19
1009	26
1010	22
1011	17
1012	21
1013	13
1014	22
1015	16
1016	27
1017	13
1018	22
1019	15
1020	18
1021	21
1022	24
1023	24
1024	16
1025	12
1026	19
1027	18
1028	24
1029	21
1030	23
1031	25
1032	20
1033	19
1034	16
1035	14
1036	16
1037	19
1038	24
1039	18
1040	23
1041	18
1042	23
1043	17
1044	25
1045	18
1046	18
1047	15
1048	19
1049	22
1050	17
1051	21
1052	17
1053	22
1054	15
1055	26
1056	10
1057	16
1058	17
1059	15
1060	23
1061	21
1062	16
1063	16
1064	17
1065	21
1066	29
1067	13
1068	15
1069	24
1070	21
1071	23
1072	16
1073	20
1074	16
1075	21
1076	15
1077	17
1078	20
1079	21
1080	22
1081	12
1082	11
1083	24
1084	14
1085	14
1086	25
1087	17
1088	18
1089	11
1090	24
1091	21
1092	22
1093	14
1094	21
1095	21
1096	26
1097	16
1098	21
1099	19
1100	14
1101	16
1102	19
1103	25
1104	22
1105	16
1106	19
1107	18
1108	21
1109	21
1110	18
1111	16
1112	23
1113	15
1114	20
1115	12
1116	12
1117	11
1118	13
1119	23
1120	14
1121	18
1122	25
1123	22
1124	14
1125	17
1126	12
1127	19
1128	24
1129	24
1130	18
1131	15
1132	26
1133	14
1134	21
1135	13
1136	16
1137	16
1138	20
1139	16
1140	16
1141	16
1142	18
1143	23
1144	20
1145	16
1146	16
1147	30
1148	17
1149	24
1150	19
1151	21
1152	17
1153	21
1154	19
1155	24
1156	15
1157	14
1158	13
1159	13
1160	19
1161	22
1162	18
1163	15
1164	25
1165	24
1166	18
1167	14
1168	18
1169	19
1170	15
1171	17
1172	14
1173	16
1174	16
1175	15
1176	22
1177	24
1178	18
1179	20
1180	13
1181	17
1182	14
1183	18
1184	20
1185	13
1186	8
1187	23
1188	25
1189	29
1190	22
1191	13
1192	12
1193	19
1194	23
1195	22
1196	22
1197	25
1198	20
1199	26
1200	24
1201	15
1202	12
1203	13
1204	18
1205	14
1206	19
1207	20
1208	16
1209	14
1210	18
1211	20
1212	20
1213	17
1214	21
1215	25
1216	13
1217	17
1218	22
1219	22
1220	9
1221	18
1222	18
1223	19
1224	16
1225	25
1226	15
1227	17
1228	25
1229	24
1230	27
1231	25
1232	17
1233	15
1234	15
1235	23
1236	16
1237	22
1238	20
1239	27
1240	23
1241	18
1242	13
1243	15
1244	18
1245	22
1246	20
1247	17
1248	15
1249	19
1250	21
1251	15
1252	22
1253	21
1254	18
1255	21
1256	20
1257	25
1258	24
1259	15
1260	25
1261	18
1262	17
1263	27
1264	21
1265	21
1266	12
1267	21
1268	21
1269	24
1270	19
1271	17
1272	15
1273	22
1274	19
1275	23
1276	31
1277	22
1278	19
1279	27
1280	22
1281	23
1282	12
1283	21
1284	20
1285	17
1286	21
1287	23
1288	24
1289	17
1290	21
1291	19
1292	18
1293	19
1294	18
1295	16
1296	27
1297	18
1298	21
1299	23
1300	19
1301	20
1302	15
1303	17
1304	18
1305	22
1306	26
1307	19
1308	14
1309	21
1310	18
1311	20
1312	21
1313	20
1314	22
1315	15
1316	19
1317	24
1318	21
1319	23
1320	19
1321	18
1322	18
1323	17
1324	24
1325	16
1326	9
1327	20
1328	22
1329	13
1330	21
1331	17
1332	15
1333	28
1334	20
1335	16
1336	27
1337	17
1338	23
1339	27
1340	29
1341	11
1342	25
1343	20
1344	26
1345	30
1346	25
1347	16
1348	23
1349	23
1350	12
1351	19
1352	18
1353	11
1354	22
1355	19
1356	16
1357	12
1358	27
1359	22
1360	20
1361	26
1362	16
1363	24
1364	21
1365	25
1366	15
1367	14
1368	21
1369	19
1370	17
1371	19
1372	16
1373	21
1374	20
1375	26
1376	13
1377	21
1378	19
1379	12
1380	19
1381	20
1382	25
1383	22
1384	24
1385	20
1386	20
1387	28
1388	18
1389	25
1390	19
1391	22
1392	15
1393	14
1394	19
1395	26
1396	18
1397	26
1398	15
1399	21
1400	23
1401	15
1402	18
1403	25
1404	27
1405	22
1406	20
1407	22
1408	26
1409	28
1410	16
1411	16
1412	15
1413	20
1414	23
1415	23
1416	18
1417	27
1418	28
1419	20
1420	18
1421	19
1422	13
1423	27
1424	21
1425	25
1426	21
1427	24
1428	29
1429	19
1430	23
1431	22
1432	26
1433	21
1434	16
1435	16
1436	22
1437	23
1438	20
1439	28
1440	20
1441	24
1442	16
1443	15
1444	25
1445	26
1446	22
1447	34
1448	28
1449	26
1450	24
1451	26
1452	19
1453	10
1454	33
1455	26
1456	27
1457	22
1458	14
1459	25
1460	26
1461	23
1462	19
1463	14
1464	23
1465	16
1466	21
1467	21
1468	21
1469	20
1470	28
1471	25
1472	31
1473	19
1474	23
1475	17
1476	24
1477	18
1478	22
1479	20
1480	24
1481	23
1482	26
1483	31
1484	20
1485	27
1486	18
1487	20
1488	25
1489	21
1490	25
1491	44
1492	24
1493	28
1494	20
1495	14
1496	24
1497	19
1498	27
1499	17
1500	27
1501	19
1502	24
1503	16
1504	19
1505	23
1506	30
1507	20
1508	21
1509	28
1510	24
1511	24
1512	24
1513	22
1514	20
1515	20
1516	29
1517	23
1518	29
1519	24
1520	22
1521	28
1522	26
1523	31
1524	18
1525	19
1526	26
1527	16
1528	21
1529	22
1530	20
1531	19
1532	22
1533	28
1534	19
1535	23
1536	23
1537	22
1538	29
1539	22
1540	24
1541	25
1542	36
1543	20
1544	27
1545	24
1546	31
1547	24
1548	28
1549	26
1550	29
1551	19
1552	20
1553	19
1554	21
1555	22
1556	26
1557	16
1558	18
1559	29
1560	28
1561	29
1562	23
1563	18
1564	14
1565	22
1566	29
1567	23
1568	23
1569	23
1570	22
1571	23
1572	33
1573	20
1574	21
1575	31
1576	21
1577	21
1578	19
1579	20
1580	24
1581	24
1582	25
1583	18
1584	20
1585	18
1586	14
1587	23
1588	21
1589	33
1590	24
1591	27
1592	23
1593	25
1594	26
1595	22
1596	16
1597	20
1598	17
1599	18
1600	23
1601	23
1602	15
1603	24
1604	29
1605	22
1606	28
1607	24
1608	17
1609	26
1610	19
1611	23
1612	17
1613	35
1614	26
1615	23
1616	28
1617	23
1618	26
1619	14
1620	18
1621	19
1622	28
1623	25
1624	28
1625	29
1626	21
1627	15
1628	31
1629	25
1630	18
1631	24
1632	29
1633	25
1634	23
1635	23
1636	19
1637	27
1638	25
1639	22
1640	25
1641	30
1642	29
1643	20
1644	28
1645	30
1646	30
1647	30
1648	26
1649	22
1650	19
1651	26
1652	28
1653	25
1654	16
1655	31
1656	29
1657	23
1658	22
1659	37
1660	22
1661	29
1662	26
1663	26
1664	18
1665	22
1666	30
1667	30
1668	25
1669	30
1670	31
1671	26
1672	27
1673	22
1674	30
1675	30
1676	19
1677	31
1678	19
1679	32
1680	25
1681	29
1682	35
1683	27
1684	26
1685	33
1686	30
1687	24
1688	28
1689	19
1690	23
1691	34
1692	29
1693	19
1694	21
1695	23
1696	22
1697	34
1698	27
1699	30
1700	28
1701	25
1702	31
1703	31
1704	29
1705	34
1706	21
1707	29
1708	22
1709	19
1710	21
1711	21
1712	21
1713	25
1714	21
1715	19
1716	26
1717	36
1718	28
1719	28
1720	17
1721	28
1722	21
1723	23
1724	15
1725	19
1726	33
1727	32
1728	25
1729	30
1730	30
1731	32
1732	34
1733	36
1734	19
1735	26
1736	40
1737	24
1738	33
1739	20
1740	28
1741	21
1742	23
1743	27
1744	25
1745	20
1746	32
1747	28
1748	23
1749	23
1750	18
1751	19
1752	30
1753	25
1754	25
1755	35
1756	22
1757	17
1758	24
1759	22
1760	30
1761	21
1762	39
1763	27
1764	27
1765	38
1766	25
1767	33
1768	21
1769	28
1770	22
1771	29
1772	32
1773	32
1774	34
1775	23
1776	22
1777	32
1778	37
1779	28
1780	24
1781	24
1782	25
1783	23
1784	29
1785	22
1786	33
1787	22
1788	23
1789	36
1790	30
1791	34
1792	28
1793	27
1794	24
1795	37
1796	27
1797	26
1798	18
1799	26
1800	28
1801	17
1802	38
1803	22
1804	20
1805	26
1806	20
1807	33
1808	27
1809	34
1810	27
1811	26
1812	17
1813	30
1814	29
1815	31
1816	38
1817	29
1818	27
1819	25
1820	23
1821	25
1822	31
1823	32
1824	26
1825	23
1826	28
1827	23
1828	24
1829	26
1830	25
1831	37
1832	31
1833	34
1834	28
1835	31
1836	27
1837	24
1838	26
1839	27
1840	34
1841	26
1842	24
1843	19
1844	35
1845	23
1846	39
1847	24
1848	35
1849	25
1850	19
1851	23
1852	36
1853	22
1854	38
1855	36
1856	36
1857	28
1858	31
1859	28
1860	36
1861	21
1862	39
1863	22
1864	32
1865	25
1866	31
1867	29
1868	30
1869	37
1870	31
1871	30
1872	25
1873	13
1874	26
1875	19
1876	34
1877	25
1878	29
1879	42
1880	37
1881	32
1882	27
1883	38
1884	26
1885	36
1886	19
1887	28
1888	23
1889	36
1890	22
1891	28
1892	29
1893	35
1894	23
1895	25
1896	22
1897	30
1898	35
1899	21
1900	26
1901	24
1902	21
1903	33
1904	28
1905	37
1906	36
1907	22
1908	26
1909	27
1910	42
1911	41
1912	31
1913	40
1914	25
1915	32
1916	28
1917	27
1918	29
1919	32
1920	31
1921	33
1922	30
1923	35
1924	28
1925	44
1926	29
1927	26
1928	24
1929	30
1930	28
1931	26
1932	32
1933	41
1934	41
1935	34
1936	31
1937	20
1938	27
1939	24
1940	33
1941	25
1942	32
1943	25
1944	19
1945	30
1946	26
1947	26
1948	34
1949	34
1950	24
1951	30
1952	36
1953	42
1954	24
1955	40
1956	33
1957	34
1958	32
1959	33
1960	30
1961	33
1962	25
1963	28
1964	35
1965	28
1966	36
1967	26
1968	32
1969	39
1970	35
1971	38
1972	37
1973	40
1974	23
1975	31
1976	35
1977	29
1978	24
1979	39
1980	26
1981	25
1982	31
1983	26
1984	28
1985	35
1986	36
1987	33
1988	26
1989	32
1990	25
1991	28
1992	29
1993	37
1994	31
1995	31
1996	29
1997	31
1998	32
1999	27
2000	37
2001	24
2002	33
2003	34
2004	44
2005	40
2006	32
2007	30
2008	27
2009	32
2010	34
2011	24
2012	39
2013	38
2014	32
2015	32
2016	29
2017	38
2018	41
2019	35
2020	30
2021	36
2022	28
2023	36
2024	29
2025	31
2026	22
2027	26
2028	35
2029	26
2030	29
2031	29
2032	35
2033	34
2034	27
2035	43
2036	34
2037	31
2038	38
2039	30
2040	37
2041	40
2042	23
2043	26
2044	28
2045	39
2046	35
2047	32
2048	31
2049	31
2050	48
2051	32
2052	29
2053	34
2054	42
2055	27
2056	32
2057	38
2058	39
2059	20
2060	40
2061	35
2062	30
2063	46
2064	48
2065	34
2066	27
2067	22
2068	37
2069	34
2070	39
2071	31
2072	33
2073	27
2074	29
2075	37
2076	38
2077	36
2078	29
2079	33
2080	34
2081	35
2082	30
2083	40
2084	30
2085	25
2086	40
2087	39
2088	39
2089	26
2090	27
2091	32
2092	29
2093	35
2094	37
2095	30
2096	30
2097	31
2098	28
2099	32
2100	33
2101	33
2102	32
2103	31
2104	30
2105	30
2106	29
2107	39
2108	36
2109	33
2110	40
2111	33
2112	33
2113	29
2114	28
2115	39
2116	25
2117	34
2118	32
2119	36
2120	32
2121	33
2122	26
2123	38
2124	32
2125	39
2126	31
2127	33
2128	34
2129	41
2130	32
2131	27
2132	42
2133	30
2134	38
2135	38
2136	37
2137	44
2138	27
2139	33
2140	34
2141	41
2142	30
2143	29
2144	37
2145	33
2146	28
2147	34
2148	46
2149	41
2150	31
2151	43
2152	39
2153	43
2154	37
2155	37
2156	36
2157	39
2158	33
2159	47
2160	40
2161	23
2162	32
2163	37
2164	38
2165	29
2166	31
2167	32
2168	31
2169	42
2170	25
2171	26
2172	27
2173	29
2174	33
2175	45
2176	25
2177	27
2178	45
2179	33
2180	35
2181	44
2182	34
2183	36
2184	37
2185	30
2186	30
2187	33
2188	37
2189	32
2190	37
2191	38
2192	36
2193	42
2194	35
2195	41
2196	38
2197	34
2198	36
2199	26
2200	37
2201	31
2202	37
2203	37
2204	37
2205	41
2206	30
2207	46
2208	46
2209	40
2210	39
2211	42
2212	41
2213	45
2214	35
2215	40
2216	40
2217	42
2218	36
2219	45
2220	34
2221	44
2222	41
2223	40
2224	35
2225	48
2226	44
2227	36
2228	45
2229	39
2230	32
2231	27
2232	46
2233	58
2234	39
2235	35
2236	37
2237	30
2238	46
2239	40
2240	45
2241	34
2242	48
2243	46
2244	43
2245	51
2246	41
2247	41
2248	35
2249	45
2250	43
2251	37
2252	39
2253	45
2254	29
2255	45
2256	52
2257	42
2258	39
2259	35
2260	43
2261	40
2262	36
2263	49
2264	36
2265	50
2266	47
2267	41
2268	44
2269	42
2270	44
2271	46
2272	53
2273	38
2274	45
2275	47
2276	37
2277	54
2278	38
2279	52
2280	44
2281	47
2282	30
2283	48
2284	47
2285	45
2286	46
2287	47
2288	44
2289	38
2290	46
2291	43
2292	51
2293	48
2294	56
2295	46
2296	35
2297	45
2298	37
2299	36
2300	33
2301	43
2302	49
2303	57
2304	36
2305	43
2306	45
2307	39
2308	58
2309	46
2310	49
2311	49
2312	45
2313	49
2314	42
2315	54
2316	52
2317	40
2318	45
2319	60
2320	44
2321	52
2322	52
2323	39
2324	44
2325	43
2326	45
2327	48
2328	57
2329	48
2330	49
2331	49
2332	45
2333	41
2334	57
2335	53
2336	49
2337	58
2338	52
2339	39
2340	41
2341	53
2342	44
2343	51
2344	56
2345	53
2346	48
2347	46
2348	54
2349	42
2350	55
2351	52
2352	48
2353	48
2354	55
2355	38
2356	61
2357	61
2358	52
2359	39
2360	41
2361	47
2362	46
2363	50
2364	55
2365	55
2366	66
2367	40
2368	49
2369	53
2370	55
2371	59
2372	60
2373	45
2374	46
2375	67
2376	67
2377	55
2378	48
2379	56
2380	63
2381	70
2382	53
2383	56
2384	43
2385	49
2386	73
2387	48
2388	48
2389	52
2390	54
2391	61
2392	44
2393	54
2394	55
2395	52
2396	49
2397	58
2398	49
2399	54
2400	54
2401	58
2402	47
2403	55
2404	63
2405	56
2406	50
2407	60
2408	63
2409	72
2410	66
2411	65
2412	53
2413	52
2414	63
2415	53
2416	67
2417	71
2418	59
2419	46
2420	47
2421	51
2422	59
2423	64
2424	59
2425	56
2426	60
2427	48
2428	61
2429	51
2430	51
2431	53
2432	63
2433	51
2434	53
2435	62
2436	55
2437	50
2438	46
2439	51
2440	51
2441	51
2442	57
2443	54
2444	67
2445	53
2446	62
2447	56
2448	63
2449	77
2450	64
2451	65
2452	62
2453	54
2454	52
2455	64
2456	48
2457	54
2458	62
2459	64
2460	68
2461	58
2462	51
2463	61
2464	53
2465	50
2466	47
2467	61
2468	41
2469	49
2470	64
2471	57
2472	62
2473	48
2474	53
2475	53
2476	64
2477	51
2478	47
2479	38
2480	57
2481	67
2482	56
2483	61
2484	46
2485	55
2486	60
2487	55
2488	56
2489	51
2490	86
2491	53
2492	56
2493	61
2494	50
2495	51
2496	66
2497	56
2498	73
2499	56
2500	43
2501	76
2502	48
2503	50
2504	56
2505	61
2506	44
2507	65
2508	66
2509	43
2510	54
2511	58
2512	48
2513	56
2514	56
2515	58
2516	54
2517	58
2518	55
2519	67
2520	52
2521	54
2522	62
2523	63
2524	56
2525	55
2526	67
2527	61
2528	60
2529	59
2530	52
2531	52
2532	66
2533	58
2534	58
2535	52
2536	55
2537	50
2538	56
2539	58
2540	53
2541	52
2542	50
2543	69
2544	69
2545	53
2546	53
2547	57
2548	48
2549	50
2550	59
2551	51
2552	53
2553	57
2554	56
2555	38
2556	48
2557	36
2558	52
2559	44
2560	48
2561	50
2562	58
2563	62
2564	61
2565	54
2566	66
2567	50
2568	52
2569	55
2570	49
2571	47
2572	54
2573	42
2574	52
2575	41
2576	45
2577	49
2578	50
2579	50
2580	65
2581	37
2582	57
2583	52
2584	55
2585	49
2586	65
2587	49
2588	55
2589	50
2590	52
2591	58
2592	45
2593	44
2594	55
2595	60
2596	62
2597	42
2598	43
2599	45
2600	58
2601	54
2602	42
2603	51
2604	48
2605	48
2606	46
2607	56
2608	61
2609	70
2610	50
2611	48
2612	43
2613	61
2614	37
2615	45
2616	47
2617	44
2618	45
2619	36
2620	49
2621	49
2622	47
2623	61
2624	44
2625	56
2626	53
2627	42
2628	50
2629	40
2630	45
2631	54
2632	58
2633	46
2634	54
2635	52
2636	41
2637	49
2638	36
2639	53
2640	39
2641	48
2642	35
2643	44
2644	47
2645	47
2646	42
2647	53
2648	59
2649	55
2650	52
2651	48
2652	43
2653	42
2654	47
2655	55
2656	56
2657	54
2658	49
2659	36
2660	48
2661	54
2662	34
2663	53
2664	43
2665	45
2666	36
2667	36
2668	43
2669	45
2670	38
2671	38
2672	45
2673	51
2674	51
2675	36
2676	44
2677	44
2678	46
2679	44
2680	49
2681	31
2682	41
2683	42
2684	38
2685	49
2686	50
2687	40
2688	25
2689	47
2690	33
2691	41
2692	41
2693	34
2694	39
2695	48
2696	43
2697	42
2698	46
2699	32
2700	40
2701	41
2702	39
2703	36
2704	46
2705	34
2706	40
2707	41
2708	35
2709	51
2710	43
2711	42
2712	33
2713	43
2714	38
2715	48
2716	50
2717	35
2718	41
2719	42
2720	39
2721	36
2722	42
2723	33
2724	29
2725	35
2726	44
2727	40
2728	30
2729	31
2730	42
2731	25
2732	35
2733	36
2734	35
2735	35
2736	46
2737	38
2738	47
2739	35
2740	37
2741	34
2742	39
2743	36
2744	42
2745	46
2746	36
2747	43
2748	27
2749	43
2750	46
2751	37
2752	36
2753	44
2754	39
2755	28
2756	25
2757	43
2758	31
2759	35
2760	33
2761	39
2762	40
2763	35
2764	35
2765	34
2766	49
2767	33
2768	32
2769	34
2770	27
2771	31
2772	43
2773	45
2774	32
2775	35
2776	38
2777	47
2778	37
2779	29
2780	35
2781	36
2782	30
2783	46
2784	28
2785	31
2786	37
2787	36
2788	42
2789	37
2790	28
2791	36
2792	38
2793	32
2794	28
2795	39
2796	29
2797	41
2798	26
2799	32
2800	30
2801	28
2802	39
2803	25
2804	37
2805	25
2806	33
2807	36
2808	26
2809	21
2810	25
2811	30
2812	37
2813	36
2814	29
2815	23
2816	20
2817	39
2818	26
2819	30
2820	22
2821	32
2822	31
2823	30
2824	31
2825	25
2826	22
2827	23
2828	37
2829	29
2830	34
2831	33
2832	35
2833	36
2834	27
2835	32
2836	31
2837	29
2838	29
2839	31
2840	43
2841	25
2842	29
2843	32
2844	28
2845	22
2846	37
2847	21
2848	20
2849	31
2850	43
2851	35
2852	20
2853	31
2854	29
2855	22
2856	27
2857	34
2858	36
2859	25
2860	40
2861	24
2862	44
2863	28
2864	43
2865	34
2866	29
2867	34
2868	35
2869	34
2870	31
2871	30
2872	28
2873	28
2874	43
2875	28
2876	25
2877	25
2878	36
2879	34
2880	25
2881	24
2882	27
2883	27
2884	43
2885	31
2886	27
2887	32
2888	32
2889	33
2890	28
2891	22
2892	27
2893	31
2894	29
2895	20
2896	26
2897	30
2898	22
2899	31
2900	24
2901	28
2902	29
2903	29
2904	25
2905	28
2906	28
2907	24
2908	26
2909	27
2910	35
2911	20
2912	24
2913	27
2914	30
2915	30
2916	32
2917	25
2918	25
2919	32
2920	36
2921	26
2922	27
2923	38
2924	32
2925	34
2926	28
2927	28
2928	31
2929	29
2930	24
2931	18
2932	31
2933	32
2934	34
2935	26
2936	22
2937	20
2938	35
2939	19
2940	31
2941	41
2942	30
2943	31
2944	27
2945	23
2946	18
2947	21
2948	24
2949	23
2950	29
2951	26
2952	20
2953	27
2954	22
2955	28
2956	17
2957	26
2958	27
2959	29
2960	18
2961	14
2962	32
2963	22
2964	29
2965	14
2966	23
2967	27
2968	28
2969	18
2970	26
2971	24
2972	17
2973	26
2974	25
2975	24
2976	33
2977	22
2978	23
2979	21
2980	19
2981	14
2982	19
2983	22
2984	24
2985	21
2986	11
2987	33
2988	29
2989	20
2990	30
2991	22
2992	23
2993	21
2994	28
2995	26
2996	16
2997	23
2998	24
2999	24
3000	20
3001	19
3002	26
3003	28
3004	18
3005	33
3006	18
3007	19
3008	16
3009	21
3010	24
3011	27
3012	28
3013	15
3014	21
3015	21
3016	22
3017	27
3018	17
3019	25
3020	29
3021	17
3022	19
3023	30
3024	25
3025	19
3026	19
3027	18
3028	15
3029	14
3030	19
3031	17
3032	15
3033	18
3034	21
3035	21
3036	16
3037	23
3038	25
3039	16
3040	21
3041	21
3042	23
3043	24
3044	34
3045	20
3046	22
3047	26
3048	29
3049	14
3050	25
3051	23
3052	27
3053	19
3054	19
3055	28
3056	22
3057	15
3058	24
3059	20
3060	25
3061	27
3062	17
3063	19
3064	23
3065	19
3066	29
3067	23
3068	27
3069	22
3070	18
3071	23
3072	25
3073	18
3074	21
3075	25
3076	23
3077	23
3078	13
3079	14
3080	19
3081	26
3082	21
3083	18
3084	21
3085	24
3086	15
3087	20
3088	21
3089	14
3090	15
3091	21
3092	20
3093	20
3094	22
3095	26
3096	24
3097	15
3098	20
3099	15
3100	27
3101	11
3102	16
3103	19
3104	18
3105	10
3106	21
3107	19
3108	19
3109	16
3110	25
3111	22
3112	25
3113	17
3114	22
3115	14
3116	16
3117	14
3118	16
3119	20
3120	19
3121	24
3122	20
3123	26
3124	26
3125	14
3126	23
3127	11
3128	27
3129	19
3130	18
3131	25
3132	20
3133	17
3134	16
3135	17
3136	21
3137	20
3138	21
3139	18
3140	20
3141	22
3142	21
3143	24
3144	17
3145	24
3146	17
3147	15
3148	15
3149	23
3150	26
3151	18
3152	22
3153	10
3154	14
3155	21
3156	12
3157	24
3158	15
3159	23
3160	16
3161	20
3162	17
3163	14
3164	17
3165	13
3166	20
3167	28
3168	17
3169	21
3170	12
3171	20
3172	14
3173	18
3174	16
3175	14
3176	20
3177	19
3178	18
3179	24
3180	19
3181	24
3182	13
3183	17
3184	23
3185	16
3186	23
3187	10
3188	23
3189	20
3190	17
3191	16
3192	17
3193	17
3194	18
3195	18
3196	14
3197	23
3198	20
3199	13
3200	14
3201	17
3202	17
3203	21
3204	16
3205	15
3206	24
3207	19
3208	17
3209	22
3210	23
3211	15
3212	13
3213	14
3214	25
3215	16
3216	17
3217	24
3218	17
3219	20
3220	15
3221	14
3222	12
3223	14
3224	17
3225	14
3226	17
3227	11
3228	13
3229	17
3230	15
3231	22
3232	19
3233	20
3234	16
3235	20
3236	21
3237	17
3238	10
3239	9
3240	15
3241	12
3242	18
3243	11
3244	16
3245	21
3246	14
3247	16
3248	12
3249	14
3250	20
3251	14
3252	19
3253	15
3254	18
3255	15
3256	16
3257	14
3258	15
3259	8
3260	19
3261	15
3262	22
3263	10
3264	13
3265	17
3266	11
3267	14
3268	18
3269	11
3270	15
3271	19
3272	16
3273	19
3274	16
3275	15
3276	11
3277	10
3278	13
3279	16
3280	12
3281	18
3282	10
3283	18
3284	19
3285	11
3286	13
3287	17
3288	16
3289	21
3290	12
3291	13
3292	14
3293	17
3294	17
3295	17
3296	25
3297	23
3298	18
3299	11
3300	17
3301	11
3302	6
3303	15
3304	12
3305	27
3306	11
3307	20
3308	20
3309	11
3310	19
3311	13
3312	9
3313	12
3314	12
3315	17
3316	13
3317	16
3318	18
3319	9
3320	17
3321	18
3322	14
3323	17
3324	11
3325	26
3326	16
3327	10
3328	19
3329	14
3330	21
3331	19
3332	15
3333	18
3334	13
3335	13
3336	17
3337	16
3338	15
3339	18
3340	15
3341	16
3342	13
3343	13
3344	12
3345	11
3346	5
3347	19
3348	17
3349	20
3350	8
3351	5
3352	14
3353	11
3354	21
3355	21
3356	5
3357	13
3358	16
3359	20
3360	16
3361	11
3362	15
3363	12
3364	15
3365	13
3366	15
3367	8
3368	14
3369	11
3370	13
3371	11
3372	12
3373	12
3374	14
3375	18
3376	20
3377	13
3378	11
3379	17
3380	18
3381	17
3382	18
3383	13
3384	13
3385	21
3386	17
3387	15
3388	11
3389	15
3390	17
3391	19
3392	15
3393	10
3394	18
3395	17
3396	18
3397	14
3398	15
3399	20
3400	20
3401	18
3402	8
3403	12
3404	14
3405	16
3406	13
3407	23
3408	16
3409	12
3410	10
3411	17
3412	11
3413	14
3414	15
3415	19
3416	13
3417	18
3418	24
3419	11
3420	13
3421	12
3422	17
3423	20
3424	12
3425	12
3426	15
3427	18
3428	15
3429	6
3430	13
3431	13
3432	14
3433	9
3434	14
3435	11
3436	13
3437	14
3438	13
3439	11
3440	13
3441	9
3442	10
3443	13
3444	16
3445	13
3446	10
3447	12
3448	10
3449	15
3450	7
3451	11
3452	10
3453	10
3454	15
3455	11
3456	11
3457	10
3458	21
3459	11
3460	14
3461	18
3462	13
3463	18
3464	12
3465	14
3466	9
3467	12
3468	13
3469	18
3470	19
3471	18
3472	11
3473	12
3474	15
3475	11
3476	15
3477	15
3478	14
3479	15
3480	18
3481	8
3482	10
3483	10
3484	20
3485	11
3486	16
3487	14
3488	16
3489	10
3490	16
3491	10
3492	22
3493	17
3494	14
3495	12
3496	6
3497	10
3498	16
3499	15
3500	14
3501	7
3502	14
3503	18
3504	12
3505	9
3506	9
3507	14
3508	15
3509	8
3510	12
3511	14
3512	14
3513	10
3514	16
3515	15
3516	12
3517	16
3518	9
3519	18
3520	18
3521	14
3522	9
3523	12
3524	12
3525	17
3526	8
3527	16
3528	13
3529	14
3530	19
3531	12
3532	15
3533	14
3534	10
3535	11
3536	19
3537	4
3538	15
3539	15
3540	17
3541	15
3542	12
3543	10
3544	12
3545	10
3546	14
3547	9
3548	11
3549	9
3550	18
3551	10
3552	9
3553	14
3554	8
3555	13
3556	9
3557	23
3558	9
3559	19
3560	16
3561	15
3562	12
3563	13
3564	13
3565	11
3566	13
3567	10
3568	9
3569	13
3570	14
3571	15
3572	17
3573	14
3574	11
3575	11
3576	14
3577	13
3578	16
3579	13
3580	11
3581	11
3582	13
3583	17
3584	8
3585	10
3586	11
3587	13
3588	13
3589	13
3590	13
3591	7
3592	11
3593	15
3594	18
3595	14
3596	9
3597	14
3598	11
3599	15
3600	7
3601	11
3602	18
3603	17
3604	19
3605	13
3606	15
3607	16
3608	7
3609	10
3610	13
3611	14
3612	20
3613	12
3614	7
3615	14
3616	11
3617	17
3618	13
3619	12
3620	14
3621	15
3622	16
3623	11
3624	13
3625	8
3626	16
3627	6
3628	12
3629	11
3630	12
3631	18
3632	15
3633	9
3634	7
3635	20
3636	13
3637	11
3638	10
3639	8
3640	10
3641	13
3642	19
3643	8
3644	9
3645	12
3646	14
3647	13
3648	10
3649	13
3650	9
3651	10
3652	12
3653	17
3654	13
3655	7
3656	18
3657	7
3658	14
3659	15
3660	12
3661	9
3662	5
3663	8
3664	15
3665	17
3666	9
3667	11
3668	8
3669	18
3670	14
3671	4
3672	12
3673	14
3674	11
3675	9
3676	16
3677	10
3678	12
3679	13
3680	9
3681	10
3682	15
3683	14
3684	11
3685	6
3686	11
3687	15
3688	7
3689	18
3690	10
3691	9
3692	17
3693	15
3694	10
3695	12
3696	11
3697	10
3698	14
3699	5
3700	14
3701	11
3702	14
3703	8
3704	1
3705	12
3706	15
3707	18
3708	11
3709	11
3710	13
3711	8
3712	9
3713	8
3714	5
3715	11
3716	10
3717	10
3718	12
3719	5
3720	9
3721	15
3722	17
3723	8
3724	11
3725	9
3726	9
3727	8
3728	12
3729	15
3730	11
3731	14
3732	7
3733	13
3734	12
3735	9
3736	9
3737	8
3738	12
3739	13
3740	13
3741	11
3742	17
3743	9
3744	11
3745	12
3746	11
3747	12
3748	19
3749	16
3750	16
3751	5
3752	12
3753	15
3754	14
3755	11
3756	12
3757	4
3758	10
3759	8
3760	12
3761	13
3762	21
3763	8
3764	10
3765	15
3766	13
3767	9
3768	4
3769	6
3770	10
3771	8
3772	9
3773	10
3774	8
3775	13
3776	9
3777	8
3778	5
3779	11
3780	16
3781	15
3782	13
3783	13
3784	13
3785	13
3786	4
3787	11
3788	15
3789	10
3790	9
3791	9
3792	4
3793	10
3794	16
3795	8
3796	9
3797	11
3798	6
3799	2
3800	17
3801	12
3802	7
3803	6
3804	12
3805	12
3806	9
3807	14
3808	12
3809	12
3810	16
3811	7
3812	8
3813	10
3814	7
3815	14
3816	3
3817	10
3818	10
3819	18
3820	13
3821	11
3822	18
3823	17
3824	11
3825	9
3826	11
3827	10
3828	11
3829	15
3830	7
3831	8
3832	8
3833	8
3834	12
3835	16
3836	11
3837	5
3838	13
3839	12
3840	12
3841	6
3842	8
3843	16
3844	7
3845	7
3846	13
3847	13
3848	12
3849	6
3850	8
3851	11
3852	19
3853	14
3854	12
3855	7
3856	11
3857	15
3858	10
3859	12
3860	8
3861	8
3862	9
3863	7
3864	8
3865	7
3866	13
3867	15
3868	13
3869	14
3870	9
3871	9
3872	14
3873	15
3874	13
3875	13
3876	10
3877	4
3878	8
3879	10
3880	13
3881	13
3882	10
3883	11
3884	13
3885	12
3886	12
3887	8
3888	8
3889	11
3890	4
3891	10
3892	13
3893	12
3894	10
3895	14
3896	10
3897	7
3898	12
3899	11
3900	15
3901	15
3902	8
3903	8
3904	8
3905	10
3906	13
3907	9
3908	9
3909	9
3910	15
3911	7
3912	12
3913	6
3914	4
3915	12
3916	8
3917	14
3918	7
3919	8
3920	8
3921	5
3922	18
3923	10
3924	6
3925	8
3926	6
3927	11
3928	10
3929	16
3930	19
3931	10
3932	8
3933	10
3934	7
3935	5
3936	15
3937	16
3938	8
3939	15
3940	9
3941	8
3942	13
3943	10
3944	12
3945	10
3946	4
3947	13
3948	9
3949	17
3950	6
3951	10
3952	4
3953	6
3954	12
3955	11
3956	7
3957	8
3958	6
3959	13
3960	14
3961	11
3962	10
3963	16
3964	12
3965	14
3966	17
3967	15
3968	6
3969	11
3970	10
3971	13
3972	9
3973	12
3974	10
3975	14
3976	18
3977	8
3978	9
3979	5
3980	11
3981	8
3982	9
3983	17
3984	7
3985	12
3986	11
3987	7
3988	11
3989	7
3990	12
3991	18
3992	14
3993	9
3994	11
3995	11
3996	4
3997	10
3998	8
3999	6
4000	7
4001	13
4002	13
4003	11
4004	7
4005	8
4006	12
4007	11
4008	9
4009	7
4010	11
4011	12
4012	5
4013	9
4014	7
4015	16
4016	6
4017	8
4018	7
4019	10
4020	9
4021	14
4022	12
4023	6
4024	7
4025	5
4026	9
4027	12
4028	6
4029	18
4030	14
4031	8
4032	7
4033	5
4034	11
4035	13
4036	11
4037	16
4038	8
4039	8
4040	13
4041	5
4042	10
4043	9
4044	10
4045	5
4046	6
4047	9
4048	10
4049	11
4050	12
4051	10
4052	9
4053	11
4054	12
4055	7
4056	5
4057	10
4058	7
4059	8
4060	12
4061	13
4062	5
4063	14
4064	5
4065	10
4066	10
4067	15
4068	14
4069	12
4070	8
4071	12
4072	13
4073	15
4074	10
4075	9
4076	6
4077	10
4078	9
4079	12
4080	9
4081	4
4082	8
4083	12
4084	7
4085	10
4086	9
4087	4
4088	11
4089	11
4090	11
4091	9
4092	9
4093	9
4094	11
4095	4
4096	10
4097	14
4098	9
4099	8
4100	11
4101	6
4102	11
4103	13
4104	8
4105	9
4106	5
4107	7
4108	8
4109	11
4110	10
4111	14
4112	12
4113	16
4114	10
4115	4
4116	13
4117	9
4118	9
4119	9
4120	5
4121	10
4122	7
4123	8
4124	9
4125	12
4126	13
4127	8
4128	5
4129	14
4130	8
4131	9
4132	6
4133	7
4134	14
4135	15
4136	7
4137	12
4138	13
4139	10
4140	9
4141	10
4142	10
4143	6
4144	6
4145	16
4146	9
4147	7
4148	10
4149	11
4150	8
4151	8
4152	10
4153	11
4154	9
4155	5
4156	11
4157	7
4158	7
4159	7
4160	8
4161	9
4162	6
4163	8
4164	16
4165	10
4166	9
4167	13
4168	16
4169	7
4170	10
4171	16
4172	16
4173	7
4174	9
4175	12
4176	4
4177	10
4178	9
4179	12
4180	6
4181	10
4182	11
4183	7
4184	13
4185	11
4186	9
4187	10
4188	11
4189	11
4190	12
4191	12
4192	13
4193	12
4194	12
4195	11
4196	4
4197	5
4198	15
4199	11
4200	7
4201	9
4202	10
4203	10
4204	8
4205	12
4206	18
4207	8
4208	7
4209	14
4210	7
4211	9
4212	12
4213	9
4214	8
4215	9
4216	17
4217	9
4218	10
4219	9
4220	19
4221	8
4222	7
4223	10
4224	11
4225	9
4226	10
4227	8
4228	7
4229	6
4230	11
4231	12
4232	12
4233	12
4234	3
4235	5
4236	5
4237	7
4238	9
4239	11
4240	10
4241	13
4242	12
4243	10
4244	10
4245	5
4246	11
4247	7
4248	5
4249	11
4250	13
4251	2
4252	4
4253	10
4254	4
4255	13
4256	13
4257	8
4258	17
4259	6
4260	11
4261	14
4262	11
4263	9
4264	10
4265	8
4266	7
4267	10
4268	7
4269	8
4270	6
4271	5
4272	14
4273	8
4274	8
4275	12
4276	5
4277	8
4278	7
4279	11
4280	11
4281	8
4282	9
4283	9
4284	10
4285	15
4286	8
4287	7
4288	7
4289	8
4290	7
4291	15
4292	7
4293	7
4294	7
4295	10
4296	6
4297	6
4298	7
4299	16
4300	7
4301	11
4302	3
4303	10
4304	9
4305	6
4306	11
4307	12
4308	11
4309	15
4310	13
4311	8
4312	8
4313	11
4314	15
4315	3
4316	5
4317	12
4318	18
4319	5
4320	9
4321	8
4322	7
4323	8
4324	8
4325	11
4326	8
4327	5
4328	6
4329	11
4330	7
4331	8
4332	11
4333	12
4334	9
4335	11
4336	12
4337	10
4338	8
4339	6
4340	9
4341	9
4342	10
4343	5
4344	11
4345	10
4346	14
4347	8
4348	6
4349	11
4350	12
4351	9
4352	16
4353	8
4354	8
4355	16
4356	7
4357	10
4358	8
4359	3
4360	10
4361	10
4362	9
4363	9
4364	14
4365	10
4366	9
4367	10
4368	9
4369	16
4370	16
4371	11
4372	6
4373	10
4374	11
4375	6
4376	18
4377	14
4378	8
4379	4
4380	7
4381	10
4382	8
4383	7
4384	4
4385	9
4386	8
4387	11
4388	11
4389	13
4390	11
4391	12
4392	13
4393	15
4394	13
4395	10
4396	10
4397	12
4398	7
4399	6
4400	11
4401	8
4402	6
4403	10
4404	5
4405	7
4406	10
4407	11
4408	11
4409	10
4410	8
4411	8
4412	6
4413	5
4414	5
4415	4
4416	4
4417	8
4418	9
4419	11
4420	6
4421	10
4422	8
4423	13
4424	10
4425	12
4426	8
4427	13
4428	6
4429	9
4430	10
4431	12
4432	7
4433	9
4434	13
4435	8
4436	8
4437	7
4438	7
4439	10
4440	15
4441	5
4442	15
4443	11
4444	14
4445	14
4446	6
4447	10
4448	11
4449	11
4450	14
4451	14
4452	13
4453	7
4454	13
4455	13
4456	10
4457	13
4458	9
4459	12
4460	7
4461	10
4462	9
4463	13
4464	8
4465	10
4466	11
4467	7
4468	9
4469	12
4470	8
4471	15
4472	6
4473	8
4474	10
4475	9
4476	12
4477	8
4478	10
4479	10
4480	8
4481	8
4482	10
4483	4
4484	8
4485	6
4486	9
4487	7
4488	8
4489	7
4490	13
4491	12
4492	10
4493	12
4494	7
4495	8
4496	9
4497	9
4498	9
4499	6
4500	10
4501	9
4502	17
4503	11
4504	13
4505	8
4506	13
4507	13
4508	16
4509	5
4510	13
4511	7
4512	8
4513	10
4514	9
4515	9
4516	11
4517	12
4518	8
4519	9
4520	13
4521	10
4522	8
4523	10
4524	6
4525	6
4526	5
4527	12
4528	8
4529	9
4530	7
4531	8
4532	10
4533	9
4534	7
4535	8
4536	6
4537	13
4538	10
4539	10
4540	8
4541	6
4542	6
4543	8
4544	5
4545	9
4546	7
4547	13
4548	8
4549	8
4550	14
4551	7
4552	11
4553	6
4554	10
4555	3
4556	5
4557	9
4558	16
4559	13
4560	8
4561	8
4562	17
4563	6
4564	8
4565	6
4566	8
4567	6
4568	8
4569	12
4570	11
4571	8
4572	12
4573	16
4574	9
4575	16
4576	16
4577	10
4578	11
4579	12
4580	7
4581	3
4582	4
4583	15
4584	11
4585	9
4586	12
4587	11
4588	17
4589	9
4590	16
4591	5
4592	7
4593	10
4594	12
4595	4
4596	12
4597	5
4598	9
4599	7
4600	6
4601	10
4602	8
4603	9
4604	11
4605	12
4606	10
4607	15
4608	13
4609	12
4610	10
4611	15
4612	8
4613	13
4614	13
4615	8
4616	13
4617	9
4618	10
4619	12
4620	12
4621	15
4622	9
4623	6
4624	10
4625	15
4626	8
4627	11
4628	5
4629	6
4630	5
4631	7
4632	10
4633	10
4634	9
4635	10
4636	9
4637	6
4638	10
4639	13
4640	10
4641	13
4642	10
4643	9
4644	8
4645	15
4646	9
4647	8
4648	7
4649	3
4650	15
4651	11
4652	11
4653	12
4654	18
4655	11
4656	11
4657	7
4658	12
4659	10
4660	6
4661	10
4662	5
4663	10
4664	9
4665	11
4666	10
4667	7
4668	12
4669	16
4670	13
4671	18
4672	15
4673	13
4674	14
4675	12
4676	6
4677	9
4678	8
4679	12
4680	13
4681	10
4682	10
4683	14
4684	13
4685	12
4686	12
4687	19
4688	4
4689	10
4690	7
4691	9
4692	10
4693	6
4694	8
4695	9
4696	12
4697	9
4698	8
4699	10
4700	17
4701	12
4702	13
4703	14
4704	8
4705	20
4706	11
4707	11
4708	8
4709	8
4710	17
4711	12
4712	12
4713	8
4714	8
4715	7
4716	12
4717	9
4718	10
4719	11
4720	16
4721	8
4722	8
4723	19
4724	6
4725	8
4726	15
4727	10
4728	12
4729	10
4730	11
4731	12
4732	13
4733	10
4734	14
4735	11
4736	11
4737	12
4738	6
4739	15
4740	14
4741	9
4742	10
4743	9
4744	12
4745	9
4746	13
4747	7
4748	10
4749	7
4750	14
4751	8
4752	13
4753	12
4754	6
4755	11
4756	12
4757	6
4758	13
4759	14
4760	15
4761	14
4762	10
4763	12
4764	18
4765	7
4766	12
4767	13
4768	11
4769	7
4770	9
4771	10
4772	10
4773	9
4774	10
4775	15
4776	6
4777	13
4778	13
4779	6
4780	11
4781	9
4782	16
4783	9
4784	8
4785	11
4786	14
4787	7
4788	11
4789	13
4790	16
4791	15
4792	11
4793	14
4794	11
4795	5
4796	11
4797	9
4798	12
4799	7
4800	12
4801	15
4802	12
4803	13
4804	5
4805	11
4806	10
4807	10
4808	12
4809	16
4810	11
4811	13
4812	16
4813	12
4814	14
4815	17
4816	11
4817	16
4818	18
4819	13
4820	13
4821	13
4822	7
4823	15
4824	10
4825	12
4826	12
4827	8
4828	10
4829	15
4830	12
4831	12
4832	15
4833	17
4834	14
4835	8
4836	15
4837	13
4838	10
4839	11
4840	13
4841	14
4842	7
4843	11
4844	14
4845	14
4846	11
4847	11
4848	10
4849	11
4850	9
4851	25
4852	10
4853	17
4854	16
4855	6
4856	15
4857	13
4858	8
4859	18
4860	16
4861	15
4862	14
4863	9
4864	15
4865	9
4866	13
4867	10
4868	9
4869	18
4870	12
4871	15
4872	14
4873	20
4874	10
4875	12
4876	13
4877	17
4878	9
4879	12
4880	21
4881	8
4882	12
4883	16
4884	12
4885	12
4886	17
4887	12
4888	14
4889	15
4890	20
4891	19
4892	7
4893	22
4894	11
4895	17
4896	11
4897	19
4898	17
4899	15
4900	14
4901	20
4902	16
4903	16
4904	15
4905	11
4906	14
4907	16
4908	20
4909	16
4910	14
4911	15
4912	11
4913	15
4914	12
4915	9
4916	15
4917	14
4918	9
4919	19
4920	15
4921	12
4922	17
4923	19
4924	21
4925	11
4926	23
4927	15
4928	15
4929	18
4930	11
4931	15
4932	20
4933	16
4934	22
4935	17
4936	19
4937	15
4938	14
4939	21
4940	18
4941	12
4942	22
4943	22
4944	15
4945	17
4946	19
4947	16
4948	15
4949	14
4950	18
4951	22
4952	16
4953	20
4954	25
4955	23
4956	24
4957	23
4958	13
4959	15
4960	10
4961	24
4962	12
4963	19
4964	21
4965	14
4966	16
4967	19
4968	25
4969	23
4970	20
4971	17
4972	21
4973	25
4974	15
4975	25
4976	24
4977	24
4978	22
4979	13
4980	15
4981	19
4982	19
4983	17
4984	10
4985	22
4986	17
4987	15
4988	19
4989	17
4990	22
4991	23
4992	14
4993	16
4994	30
4995	21
4996	18
4997	17
4998	7
4999	11
5000	18
5001	19
5002	21
5003	20
5004	23
5005	11
5006	16
5007	18
5008	24
5009	22
5010	15
5011	19
5012	23
5013	28
5014	18
5015	19
5016	20
5017	20
5018	30
5019	16
5020	12
5021	14
5022	17
5023	16
5024	19
5025	10
5026	21
5027	10
5028	18
5029	24
5030	23
5031	25
5032	17
5033	30
5034	14
5035	21
5036	17
5037	15
5038	6
5039	14
5040	18
5041	22
5042	19
5043	17
5044	25
5045	24
5046	13
5047	19
5048	19
5049	24
5050	21
5051	13
5052	18
5053	24
5054	19
5055	18
5056	20
5057	19
5058	16
5059	29
5060	28
5061	26
5062	16
5063	17
5064	18
5065	17
5066	20
5067	21
5068	25
5069	21
5070	26
5071	14
5072	21
5073	17
5074	17
5075	14
5076	25
5077	18
5078	15
5079	18
5080	19
5081	20
5082	21
5083	33
5084	19
5085	17
5086	12
5087	21
5088	22
5089	20
5090	26
5091	19
5092	22
5093	23
5094	28
5095	14
5096	28
5097	27
5098	20
5099	25
5100	16
5101	18
5102	10
5103	8
5104	17
5105	27
5106	27
5107	23
5108	12
5109	8
5110	15
5111	18
5112	22
5113	21
5114	26
5115	18
5116	25
5117	19
5118	21
5119	20
5120	22
5121	25
5122	21
5123	15
5124	21
5125	25
5126	23
5127	24
5128	21
5129	26
5130	19
5131	19
5132	18
5133	22
5134	23
5135	12
5136	32
5137	23
5138	16
5139	19
5140	21
5141	25
5142	21
5143	19
5144	20
5145	27
5146	26
5147	26
5148	28
5149	24
5150	20
5151	28
5152	24
5153	28
5154	12
5155	29
5156	22
5157	28
5158	15
5159	27
5160	17
5161	22
5162	26
5163	20
5164	20
5165	28
5166	27
5167	31
5168	19
5169	14
5170	26
5171	27
5172	19
5173	22
5174	20
5175	17
5176	27
5177	25
5178	22
5179	22
5180	20
5181	22
5182	24
5183	24
5184	22
5185	19
5186	20
5187	22
5188	33
5189	24
5190	28
5191	26
5192	21
5193	28
5194	23
5195	34
5196	17
5197	20
5198	15
5199	17
5200	23
5201	22
5202	22
5203	29
5204	21
5205	15
5206	29
5207	24
5208	25
5209	19
5210	25
5211	30
5212	23
5213	22
5214	26
5215	30
5216	24
5217	35
5218	24
5219	31
5220	26
5221	24
5222	24
5223	30
5224	22
5225	28
5226	28
5227	18
5228	31
5229	22
5230	33
5231	23
5232	19
5233	26
5234	22
5235	17
5236	28
5237	21
5238	23
5239	19
5240	30
5241	27
5242	21
5243	24
5244	22
5245	19
5246	24
5247	22
5248	23
5249	22
5250	28
5251	22
5252	19
5253	29
5254	27
5255	21
5256	25
5257	25
5258	35
5259	24
5260	33
5261	19
5262	30
5263	24
5264	18
5265	19
5266	28
5267	24
5268	26
5269	23
5270	25
5271	21
5272	30
5273	28
5274	28
5275	21
5276	28
5277	24
5278	34
5279	26
5280	29
5281	24
5282	15
5283	28
5284	29
5285	20
5286	14
5287	30
5288	28
5289	26
5290	20
5291	26
5292	26
5293	23
5294	26
5295	28
5296	16
5297	28
5298	29
5299	24
5300	20
5301	27
5302	20
5303	20
5304	28
5305	23
5306	19
5307	21
5308	29
5309	34
5310	27
5311	29
5312	25
5313	31
5314	22
5315	16
5316	27
5317	31
5318	27
5319	19
5320	25
5321	21
5322	27
5323	26
5324	21
5325	32
5326	23
5327	19
5328	21
5329	15
5330	29
5331	21
5332	32
5333	25
5334	24
5335	27
5336	24
5337	25
5338	32
5339	32
5340	30
5341	32
5342	33
5343	25
5344	16
5345	32
5346	23
5347	18
5348	31
5349	29
5350	22
5351	30
5352	27
5353	26
5354	30
5355	22
5356	24
5357	22
5358	42
5359	39
5360	35
5361	27
5362	25
5363	33
5364	30
5365	26
5366	25
5367	30
5368	21
5369	27
5370	23
5371	24
5372	29
5373	25
5374	27
5375	20
5376	28
5377	24
5378	29
5379	26
5380	32
5381	26
5382	21
5383	21
5384	26
5385	32
5386	27
5387	28
5388	33
5389	28
5390	19
5391	28
5392	20
5393	32
5394	27
5395	19
5396	34
5397	34
5398	27
5399	27
5400	16
5401	23
5402	32
5403	23
5404	30
5405	27
5406	26
5407	27
5408	26
5409	18
5410	21
5411	22
5412	18
5413	17
5414	25
5415	17
5416	24
5417	24
5418	26
5419	22
5420	29
5421	16
5422	22
5423	27
5424	27
5425	37
5426	25
5427	32
5428	29
5429	16
5430	25
5431	16
5432	34
5433	21
5434	22
5435	29
5436	16
5437	20
5438	34
5439	20
5440	33
5441	15
5442	20
5443	19
5444	25
5445	22
5446	15
5447	20
5448	28
5449	24
5450	27
5451	15
5452	25
5453	26
5454	27
5455	26
5456	30
5457	21
5458	23
5459	23
5460	23
5461	28
5462	28
5463	23
5464	27
5465	25
5466	25
5467	16
5468	22
5469	24
5470	36
5471	33
5472	17
5473	27
5474	25
5475	16
5476	27
5477	28
5478	30
5479	26
5480	22
5481	18
5482	24
5483	23
5484	35
5485	30
5486	21
5487	31
5488	19
5489	25
5490	20
5491	26
5492	24
5493	29
5494	29
5495	24
5496	28
5497	29
5498	37
5499	19
5500	23
5501	23
5502	19
5503	23
5504	29
5505	28
5506	29
5507	26
5508	21
5509	34
5510	23
5511	18
5512	32
5513	21
5514	25
5515	20
5516	19
5517	28
5518	21
5519	24
5520	25
5521	25
5522	19
5523	28
5524	22
5525	29
5526	25
5527	19
5528	18
5529	22
5530	24
5531	20
5532	23
5533	24
5534	32
5535	26
5536	32
5537	23
5538	19
5539	17
5540	22
5541	27
5542	27
5543	25
5544	18
5545	21
5546	24
5547	25
5548	21
5549	29
5550	34
5551	22
5552	33
5553	20
5554	21
5555	23
5556	24
5557	13
5558	26
5559	23
5560	17
5561	27
5562	25
5563	23
5564	28
5565	27
5566	24
5567	22
5568	28
5569	28
5570	18
5571	23
5572	26
5573	27
5574	21
5575	22
5576	29
5577	21
5578	18
5579	24
5580	19
5581	19
5582	22
5583	24
5584	22
5585	21
5586	17
5587	15
5588	27
5589	20
5590	23
5591	26
5592	24
5593	17
5594	17
5595	22
5596	18
5597	24
5598	25
5599	18
5600	17
5601	19
5602	18
5603	22
5604	22
5605	16
5606	21
5607	22
5608	22
5609	22
5610	16
5611	18
5612	23
5613	24
5614	21
5615	20
5616	19
5617	27
5618	23
5619	24
5620	22
5621	24
5622	19
5623	16
5624	21
5625	26
5626	11
5627	22
5628	21
5629	19
5630	32
5631	17
5632	21
5633	20
5634	27
5635	16
5636	20
5637	17
5638	22
5639	18
5640	19
5641	20
5642	16
5643	20
5644	24
5645	18
5646	29
5647	22
5648	25
5649	24
5650	19
5651	24
5652	18
5653	15
5654	19
5655	16
5656	13
5657	20
5658	21
5659	23
5660	13
5661	24
5662	21
5663	19
5664	23
5665	18
5666	21
5667	14
5668	27
5669	22
5670	26
5671	25
5672	23
5673	10
5674	20
5675	15
5676	20
5677	17
5678	19
5679	24
5680	21
5681	18
5682	15
5683	21
5684	20
5685	19
5686	18
5687	14
5688	26
5689	20
5690	13
5691	17
5692	21
5693	21
5694	20
5695	17
5696	24
5697	26
5698	20
5699	14
5700	23
5701	27
5702	20
5703	19
5704	20
5705	19
5706	14
5707	21
5708	24
5709	16
5710	23
5711	21
5712	19
5713	21
5714	11
5715	16
5716	10
5717	17
5718	20
5719	22
5720	16
5721	18
5722	18
5723	15
5724	14
5725	15
5726	22
5727	21
5728	21
5729	23
5730	25
5731	17
5732	18
5733	18
5734	22
5735	16
5736	11
5737	26
5738	10
5739	12
5740	23
5741	12
5742	18
5743	21
5744	27
5745	8
5746	13
5747	16
5748	19
5749	15
5750	17
5751	16
5752	21
5753	16
5754	20
5755	12
5756	18
5757	17
5758	20
5759	18
5760	20
5761	20
5762	27
5763	19
5764	17
5765	23
5766	14
5767	18
5768	16
5769	11
5770	21
5771	19
5772	15
5773	10
5774	18
5775	11
5776	20
5777	19
5778	15
5779	16
5780	12
5781	13
5782	13
5783	20
5784	18
5785	18
5786	9
5787	11
5788	13
5789	15
5790	17
5791	12
5792	13
5793	17
5794	21
5795	14
5796	16
5797	9
5798	15
5799	20
5800	20
5801	10
5802	13
5803	14
5804	22
5805	11
5806	18
5807	21
5808	16
5809	17
5810	6
5811	20
5812	10
5813	16
5814	11
5815	27
5816	19
5817	15
5818	16
5819	16
5820	12
5821	15
5822	14
5823	16
5824	19
5825	16
5826	6
5827	18
5828	14
5829	18
5830	17
5831	16
5832	11
5833	16
5834	12
5835	15
5836	14
5837	18
5838	18
5839	15
5840	23
5841	20
5842	15
5843	14
5844	12
5845	19
5846	15
5847	17
5848	22
5849	20
5850	12
5851	15
5852	17
5853	19
5854	10
5855	13
5856	13
5857	18
5858	18
5859	8
5860	18
5861	10
5862	14
5863	19
5864	13
5865	15
5866	12
5867	17
5868	18
5869	23
5870	12
5871	9
5872	14
5873	13
5874	19
5875	16
5876	17
5877	13
5878	14
5879	12
5880	18
5881	16
5882	13
5883	20
5884	23
5885	15
5886	16
5887	11
5888	15
5889	18
5890	13
5891	15
5892	24
5893	16
5894	17
5895	15
5896	14
5897	8
5898	15
5899	21
5900	12
5901	20
5902	19
5903	12
5904	15
5905	10
5906	13
5907	15
5908	15
5909	17
5910	14
5911	9
5912	11
5913	17
5914	14
5915	13
5916	9
5917	18
5918	20
5919	12
5920	13
5921	13
5922	19
5923	19
5924	17
5925	13
5926	9
5927	16
5928	14
5929	16
5930	16
5931	14
5932	14
5933	9
5934	6
5935	12
5936	19
5937	22
5938	18
5939	19
5940	6
5941	14
5942	16
5943	22
5944	21
5945	6
5946	13
5947	16
5948	12
5949	14
5950	16
5951	14
5952	14
5953	19
5954	16
5955	16
5956	22
5957	20
5958	13
5959	10
5960	18
5961	23
5962	15
5963	19
5964	17
5965	10
5966	9
5967	16
5968	12
5969	12
5970	22
5971	12
5972	16
5973	12
5974	17
5975	13
5976	12
5977	14
5978	19
5979	10
5980	15
5981	11
5982	25
5983	14
5984	14
5985	14
5986	28
5987	15
5988	19
5989	14
5990	11
5991	8
5992	18
5993	16
5994	15
5995	11
5996	18
5997	8
5998	20
5999	14
6000	12
6001	14
6002	14
6003	17
6004	17
6005	9
6006	14
6007	12
6008	14
6009	11
6010	15
6011	9
6012	16
6013	14
6014	17
6015	11
6016	6
6017	15
6018	15
6019	13
6020	12
6021	17
6022	18
6023	11
6024	22
6025	10
6026	15
6027	9
6028	18
6029	19
6030	10
6031	24
6032	9
6033	18
6034	13
6035	19
6036	21
6037	20
6038	9
6039	16
6040	16
6041	12
6042	16
6043	12
6044	16
6045	10
6046	13
6047	12
6048	13
6049	19
6050	12
6051	13
6052	15
6053	11
6054	20
6055	16
6056	17
6057	14
6058	11
6059	15
6060	11
6061	18
6062	13
6063	14
6064	13
6065	19
6066	15
6067	19
6068	16
6069	12
6070	7
6071	10
6072	17
6073	12
6074	17
6075	18
6076	11
6077	9
6078	15
6079	16
6080	24
6081	12
6082	11
6083	14
6084	13
6085	11
6086	14
6087	20
6088	19
6089	11
6090	7
6091	17
6092	12
6093	17
6094	19
6095	11
6096	16
6097	18
6098	22
6099	6
6100	13
6101	14
6102	9
6103	16
6104	11
6105	15
6106	20
6107	14
6108	16
6109	11
6110	10
6111	13
6112	14
6113	10
6114	8
6115	17
6116	11
6117	11
6118	9
6119	14
6120	10
6121	11
6122	19
6123	17
6124	13
6125	14
6126	5
6127	16
6128	13
6129	17
6130	13
6131	13
6132	17
6133	17
6134	13
6135	11
6136	13
6137	12
6138	8
6139	6
6140	12
6141	17
6142	9
6143	11
6144	15
6145	13
6146	9
6147	12
6148	14
6149	15
6150	18
6151	9
6152	12
6153	14
6154	9
6155	13
6156	12
6157	20
6158	13
6159	10
6160	8
6161	20
6162	9
6163	9
6164	13
6165	10
6166	19
6167	13
6168	15
6169	13
6170	17
6171	14
6172	13
6173	15
6174	10
6175	12
6176	10
6177	14
6178	10
6179	14
6180	11
6181	8
6182	6
6183	18
6184	8
6185	12
6186	9
6187	14
6188	7
6189	13
6190	13
6191	14
6192	17
6193	18
6194	19
6195	23
6196	13
6197	16
6198	20
6199	16
6200	11
6201	9
6202	13
6203	11
6204	12
6205	11
6206	7
6207	7
6208	14
6209	12
6210	14
6211	14
6212	14
6213	15
6214	8
6215	15
6216	16
6217	12
6218	8
6219	15
6220	10
6221	10
6222	12
6223	14
6224	12
6225	10
6226	15
6227	16
6228	15
6229	12
6230	13
6231	16
6232	20
6233	8
6234	9
6235	14
6236	6
6237	8
6238	20
6239	14
6240	19
6241	18
6242	8
6243	14
6244	13
6245	12
6246	13
6247	12
6248	12
6249	8
6250	12
6251	11
6252	4
6253	13
6254	12
6255	8
6256	10
6257	10
6258	15
6259	10
6260	14
6261	17
6262	7
6263	9
6264	12
6265	12
6266	10
6267	17
6268	21
6269	14
6270	13
6271	9
6272	17
6273	19
6274	12
6275	11
6276	7
6277	11
6278	13
6279	11
6280	14
6281	12
6282	16
6283	10
6284	9
6285	14
6286	10
6287	7
6288	10
6289	9
6290	9
6291	15
6292	17
6293	16
6294	6
6295	10
6296	18
6297	15
6298	11
6299	11
6300	13
6301	9
6302	11
6303	7
6304	11
6305	8
6306	13
6307	9
6308	14
6309	9
6310	10
6311	6
6312	15
6313	8
6314	15
6315	9
6316	12
6317	8
6318	11
6319	10
6320	15
6321	10
6322	12
6323	6
6324	11
6325	14
6326	13
6327	17
6328	4
6329	13
6330	14
6331	16
6332	7
6333	11
6334	10
6335	9
6336	13
6337	7
6338	8
6339	8
6340	6
6341	9
6342	9
6343	11
6344	18
6345	7
6346	7
6347	8
6348	7
6349	7
6350	7
6351	11
6352	6
6353	8
6354	10
6355	8
6356	5
6357	9
6358	16
6359	9
6360	10
6361	9
6362	11
6363	14
6364	12
6365	12
6366	9
6367	11
6368	8
6369	3
6370	6
6371	5
6372	9
6373	7
6374	5
6375	12
6376	14
6377	13
6378	7
6379	10
6380	9
6381	8
6382	10
6383	12
6384	2
6385	7
6386	13
6387	5
6388	11
6389	8
6390	11
6391	7
6392	7
6393	12
6394	6
6395	8
6396	7
6397	8
6398	8
6399	8
6400	4
6401	10
6402	7
6403	5
6404	5
6405	8
6406	5
6407	4
6408	5
6409	7
6410	9
6411	8
6412	8
6413	12
6414	11
6415	6
6416	7
6417	9
6418	7
6419	6
6420	5
6421	5
6422	5
6423	7
6424	10
6425	8
6426	6
6427	2
6428	5
6429	3
6430	3
6431	6
6432	9
6433	5
6434	9
6435	4
6436	8
6437	6
6438	6
6439	10
6440	7
6441	9
6442	12
6443	10
6444	5
6445	9
6446	7
6447	7
6448	9
6449	3
6450	7
6451	6
6452	9
6453	5
6454	9
6455	6
6456	8
6457	7
6458	7
6459	5
6460	4
6461	8
6462	8
6463	7
6464	8
6465	9
6466	10
6467	10
6468	7
6469	2
6470	4
6471	8
6472	7
6473	9
6474	10
6475	5
6476	2
6477	2
6478	7
6479	7
6480	8
6481	4
6482	7
6483	4
6484	8
6485	3
6486	5
6487	5
6488	8
6489	5
6490	12
6491	6
6492	7
6493	8
6494	5
6495	10
6496	2
6497	4
6498	8
6499	4
6500	3
6501	3
6502	8
6503	3
6504	9
6505	3
6506	2
6507	6
6508	2
6509	6
6510	9
6511	8
6512	11
6513	5
6514	2
6515	5
6516	7
6517	4
6518	7
6519	4
6520	2
6521	9
6522	5
6523	7
6524	7
6525	7
6526	2
6527	7
6528	5
6529	4
6530	3
6531	7
6532	3
6533	1
6534	7
6535	5
6536	3
6537	8
6538	1
6539	3
6540	3
6541	6
6542	2
6543	2
6544	3
6545	6
6546	2
6547	4
6548	6
6549	4
6550	5
6551	3
6552	4
6553	3
6554	8
6555	3
6556	5
6557	4
6558	3
6559	5
6560	2
6561	5
6562	4
6563	5
6564	4
6565	3
6566	2
6567	0
6568	2
6569	6
6570	4
6571	2
6572	0
6573	4
6574	4
6575	3
6576	2
6577	4
6578	2
6579	5
6580	3
6581	5
6582	8
6583	4
6584	2
6585	7
6586	3
6587	1
6588	2
6589	3
6590	4
6591	3
6592	0
6593	3
6594	4
6595	3
6596	3
6597	4
6598	4
6599	3
6600	5
6601	6
6602	6
6603	3
6604	4
6605	7
6606	5
6607	6
6608	3
6609	2
6610	2
6611	3
6612	6
6613	3
6614	3
6615	3
6616	3
6617	1
6618	1
6619	10
6620	1
6621	4
6622	3
6623	4
6624	2
6625	3
6626	7
6627	3
6628	3
6629	2
6630	2
6631	5
6632	2
6633	3
6634	3
6635	4
6636	5
6637	4
6638	5
6639	3
6640	2
6641	2
6642	5
6643	3
6644	4
6645	4
6646	4
6647	5
6648	4
6649	3
6650	1
6651	3
6652	2
6653	1
6654	2
6655	4
6656	5
6657	1
6658	5
6659	3
6660	4
6661	5
6662	6
6663	1
6664	4
6665	1
6666	2
6667	2
6668	2
6669	1
6670	3
6671	2
6672	5
6673	4
6674	3
6675	1
6676	7
6677	2
6678	1
6679	0
6680	2
6681	6
6682	7
6683	3
6684	3
6685	6
6686	2
6687	3
6688	4
6689	2
6690	1
6691	4
6692	1
6693	2
6694	3
6695	3
6696	3
6697	1
6698	3
6699	2
6700	2
6701	4
6702	3
6703	6
6704	3
6705	6
6706	0
6707	2
6708	3
6709	3
6710	2
6711	1
6712	2
6713	5
6714	2
6715	2
6716	2
6717	3
6718	4
6719	3
6720	2
6721	3
6722	2
6723	2
6724	1
6725	3
6726	5
6727	7
6728	3
6729	2
6730	1
6731	0
6732	1
6733	1
6734	4
6735	3
6736	7
6737	2
6738	6
6739	5
6740	1
6741	3
6742	1
6743	2
6744	4
6745	5
6746	2
6747	4
6748	2
6749	5
6750	3
6751	1
6752	3
6753	1
6754	3
6755	1
6756	6
6757	4
6758	1
6759	1
6760	1
6761	4
6762	1
6763	1
6764	1
6765	1
6766	2
6767	3
6768	1
6769	3
6770	2
6771	3
6772	2
6773	4
6774	0
6775	3
6776	2
6777	0
6778	1
6779	1
6780	1
6781	3
6782	3
6783	1
6784	1
6785	1
6786	2
6787	3
6788	3
6789	0
6790	3
6791	1
6792	3
6793	1
6794	2
6795	2
6796	4
6797	0
6798	2
6799	2
6800	5
6801	3
6802	3
6803	0
6804	1
6805	0
6806	3
6807	2
6808	3
6809	3
6810	0
6811	2
6812	0
6813	1
6814	2
6815	0
6816	0
6817	3
6818	2
6819	2
6820	1
6821	3
6822	0
6823	1
6824	3
6825	2
6826	1
6827	1
6828	0
6829	1
6830	1
6831	2
6832	1
6833	0
6834	1
6835	3
6836	0
6837	1
6838	3
6839	1
6840	2
6841	0
6842	0
6843	1
6844	0
6845	1
6846	2
6847	2
6848	2
6849	3
6850	2
6851	2
6852	0
6853	2
6854	6
6855	0
6856	0
6857	1
6858	1
6859	1
6860	0
6861	0
6862	0
6863	2
6864	1
6865	1
6866	1
6867	2
6868	1
6869	1
6870	2
6871	2
6872	2
6873	1
6874	2
6875	0
6876	1
6877	0
6878	4
6879	0
6880	0
6881	2
6882	1
6883	4
6884	1
6885	1
6886	2
6887	1
6888	0
6889	0
6890	2
6891	2
6892	0
6893	0
6894	1
6895	3
6896	2
6897	1
6898	0
6899	0
6900	0
6901	3
6902	0
6903	2
6904	0
6905	1
6906	1
6907	0
6908	0
6909	2
6910	1
6911	1
6912	1
6913	2
6914	1
6915	2
6916	2
6917	0
6918	0
6919	0
6920	0
6921	1
6922	1
6923	1
6924	1
6925	3
6926	1
6927	0
6928	1
6929	0
6930	3
6931	0
6932	1
6933	1
6934	2
6935	1
6936	1
6937	1
6938	0
6939	1
6940	0
6941	2
6942	1
6943	0
6944	1
6945	1
6946	1
6947	1
6948	0
6949	2
6950	0
6951	1
6952	3
6953	3
6954	0
6955	1
6956	1
6957	4
6958	1
6959	0
6960	0
6961	0
6962	1
6963	0
6964	1
6965	2
6966	0
6967	1
6968	1
6969	0
6970	1
6971	1
6972	0
6973	0
6974	3
6975	1
6976	2
6977	1
6978	0
6979	1
6980	2
6981	1
6982	2
6983	0
6984	0
6985	1
6986	2
6987	0
6988	0
6989	1
6990	0
6991	0
6992	1
6993	2
6994	0
6995	1
6996	1
6997	1
6998	2
6999	1
7000	1
7001	1
7002	1
7003	0
7004	1
7005	1
7006	0
7007	0
7008	0
7009	1
7010	0
7011	0
7012	0
7013	0
7014	2
7015	0
7016	1
7017	1
7018	0
7019	0
7020	0
7021	1
7022	2
7023	0
7024	0
7025	2
7026	0
7027	2
7028	0
7029	0
7030	0
7031	1
7032	1
7033	0
7034	2
7035	0
7036	0
7037	1
7038	1
7039	0
7040	0
7041	2
7042	1
7043	0
7044	0
7045	2
7046	0
7047	0
7048	1
7049	0
7050	1
7051	1
7052	0
7053	0
7054	0
7055	2
7056	0
7057	3
7058	0
7059	1
7060	0
7061	3
7062	1
7063	0
7064	1
7065	2
7066	1
7067	2
7068	0
7069	4
7070	1
7071	1
7072	0
7073	1
7074	0
7075	0
7076	0
7077	1
7078	0
7079	0
7080	1
7081	3
7082	0
7083	0
7084	0
7085	0
7086	0
7087	1
7088	0
7089	0
7090	2
7091	1
7092	3
7093	1
7094	1
7095	0
7096	1
7097	0
7098	0
7099	0
7100	0
7101	0
7102	1
7103	2
7104	0
7105	2
7106	3
7107	0
7108	0
7109	0
7110	0
7111	0
7112	0
7113	0
7114	1
7115	1
7116	3
7117	0
7118	0
7119	0
7120	1
7121	2
7122	2
7123	0
7124	0
7125	1
7126	0
7127	1
7128	0
7129	0
7130	1
7131	1
7132	1
7133	2
7134	0
7135	0
7136	0
7137	0
7138	1
7139	0
7140	0
7141	0
7142	1
7143	1
7144	0
7145	1
7146	0
7147	0
7148	1
7149	0
7150	0
7151	0
7152	0
7153	0
7154	1
7155	2
7156	1
7157	1
7158	1
7159	1
7160	0
7161	0
7162	0
7163	0
7164	0
7165	0
7166	1
7167	0
7168	1
7169	0
7170	0
7171	1
7172	0
7173	0
7174	0
7175	0
7176	0
7177	1
7178	1
7179	0
7180	1
7181	1
7182	0
7183	0
7184	1
7185	1
7186	2
7187	0
7188	0
7189	0
7190	1
7191	0
7192	1
7193	0
7194	0
7195	0
7196	0
7197	0
7198	0
7199	0
7200	1
7201	0
7202	0
7203	1
7204	0
7205	0
7206	0
7207	0
7208	0
7209	0
7210	0
7211	1
7212	1
7213	1
7214	0
7215	0
7216	1
7217	1
7218	0
7219	0
7220	0
7221	2
7222	1
7223	1
7224	0
7225	0
7226	0
7227	0
7228	1
7229	1
7230	0
7231	1
7232	1
7233	1
7234	0
7235	1
7236	1
7237	0
7238	0
7239	0
7240	2
7241	0
7242	1
7243	0
7244	0
7245	1
7246	1
7247	0
7248	0
7249	0
7250	0
7251	0
7252	0
7253	1
7254	1
7255	0
7256	0
7257	0
7258	1
7259	0
7260	0
7261	2
7262	0
7263	3
7264	0
7265	0
7266	0
7267	0
7268	1
7269	0
7270	0
7271	0
7272	0
7273	0
7274	0
7275	0
7276	0
7277	0
7278	0
7279	1
7280	1
7281	1
7282	0
7283	1
7284	0
7285	0
7286	1
7287	0
7288	0
7289	0
7290	0
7291	2
7292	0
7293	0
7294	0
7295	2
7296	0
7297	1
7298	0
7299	1
7300	0
7301	0
7302	1
7303	0
7304	0
7305	2
7306	0
7307	0
7308	0
7309	1
7310	0
7311	0
7312	0
7313	0
7314	1
7315	0
7316	0
7317	0
7318	2
7319	0
7320	0
7321	0
7322	0
7323	0
7324	0
7325	0
7326	0
7327	0
7328	1
7329	1
7330	0
7331	0
7332	0
7333	0
7334	0
7335	2
7336	0
7337	0
7338	1
7339	1
7340	1
7341	1
7342	1
7343	1
7344	2
7345	1
7346	0
7347	1
7348	0
7349	0
7350	0
7351	1
7352	0
7353	1
7354	0
7355	1
7356	1
7357	0
7358	1
7359	0
7360	1
7361	0
7362	1
7363	1
7364	0
7365	1
7366	0
7367	2
7368	1
7369	0
7370	0
7371	1
7372	0
7373	0
7374	1
7375	0
7376	0
7377	1
7378	0
7379	1
7380	0
7381	0
7382	1
7383	0
7384	1
7385	0
7386	0
7387	0
7388	1
7389	0
7390	0
7391	1
7392	0
7393	0
7394	1
7395	1
7396	1
7397	0
7398	0
7399	0
7400	2
7401	0
7402	0
7403	0
7404	0
7405	0
7406	2
7407	2
7408	0
7409	0
7410	0
7411	2
7412	1
7413	0
7414	0
7415	0
7416	2
7417	0
7418	1
7419	0
7420	0
7421	0
7422	0
7423	0
7424	0
7425	1
7426	1
7427	1
7428	1
7429	2
7430	0
7431	0
7432	0
7433	0
7434	0
7435	0
7436	0
7437	0
7438	0
7439	2
7440	0
7441	1
7442	0
7443	0
7444	2
7445	1
7446	0
7447	0
7448	1
7449	0
7450	0
7451	0
7452	0
7453	0
7454	0
7455	0
7456	0
7457	0
7458	0
7459	0
7460	0
7461	0
7462	1
7463	0
7464	1
7465	0
7466	0
7467	1
7468	1
7469	0
7470	2
7471	0
7472	1
7473	1
7474	1
7475	1
7476	2
7477	2
7478	1
7479	0
7480	2
7481	1
7482	1
7483	0
7484	0
7485	2
7486	0
7487	0
7488	0
7489	0
7490	1
7491	3
7492	1
7493	2
7494	1
7495	1
7496	0
7497	1
7498	0
7499	0
7500	0
7501	0
7502	0
7503	0
7504	0
7505	1
7506	0
7507	0
7508	1
7509	1
7510	0
7511	0
7512	0
7513	0
7514	1
7515	2
7516	1
7517	2
7518	0
7519	0
7520	1
7521	0
7522	0
7523	1
7524	1
7525	1
7526	0
7527	1
7528	0
7529	0
7530	0
7531	0
7532	1
7533	0
7534	1
7535	0
7536	1
7537	2
7538	0
7539	0
7540	1
7541	1
7542	0
7543	0
7544	1
7545	0
7546	1
7547	1
7548	0
7549	1
7550	0
7551	1
7552	0
7553	0
7554	0
7555	0
7556	0
7557	0
7558	0
7559	1
7560	0
7561	0
7562	0
7563	0
7564	1
7565	0
7566	0
7567	0
7568	0
7569	1
7570	1
7571	1
7572	0
7573	1
7574	0
7575	0
7576	0
7577	0
7578	1
7579	0
7580	0
7581	1
7582	0
7583	1
7584	2
7585	0
7586	0
7587	1
7588	0
7589	0
7590	1
7591	0
7592	1
7593	0
7594	1
7595	1
7596	0
7597	1
7598	0
7599	0
7600	0
7601	1
7602	1
7603	1
7604	0
7605	1
7606	1
7607	0
7608	0
7609	1
7610	0
7611	0
7612	2
7613	0
7614	1
7615	0
7616	0
7617	1
7618	0
7619	0
7620	1
7621	0
7622	0
7623	1
7624	1
7625	0
7626	0
7627	0
7628	1
7629	1
7630	0
7631	0
7632	0
7633	0
7634	1
7635	0
7636	2
7637	0
7638	1
7639	0
7640	1
7641	0
7642	2
7643	1
7644	0
7645	0
7646	0
7647	0
7648	0
7649	2
7650	2
7651	0
7652	0
7653	1
7654	0
7655	0
7656	0
7657	1
7658	2
7659	0
7660	3
7661	0
7662	1
7663	0
7664	1
7665	0
7666	1
7667	1
7668	1
7669	0
7670	1
7671	0
7672	0
7673	0
7674	0
7675	1
7676	0
7677	1
7678	0
7679	0
7680	0
7681	1
7682	1
7683	1
7684	0
7685	0
7686	0
7687	0
7688	0
7689	0
7690	1
7691	0
7692	0
7693	1
7694	0
7695	0
7696	0
7697	0
7698	0
7699	0
7700	0
7701	1
7702	2
7703	0
7704	0
7705	0
7706	1
7707	0
7708	0
7709	1
7710	0
7711	1
7712	1
7713	0
7714	0
7715	0
7716	0
7717	0
7718	1
7719	0
7720	1
7721	0
7722	2
7723	0
7724	0
7725	1
7726	0
7727	0
7728	0
7729	0
7730	0
7731	0
7732	0
7733	0
7734	0
7735	1
7736	0
7737	0
7738	1
7739	1
7740	0
7741	1
7742	0
7743	0
7744	2
7745	0
7746	0
7747	2
7748	1
7749	1
7750	0
7751	0
7752	0
7753	0
7754	0
7755	1
7756	0
7757	0
7758	0
7759	0
7760	0
7761	1
7762	1
7763	0
7764	0
7765	0
7766	1
7767	0
7768	0
7769	0
7770	1
7771	0
7772	1
7773	0
7774	1
7775	0
7776	0
7777	0
7778	1
7779	1
7780	1
7781	0
7782	0
7783	0
7784	0
7785	0
7786	0
7787	0
7788	0
7789	0
7790	0
7791	0
7792	0
7793	0
7794	0
7795	1
7796	1
7797	0
7798	0
7799	1
7800	1
7801	1
7802	0
7803	0
7804	0
7805	1
7806	0
7807	0
7808	0
7809	0
7810	0
7811	1
7812	0
7813	1
7814	0
7815	1
7816	1
7817	0
7818	1
7819	0
7820	1
7821	0
7822	0
7823	1
7824	0
7825	2
7826	0
7827	1
7828	0
7829	0
7830	0
7831	2
7832	0
7833	0
7834	0
7835	1
7836	0
7837	2
7838	1
7839	1
7840	1
7841	0
7842	0
7843	0
7844	0
7845	0
7846	0
7847	2
7848	1
7849	0
7850	2
7851	0
7852	2
7853	1
7854	0
7855	1
7856	0
7857	0
7858	2
7859	1
7860	1
7861	1
7862	0
7863	0
7864	0
7865	1
7866	0
7867	0
7868	2
7869	1
7870	0
7871	0
7872	0
7873	0
7874	0
7875	1
7876	0
7877	0
7878	0
7879	0
7880	0
7881	0
7882	1
7883	0
7884	0
7885	0
7886	1
7887	0
7888	1
7889	0
7890	2
7891	0
7892	0
7893	1
7894	0
7895	0
7896	0
7897	1
7898	1
7899	0
7900	0
7901	2
7902	0
7903	0
7904	0
7905	0
7906	0
7907	0
7908	1
7909	1
7910	0
7911	0
7912	0
7913	0
7914	0
7915	0
7916	0
7917	2
7918	1
7919	0
7920	0
7921	1
7922	1
7923	0
7924	0
7925	2
7926	0
7927	1
7928	1
7929	0
7930	0
7931	0
7932	2
7933	0
7934	1
7935	0
7936	0
7937	0
7938	0
7939	0
7940	0
7941	0
7942	0
7943	0
7944	1
7945	0
7946	0
7947	2
7948	0
7949	1
7950	0
7951	0
7952	0
7953	0
7954	1
7955	1
7956	0
7957	0
7958	0
7959	0
7960	1
7961	1
7962	0
7963	0
7964	1
7965	1
7966	0
7967	0
7968	0
7969	0
7970	2
7971	0
7972	1
7973	0
7974	0
7975	1
7976	1
7977	1
7978	0
7979	1
7980	1
7981	2
7982	0
7983	0
7984	0
7985	0
7986	2
7987	0
7988	2
7989	0
7990	1
7991	0
7992	1
7993	0
7994	0
7995	2
7996	1
7997	0
7998	1
7999	0
8000	0
8001	1
8002	1
8003	1
8004	1
8005	0
8006	0
8007	0
8008	0
8009	0
8010	0
8011	0
8012	1
8013	1
8014	0
8015	0
8016	0
8017	0
8018	0
8019	1
8020	0
8021	0
8022	0
8023	0
8024	0
8025	1
8026	0
8027	0
8028	1
8029	0
8030	1
8031	1
8032	0
8033	1
8034	0
8035	1
8036	1
8037	0
8038	0
8039	0
8040	0
8041	1
8042	0
8043	0
8044	0
8045	0
8046	1
8047	0
8048	0
8049	1
8050	0
8051	0
8052	2
8053	1
8054	0
8055	0
8056	0
8057	0
8058	0
8059	0
8060	0
8061	2
8062	0
8063	0
8064	0
8065	1
8066	0
8067	0
8068	0
8069	1
8070	0
8071	0
8072	0
8073	2
8074	2
8075	1
8076	2
8077	0
8078	0
8079	0
8080	0
8081	0
8082	0
8083	0
8084	0
8085	0
8086	0
8087	0
8088	0
8089	0
8090	0
8091	0
8092	0
8093	0
8094	0
8095	0
8096	0
8097	0
8098	0
8099	0
8100	0
8101	0
8102	0
8103	0
8104	0
8105	0
8106	0
8107	0
8108	0
8109	0
8110	0
8111	0
8112	0
8113	0
8114	0
8115	0
8116	0
8117	0
8118	0
8119	0
8120	0
8121	0
8122	0
8123	0
8124	0
8125	0
8126	0
8127	0
8128	0
8129	0
8130	0
8131	0
8132	0
8133	0
8134	0
8135	0
8136	0
8137	0
8138	0
8139	0
8140	0
8141	0
8142	0
8143	0
8144	0
8145	0
8146	0
8147	0
8148	0
8149	0
8150	0
8151	0
8152	0
8153	0
8154	0
8155	0
8156	0
8157	0
8158	0
8159	0
8160	0
8161	0
8162	0
8163	0
8164	0
8165	0
8166	0
8167	0
8168	0
8169	0
8170	0
8171	0
8172	0
8173	0
8174	0
8175	0
8176	0
8177	0
8178	0
8179	0
8180	0
8181	0
8182	0
8183	0
8184	0
8185	0
8186	0
8187	0
8188	0
8189	0
8190	0
8191	0
