0	0
1	0
2	0
3	0
4	0
5	0
6	0
7	0
8	0
9	0
10	0
11	0
12	0
13	0
14	0
15	0
16	0
17	0
18	0
19	0
20	0
21	0
22	0
23	0
24	0
25	0
26	0
27	0
28	0
29	0
30	0
31	0
32	0
33	0
34	0
35	0
36	0
37	0
38	0
39	0
40	0
41	0
42	0
43	0
44	0
45	0
46	0
47	0
48	0
49	0
50	0
51	0
52	0
53	0
54	0
55	0
56	0
57	0
58	0
59	0
60	0
61	0
62	0
63	0
64	0
65	0
66	0
67	0
68	0
69	0
70	0
71	0
72	0
73	0
74	0
75	0
76	0
77	0
78	0
79	0
80	0
81	0
82	0
83	0
84	1
85	2
86	8
87	12
88	17
89	13
90	11
91	8
92	14
93	12
94	7
95	12
96	11
97	15
98	14
99	12
100	11
101	5
102	4
103	5
104	5
105	13
106	6
107	8
108	5
109	11
110	8
111	14
112	6
113	6
114	3
115	9
116	10
117	3
118	10
119	6
120	9
121	8
122	9
123	11
124	5
125	10
126	11
127	9
128	11
129	10
130	10
131	11
132	7
133	4
134	13
135	7
136	9
137	7
138	8
139	10
140	9
141	3
142	7
143	8
144	6
145	14
146	8
147	7
148	10
149	6
150	7
151	4
152	3
153	11
154	5
155	7
156	10
157	8
158	13
159	12
160	5
161	7
162	7
163	10
164	4
165	5
166	7
167	10
168	8
169	6
170	7
171	7
172	11
173	10
174	5
175	9
176	6
177	17
178	14
179	9
180	9
181	12
182	5
183	8
184	5
185	10
186	6
187	8
188	7
189	8
190	8
191	7
192	5
193	9
194	14
195	6
196	10
197	3
198	8
199	12
200	12
201	9
202	14
203	7
204	12
205	10
206	8
207	4
208	7
209	12
210	10
211	8
212	8
213	9
214	8
215	9
216	8
217	7
218	7
219	9
220	8
221	8
222	9
223	13
224	12
225	7
226	10
227	11
228	10
229	8
230	9
231	9
232	10
233	10
234	12
235	13
236	10
237	12
238	13
239	13
240	10
241	6
242	4
243	10
244	8
245	7
246	13
247	4
248	9
249	9
250	9
251	11
252	9
253	10
254	13
255	8
256	16
257	7
258	6
259	13
260	11
261	6
262	10
263	9
264	2
265	8
266	5
267	8
268	6
269	9
270	8
271	11
272	11
273	10
274	10
275	13
276	7
277	4
278	10
279	7
280	11
281	12
282	9
283	14
284	11
285	11
286	8
287	18
288	11
289	8
290	14
291	13
292	4
293	10
294	11
295	8
296	10
297	9
298	11
299	10
300	15
301	11
302	7
303	5
304	12
305	8
306	8
307	7
308	14
309	15
310	9
311	9
312	8
313	7
314	7
315	7
316	11
317	10
318	6
319	15
320	6
321	8
322	8
323	9
324	10
325	7
326	6
327	13
328	9
329	16
330	10
331	8
332	8
333	11
334	5
335	11
336	10
337	10
338	11
339	8
340	8
341	14
342	10
343	7
344	17
345	8
346	4
347	7
348	13
349	12
350	7
351	11
352	11
353	8
354	8
355	6
356	8
357	6
358	6
359	13
360	8
361	14
362	10
363	4
364	6
365	9
366	9
367	7
368	10
369	14
370	11
371	9
372	7
373	7
374	6
375	5
376	14
377	9
378	5
379	8
380	8
381	9
382	12
383	6
384	7
385	10
386	4
387	17
388	9
389	4
390	7
391	7
392	15
393	9
394	10
395	9
396	9
397	12
398	12
399	7
400	14
401	9
402	11
403	4
404	6
405	8
406	14
407	5
408	6
409	17
410	8
411	6
412	4
413	16
414	12
415	14
416	11
417	9
418	8
419	5
420	8
421	11
422	8
423	7
424	15
425	12
426	10
427	7
428	9
429	14
430	12
431	14
432	7
433	11
434	6
435	14
436	12
437	11
438	10
439	10
440	7
441	7
442	11
443	7
444	9
445	15
446	11
447	7
448	11
449	9
450	8
451	11
452	8
453	11
454	17
455	8
456	5
457	10
458	7
459	11
460	11
461	9
462	12
463	12
464	17
465	12
466	8
467	16
468	12
469	7
470	11
471	7
472	15
473	10
474	6
475	10
476	15
477	12
478	7
479	13
480	12
481	8
482	10
483	10
484	10
485	14
486	11
487	11
488	10
489	13
490	7
491	12
492	19
493	17
494	13
495	9
496	19
497	15
498	11
499	8
500	15
501	18
502	14
503	9
504	11
505	21
506	11
507	6
508	17
509	15
510	8
511	7
512	12
513	10
514	11
515	17
516	18
517	11
518	12
519	10
520	6
521	10
522	9
523	10
524	14
525	8
526	14
527	13
528	11
529	9
530	14
531	7
532	11
533	14
534	8
535	8
536	15
537	11
538	10
539	7
540	5
541	13
542	15
543	9
544	10
545	10
546	8
547	7
548	10
549	14
550	14
551	10
552	7
553	15
554	16
555	8
556	11
557	9
558	6
559	6
560	11
561	7
562	17
563	9
564	12
565	11
566	12
567	11
568	17
569	7
570	10
571	9
572	16
573	15
574	17
575	8
576	15
577	11
578	11
579	15
580	12
581	10
582	15
583	17
584	9
585	12
586	8
587	9
588	13
589	12
590	16
591	10
592	10
593	11
594	12
595	10
596	12
597	16
598	5
599	6
600	11
601	8
602	10
603	9
604	9
605	12
606	11
607	9
608	18
609	6
610	12
611	15
612	9
613	11
614	16
615	14
616	14
617	11
618	5
619	12
620	7
621	8
622	6
623	14
624	18
625	6
626	5
627	7
628	14
629	9
630	5
631	9
632	6
633	9
634	8
635	9
636	9
637	13
638	8
639	11
640	10
641	12
642	8
643	11
644	12
645	12
646	7
647	14
648	6
649	15
650	10
651	12
652	16
653	15
654	13
655	11
656	6
657	9
658	15
659	10
660	17
661	12
662	15
663	8
664	9
665	6
666	17
667	12
668	9
669	10
670	9
671	10
672	9
673	10
674	13
675	15
676	14
677	8
678	20
679	16
680	12
681	7
682	8
683	7
684	6
685	12
686	14
687	15
688	9
689	10
690	14
691	7
692	15
693	13
694	15
695	14
696	14
697	7
698	6
699	10
700	11
701	10
702	9
703	13
704	15
705	6
706	11
707	3
708	16
709	6
710	9
711	8
712	11
713	11
714	6
715	8
716	12
717	15
718	13
719	15
720	8
721	14
722	11
723	15
724	14
725	15
726	5
727	9
728	15
729	14
730	18
731	14
732	14
733	13
734	13
735	13
736	19
737	16
738	9
739	12
740	13
741	8
742	12
743	14
744	11
745	8
746	8
747	19
748	12
749	8
750	15
751	15
752	20
753	16
754	9
755	15
756	8
757	15
758	19
759	19
760	19
761	16
762	13
763	21
764	24
765	23
766	20
767	19
768	20
769	19
770	21
771	18
772	13
773	17
774	20
775	19
776	16
777	20
778	21
779	18
780	15
781	20
782	19
783	22
784	17
785	20
786	19
787	28
788	24
789	26
790	23
791	26
792	21
793	23
794	18
795	22
796	23
797	24
798	23
799	18
800	20
801	17
802	17
803	17
804	23
805	21
806	17
807	29
808	20
809	19
810	20
811	25
812	24
813	22
814	25
815	24
816	29
817	25
818	24
819	24
820	18
821	21
822	32
823	22
824	26
825	18
826	23
827	20
828	27
829	26
830	34
831	18
832	24
833	20
834	32
835	26
836	22
837	26
838	26
839	32
840	28
841	36
842	18
843	26
844	25
845	24
846	22
847	26
848	22
849	19
850	25
851	34
852	31
853	27
854	23
855	32
856	37
857	33
858	23
859	21
860	37
861	26
862	21
863	27
864	24
865	24
866	32
867	22
868	33
869	24
870	22
871	29
872	23
873	29
874	23
875	21
876	27
877	26
878	32
879	26
880	32
881	27
882	15
883	23
884	21
885	24
886	24
887	27
888	19
889	26
890	25
891	20
892	15
893	19
894	16
895	22
896	30
897	21
898	20
899	22
900	37
901	20
902	15
903	32
904	21
905	24
906	28
907	22
908	18
909	22
910	24
911	16
912	24
913	14
914	24
915	14
916	31
917	21
918	20
919	10
920	26
921	17
922	15
923	17
924	28
925	21
926	18
927	23
928	13
929	14
930	24
931	17
932	25
933	22
934	27
935	16
936	19
937	19
938	20
939	21
940	15
941	11
942	26
943	24
944	20
945	16
946	12
947	14
948	26
949	16
950	27
951	16
952	24
953	20
954	12
955	18
956	25
957	20
958	15
959	14
960	14
961	21
962	14
963	22
964	15
965	14
966	21
967	20
968	17
969	19
970	20
971	15
972	13
973	19
974	17
975	23
976	14
977	11
978	21
979	25
980	22
981	20
982	22
983	21
984	25
985	18
986	16
987	15
988	13
989	23
990	18
991	24
992	16
993	16
994	18
995	17
996	23
997	19
998	18
999	22
1000	10
1001	12
1002	14
1003	20
1004	24
1005	24
1006	22
1007	15
1008	20
1009	21
1010	18
1011	16
1012	26
1013	16
1014	9
1015	20
1016	14
1017	21
1018	19
1019	18
1020	20
1021	17
1022	9
1023	19
1024	16
1025	28
1026	18
1027	12
1028	13
1029	7
1030	14
1031	20
1032	3
1033	20
1034	18
1035	11
1036	9
1037	14
1038	17
1039	13
1040	11
1041	16
1042	10
1043	11
1044	5
1045	11
1046	17
1047	16
1048	16
1049	7
1050	16
1051	10
1052	17
1053	12
1054	12
1055	11
1056	18
1057	13
1058	14
1059	17
1060	17
1061	11
1062	13
1063	10
1064	15
1065	15
1066	15
1067	18
1068	9
1069	12
1070	12
1071	13
1072	8
1073	15
1074	14
1075	10
1076	14
1077	12
1078	10
1079	12
1080	10
1081	13
1082	10
1083	7
1084	16
1085	12
1086	18
1087	14
1088	12
1089	20
1090	14
1091	16
1092	8
1093	11
1094	9
1095	11
1096	18
1097	16
1098	16
1099	19
1100	15
1101	15
1102	11
1103	27
1104	14
1105	18
1106	15
1107	13
1108	15
1109	15
1110	18
1111	10
1112	8
1113	13
1114	14
1115	13
1116	15
1117	16
1118	16
1119	21
1120	16
1121	14
1122	18
1123	8
1124	12
1125	12
1126	10
1127	11
1128	12
1129	22
1130	21
1131	11
1132	11
1133	18
1134	22
1135	15
1136	21
1137	16
1138	15
1139	14
1140	11
1141	12
1142	19
1143	17
1144	8
1145	14
1146	13
1147	20
1148	12
1149	15
1150	24
1151	12
1152	19
1153	21
1154	18
1155	9
1156	14
1157	13
1158	22
1159	11
1160	14
1161	19
1162	13
1163	17
1164	18
1165	18
1166	12
1167	15
1168	17
1169	19
1170	17
1171	17
1172	17
1173	12
1174	15
1175	11
1176	12
1177	18
1178	20
1179	23
1180	25
1181	13
1182	9
1183	20
1184	14
1185	19
1186	15
1187	13
1188	20
1189	13
1190	12
1191	10
1192	27
1193	16
1194	11
1195	14
1196	16
1197	17
1198	9
1199	13
1200	12
1201	13
1202	19
1203	20
1204	16
1205	18
1206	15
1207	13
1208	10
1209	14
1210	17
1211	16
1212	17
1213	20
1214	21
1215	15
1216	13
1217	21
1218	15
1219	19
1220	15
1221	14
1222	11
1223	11
1224	11
1225	16
1226	19
1227	13
1228	12
1229	18
1230	20
1231	17
1232	9
1233	17
1234	16
1235	15
1236	18
1237	16
1238	12
1239	22
1240	15
1241	13
1242	14
1243	18
1244	12
1245	17
1246	16
1247	12
1248	16
1249	21
1250	11
1251	15
1252	14
1253	10
1254	16
1255	14
1256	20
1257	16
1258	11
1259	14
1260	12
1261	9
1262	20
1263	15
1264	16
1265	13
1266	10
1267	11
1268	7
1269	10
1270	8
1271	19
1272	19
1273	17
1274	12
1275	21
1276	19
1277	19
1278	16
1279	26
1280	14
1281	8
1282	16
1283	16
1284	20
1285	14
1286	14
1287	12
1288	19
1289	16
1290	21
1291	18
1292	17
1293	14
1294	17
1295	16
1296	14
1297	17
1298	17
1299	9
1300	16
1301	25
1302	9
1303	12
1304	22
1305	17
1306	19
1307	16
1308	22
1309	17
1310	15
1311	18
1312	16
1313	12
1314	20
1315	17
1316	24
1317	15
1318	19
1319	17
1320	12
1321	11
1322	10
1323	17
1324	19
1325	21
1326	17
1327	24
1328	19
1329	17
1330	11
1331	14
1332	11
1333	13
1334	19
1335	18
1336	22
1337	18
1338	16
1339	10
1340	21
1341	16
1342	18
1343	15
1344	17
1345	17
1346	17
1347	18
1348	20
1349	19
1350	23
1351	17
1352	16
1353	16
1354	14
1355	20
1356	14
1357	15
1358	18
1359	19
1360	20
1361	14
1362	22
1363	19
1364	17
1365	21
1366	27
1367	15
1368	15
1369	12
1370	22
1371	14
1372	25
1373	22
1374	14
1375	15
1376	15
1377	13
1378	19
1379	13
1380	14
1381	17
1382	17
1383	19
1384	10
1385	19
1386	18
1387	22
1388	12
1389	16
1390	18
1391	15
1392	15
1393	16
1394	12
1395	17
1396	15
1397	22
1398	23
1399	24
1400	19
1401	19
1402	27
1403	24
1404	19
1405	26
1406	16
1407	16
1408	17
1409	12
1410	18
1411	21
1412	18
1413	22
1414	13
1415	10
1416	19
1417	21
1418	11
1419	25
1420	14
1421	17
1422	16
1423	13
1424	20
1425	17
1426	23
1427	22
1428	20
1429	24
1430	14
1431	19
1432	21
1433	23
1434	20
1435	19
1436	13
1437	23
1438	18
1439	19
1440	24
1441	15
1442	14
1443	17
1444	13
1445	19
1446	18
1447	18
1448	27
1449	22
1450	14
1451	19
1452	17
1453	13
1454	13
1455	23
1456	19
1457	23
1458	16
1459	25
1460	21
1461	25
1462	18
1463	20
1464	16
1465	18
1466	26
1467	14
1468	28
1469	24
1470	12
1471	16
1472	13
1473	23
1474	16
1475	18
1476	22
1477	25
1478	18
1479	18
1480	16
1481	12
1482	20
1483	18
1484	20
1485	21
1486	14
1487	20
1488	17
1489	24
1490	27
1491	23
1492	14
1493	10
1494	20
1495	23
1496	20
1497	22
1498	13
1499	12
1500	24
1501	24
1502	18
1503	19
1504	22
1505	11
1506	19
1507	17
1508	23
1509	25
1510	31
1511	24
1512	21
1513	16
1514	25
1515	24
1516	13
1517	20
1518	19
1519	24
1520	18
1521	22
1522	16
1523	18
1524	22
1525	24
1526	24
1527	25
1528	22
1529	18
1530	21
1531	26
1532	14
1533	22
1534	26
1535	23
1536	26
1537	22
1538	17
1539	21
1540	15
1541	20
1542	18
1543	29
1544	24
1545	23
1546	18
1547	17
1548	17
1549	19
1550	21
1551	20
1552	17
1553	21
1554	18
1555	20
1556	15
1557	23
1558	15
1559	17
1560	16
1561	18
1562	17
1563	20
1564	23
1565	15
1566	23
1567	13
1568	27
1569	24
1570	25
1571	17
1572	18
1573	15
1574	23
1575	17
1576	27
1577	22
1578	20
1579	18
1580	23
1581	13
1582	27
1583	36
1584	22
1585	21
1586	15
1587	13
1588	26
1589	21
1590	13
1591	15
1592	16
1593	26
1594	17
1595	18
1596	20
1597	24
1598	23
1599	20
1600	26
1601	21
1602	20
1603	27
1604	21
1605	16
1606	18
1607	22
1608	18
1609	26
1610	20
1611	20
1612	15
1613	23
1614	22
1615	17
1616	25
1617	17
1618	14
1619	19
1620	23
1621	30
1622	13
1623	23
1624	20
1625	23
1626	21
1627	22
1628	27
1629	27
1630	15
1631	18
1632	17
1633	16
1634	22
1635	21
1636	12
1637	30
1638	27
1639	26
1640	16
1641	18
1642	15
1643	15
1644	22
1645	21
1646	21
1647	18
1648	25
1649	27
1650	19
1651	25
1652	29
1653	16
1654	24
1655	21
1656	21
1657	10
1658	16
1659	30
1660	26
1661	20
1662	16
1663	20
1664	24
1665	16
1666	23
1667	27
1668	21
1669	27
1670	23
1671	24
1672	31
1673	18
1674	24
1675	14
1676	18
1677	19
1678	30
1679	21
1680	23
1681	25
1682	21
1683	25
1684	30
1685	25
1686	14
1687	19
1688	18
1689	30
1690	17
1691	26
1692	21
1693	25
1694	19
1695	20
1696	16
1697	19
1698	20
1699	15
1700	23
1701	24
1702	26
1703	25
1704	21
1705	24
1706	29
1707	22
1708	11
1709	20
1710	26
1711	24
1712	21
1713	23
1714	23
1715	17
1716	20
1717	20
1718	31
1719	17
1720	23
1721	22
1722	19
1723	18
1724	25
1725	20
1726	19
1727	28
1728	23
1729	20
1730	22
1731	18
1732	21
1733	19
1734	23
1735	23
1736	28
1737	18
1738	34
1739	25
1740	16
1741	19
1742	23
1743	34
1744	30
1745	16
1746	21
1747	29
1748	14
1749	27
1750	20
1751	16
1752	29
1753	21
1754	17
1755	25
1756	13
1757	28
1758	23
1759	21
1760	21
1761	24
1762	20
1763	26
1764	21
1765	22
1766	20
1767	34
1768	28
1769	26
1770	18
1771	24
1772	22
1773	10
1774	21
1775	27
1776	18
1777	23
1778	16
1779	19
1780	20
1781	16
1782	18
1783	22
1784	22
1785	29
1786	21
1787	27
1788	22
1789	24
1790	25
1791	21
1792	21
1793	20
1794	12
1795	24
1796	17
1797	24
1798	22
1799	24
1800	18
1801	22
1802	20
1803	29
1804	26
1805	22
1806	21
1807	24
1808	10
1809	31
1810	27
1811	22
1812	27
1813	15
1814	24
1815	22
1816	26
1817	24
1818	25
1819	17
1820	29
1821	29
1822	22
1823	25
1824	29
1825	26
1826	21
1827	20
1828	30
1829	23
1830	21
1831	34
1832	21
1833	24
1834	28
1835	20
1836	18
1837	17
1838	24
1839	23
1840	14
1841	21
1842	27
1843	28
1844	28
1845	18
1846	16
1847	17
1848	26
1849	27
1850	24
1851	22
1852	22
1853	26
1854	28
1855	29
1856	20
1857	25
1858	23
1859	25
1860	27
1861	20
1862	15
1863	20
1864	17
1865	23
1866	28
1867	27
1868	24
1869	23
1870	19
1871	29
1872	20
1873	20
1874	18
1875	21
1876	26
1877	18
1878	29
1879	30
1880	19
1881	37
1882	34
1883	21
1884	24
1885	33
1886	15
1887	21
1888	20
1889	30
1890	29
1891	21
1892	20
1893	16
1894	23
1895	23
1896	20
1897	26
1898	18
1899	23
1900	29
1901	32
1902	23
1903	27
1904	24
1905	25
1906	30
1907	23
1908	28
1909	16
1910	30
1911	24
1912	27
1913	19
1914	20
1915	18
1916	17
1917	33
1918	30
1919	28
1920	23
1921	29
1922	26
1923	21
1924	32
1925	18
1926	22
1927	18
1928	21
1929	29
1930	26
1931	26
1932	33
1933	18
1934	20
1935	26
1936	29
1937	18
1938	35
1939	22
1940	30
1941	24
1942	22
1943	21
1944	20
1945	33
1946	30
1947	34
1948	23
1949	30
1950	32
1951	27
1952	29
1953	31
1954	28
1955	30
1956	27
1957	25
1958	23
1959	22
1960	28
1961	29
1962	25
1963	28
1964	29
1965	32
1966	29
1967	36
1968	23
1969	21
1970	31
1971	28
1972	25
1973	30
1974	27
1975	26
1976	20
1977	24
1978	30
1979	33
1980	25
1981	20
1982	24
1983	17
1984	29
1985	34
1986	23
1987	25
1988	29
1989	14
1990	31
1991	26
1992	23
1993	26
1994	19
1995	24
1996	22
1997	33
1998	20
1999	21
2000	36
2001	26
2002	20
2003	26
2004	32
2005	27
2006	36
2007	32
2008	20
2009	28
2010	22
2011	25
2012	33
2013	41
2014	20
2015	40
2016	25
2017	33
2018	36
2019	19
2020	27
2021	25
2022	23
2023	23
2024	25
2025	26
2026	24
2027	27
2028	37
2029	34
2030	25
2031	22
2032	27
2033	34
2034	31
2035	25
2036	24
2037	31
2038	19
2039	25
2040	15
2041	27
2042	31
2043	27
2044	31
2045	25
2046	26
2047	19
2048	28
2049	24
2050	24
2051	24
2052	28
2053	24
2054	36
2055	20
2056	27
2057	26
2058	23
2059	29
2060	23
2061	25
2062	27
2063	17
2064	29
2065	29
2066	21
2067	33
2068	26
2069	34
2070	30
2071	28
2072	30
2073	28
2074	30
2075	30
2076	25
2077	22
2078	22
2079	33
2080	29
2081	26
2082	26
2083	34
2084	35
2085	25
2086	26
2087	21
2088	28
2089	33
2090	23
2091	23
2092	29
2093	21
2094	37
2095	27
2096	34
2097	19
2098	28
2099	21
2100	27
2101	35
2102	34
2103	31
2104	28
2105	23
2106	23
2107	39
2108	36
2109	32
2110	19
2111	34
2112	21
2113	26
2114	29
2115	26
2116	29
2117	37
2118	35
2119	19
2120	31
2121	30
2122	19
2123	36
2124	29
2125	24
2126	31
2127	26
2128	32
2129	35
2130	29
2131	31
2132	26
2133	34
2134	21
2135	28
2136	35
2137	37
2138	32
2139	25
2140	35
2141	25
2142	26
2143	36
2144	32
2145	28
2146	24
2147	33
2148	26
2149	31
2150	30
2151	42
2152	30
2153	33
2154	30
2155	32
2156	30
2157	26
2158	25
2159	46
2160	45
2161	26
2162	35
2163	35
2164	33
2165	32
2166	25
2167	34
2168	36
2169	38
2170	35
2171	42
2172	31
2173	31
2174	32
2175	32
2176	33
2177	29
2178	25
2179	35
2180	34
2181	21
2182	33
2183	40
2184	39
2185	26
2186	30
2187	43
2188	39
2189	23
2190	37
2191	22
2192	29
2193	27
2194	33
2195	32
2196	21
2197	32
2198	27
2199	48
2200	27
2201	32
2202	41
2203	25
2204	36
2205	31
2206	35
2207	31
2208	41
2209	36
2210	34
2211	28
2212	38
2213	32
2214	26
2215	33
2216	37
2217	33
2218	39
2219	29
2220	37
2221	36
2222	29
2223	33
2224	31
2225	34
2226	43
2227	32
2228	31
2229	33
2230	39
2231	27
2232	50
2233	33
2234	39
2235	34
2236	38
2237	51
2238	27
2239	34
2240	41
2241	30
2242	36
2243	34
2244	36
2245	28
2246	35
2247	43
2248	37
2249	43
2250	27
2251	38
2252	38
2253	34
2254	31
2255	40
2256	41
2257	27
2258	37
2259	33
2260	32
2261	36
2262	36
2263	54
2264	31
2265	31
2266	40
2267	39
2268	33
2269	43
2270	31
2271	32
2272	45
2273	43
2274	40
2275	42
2276	44
2277	48
2278	42
2279	45
2280	44
2281	33
2282	30
2283	47
2284	43
2285	23
2286	38
2287	36
2288	33
2289	31
2290	53
2291	36
2292	32
2293	35
2294	31
2295	47
2296	32
2297	42
2298	47
2299	51
2300	48
2301	33
2302	45
2303	45
2304	38
2305	51
2306	44
2307	37
2308	50
2309	35
2310	50
2311	36
2312	41
2313	36
2314	54
2315	57
2316	33
2317	43
2318	43
2319	47
2320	48
2321	38
2322	46
2323	37
2324	45
2325	42
2326	46
2327	69
2328	62
2329	37
2330	48
2331	37
2332	46
2333	38
2334	42
2335	45
2336	53
2337	42
2338	44
2339	43
2340	46
2341	50
2342	41
2343	43
2344	34
2345	49
2346	49
2347	41
2348	45
2349	42
2350	46
2351	57
2352	51
2353	44
2354	39
2355	59
2356	56
2357	50
2358	36
2359	50
2360	50
2361	36
2362	40
2363	48
2364	57
2365	69
2366	43
2367	55
2368	51
2369	52
2370	69
2371	52
2372	48
2373	39
2374	52
2375	49
2376	55
2377	45
2378	55
2379	51
2380	44
2381	53
2382	47
2383	56
2384	59
2385	30
2386	44
2387	54
2388	61
2389	54
2390	58
2391	43
2392	47
2393	71
2394	47
2395	43
2396	40
2397	58
2398	48
2399	70
2400	49
2401	61
2402	53
2403	52
2404	42
2405	55
2406	54
2407	54
2408	48
2409	48
2410	51
2411	45
2412	44
2413	48
2414	55
2415	54
2416	58
2417	57
2418	66
2419	54
2420	51
2421	50
2422	58
2423	37
2424	57
2425	50
2426	64
2427	62
2428	35
2429	49
2430	61
2431	58
2432	62
2433	57
2434	65
2435	53
2436	51
2437	48
2438	60
2439	50
2440	54
2441	59
2442	55
2443	60
2444	51
2445	51
2446	45
2447	58
2448	47
2449	61
2450	44
2451	53
2452	58
2453	42
2454	48
2455	58
2456	56
2457	47
2458	59
2459	44
2460	60
2461	54
2462	53
2463	54
2464	65
2465	52
2466	50
2467	45
2468	66
2469	64
2470	48
2471	67
2472	48
2473	66
2474	50
2475	61
2476	60
2477	60
2478	43
2479	44
2480	61
2481	58
2482	53
2483	48
2484	48
2485	42
2486	55
2487	71
2488	45
2489	43
2490	54
2491	57
2492	48
2493	63
2494	59
2495	55
2496	62
2497	63
2498	52
2499	60
2500	50
2501	48
2502	55
2503	60
2504	66
2505	61
2506	43
2507	51
2508	59
2509	52
2510	55
2511	47
2512	54
2513	55
2514	55
2515	53
2516	42
2517	42
2518	59
2519	49
2520	50
2521	53
2522	65
2523	54
2524	47
2525	62
2526	47
2527	44
2528	52
2529	51
2530	45
2531	57
2532	53
2533	53
2534	40
2535	59
2536	47
2537	52
2538	53
2539	45
2540	64
2541	53
2542	55
2543	43
2544	64
2545	49
2546	54
2547	54
2548	43
2549	42
2550	41
2551	51
2552	54
2553	46
2554	53
2555	45
2556	64
2557	54
2558	53
2559	55
2560	45
2561	42
2562	56
2563	48
2564	40
2565	53
2566	56
2567	49
2568	52
2569	53
2570	51
2571	48
2572	52
2573	58
2574	54
2575	44
2576	64
2577	52
2578	61
2579	55
2580	51
2581	54
2582	38
2583	47
2584	41
2585	43
2586	46
2587	40
2588	54
2589	53
2590	42
2591	45
2592	39
2593	55
2594	67
2595	57
2596	50
2597	52
2598	46
2599	52
2600	53
2601	48
2602	48
2603	38
2604	49
2605	59
2606	53
2607	52
2608	36
2609	41
2610	50
2611	47
2612	28
2613	44
2614	44
2615	45
2616	46
2617	49
2618	49
2619	40
2620	48
2621	45
2622	58
2623	46
2624	52
2625	36
2626	53
2627	49
2628	45
2629	50
2630	41
2631	45
2632	42
2633	41
2634	37
2635	39
2636	57
2637	64
2638	46
2639	45
2640	55
2641	55
2642	58
2643	41
2644	39
2645	46
2646	44
2647	38
2648	35
2649	51
2650	35
2651	45
2652	42
2653	31
2654	39
2655	40
2656	46
2657	33
2658	43
2659	38
2660	40
2661	28
2662	36
2663	44
2664	45
2665	38
2666	45
2667	45
2668	41
2669	45
2670	45
2671	38
2672	37
2673	43
2674	33
2675	46
2676	39
2677	38
2678	37
2679	50
2680	44
2681	38
2682	30
2683	38
2684	34
2685	49
2686	32
2687	40
2688	38
2689	45
2690	33
2691	28
2692	39
2693	41
2694	43
2695	33
2696	49
2697	43
2698	48
2699	41
2700	35
2701	34
2702	40
2703	33
2704	27
2705	45
2706	40
2707	30
2708	46
2709	39
2710	39
2711	42
2712	47
2713	48
2714	50
2715	35
2716	33
2717	35
2718	32
2719	30
2720	55
2721	36
2722	36
2723	40
2724	37
2725	43
2726	28
2727	42
2728	41
2729	39
2730	25
2731	25
2732	34
2733	30
2734	40
2735	56
2736	32
2737	48
2738	31
2739	37
2740	33
2741	30
2742	37
2743	36
2744	26
2745	31
2746	32
2747	26
2748	43
2749	36
2750	49
2751	30
2752	39
2753	30
2754	45
2755	31
2756	36
2757	33
2758	38
2759	41
2760	39
2761	38
2762	31
2763	27
2764	26
2765	18
2766	32
2767	28
2768	38
2769	28
2770	37
2771	31
2772	24
2773	29
2774	34
2775	35
2776	31
2777	34
2778	27
2779	32
2780	26
2781	29
2782	36
2783	30
2784	28
2785	34
2786	32
2787	29
2788	33
2789	43
2790	35
2791	36
2792	27
2793	22
2794	30
2795	31
2796	26
2797	26
2798	28
2799	29
2800	27
2801	25
2802	34
2803	30
2804	27
2805	26
2806	32
2807	26
2808	29
2809	45
2810	31
2811	23
2812	30
2813	29
2814	27
2815	32
2816	36
2817	25
2818	27
2819	21
2820	35
2821	25
2822	31
2823	17
2824	28
2825	26
2826	28
2827	29
2828	23
2829	28
2830	24
2831	25
2832	22
2833	26
2834	25
2835	28
2836	35
2837	25
2838	26
2839	21
2840	33
2841	32
2842	38
2843	30
2844	19
2845	20
2846	29
2847	26
2848	43
2849	23
2850	26
2851	21
2852	31
2853	27
2854	29
2855	20
2856	27
2857	28
2858	33
2859	25
2860	22
2861	26
2862	26
2863	19
2864	33
2865	32
2866	37
2867	33
2868	26
2869	19
2870	29
2871	30
2872	25
2873	19
2874	26
2875	21
2876	18
2877	34
2878	27
2879	14
2880	27
2881	25
2882	29
2883	26
2884	22
2885	19
2886	19
2887	21
2888	21
2889	17
2890	29
2891	23
2892	28
2893	26
2894	23
2895	29
2896	21
2897	20
2898	26
2899	31
2900	26
2901	15
2902	13
2903	33
2904	26
2905	25
2906	33
2907	11
2908	30
2909	25
2910	22
2911	26
2912	38
2913	21
2914	22
2915	15
2916	21
2917	23
2918	25
2919	21
2920	24
2921	22
2922	27
2923	26
2924	25
2925	17
2926	26
2927	21
2928	23
2929	19
2930	30
2931	22
2932	27
2933	23
2934	25
2935	25
2936	17
2937	26
2938	20
2939	13
2940	25
2941	26
2942	21
2943	15
2944	36
2945	17
2946	15
2947	19
2948	19
2949	21
2950	16
2951	15
2952	21
2953	22
2954	19
2955	20
2956	17
2957	13
2958	18
2959	17
2960	25
2961	16
2962	14
2963	19
2964	19
2965	20
2966	21
2967	27
2968	17
2969	24
2970	14
2971	12
2972	15
2973	23
2974	23
2975	29
2976	20
2977	16
2978	13
2979	18
2980	28
2981	16
2982	18
2983	13
2984	24
2985	8
2986	15
2987	15
2988	13
2989	21
2990	24
2991	13
2992	20
2993	23
2994	17
2995	14
2996	20
2997	17
2998	19
2999	21
3000	14
3001	19
3002	19
3003	20
3004	23
3005	14
3006	17
3007	27
3008	17
3009	19
3010	22
3011	11
3012	18
3013	17
3014	18
3015	20
3016	17
3017	17
3018	18
3019	12
3020	17
3021	19
3022	16
3023	14
3024	19
3025	23
3026	12
3027	28
3028	17
3029	19
3030	14
3031	9
3032	17
3033	13
3034	23
3035	19
3036	24
3037	20
3038	22
3039	17
3040	13
3041	13
3042	16
3043	20
3044	20
3045	12
3046	22
3047	16
3048	19
3049	23
3050	17
3051	16
3052	19
3053	18
3054	21
3055	9
3056	19
3057	15
3058	15
3059	25
3060	17
3061	15
3062	19
3063	11
3064	23
3065	20
3066	12
3067	16
3068	14
3069	20
3070	16
3071	16
3072	17
3073	13
3074	27
3075	22
3076	17
3077	18
3078	19
3079	12
3080	15
3081	20
3082	23
3083	17
3084	23
3085	21
3086	14
3087	11
3088	18
3089	15
3090	16
3091	13
3092	15
3093	13
3094	13
3095	13
3096	17
3097	25
3098	17
3099	18
3100	26
3101	24
3102	17
3103	10
3104	14
3105	16
3106	19
3107	15
3108	17
3109	16
3110	13
3111	14
3112	14
3113	19
3114	20
3115	16
3116	17
3117	28
3118	18
3119	13
3120	12
3121	24
3122	15
3123	17
3124	17
3125	18
3126	21
3127	15
3128	18
3129	17
3130	14
3131	12
3132	17
3133	11
3134	17
3135	16
3136	11
3137	17
3138	19
3139	16
3140	11
3141	12
3142	7
3143	22
3144	14
3145	21
3146	12
3147	19
3148	11
3149	17
3150	22
3151	22
3152	9
3153	15
3154	19
3155	19
3156	17
3157	18
3158	13
3159	13
3160	10
3161	8
3162	18
3163	16
3164	13
3165	17
3166	17
3167	7
3168	13
3169	11
3170	16
3171	10
3172	12
3173	23
3174	13
3175	13
3176	17
3177	13
3178	13
3179	9
3180	14
3181	15
3182	8
3183	8
3184	17
3185	16
3186	21
3187	16
3188	9
3189	18
3190	16
3191	12
3192	13
3193	17
3194	14
3195	8
3196	13
3197	11
3198	19
3199	10
3200	19
3201	10
3202	18
3203	19
3204	8
3205	10
3206	21
3207	16
3208	21
3209	11
3210	19
3211	12
3212	9
3213	9
3214	13
3215	15
3216	16
3217	13
3218	15
3219	14
3220	8
3221	22
3222	13
3223	16
3224	14
3225	10
3226	8
3227	9
3228	11
3229	12
3230	14
3231	19
3232	13
3233	13
3234	17
3235	11
3236	11
3237	15
3238	15
3239	10
3240	11
3241	8
3242	7
3243	6
3244	16
3245	13
3246	16
3247	19
3248	9
3249	13
3250	14
3251	18
3252	9
3253	14
3254	5
3255	16
3256	13
3257	11
3258	10
3259	8
3260	15
3261	12
3262	16
3263	21
3264	11
3265	10
3266	6
3267	12
3268	12
3269	17
3270	17
3271	14
3272	10
3273	14
3274	13
3275	12
3276	10
3277	8
3278	19
3279	15
3280	17
3281	13
3282	12
3283	15
3284	13
3285	17
3286	11
3287	8
3288	13
3289	13
3290	14
3291	11
3292	23
3293	12
3294	10
3295	16
3296	14
3297	5
3298	17
3299	15
3300	10
3301	11
3302	16
3303	14
3304	9
3305	9
3306	20
3307	16
3308	11
3309	14
3310	16
3311	14
3312	10
3313	14
3314	13
3315	14
3316	18
3317	7
3318	12
3319	14
3320	18
3321	13
3322	12
3323	9
3324	15
3325	9
3326	13
3327	15
3328	12
3329	11
3330	16
3331	11
3332	13
3333	18
3334	8
3335	14
3336	20
3337	6
3338	8
3339	11
3340	11
3341	6
3342	11
3343	15
3344	9
3345	13
3346	10
3347	12
3348	12
3349	11
3350	14
3351	9
3352	22
3353	10
3354	14
3355	7
3356	4
3357	8
3358	15
3359	10
3360	10
3361	13
3362	13
3363	5
3364	11
3365	18
3366	10
3367	15
3368	7
3369	9
3370	18
3371	12
3372	9
3373	15
3374	20
3375	5
3376	16
3377	9
3378	11
3379	8
3380	8
3381	12
3382	10
3383	15
3384	11
3385	11
3386	12
3387	13
3388	7
3389	17
3390	15
3391	10
3392	11
3393	16
3394	11
3395	11
3396	14
3397	10
3398	12
3399	9
3400	18
3401	6
3402	15
3403	8
3404	15
3405	9
3406	11
3407	7
3408	9
3409	13
3410	11
3411	10
3412	13
3413	12
3414	7
3415	12
3416	21
3417	12
3418	7
3419	10
3420	17
3421	10
3422	10
3423	7
3424	17
3425	15
3426	16
3427	13
3428	10
3429	17
3430	11
3431	11
3432	11
3433	13
3434	11
3435	13
3436	5
3437	11
3438	12
3439	10
3440	18
3441	7
3442	6
3443	9
3444	10
3445	14
3446	6
3447	16
3448	4
3449	10
3450	7
3451	19
3452	17
3453	9
3454	12
3455	10
3456	3
3457	9
3458	7
3459	4
3460	11
3461	7
3462	12
3463	7
3464	16
3465	8
3466	14
3467	11
3468	10
3469	8
3470	16
3471	13
3472	8
3473	13
3474	6
3475	14
3476	15
3477	12
3478	9
3479	9
3480	8
3481	8
3482	7
3483	11
3484	13
3485	15
3486	13
3487	15
3488	8
3489	8
3490	13
3491	11
3492	16
3493	3
3494	7
3495	10
3496	10
3497	15
3498	14
3499	6
3500	9
3501	10
3502	14
3503	14
3504	10
3505	7
3506	10
3507	7
3508	8
3509	14
3510	8
3511	7
3512	8
3513	8
3514	7
3515	14
3516	13
3517	8
3518	6
3519	12
3520	14
3521	11
3522	8
3523	12
3524	12
3525	7
3526	12
3527	9
3528	10
3529	15
3530	7
3531	16
3532	11
3533	11
3534	9
3535	13
3536	18
3537	17
3538	14
3539	10
3540	12
3541	11
3542	10
3543	7
3544	10
3545	10
3546	6
3547	9
3548	6
3549	8
3550	15
3551	10
3552	9
3553	12
3554	12
3555	10
3556	8
3557	12
3558	13
3559	11
3560	16
3561	10
3562	13
3563	9
3564	16
3565	8
3566	13
3567	8
3568	11
3569	5
3570	12
3571	12
3572	8
3573	8
3574	12
3575	10
3576	14
3577	13
3578	18
3579	10
3580	14
3581	12
3582	15
3583	7
3584	16
3585	13
3586	8
3587	11
3588	10
3589	10
3590	13
3591	9
3592	6
3593	8
3594	8
3595	9
3596	8
3597	10
3598	8
3599	12
3600	13
3601	13
3602	13
3603	6
3604	8
3605	10
3606	7
3607	10
3608	10
3609	13
3610	14
3611	11
3612	7
3613	15
3614	6
3615	10
3616	10
3617	11
3618	10
3619	5
3620	13
3621	5
3622	8
3623	12
3624	7
3625	5
3626	12
3627	7
3628	7
3629	9
3630	11
3631	6
3632	6
3633	12
3634	7
3635	10
3636	9
3637	8
3638	7
3639	9
3640	12
3641	5
3642	13
3643	12
3644	10
3645	8
3646	14
3647	9
3648	6
3649	8
3650	9
3651	6
3652	8
3653	11
3654	17
3655	8
3656	12
3657	13
3658	8
3659	9
3660	12
3661	9
3662	8
3663	7
3664	7
3665	8
3666	8
3667	14
3668	10
3669	7
3670	9
3671	15
3672	9
3673	7
3674	10
3675	11
3676	12
3677	10
3678	8
3679	8
3680	8
3681	10
3682	10
3683	12
3684	14
3685	11
3686	9
3687	9
3688	10
3689	10
3690	8
3691	12
3692	5
3693	10
3694	10
3695	6
3696	9
3697	10
3698	7
3699	11
3700	6
3701	10
3702	9
3703	3
3704	9
3705	12
3706	13
3707	6
3708	9
3709	8
3710	11
3711	10
3712	10
3713	18
3714	7
3715	7
3716	9
3717	7
3718	10
3719	3
3720	11
3721	6
3722	8
3723	11
3724	11
3725	11
3726	13
3727	4
3728	9
3729	11
3730	9
3731	12
3732	10
3733	11
3734	9
3735	5
3736	4
3737	10
3738	10
3739	3
3740	6
3741	10
3742	9
3743	4
3744	6
3745	7
3746	15
3747	10
3748	14
3749	17
3750	8
3751	16
3752	13
3753	12
3754	10
3755	12
3756	9
3757	13
3758	3
3759	13
3760	9
3761	6
3762	13
3763	5
3764	9
3765	10
3766	10
3767	5
3768	11
3769	12
3770	11
3771	11
3772	5
3773	11
3774	13
3775	11
3776	18
3777	7
3778	7
3779	6
3780	12
3781	14
3782	14
3783	6
3784	7
3785	13
3786	5
3787	11
3788	9
3789	13
3790	7
3791	11
3792	9
3793	14
3794	9
3795	11
3796	9
3797	11
3798	9
3799	7
3800	11
3801	9
3802	9
3803	9
3804	7
3805	12
3806	9
3807	9
3808	10
3809	8
3810	8
3811	8
3812	13
3813	10
3814	9
3815	8
3816	12
3817	10
3818	13
3819	5
3820	9
3821	9
3822	11
3823	6
3824	4
3825	5
3826	7
3827	14
3828	10
3829	9
3830	3
3831	9
3832	12
3833	11
3834	9
3835	7
3836	7
3837	7
3838	13
3839	10
3840	11
3841	10
3842	14
3843	9
3844	10
3845	12
3846	8
3847	7
3848	7
3849	8
3850	7
3851	9
3852	9
3853	9
3854	1
3855	7
3856	10
3857	6
3858	10
3859	6
3860	5
3861	6
3862	7
3863	4
3864	11
3865	9
3866	10
3867	10
3868	10
3869	10
3870	7
3871	10
3872	6
3873	8
3874	13
3875	9
3876	8
3877	10
3878	8
3879	13
3880	9
3881	11
3882	7
3883	8
3884	4
3885	13
3886	9
3887	5
3888	11
3889	9
3890	6
3891	5
3892	8
3893	11
3894	9
3895	4
3896	12
3897	4
3898	3
3899	7
3900	6
3901	14
3902	9
3903	11
3904	7
3905	10
3906	11
3907	10
3908	8
3909	11
3910	6
3911	13
3912	7
3913	9
3914	10
3915	11
3916	5
3917	11
3918	12
3919	11
3920	14
3921	9
3922	11
3923	15
3924	15
3925	13
3926	15
3927	8
3928	8
3929	8
3930	7
3931	14
3932	7
3933	11
3934	4
3935	3
3936	12
3937	8
3938	11
3939	6
3940	6
3941	14
3942	9
3943	9
3944	9
3945	6
3946	10
3947	11
3948	12
3949	11
3950	11
3951	6
3952	8
3953	12
3954	5
3955	6
3956	7
3957	3
3958	9
3959	9
3960	9
3961	14
3962	4
3963	9
3964	5
3965	12
3966	8
3967	10
3968	5
3969	9
3970	6
3971	9
3972	7
3973	12
3974	9
3975	10
3976	11
3977	8
3978	11
3979	8
3980	14
3981	9
3982	11
3983	7
3984	6
3985	9
3986	7
3987	10
3988	5
3989	11
3990	8
3991	11
3992	8
3993	5
3994	10
3995	12
3996	7
3997	5
3998	7
3999	14
4000	10
4001	6
4002	7
4003	13
4004	10
4005	11
4006	9
4007	4
4008	7
4009	6
4010	7
4011	8
4012	10
4013	10
4014	6
4015	6
4016	10
4017	4
4018	5
4019	8
4020	8
4021	6
4022	10
4023	5
4024	12
4025	10
4026	5
4027	8
4028	9
4029	12
4030	5
4031	14
4032	10
4033	8
4034	11
4035	15
4036	2
4037	7
4038	10
4039	13
4040	10
4041	5
4042	6
4043	5
4044	7
4045	6
4046	12
4047	8
4048	15
4049	9
4050	7
4051	11
4052	4
4053	7
4054	9
4055	13
4056	10
4057	6
4058	10
4059	15
4060	5
4061	1
4062	4
4063	5
4064	12
4065	9
4066	10
4067	4
4068	9
4069	10
4070	8
4071	11
4072	7
4073	6
4074	5
4075	15
4076	7
4077	4
4078	6
4079	6
4080	15
4081	9
4082	6
4083	7
4084	4
4085	9
4086	10
4087	12
4088	10
4089	9
4090	5
4091	7
4092	6
4093	13
4094	9
4095	6
4096	6
4097	5
4098	3
4099	11
4100	5
4101	9
4102	9
4103	6
4104	7
4105	9
4106	8
4107	12
4108	15
4109	9
4110	11
4111	7
4112	9
4113	8
4114	8
4115	10
4116	13
4117	12
4118	8
4119	10
4120	8
4121	12
4122	8
4123	10
4124	4
4125	12
4126	11
4127	11
4128	6
4129	7
4130	11
4131	4
4132	7
4133	7
4134	6
4135	10
4136	2
4137	4
4138	10
4139	7
4140	6
4141	9
4142	6
4143	8
4144	9
4145	10
4146	5
4147	9
4148	5
4149	5
4150	3
4151	7
4152	7
4153	9
4154	14
4155	8
4156	7
4157	9
4158	6
4159	7
4160	10
4161	9
4162	12
4163	7
4164	6
4165	13
4166	8
4167	7
4168	10
4169	11
4170	7
4171	10
4172	11
4173	7
4174	2
4175	2
4176	10
4177	8
4178	9
4179	10
4180	7
4181	8
4182	9
4183	7
4184	10
4185	11
4186	5
4187	3
4188	8
4189	8
4190	4
4191	10
4192	8
4193	7
4194	10
4195	6
4196	8
4197	12
4198	10
4199	8
4200	9
4201	13
4202	8
4203	4
4204	8
4205	10
4206	5
4207	7
4208	7
4209	6
4210	8
4211	10
4212	3
4213	11
4214	5
4215	8
4216	6
4217	2
4218	9
4219	8
4220	10
4221	8
4222	6
4223	8
4224	7
4225	4
4226	6
4227	12
4228	11
4229	8
4230	6
4231	8
4232	7
4233	6
4234	7
4235	7
4236	6
4237	5
4238	8
4239	8
4240	5
4241	9
4242	15
4243	9
4244	10
4245	7
4246	4
4247	10
4248	5
4249	4
4250	11
4251	11
4252	10
4253	4
4254	10
4255	9
4256	7
4257	6
4258	8
4259	6
4260	5
4261	9
4262	5
4263	4
4264	10
4265	8
4266	10
4267	7
4268	10
4269	3
4270	8
4271	6
4272	6
4273	6
4274	3
4275	6
4276	7
4277	12
4278	7
4279	5
4280	5
4281	8
4282	5
4283	6
4284	7
4285	4
4286	4
4287	4
4288	8
4289	7
4290	9
4291	9
4292	8
4293	10
4294	4
4295	10
4296	4
4297	7
4298	9
4299	10
4300	8
4301	3
4302	8
4303	13
4304	3
4305	10
4306	5
4307	7
4308	11
4309	1
4310	13
4311	3
4312	6
4313	5
4314	2
4315	10
4316	6
4317	4
4318	5
4319	9
4320	5
4321	12
4322	5
4323	5
4324	8
4325	6
4326	7
4327	6
4328	9
4329	6
4330	5
4331	7
4332	16
4333	6
4334	8
4335	11
4336	7
4337	7
4338	12
4339	6
4340	7
4341	11
4342	13
4343	7
4344	7
4345	8
4346	10
4347	7
4348	7
4349	10
4350	7
4351	10
4352	15
4353	9
4354	8
4355	3
4356	5
4357	8
4358	4
4359	2
4360	4
4361	6
4362	3
4363	3
4364	1
4365	5
4366	6
4367	9
4368	5
4369	12
4370	4
4371	7
4372	3
4373	10
4374	9
4375	12
4376	7
4377	8
4378	7
4379	8
4380	9
4381	4
4382	8
4383	1
4384	7
4385	15
4386	11
4387	3
4388	5
4389	11
4390	13
4391	9
4392	9
4393	9
4394	6
4395	8
4396	7
4397	6
4398	8
4399	6
4400	6
4401	7
4402	8
4403	4
4404	9
4405	7
4406	12
4407	8
4408	4
4409	6
4410	5
4411	9
4412	7
4413	6
4414	3
4415	6
4416	5
4417	2
4418	4
4419	3
4420	4
4421	8
4422	5
4423	8
4424	10
4425	7
4426	14
4427	7
4428	5
4429	6
4430	12
4431	5
4432	13
4433	8
4434	8
4435	8
4436	8
4437	7
4438	8
4439	4
4440	8
4441	5
4442	8
4443	5
4444	6
4445	5
4446	7
4447	12
4448	8
4449	5
4450	6
4451	10
4452	6
4453	11
4454	7
4455	3
4456	7
4457	6
4458	9
4459	11
4460	6
4461	6
4462	7
4463	5
4464	7
4465	12
4466	6
4467	13
4468	9
4469	8
4470	6
4471	5
4472	10
4473	8
4474	9
4475	3
4476	4
4477	7
4478	8
4479	5
4480	7
4481	4
4482	4
4483	14
4484	6
4485	9
4486	5
4487	5
4488	7
4489	4
4490	5
4491	8
4492	9
4493	8
4494	5
4495	4
4496	7
4497	6
4498	5
4499	4
4500	7
4501	6
4502	9
4503	3
4504	6
4505	4
4506	7
4507	4
4508	10
4509	9
4510	14
4511	13
4512	12
4513	4
4514	10
4515	9
4516	8
4517	4
4518	5
4519	5
4520	12
4521	9
4522	10
4523	6
4524	1
4525	7
4526	10
4527	11
4528	8
4529	3
4530	5
4531	9
4532	4
4533	5
4534	1
4535	5
4536	10
4537	5
4538	4
4539	9
4540	6
4541	8
4542	11
4543	5
4544	6
4545	6
4546	5
4547	6
4548	2
4549	6
4550	9
4551	4
4552	6
4553	10
4554	9
4555	12
4556	10
4557	12
4558	2
4559	11
4560	7
4561	8
4562	6
4563	6
4564	5
4565	5
4566	8
4567	5
4568	6
4569	10
4570	5
4571	6
4572	8
4573	12
4574	7
4575	5
4576	6
4577	5
4578	3
4579	6
4580	10
4581	3
4582	9
4583	3
4584	3
4585	6
4586	5
4587	10
4588	6
4589	1
4590	13
4591	7
4592	11
4593	4
4594	1
4595	2
4596	3
4597	5
4598	4
4599	3
4600	6
4601	9
4602	6
4603	9
4604	7
4605	8
4606	6
4607	8
4608	7
4609	12
4610	11
4611	10
4612	3
4613	6
4614	9
4615	6
4616	11
4617	12
4618	4
4619	3
4620	8
4621	10
4622	6
4623	5
4624	7
4625	5
4626	8
4627	9
4628	8
4629	7
4630	2
4631	6
4632	3
4633	12
4634	10
4635	9
4636	11
4637	9
4638	1
4639	11
4640	8
4641	11
4642	6
4643	7
4644	5
4645	5
4646	9
4647	7
4648	10
4649	10
4650	5
4651	8
4652	3
4653	6
4654	7
4655	10
4656	10
4657	2
4658	8
4659	7
4660	7
4661	7
4662	11
4663	9
4664	3
4665	8
4666	10
4667	1
4668	4
4669	7
4670	9
4671	6
4672	10
4673	3
4674	14
4675	9
4676	8
4677	5
4678	7
4679	2
4680	5
4681	8
4682	10
4683	4
4684	6
4685	5
4686	11
4687	10
4688	10
4689	6
4690	7
4691	11
4692	7
4693	6
4694	4
4695	12
4696	5
4697	1
4698	2
4699	7
4700	8
4701	5
4702	8
4703	9
4704	13
4705	10
4706	7
4707	2
4708	7
4709	5
4710	2
4711	1
4712	6
4713	6
4714	7
4715	5
4716	6
4717	10
4718	5
4719	1
4720	12
4721	3
4722	5
4723	4
4724	7
4725	10
4726	3
4727	5
4728	9
4729	7
4730	7
4731	5
4732	10
4733	12
4734	10
4735	3
4736	11
4737	10
4738	9
4739	7
4740	8
4741	9
4742	5
4743	5
4744	9
4745	4
4746	8
4747	9
4748	7
4749	6
4750	9
4751	7
4752	4
4753	4
4754	9
4755	7
4756	6
4757	7
4758	4
4759	11
4760	7
4761	9
4762	5
4763	6
4764	12
4765	11
4766	7
4767	8
4768	8
4769	8
4770	5
4771	7
4772	8
4773	11
4774	6
4775	9
4776	9
4777	10
4778	7
4779	6
4780	10
4781	8
4782	12
4783	7
4784	6
4785	4
4786	3
4787	8
4788	10
4789	9
4790	7
4791	9
4792	6
4793	7
4794	8
4795	9
4796	9
4797	4
4798	3
4799	4
4800	9
4801	6
4802	10
4803	6
4804	8
4805	3
4806	7
4807	5
4808	3
4809	4
4810	5
4811	8
4812	12
4813	8
4814	8
4815	10
4816	6
4817	3
4818	7
4819	4
4820	5
4821	6
4822	5
4823	5
4824	3
4825	5
4826	3
4827	3
4828	4
4829	5
4830	4
4831	7
4832	4
4833	3
4834	6
4835	6
4836	14
4837	11
4838	4
4839	5
4840	4
4841	8
4842	7
4843	4
4844	3
4845	7
4846	9
4847	7
4848	3
4849	4
4850	8
4851	2
4852	7
4853	8
4854	7
4855	10
4856	4
4857	12
4858	7
4859	6
4860	9
4861	5
4862	6
4863	6
4864	5
4865	7
4866	9
4867	4
4868	6
4869	6
4870	8
4871	8
4872	5
4873	7
4874	8
4875	5
4876	6
4877	6
4878	4
4879	5
4880	8
4881	7
4882	8
4883	9
4884	7
4885	5
4886	9
4887	5
4888	6
4889	4
4890	6
4891	8
4892	10
4893	7
4894	5
4895	7
4896	7
4897	7
4898	11
4899	7
4900	4
4901	4
4902	10
4903	11
4904	6
4905	7
4906	7
4907	9
4908	10
4909	8
4910	6
4911	6
4912	5
4913	8
4914	7
4915	4
4916	7
4917	5
4918	4
4919	5
4920	10
4921	5
4922	7
4923	10
4924	4
4925	6
4926	10
4927	8
4928	6
4929	3
4930	8
4931	7
4932	6
4933	11
4934	10
4935	8
4936	7
4937	5
4938	10
4939	6
4940	7
4941	4
4942	11
4943	5
4944	11
4945	10
4946	9
4947	6
4948	5
4949	4
4950	8
4951	12
4952	4
4953	11
4954	5
4955	4
4956	10
4957	9
4958	5
4959	3
4960	10
4961	8
4962	5
4963	5
4964	7
4965	6
4966	2
4967	8
4968	8
4969	7
4970	8
4971	2
4972	11
4973	7
4974	7
4975	3
4976	6
4977	13
4978	4
4979	7
4980	7
4981	6
4982	7
4983	7
4984	7
4985	4
4986	4
4987	9
4988	7
4989	5
4990	8
4991	7
4992	3
4993	5
4994	5
4995	9
4996	7
4997	9
4998	6
4999	7
5000	4
5001	6
5002	6
5003	2
5004	7
5005	7
5006	6
5007	11
5008	3
5009	5
5010	3
5011	4
5012	7
5013	7
5014	8
5015	3
5016	7
5017	6
5018	4
5019	6
5020	7
5021	8
5022	4
5023	9
5024	5
5025	7
5026	6
5027	7
5028	7
5029	6
5030	3
5031	6
5032	6
5033	8
5034	5
5035	9
5036	7
5037	6
5038	6
5039	8
5040	7
5041	6
5042	3
5043	1
5044	8
5045	5
5046	10
5047	8
5048	12
5049	8
5050	8
5051	6
5052	7
5053	7
5054	5
5055	7
5056	8
5057	6
5058	5
5059	10
5060	7
5061	8
5062	7
5063	3
5064	3
5065	5
5066	9
5067	4
5068	7
5069	5
5070	3
5071	6
5072	5
5073	7
5074	7
5075	11
5076	10
5077	5
5078	3
5079	9
5080	4
5081	5
5082	8
5083	9
5084	12
5085	9
5086	7
5087	9
5088	6
5089	5
5090	7
5091	6
5092	6
5093	6
5094	5
5095	7
5096	7
5097	10
5098	4
5099	5
5100	6
5101	5
5102	4
5103	3
5104	8
5105	9
5106	9
5107	2
5108	9
5109	10
5110	3
5111	5
5112	6
5113	7
5114	3
5115	5
5116	5
5117	4
5118	8
5119	12
5120	2
5121	5
5122	6
5123	8
5124	5
5125	10
5126	5
5127	5
5128	12
5129	7
5130	3
5131	7
5132	5
5133	7
5134	8
5135	7
5136	5
5137	6
5138	4
5139	6
5140	4
5141	7
5142	9
5143	10
5144	9
5145	5
5146	10
5147	10
5148	6
5149	2
5150	2
5151	6
5152	6
5153	5
5154	13
5155	2
5156	4
5157	7
5158	9
5159	11
5160	2
5161	5
5162	6
5163	4
5164	5
5165	5
5166	5
5167	12
5168	3
5169	5
5170	6
5171	4
5172	6
5173	7
5174	2
5175	3
5176	1
5177	4
5178	9
5179	5
5180	6
5181	3
5182	1
5183	6
5184	11
5185	9
5186	8
5187	5
5188	6
5189	6
5190	7
5191	11
5192	6
5193	6
5194	6
5195	8
5196	8
5197	9
5198	10
5199	10
5200	2
5201	7
5202	4
5203	8
5204	6
5205	8
5206	6
5207	3
5208	2
5209	4
5210	9
5211	5
5212	8
5213	2
5214	2
5215	4
5216	6
5217	6
5218	7
5219	6
5220	7
5221	7
5222	14
5223	8
5224	6
5225	9
5226	6
5227	6
5228	3
5229	5
5230	7
5231	10
5232	2
5233	2
5234	4
5235	3
5236	6
5237	6
5238	3
5239	8
5240	9
5241	6
5242	8
5243	7
5244	9
5245	9
5246	4
5247	5
5248	6
5249	9
5250	6
5251	13
5252	5
5253	4
5254	6
5255	4
5256	2
5257	8
5258	11
5259	6
5260	5
5261	6
5262	11
5263	4
5264	7
5265	7
5266	9
5267	8
5268	7
5269	10
5270	7
5271	6
5272	12
5273	4
5274	5
5275	5
5276	7
5277	6
5278	3
5279	8
5280	5
5281	9
5282	6
5283	4
5284	7
5285	12
5286	6
5287	6
5288	9
5289	5
5290	4
5291	6
5292	5
5293	11
5294	1
5295	7
5296	6
5297	5
5298	10
5299	11
5300	9
5301	4
5302	5
5303	11
5304	8
5305	7
5306	8
5307	9
5308	9
5309	4
5310	6
5311	6
5312	2
5313	9
5314	7
5315	9
5316	3
5317	8
5318	10
5319	14
5320	12
5321	4
5322	8
5323	5
5324	9
5325	5
5326	5
5327	5
5328	8
5329	2
5330	8
5331	6
5332	3
5333	9
5334	9
5335	8
5336	5
5337	6
5338	9
5339	5
5340	10
5341	11
5342	8
5343	8
5344	3
5345	6
5346	6
5347	5
5348	6
5349	5
5350	10
5351	6
5352	7
5353	5
5354	6
5355	9
5356	6
5357	9
5358	7
5359	6
5360	3
5361	13
5362	3
5363	5
5364	4
5365	15
5366	5
5367	7
5368	8
5369	4
5370	6
5371	5
5372	5
5373	9
5374	9
5375	3
5376	5
5377	9
5378	2
5379	7
5380	3
5381	10
5382	6
5383	8
5384	10
5385	4
5386	3
5387	7
5388	5
5389	8
5390	7
5391	13
5392	3
5393	3
5394	6
5395	9
5396	8
5397	7
5398	7
5399	5
5400	4
5401	8
5402	4
5403	8
5404	8
5405	7
5406	13
5407	4
5408	7
5409	7
5410	11
5411	9
5412	10
5413	6
5414	5
5415	5
5416	6
5417	4
5418	3
5419	9
5420	7
5421	8
5422	5
5423	7
5424	6
5425	7
5426	6
5427	6
5428	9
5429	4
5430	6
5431	2
5432	4
5433	9
5434	10
5435	10
5436	8
5437	3
5438	11
5439	4
5440	4
5441	5
5442	4
5443	7
5444	5
5445	8
5446	11
5447	5
5448	6
5449	2
5450	4
5451	7
5452	2
5453	7
5454	11
5455	5
5456	6
5457	7
5458	5
5459	1
5460	7
5461	5
5462	7
5463	10
5464	9
5465	8
5466	4
5467	12
5468	3
5469	8
5470	7
5471	4
5472	9
5473	4
5474	6
5475	7
5476	4
5477	9
5478	7
5479	9
5480	5
5481	6
5482	5
5483	4
5484	4
5485	11
5486	6
5487	7
5488	8
5489	7
5490	7
5491	3
5492	5
5493	8
5494	12
5495	8
5496	7
5497	10
5498	7
5499	6
5500	6
5501	5
5502	10
5503	8
5504	11
5505	9
5506	9
5507	9
5508	8
5509	7
5510	6
5511	6
5512	5
5513	8
5514	8
5515	9
5516	5
5517	12
5518	7
5519	7
5520	7
5521	9
5522	12
5523	6
5524	5
5525	7
5526	3
5527	7
5528	7
5529	4
5530	11
5531	4
5532	4
5533	17
5534	9
5535	7
5536	10
5537	5
5538	12
5539	9
5540	3
5541	6
5542	12
5543	8
5544	4
5545	11
5546	5
5547	5
5548	2
5549	5
5550	9
5551	7
5552	7
5553	6
5554	9
5555	5
5556	7
5557	9
5558	9
5559	9
5560	9
5561	3
5562	10
5563	8
5564	8
5565	6
5566	7
5567	8
5568	4
5569	8
5570	4
5571	8
5572	7
5573	11
5574	4
5575	7
5576	6
5577	6
5578	9
5579	9
5580	7
5581	10
5582	5
5583	7
5584	8
5585	6
5586	4
5587	3
5588	7
5589	8
5590	7
5591	5
5592	7
5593	8
5594	2
5595	5
5596	11
5597	4
5598	6
5599	18
5600	7
5601	11
5602	4
5603	7
5604	12
5605	6
5606	5
5607	8
5608	8
5609	8
5610	14
5611	7
5612	6
5613	6
5614	5
5615	3
5616	4
5617	3
5618	7
5619	6
5620	11
5621	6
5622	6
5623	3
5624	6
5625	10
5626	4
5627	8
5628	8
5629	11
5630	10
5631	5
5632	9
5633	4
5634	3
5635	3
5636	11
5637	6
5638	6
5639	8
5640	10
5641	7
5642	9
5643	10
5644	6
5645	12
5646	10
5647	11
5648	6
5649	11
5650	5
5651	13
5652	7
5653	9
5654	3
5655	12
5656	5
5657	8
5658	6
5659	3
5660	7
5661	8
5662	6
5663	8
5664	6
5665	7
5666	9
5667	10
5668	1
5669	9
5670	7
5671	8
5672	3
5673	10
5674	5
5675	10
5676	7
5677	9
5678	8
5679	6
5680	8
5681	10
5682	8
5683	9
5684	8
5685	4
5686	5
5687	6
5688	10
5689	15
5690	8
5691	12
5692	5
5693	6
5694	4
5695	7
5696	11
5697	10
5698	10
5699	7
5700	9
5701	9
5702	9
5703	8
5704	7
5705	1
5706	5
5707	10
5708	6
5709	4
5710	5
5711	5
5712	9
5713	6
5714	5
5715	10
5716	10
5717	12
5718	6
5719	11
5720	6
5721	13
5722	9
5723	9
5724	15
5725	6
5726	11
5727	11
5728	7
5729	9
5730	11
5731	7
5732	9
5733	7
5734	10
5735	12
5736	12
5737	6
5738	13
5739	9
5740	13
5741	8
5742	11
5743	5
5744	4
5745	9
5746	11
5747	9
5748	7
5749	7
5750	6
5751	3
5752	7
5753	12
5754	4
5755	11
5756	12
5757	12
5758	12
5759	9
5760	7
5761	10
5762	13
5763	7
5764	9
5765	6
5766	11
5767	11
5768	6
5769	7
5770	8
5771	13
5772	5
5773	13
5774	5
5775	9
5776	6
5777	6
5778	9
5779	8
5780	8
5781	5
5782	9
5783	13
5784	17
5785	5
5786	10
5787	10
5788	9
5789	13
5790	9
5791	13
5792	6
5793	14
5794	8
5795	5
5796	9
5797	8
5798	8
5799	7
5800	11
5801	9
5802	6
5803	6
5804	7
5805	13
5806	11
5807	4
5808	8
5809	4
5810	12
5811	13
5812	9
5813	15
5814	6
5815	13
5816	20
5817	5
5818	7
5819	11
5820	11
5821	16
5822	7
5823	8
5824	16
5825	10
5826	7
5827	12
5828	8
5829	9
5830	5
5831	14
5832	10
5833	11
5834	9
5835	12
5836	12
5837	11
5838	10
5839	10
5840	8
5841	10
5842	8
5843	12
5844	7
5845	8
5846	14
5847	10
5848	11
5849	7
5850	6
5851	12
5852	11
5853	18
5854	10
5855	14
5856	9
5857	10
5858	7
5859	9
5860	13
5861	11
5862	11
5863	4
5864	13
5865	4
5866	9
5867	11
5868	6
5869	14
5870	10
5871	11
5872	7
5873	12
5874	18
5875	6
5876	5
5877	10
5878	8
5879	7
5880	14
5881	13
5882	9
5883	10
5884	11
5885	10
5886	14
5887	9
5888	8
5889	16
5890	16
5891	10
5892	9
5893	11
5894	7
5895	5
5896	13
5897	10
5898	15
5899	7
5900	24
5901	8
5902	8
5903	11
5904	9
5905	22
5906	10
5907	7
5908	9
5909	13
5910	18
5911	11
5912	19
5913	14
5914	13
5915	9
5916	13
5917	9
5918	17
5919	13
5920	8
5921	13
5922	10
5923	18
5924	8
5925	9
5926	13
5927	15
5928	11
5929	17
5930	8
5931	11
5932	16
5933	16
5934	6
5935	11
5936	12
5937	9
5938	15
5939	10
5940	7
5941	7
5942	22
5943	18
5944	12
5945	11
5946	12
5947	15
5948	10
5949	11
5950	7
5951	8
5952	8
5953	14
5954	18
5955	18
5956	13
5957	16
5958	16
5959	13
5960	11
5961	7
5962	18
5963	6
5964	9
5965	15
5966	13
5967	15
5968	10
5969	10
5970	15
5971	15
5972	15
5973	16
5974	14
5975	14
5976	8
5977	10
5978	12
5979	10
5980	9
5981	16
5982	15
5983	12
5984	15
5985	11
5986	24
5987	18
5988	6
5989	17
5990	15
5991	11
5992	15
5993	8
5994	8
5995	23
5996	11
5997	9
5998	11
5999	10
6000	15
6001	21
6002	13
6003	11
6004	13
6005	6
6006	12
6007	15
6008	15
6009	12
6010	18
6011	14
6012	17
6013	14
6014	8
6015	18
6016	17
6017	13
6018	10
6019	13
6020	11
6021	11
6022	11
6023	19
6024	11
6025	17
6026	16
6027	9
6028	11
6029	17
6030	5
6031	9
6032	13
6033	17
6034	7
6035	9
6036	11
6037	10
6038	12
6039	14
6040	8
6041	11
6042	10
6043	18
6044	11
6045	16
6046	18
6047	9
6048	13
6049	16
6050	11
6051	6
6052	13
6053	13
6054	11
6055	14
6056	15
6057	9
6058	15
6059	11
6060	10
6061	10
6062	9
6063	17
6064	11
6065	19
6066	15
6067	18
6068	16
6069	17
6070	13
6071	9
6072	9
6073	14
6074	7
6075	13
6076	17
6077	14
6078	8
6079	9
6080	11
6081	11
6082	13
6083	9
6084	16
6085	11
6086	13
6087	16
6088	17
6089	18
6090	15
6091	11
6092	5
6093	11
6094	8
6095	8
6096	16
6097	13
6098	7
6099	11
6100	12
6101	9
6102	12
6103	13
6104	6
6105	8
6106	15
6107	14
6108	17
6109	15
6110	17
6111	12
6112	24
6113	14
6114	14
6115	9
6116	13
6117	12
6118	12
6119	14
6120	12
6121	9
6122	12
6123	10
6124	12
6125	15
6126	11
6127	9
6128	16
6129	15
6130	9
6131	18
6132	20
6133	10
6134	17
6135	18
6136	8
6137	13
6138	18
6139	14
6140	20
6141	18
6142	15
6143	10
6144	11
6145	15
6146	9
6147	9
6148	15
6149	11
6150	18
6151	17
6152	8
6153	14
6154	9
6155	9
6156	6
6157	12
6158	10
6159	17
6160	13
6161	9
6162	5
6163	14
6164	16
6165	11
6166	16
6167	12
6168	11
6169	15
6170	16
6171	14
6172	18
6173	14
6174	7
6175	10
6176	13
6177	15
6178	19
6179	13
6180	22
6181	13
6182	11
6183	12
6184	8
6185	13
6186	12
6187	8
6188	13
6189	8
6190	9
6191	8
6192	15
6193	19
6194	13
6195	16
6196	15
6197	13
6198	9
6199	7
6200	15
6201	6
6202	14
6203	12
6204	6
6205	18
6206	14
6207	8
6208	9
6209	9
6210	12
6211	11
6212	11
6213	17
6214	10
6215	14
6216	17
6217	16
6218	10
6219	15
6220	10
6221	9
6222	13
6223	14
6224	15
6225	16
6226	16
6227	16
6228	13
6229	14
6230	12
6231	12
6232	21
6233	9
6234	15
6235	9
6236	9
6237	20
6238	21
6239	8
6240	20
6241	8
6242	15
6243	15
6244	16
6245	11
6246	11
6247	12
6248	12
6249	13
6250	16
6251	9
6252	9
6253	14
6254	10
6255	9
6256	13
6257	10
6258	12
6259	13
6260	9
6261	11
6262	15
6263	9
6264	9
6265	9
6266	11
6267	16
6268	14
6269	23
6270	16
6271	13
6272	14
6273	12
6274	15
6275	13
6276	18
6277	9
6278	11
6279	5
6280	10
6281	15
6282	10
6283	11
6284	7
6285	11
6286	9
6287	10
6288	16
6289	13
6290	8
6291	12
6292	10
6293	14
6294	7
6295	10
6296	11
6297	10
6298	11
6299	11
6300	11
6301	10
6302	8
6303	10
6304	11
6305	10
6306	11
6307	9
6308	10
6309	15
6310	6
6311	11
6312	9
6313	16
6314	16
6315	10
6316	11
6317	12
6318	5
6319	7
6320	8
6321	11
6322	8
6323	8
6324	10
6325	9
6326	11
6327	12
6328	13
6329	4
6330	6
6331	8
6332	12
6333	9
6334	3
6335	11
6336	14
6337	8
6338	7
6339	9
6340	6
6341	9
6342	6
6343	9
6344	7
6345	12
6346	7
6347	8
6348	14
6349	11
6350	4
6351	10
6352	9
6353	9
6354	6
6355	7
6356	9
6357	11
6358	10
6359	10
6360	13
6361	9
6362	4
6363	11
6364	12
6365	11
6366	7
6367	14
6368	9
6369	6
6370	9
6371	8
6372	11
6373	5
6374	9
6375	7
6376	5
6377	3
6378	7
6379	12
6380	14
6381	9
6382	7
6383	9
6384	9
6385	7
6386	7
6387	11
6388	15
6389	7
6390	9
6391	10
6392	9
6393	7
6394	7
6395	9
6396	12
6397	10
6398	6
6399	10
6400	15
6401	11
6402	13
6403	4
6404	9
6405	13
6406	6
6407	5
6408	8
6409	10
6410	7
6411	3
6412	15
6413	8
6414	6
6415	4
6416	6
6417	9
6418	16
6419	8
6420	10
6421	3
6422	11
6423	9
6424	3
6425	3
6426	10
6427	8
6428	6
6429	6
6430	4
6431	8
6432	6
6433	7
6434	6
6435	6
6436	9
6437	11
6438	9
6439	2
6440	8
6441	13
6442	9
6443	9
6444	6
6445	4
6446	7
6447	8
6448	7
6449	7
6450	8
6451	3
6452	9
6453	6
6454	8
6455	12
6456	6
6457	3
6458	10
6459	10
6460	12
6461	5
6462	3
6463	4
6464	2
6465	8
6466	9
6467	7
6468	10
6469	8
6470	7
6471	5
6472	4
6473	6
6474	6
6475	6
6476	2
6477	7
6478	6
6479	4
6480	5
6481	4
6482	5
6483	7
6484	5
6485	3
6486	3
6487	7
6488	6
6489	6
6490	5
6491	6
6492	6
6493	10
6494	8
6495	4
6496	6
6497	6
6498	4
6499	8
6500	9
6501	8
6502	6
6503	9
6504	6
6505	7
6506	7
6507	1
6508	7
6509	5
6510	6
6511	8
6512	3
6513	5
6514	9
6515	4
6516	4
6517	10
6518	7
6519	2
6520	3
6521	6
6522	3
6523	7
6524	4
6525	6
6526	6
6527	4
6528	3
6529	5
6530	7
6531	3
6532	5
6533	5
6534	5
6535	5
6536	5
6537	9
6538	9
6539	4
6540	9
6541	5
6542	4
6543	7
6544	7
6545	7
6546	5
6547	6
6548	2
6549	6
6550	5
6551	3
6552	7
6553	7
6554	9
6555	5
6556	3
6557	5
6558	2
6559	4
6560	3
6561	4
6562	5
6563	6
6564	6
6565	6
6566	6
6567	3
6568	5
6569	7
6570	3
6571	4
6572	3
6573	1
6574	6
6575	1
6576	2
6577	5
6578	4
6579	5
6580	4
6581	6
6582	3
6583	3
6584	7
6585	7
6586	6
6587	4
6588	5
6589	4
6590	3
6591	4
6592	5
6593	3
6594	4
6595	2
6596	4
6597	4
6598	4
6599	8
6600	4
6601	2
6602	5
6603	3
6604	3
6605	3
6606	2
6607	0
6608	3
6609	2
6610	2
6611	4
6612	3
6613	3
6614	4
6615	2
6616	3
6617	2
6618	4
6619	5
6620	3
6621	5
6622	7
6623	2
6624	4
6625	3
6626	1
6627	3
6628	1
6629	4
6630	0
6631	2
6632	3
6633	2
6634	5
6635	2
6636	2
6637	2
6638	2
6639	5
6640	7
6641	3
6642	2
6643	2
6644	2
6645	2
6646	3
6647	4
6648	3
6649	5
6650	5
6651	4
6652	10
6653	4
6654	2
6655	1
6656	3
6657	2
6658	2
6659	4
6660	2
6661	3
6662	5
6663	4
6664	1
6665	4
6666	3
6667	4
6668	1
6669	2
6670	5
6671	6
6672	3
6673	1
6674	0
6675	2
6676	1
6677	4
6678	2
6679	2
6680	1
6681	7
6682	3
6683	0
6684	0
6685	2
6686	0
6687	3
6688	2
6689	3
6690	3
6691	3
6692	4
6693	2
6694	5
6695	0
6696	2
6697	5
6698	2
6699	3
6700	1
6701	3
6702	1
6703	2
6704	3
6705	7
6706	2
6707	2
6708	3
6709	2
6710	2
6711	3
6712	2
6713	3
6714	3
6715	2
6716	0
6717	1
6718	5
6719	2
6720	3
6721	0
6722	3
6723	3
6724	4
6725	0
6726	2
6727	1
6728	0
6729	6
6730	5
6731	0
6732	0
6733	2
6734	4
6735	2
6736	4
6737	4
6738	8
6739	1
6740	1
6741	4
6742	2
6743	2
6744	3
6745	1
6746	1
6747	1
6748	2
6749	2
6750	4
6751	4
6752	2
6753	2
6754	4
6755	4
6756	3
6757	2
6758	5
6759	1
6760	1
6761	3
6762	2
6763	3
6764	3
6765	2
6766	2
6767	2
6768	3
6769	1
6770	0
6771	1
6772	4
6773	1
6774	0
6775	1
6776	0
6777	4
6778	1
6779	3
6780	0
6781	1
6782	3
6783	1
6784	3
6785	6
6786	0
6787	5
6788	2
6789	3
6790	2
6791	4
6792	2
6793	0
6794	2
6795	1
6796	1
6797	0
6798	1
6799	5
6800	0
6801	1
6802	2
6803	2
6804	0
6805	3
6806	3
6807	2
6808	3
6809	2
6810	1
6811	0
6812	1
6813	0
6814	4
6815	1
6816	2
6817	3
6818	1
6819	0
6820	1
6821	0
6822	1
6823	4
6824	0
6825	0
6826	1
6827	2
6828	2
6829	1
6830	1
6831	2
6832	2
6833	0
6834	3
6835	5
6836	1
6837	4
6838	1
6839	1
6840	1
6841	0
6842	1
6843	1
6844	1
6845	2
6846	1
6847	2
6848	0
6849	0
6850	3
6851	1
6852	0
6853	1
6854	0
6855	2
6856	4
6857	1
6858	5
6859	3
6860	1
6861	2
6862	3
6863	0
6864	2
6865	2
6866	5
6867	2
6868	1
6869	1
6870	0
6871	0
6872	1
6873	1
6874	1
6875	3
6876	1
6877	1
6878	1
6879	1
6880	1
6881	1
6882	1
6883	2
6884	2
6885	2
6886	0
6887	0
6888	2
6889	1
6890	0
6891	1
6892	0
6893	1
6894	0
6895	0
6896	3
6897	2
6898	4
6899	2
6900	1
6901	1
6902	1
6903	0
6904	2
6905	1
6906	0
6907	0
6908	0
6909	1
6910	0
6911	0
6912	2
6913	4
6914	1
6915	1
6916	0
6917	2
6918	0
6919	0
6920	1
6921	1
6922	1
6923	1
6924	1
6925	0
6926	2
6927	1
6928	0
6929	2
6930	3
6931	0
6932	0
6933	1
6934	0
6935	1
6936	0
6937	1
6938	0
6939	0
6940	0
6941	1
6942	2
6943	2
6944	1
6945	0
6946	1
6947	0
6948	3
6949	2
6950	1
6951	1
6952	1
6953	2
6954	1
6955	0
6956	1
6957	1
6958	1
6959	0
6960	1
6961	0
6962	0
6963	0
6964	1
6965	0
6966	2
6967	0
6968	1
6969	1
6970	0
6971	2
6972	1
6973	2
6974	0
6975	0
6976	0
6977	0
6978	0
6979	1
6980	1
6981	0
6982	0
6983	1
6984	0
6985	0
6986	1
6987	1
6988	0
6989	0
6990	1
6991	1
6992	1
6993	1
6994	0
6995	1
6996	0
6997	1
6998	1
6999	2
7000	2
7001	0
7002	1
7003	1
7004	4
7005	0
7006	0
7007	1
7008	1
7009	2
7010	0
7011	0
7012	0
7013	0
7014	0
7015	0
7016	0
7017	0
7018	3
7019	0
7020	2
7021	2
7022	1
7023	0
7024	1
7025	0
7026	1
7027	1
7028	1
7029	0
7030	1
7031	1
7032	0
7033	2
7034	1
7035	1
7036	0
7037	0
7038	0
7039	1
7040	0
7041	0
7042	1
7043	1
7044	0
7045	0
7046	1
7047	0
7048	2
7049	0
7050	1
7051	1
7052	0
7053	1
7054	2
7055	1
7056	2
7057	1
7058	1
7059	0
7060	0
7061	1
7062	1
7063	1
7064	0
7065	1
7066	0
7067	0
7068	1
7069	0
7070	1
7071	0
7072	0
7073	1
7074	2
7075	1
7076	0
7077	0
7078	0
7079	0
7080	0
7081	0
7082	2
7083	2
7084	2
7085	1
7086	0
7087	1
7088	0
7089	1
7090	0
7091	2
7092	0
7093	0
7094	1
7095	0
7096	0
7097	1
7098	1
7099	1
7100	2
7101	1
7102	0
7103	0
7104	0
7105	0
7106	1
7107	1
7108	1
7109	0
7110	0
7111	0
7112	1
7113	2
7114	2
7115	1
7116	0
7117	0
7118	0
7119	1
7120	0
7121	1
7122	0
7123	1
7124	0
7125	1
7126	0
7127	0
7128	1
7129	0
7130	1
7131	0
7132	0
7133	1
7134	1
7135	0
7136	1
7137	1
7138	2
7139	1
7140	0
7141	0
7142	0
7143	2
7144	1
7145	1
7146	1
7147	1
7148	0
7149	0
7150	2
7151	0
7152	0
7153	0
7154	1
7155	1
7156	2
7157	1
7158	2
7159	0
7160	1
7161	0
7162	0
7163	0
7164	0
7165	1
7166	1
7167	0
7168	0
7169	0
7170	2
7171	0
7172	1
7173	0
7174	0
7175	0
7176	0
7177	1
7178	1
7179	0
7180	1
7181	1
7182	1
7183	0
7184	1
7185	1
7186	1
7187	2
7188	0
7189	1
7190	1
7191	0
7192	0
7193	0
7194	1
7195	0
7196	0
7197	1
7198	0
7199	2
7200	0
7201	1
7202	0
7203	0
7204	0
7205	0
7206	1
7207	0
7208	0
7209	0
7210	0
7211	1
7212	0
7213	1
7214	0
7215	2
7216	0
7217	1
7218	0
7219	0
7220	1
7221	0
7222	0
7223	0
7224	1
7225	1
7226	0
7227	1
7228	1
7229	0
7230	3
7231	0
7232	0
7233	0
7234	0
7235	1
7236	0
7237	0
7238	0
7239	0
7240	0
7241	0
7242	0
7243	0
7244	0
7245	1
7246	0
7247	0
7248	0
7249	0
7250	1
7251	1
7252	1
7253	2
7254	3
7255	1
7256	1
7257	0
7258	0
7259	0
7260	0
7261	1
7262	0
7263	1
7264	0
7265	0
7266	3
7267	0
7268	1
7269	0
7270	1
7271	1
7272	0
7273	1
7274	0
7275	2
7276	1
7277	0
7278	0
7279	0
7280	0
7281	0
7282	0
7283	0
7284	2
7285	1
7286	0
7287	1
7288	1
7289	0
7290	1
7291	0
7292	0
7293	0
7294	1
7295	0
7296	0
7297	1
7298	0
7299	1
7300	1
7301	1
7302	0
7303	2
7304	0
7305	0
7306	2
7307	0
7308	0
7309	0
7310	0
7311	0
7312	0
7313	0
7314	0
7315	0
7316	0
7317	0
7318	0
7319	0
7320	0
7321	0
7322	1
7323	0
7324	2
7325	0
7326	1
7327	0
7328	1
7329	2
7330	0
7331	0
7332	0
7333	0
7334	0
7335	0
7336	1
7337	0
7338	0
7339	1
7340	1
7341	0
7342	2
7343	1
7344	0
7345	1
7346	0
7347	0
7348	1
7349	0
7350	0
7351	0
7352	0
7353	0
7354	0
7355	1
7356	1
7357	1
7358	0
7359	0
7360	1
7361	0
7362	0
7363	0
7364	1
7365	0
7366	0
7367	0
7368	1
7369	1
7370	0
7371	1
7372	1
7373	0
7374	2
7375	0
7376	0
7377	1
7378	0
7379	0
7380	0
7381	0
7382	1
7383	1
7384	0
7385	0
7386	0
7387	2
7388	0
7389	0
7390	1
7391	0
7392	1
7393	0
7394	2
7395	0
7396	0
7397	0
7398	0
7399	0
7400	0
7401	0
7402	0
7403	0
7404	0
7405	0
7406	0
7407	0
7408	0
7409	0
7410	0
7411	0
7412	1
7413	0
7414	1
7415	0
7416	2
7417	1
7418	0
7419	0
7420	0
7421	1
7422	1
7423	1
7424	1
7425	0
7426	1
7427	0
7428	2
7429	0
7430	0
7431	2
7432	0
7433	0
7434	0
7435	0
7436	1
7437	0
7438	0
7439	0
7440	1
7441	0
7442	2
7443	0
7444	1
7445	0
7446	0
7447	0
7448	1
7449	0
7450	1
7451	0
7452	2
7453	1
7454	0
7455	0
7456	0
7457	1
7458	0
7459	1
7460	1
7461	1
7462	0
7463	2
7464	1
7465	2
7466	2
7467	0
7468	0
7469	0
7470	1
7471	0
7472	0
7473	0
7474	0
7475	0
7476	0
7477	0
7478	1
7479	1
7480	0
7481	0
7482	1
7483	0
7484	0
7485	2
7486	0
7487	0
7488	0
7489	1
7490	1
7491	0
7492	0
7493	2
7494	0
7495	2
7496	2
7497	0
7498	0
7499	0
7500	1
7501	1
7502	1
7503	1
7504	0
7505	0
7506	1
7507	1
7508	0
7509	1
7510	0
7511	0
7512	0
7513	2
7514	0
7515	0
7516	0
7517	0
7518	0
7519	1
7520	2
7521	0
7522	1
7523	0
7524	1
7525	1
7526	0
7527	0
7528	1
7529	1
7530	2
7531	0
7532	0
7533	0
7534	2
7535	0
7536	0
7537	0
7538	0
7539	0
7540	1
7541	1
7542	1
7543	1
7544	2
7545	1
7546	0
7547	1
7548	0
7549	0
7550	0
7551	0
7552	0
7553	2
7554	1
7555	0
7556	0
7557	3
7558	0
7559	1
7560	0
7561	0
7562	1
7563	1
7564	0
7565	0
7566	1
7567	0
7568	4
7569	1
7570	0
7571	0
7572	0
7573	0
7574	1
7575	0
7576	0
7577	0
7578	0
7579	0
7580	0
7581	1
7582	1
7583	2
7584	0
7585	1
7586	0
7587	1
7588	1
7589	2
7590	0
7591	0
7592	0
7593	0
7594	0
7595	1
7596	0
7597	3
7598	1
7599	1
7600	3
7601	0
7602	0
7603	0
7604	0
7605	4
7606	1
7607	1
7608	0
7609	0
7610	2
7611	0
7612	0
7613	0
7614	0
7615	0
7616	1
7617	0
7618	0
7619	1
7620	1
7621	1
7622	2
7623	0
7624	0
7625	1
7626	0
7627	0
7628	0
7629	0
7630	0
7631	0
7632	2
7633	1
7634	0
7635	1
7636	1
7637	2
7638	0
7639	0
7640	2
7641	0
7642	0
7643	1
7644	0
7645	1
7646	0
7647	1
7648	2
7649	1
7650	3
7651	0
7652	0
7653	0
7654	1
7655	0
7656	1
7657	0
7658	0
7659	0
7660	2
7661	0
7662	2
7663	2
7664	1
7665	2
7666	0
7667	0
7668	1
7669	3
7670	0
7671	1
7672	0
7673	0
7674	0
7675	1
7676	1
7677	0
7678	0
7679	1
7680	0
7681	0
7682	0
7683	0
7684	1
7685	0
7686	0
7687	0
7688	1
7689	0
7690	0
7691	0
7692	1
7693	1
7694	0
7695	1
7696	0
7697	0
7698	2
7699	0
7700	1
7701	0
7702	1
7703	1
7704	0
7705	1
7706	1
7707	0
7708	0
7709	0
7710	0
7711	1
7712	0
7713	1
7714	0
7715	1
7716	1
7717	1
7718	1
7719	0
7720	0
7721	2
7722	0
7723	2
7724	0
7725	0
7726	0
7727	0
7728	0
7729	1
7730	1
7731	0
7732	0
7733	0
7734	0
7735	2
7736	0
7737	1
7738	0
7739	0
7740	1
7741	0
7742	0
7743	1
7744	2
7745	0
7746	1
7747	0
7748	2
7749	0
7750	1
7751	0
7752	1
7753	0
7754	1
7755	0
7756	1
7757	0
7758	0
7759	1
7760	1
7761	0
7762	0
7763	1
7764	0
7765	0
7766	0
7767	0
7768	1
7769	1
7770	0
7771	0
7772	2
7773	0
7774	1
7775	0
7776	1
7777	0
7778	0
7779	0
7780	0
7781	0
7782	0
7783	1
7784	1
7785	0
7786	0
7787	1
7788	1
7789	0
7790	1
7791	1
7792	0
7793	0
7794	0
7795	1
7796	1
7797	0
7798	0
7799	1
7800	2
7801	0
7802	0
7803	0
7804	1
7805	0
7806	0
7807	1
7808	0
7809	0
7810	0
7811	2
7812	1
7813	0
7814	0
7815	0
7816	0
7817	0
7818	1
7819	2
7820	0
7821	1
7822	0
7823	0
7824	0
7825	1
7826	0
7827	0
7828	2
7829	0
7830	1
7831	1
7832	0
7833	1
7834	0
7835	0
7836	0
7837	0
7838	0
7839	2
7840	1
7841	1
7842	1
7843	0
7844	0
7845	0
7846	0
7847	1
7848	0
7849	1
7850	0
7851	1
7852	0
7853	1
7854	0
7855	0
7856	0
7857	0
7858	1
7859	0
7860	0
7861	0
7862	1
7863	0
7864	0
7865	0
7866	0
7867	0
7868	0
7869	1
7870	0
7871	0
7872	1
7873	0
7874	0
7875	0
7876	1
7877	0
7878	1
7879	1
7880	1
7881	0
7882	1
7883	0
7884	0
7885	0
7886	1
7887	0
7888	1
7889	0
7890	1
7891	0
7892	0
7893	0
7894	1
7895	0
7896	0
7897	0
7898	1
7899	0
7900	0
7901	0
7902	3
7903	0
7904	0
7905	1
7906	1
7907	2
7908	0
7909	0
7910	0
7911	0
7912	0
7913	1
7914	0
7915	1
7916	0
7917	0
7918	0
7919	0
7920	2
7921	1
7922	1
7923	1
7924	1
7925	0
7926	0
7927	0
7928	0
7929	0
7930	0
7931	1
7932	0
7933	1
7934	1
7935	1
7936	0
7937	0
7938	0
7939	0
7940	0
7941	0
7942	3
7943	1
7944	0
7945	3
7946	1
7947	0
7948	0
7949	0
7950	0
7951	0
7952	0
7953	1
7954	0
7955	2
7956	0
7957	0
7958	0
7959	1
7960	0
7961	1
7962	0
7963	3
7964	0
7965	0
7966	0
7967	0
7968	0
7969	2
7970	0
7971	0
7972	1
7973	1
7974	0
7975	1
7976	0
7977	0
7978	1
7979	0
7980	1
7981	1
7982	0
7983	0
7984	0
7985	0
7986	0
7987	0
7988	1
7989	0
7990	1
7991	1
7992	0
7993	0
7994	0
7995	0
7996	0
7997	1
7998	0
7999	0
8000	0
8001	0
8002	0
8003	0
8004	0
8005	1
8006	2
8007	0
8008	0
8009	0
8010	1
8011	0
8012	0
8013	0
8014	0
8015	0
8016	1
8017	1
8018	1
8019	2
8020	1
8021	0
8022	0
8023	1
8024	0
8025	1
8026	1
8027	0
8028	0
8029	0
8030	1
8031	0
8032	0
8033	0
8034	0
8035	0
8036	0
8037	0
8038	0
8039	2
8040	1
8041	1
8042	1
8043	0
8044	0
8045	0
8046	0
8047	0
8048	0
8049	0
8050	1
8051	0
8052	1
8053	1
8054	0
8055	2
8056	0
8057	1
8058	0
8059	0
8060	2
8061	0
8062	1
8063	1
8064	1
8065	0
8066	0
8067	0
8068	1
8069	0
8070	1
8071	0
8072	1
8073	0
8074	2
8075	1
8076	1
8077	0
8078	0
8079	0
8080	0
8081	0
8082	0
8083	0
8084	0
8085	0
8086	0
8087	0
8088	0
8089	0
8090	0
8091	0
8092	0
8093	0
8094	0
8095	0
8096	0
8097	0
8098	0
8099	0
8100	0
8101	0
8102	0
8103	0
8104	0
8105	0
8106	0
8107	0
8108	0
8109	0
8110	0
8111	0
8112	0
8113	0
8114	0
8115	0
8116	0
8117	0
8118	0
8119	0
8120	0
8121	0
8122	0
8123	0
8124	0
8125	0
8126	0
8127	0
8128	0
8129	0
8130	0
8131	0
8132	0
8133	0
8134	0
8135	0
8136	0
8137	0
8138	0
8139	0
8140	0
8141	0
8142	0
8143	0
8144	0
8145	0
8146	0
8147	0
8148	0
8149	0
8150	0
8151	0
8152	0
8153	0
8154	0
8155	0
8156	0
8157	0
8158	0
8159	0
8160	0
8161	0
8162	0
8163	0
8164	0
8165	0
8166	0
8167	0
8168	0
8169	0
8170	0
8171	0
8172	0
8173	0
8174	0
8175	0
8176	0
8177	0
8178	0
8179	0
8180	0
8181	0
8182	0
8183	0
8184	0
8185	0
8186	0
8187	0
8188	0
8189	0
8190	0
8191	0
