0	0
1	0
2	0
3	0
4	0
5	0
6	0
7	0
8	0
9	0
10	0
11	0
12	0
13	0
14	0
15	0
16	0
17	0
18	0
19	0
20	0
21	0
22	0
23	0
24	0
25	0
26	0
27	0
28	0
29	0
30	0
31	0
32	0
33	0
34	0
35	0
36	0
37	0
38	0
39	0
40	0
41	0
42	0
43	0
44	0
45	0
46	0
47	0
48	0
49	0
50	0
51	0
52	0
53	0
54	0
55	0
56	0
57	0
58	0
59	0
60	0
61	0
62	0
63	0
64	0
65	0
66	0
67	0
68	0
69	0
70	0
71	0
72	0
73	0
74	0
75	0
76	0
77	0
78	0
79	0
80	0
81	0
82	0
83	0
84	0
85	2
86	2
87	11
88	14
89	10
90	11
91	10
92	10
93	15
94	17
95	6
96	8
97	18
98	13
99	11
100	8
101	8
102	7
103	13
104	7
105	12
106	9
107	7
108	8
109	11
110	16
111	11
112	4
113	10
114	5
115	7
116	4
117	10
118	7
119	9
120	4
121	12
122	7
123	8
124	9
125	7
126	10
127	12
128	1
129	11
130	12
131	4
132	8
133	9
134	7
135	13
136	7
137	10
138	9
139	7
140	13
141	9
142	13
143	10
144	10
145	9
146	11
147	3
148	8
149	15
150	10
151	8
152	6
153	9
154	10
155	6
156	11
157	13
158	10
159	8
160	7
161	5
162	5
163	15
164	6
165	6
166	5
167	8
168	11
169	5
170	8
171	13
172	8
173	8
174	9
175	13
176	18
177	6
178	12
179	9
180	8
181	8
182	13
183	8
184	7
185	7
186	9
187	6
188	6
189	11
190	13
191	11
192	12
193	10
194	11
195	6
196	7
197	16
198	7
199	13
200	13
201	10
202	9
203	8
204	7
205	4
206	8
207	13
208	9
209	15
210	8
211	13
212	8
213	8
214	9
215	10
216	9
217	13
218	7
219	10
220	9
221	9
222	12
223	12
224	11
225	5
226	9
227	10
228	8
229	9
230	13
231	11
232	15
233	16
234	12
235	10
236	10
237	9
238	13
239	16
240	8
241	12
242	10
243	11
244	10
245	14
246	12
247	13
248	10
249	8
250	11
251	9
252	11
253	5
254	13
255	18
256	10
257	8
258	6
259	14
260	8
261	14
262	10
263	7
264	9
265	10
266	16
267	12
268	9
269	8
270	8
271	7
272	10
273	11
274	12
275	17
276	6
277	13
278	11
279	7
280	10
281	16
282	6
283	7
284	5
285	9
286	11
287	12
288	8
289	6
290	15
291	15
292	16
293	6
294	5
295	11
296	8
297	6
298	10
299	10
300	5
301	12
302	4
303	6
304	13
305	11
306	10
307	10
308	10
309	10
310	11
311	13
312	13
313	12
314	7
315	10
316	16
317	11
318	8
319	14
320	17
321	13
322	10
323	10
324	8
325	10
326	9
327	12
328	9
329	10
330	8
331	15
332	11
333	7
334	13
335	16
336	7
337	17
338	7
339	10
340	6
341	10
342	14
343	3
344	8
345	14
346	7
347	3
348	12
349	8
350	10
351	11
352	11
353	8
354	13
355	6
356	6
357	17
358	12
359	18
360	10
361	12
362	10
363	5
364	9
365	18
366	10
367	10
368	8
369	13
370	12
371	5
372	13
373	13
374	13
375	7
376	11
377	15
378	14
379	12
380	12
381	14
382	14
383	8
384	9
385	11
386	13
387	17
388	8
389	8
390	13
391	11
392	15
393	7
394	9
395	7
396	7
397	15
398	14
399	12
400	9
401	19
402	10
403	12
404	19
405	7
406	7
407	13
408	10
409	9
410	10
411	13
412	10
413	16
414	9
415	15
416	7
417	11
418	12
419	14
420	6
421	15
422	5
423	4
424	6
425	17
426	12
427	15
428	20
429	15
430	15
431	6
432	11
433	4
434	12
435	15
436	10
437	16
438	15
439	9
440	13
441	6
442	12
443	10
444	13
445	18
446	6
447	13
448	8
449	8
450	6
451	6
452	14
453	15
454	8
455	16
456	11
457	12
458	11
459	19
460	10
461	10
462	15
463	8
464	11
465	13
466	9
467	11
468	8
469	8
470	11
471	11
472	9
473	15
474	12
475	10
476	15
477	12
478	15
479	13
480	13
481	8
482	13
483	9
484	11
485	10
486	15
487	7
488	12
489	6
490	9
491	8
492	13
493	12
494	14
495	13
496	9
497	8
498	8
499	13
500	11
501	13
502	18
503	16
504	15
505	13
506	11
507	9
508	14
509	12
510	13
511	23
512	17
513	22
514	14
515	14
516	9
517	19
518	12
519	12
520	14
521	9
522	11
523	5
524	18
525	11
526	11
527	11
528	11
529	9
530	11
531	14
532	15
533	12
534	10
535	16
536	13
537	11
538	13
539	14
540	15
541	12
542	12
543	13
544	6
545	12
546	15
547	21
548	11
549	11
550	13
551	11
552	11
553	11
554	13
555	16
556	12
557	16
558	14
559	16
560	11
561	14
562	9
563	13
564	14
565	15
566	11
567	7
568	18
569	8
570	15
571	7
572	10
573	12
574	8
575	8
576	13
577	8
578	14
579	11
580	11
581	10
582	10
583	7
584	14
585	6
586	12
587	5
588	11
589	14
590	8
591	12
592	7
593	9
594	12
595	13
596	10
597	8
598	17
599	12
600	10
601	7
602	11
603	8
604	14
605	7
606	8
607	6
608	8
609	13
610	7
611	14
612	16
613	18
614	11
615	10
616	11
617	11
618	17
619	11
620	16
621	11
622	13
623	14
624	10
625	17
626	12
627	11
628	11
629	7
630	6
631	8
632	9
633	11
634	12
635	15
636	10
637	15
638	12
639	8
640	19
641	13
642	9
643	9
644	13
645	10
646	11
647	10
648	9
649	18
650	11
651	8
652	10
653	14
654	17
655	14
656	9
657	13
658	10
659	15
660	12
661	7
662	9
663	7
664	15
665	11
666	7
667	11
668	13
669	11
670	10
671	11
672	8
673	13
674	7
675	12
676	10
677	13
678	8
679	15
680	9
681	9
682	9
683	11
684	7
685	12
686	15
687	14
688	12
689	10
690	18
691	8
692	14
693	13
694	16
695	14
696	10
697	16
698	6
699	8
700	9
701	9
702	8
703	12
704	11
705	14
706	15
707	15
708	12
709	21
710	14
711	20
712	5
713	13
714	14
715	8
716	18
717	16
718	14
719	16
720	8
721	12
722	17
723	12
724	11
725	17
726	15
727	16
728	16
729	10
730	16
731	9
732	9
733	15
734	13
735	19
736	17
737	19
738	15
739	15
740	14
741	7
742	18
743	9
744	14
745	18
746	15
747	18
748	15
749	17
750	13
751	9
752	20
753	11
754	15
755	16
756	16
757	22
758	19
759	9
760	13
761	22
762	15
763	26
764	17
765	15
766	18
767	16
768	21
769	18
770	12
771	18
772	15
773	12
774	12
775	26
776	26
777	10
778	10
779	19
780	26
781	11
782	27
783	11
784	15
785	16
786	23
787	18
788	22
789	19
790	17
791	23
792	28
793	22
794	16
795	13
796	20
797	21
798	21
799	22
800	23
801	29
802	18
803	13
804	15
805	21
806	29
807	18
808	26
809	25
810	22
811	16
812	28
813	21
814	26
815	19
816	22
817	28
818	36
819	29
820	23
821	17
822	33
823	30
824	33
825	15
826	24
827	23
828	18
829	21
830	25
831	18
832	32
833	22
834	18
835	20
836	22
837	27
838	16
839	22
840	30
841	29
842	22
843	28
844	27
845	27
846	19
847	28
848	27
849	23
850	29
851	23
852	29
853	19
854	24
855	21
856	21
857	24
858	23
859	30
860	23
861	19
862	26
863	26
864	21
865	23
866	23
867	19
868	18
869	26
870	25
871	25
872	19
873	23
874	29
875	23
876	35
877	21
878	33
879	32
880	30
881	25
882	25
883	28
884	23
885	20
886	25
887	25
888	23
889	23
890	19
891	23
892	23
893	26
894	19
895	18
896	24
897	13
898	26
899	15
900	24
901	33
902	21
903	25
904	21
905	20
906	25
907	18
908	12
909	28
910	17
911	21
912	25
913	22
914	22
915	22
916	27
917	20
918	18
919	19
920	15
921	12
922	18
923	27
924	18
925	22
926	23
927	22
928	23
929	19
930	17
931	20
932	21
933	27
934	17
935	18
936	23
937	13
938	13
939	16
940	15
941	21
942	19
943	19
944	19
945	16
946	14
947	20
948	19
949	24
950	19
951	24
952	20
953	20
954	24
955	18
956	23
957	25
958	20
959	26
960	17
961	13
962	19
963	22
964	20
965	22
966	19
967	15
968	20
969	14
970	23
971	17
972	13
973	11
974	22
975	19
976	26
977	20
978	13
979	12
980	16
981	27
982	17
983	22
984	19
985	22
986	22
987	14
988	22
989	20
990	16
991	18
992	11
993	17
994	19
995	18
996	17
997	17
998	14
999	18
1000	15
1001	21
1002	25
1003	23
1004	13
1005	16
1006	17
1007	15
1008	20
1009	20
1010	15
1011	22
1012	12
1013	17
1014	17
1015	12
1016	15
1017	26
1018	25
1019	14
1020	14
1021	18
1022	16
1023	13
1024	14
1025	26
1026	13
1027	14
1028	16
1029	15
1030	11
1031	9
1032	20
1033	14
1034	14
1035	13
1036	16
1037	17
1038	11
1039	23
1040	12
1041	19
1042	19
1043	14
1044	26
1045	23
1046	18
1047	15
1048	11
1049	12
1050	10
1051	21
1052	11
1053	13
1054	19
1055	15
1056	10
1057	15
1058	12
1059	17
1060	23
1061	20
1062	19
1063	18
1064	14
1065	17
1066	19
1067	19
1068	12
1069	16
1070	12
1071	14
1072	17
1073	12
1074	16
1075	15
1076	19
1077	15
1078	21
1079	18
1080	14
1081	17
1082	15
1083	15
1084	10
1085	16
1086	25
1087	15
1088	19
1089	19
1090	14
1091	11
1092	22
1093	22
1094	12
1095	22
1096	17
1097	10
1098	8
1099	12
1100	11
1101	13
1102	9
1103	11
1104	22
1105	14
1106	15
1107	14
1108	15
1109	14
1110	10
1111	9
1112	20
1113	18
1114	18
1115	15
1116	14
1117	18
1118	19
1119	14
1120	13
1121	31
1122	16
1123	14
1124	15
1125	17
1126	12
1127	20
1128	18
1129	27
1130	15
1131	11
1132	15
1133	18
1134	18
1135	8
1136	13
1137	24
1138	18
1139	14
1140	12
1141	16
1142	21
1143	15
1144	12
1145	12
1146	18
1147	12
1148	12
1149	10
1150	10
1151	13
1152	14
1153	13
1154	20
1155	11
1156	20
1157	14
1158	19
1159	27
1160	17
1161	18
1162	17
1163	13
1164	18
1165	19
1166	19
1167	19
1168	16
1169	17
1170	22
1171	11
1172	11
1173	10
1174	20
1175	14
1176	12
1177	19
1178	22
1179	18
1180	16
1181	18
1182	14
1183	15
1184	10
1185	10
1186	11
1187	12
1188	18
1189	23
1190	14
1191	20
1192	15
1193	28
1194	15
1195	21
1196	16
1197	14
1198	13
1199	12
1200	19
1201	14
1202	17
1203	16
1204	14
1205	15
1206	11
1207	22
1208	14
1209	25
1210	9
1211	21
1212	15
1213	16
1214	10
1215	19
1216	21
1217	17
1218	19
1219	23
1220	18
1221	18
1222	5
1223	19
1224	17
1225	17
1226	21
1227	17
1228	21
1229	17
1230	9
1231	14
1232	7
1233	16
1234	15
1235	19
1236	18
1237	21
1238	18
1239	10
1240	15
1241	14
1242	16
1243	8
1244	11
1245	24
1246	26
1247	19
1248	19
1249	13
1250	19
1251	21
1252	19
1253	21
1254	13
1255	7
1256	25
1257	17
1258	21
1259	27
1260	20
1261	20
1262	17
1263	25
1264	23
1265	13
1266	13
1267	21
1268	24
1269	17
1270	22
1271	23
1272	14
1273	19
1274	16
1275	26
1276	20
1277	14
1278	10
1279	11
1280	18
1281	26
1282	18
1283	22
1284	25
1285	22
1286	19
1287	20
1288	24
1289	15
1290	17
1291	15
1292	14
1293	10
1294	17
1295	22
1296	16
1297	13
1298	18
1299	20
1300	17
1301	21
1302	18
1303	13
1304	11
1305	22
1306	16
1307	11
1308	20
1309	13
1310	26
1311	20
1312	15
1313	13
1314	14
1315	18
1316	23
1317	15
1318	12
1319	22
1320	24
1321	14
1322	22
1323	17
1324	18
1325	16
1326	22
1327	12
1328	23
1329	15
1330	15
1331	17
1332	16
1333	14
1334	19
1335	19
1336	19
1337	21
1338	18
1339	14
1340	13
1341	13
1342	18
1343	16
1344	19
1345	18
1346	23
1347	17
1348	16
1349	14
1350	23
1351	15
1352	21
1353	17
1354	17
1355	18
1356	22
1357	16
1358	13
1359	13
1360	19
1361	16
1362	18
1363	15
1364	25
1365	17
1366	18
1367	20
1368	22
1369	17
1370	19
1371	23
1372	27
1373	21
1374	18
1375	16
1376	15
1377	20
1378	14
1379	20
1380	15
1381	22
1382	24
1383	25
1384	14
1385	19
1386	17
1387	24
1388	17
1389	17
1390	20
1391	20
1392	16
1393	25
1394	18
1395	12
1396	17
1397	20
1398	21
1399	22
1400	14
1401	20
1402	21
1403	29
1404	23
1405	19
1406	13
1407	16
1408	17
1409	13
1410	11
1411	29
1412	15
1413	25
1414	23
1415	15
1416	18
1417	12
1418	22
1419	16
1420	20
1421	27
1422	12
1423	21
1424	21
1425	17
1426	32
1427	14
1428	18
1429	28
1430	24
1431	14
1432	17
1433	13
1434	21
1435	32
1436	14
1437	20
1438	18
1439	18
1440	11
1441	18
1442	22
1443	23
1444	16
1445	17
1446	21
1447	26
1448	17
1449	21
1450	14
1451	19
1452	15
1453	19
1454	16
1455	18
1456	17
1457	9
1458	21
1459	22
1460	16
1461	18
1462	18
1463	14
1464	19
1465	19
1466	16
1467	18
1468	18
1469	23
1470	17
1471	16
1472	24
1473	19
1474	16
1475	11
1476	17
1477	20
1478	26
1479	20
1480	20
1481	16
1482	15
1483	18
1484	21
1485	23
1486	19
1487	28
1488	24
1489	24
1490	24
1491	26
1492	21
1493	20
1494	20
1495	22
1496	26
1497	24
1498	17
1499	16
1500	26
1501	21
1502	18
1503	23
1504	19
1505	23
1506	24
1507	16
1508	21
1509	22
1510	32
1511	21
1512	29
1513	21
1514	28
1515	19
1516	26
1517	20
1518	22
1519	18
1520	23
1521	14
1522	23
1523	17
1524	18
1525	24
1526	16
1527	20
1528	19
1529	16
1530	20
1531	19
1532	13
1533	24
1534	23
1535	20
1536	19
1537	26
1538	10
1539	31
1540	24
1541	16
1542	23
1543	18
1544	18
1545	21
1546	15
1547	22
1548	28
1549	32
1550	29
1551	21
1552	19
1553	21
1554	17
1555	14
1556	26
1557	22
1558	23
1559	16
1560	30
1561	17
1562	27
1563	31
1564	16
1565	22
1566	24
1567	22
1568	27
1569	17
1570	24
1571	23
1572	20
1573	21
1574	15
1575	19
1576	25
1577	14
1578	23
1579	19
1580	23
1581	17
1582	26
1583	23
1584	23
1585	18
1586	23
1587	20
1588	28
1589	18
1590	21
1591	17
1592	27
1593	23
1594	17
1595	24
1596	16
1597	18
1598	21
1599	21
1600	19
1601	31
1602	25
1603	22
1604	19
1605	22
1606	28
1607	24
1608	24
1609	17
1610	18
1611	22
1612	23
1613	24
1614	27
1615	19
1616	30
1617	24
1618	18
1619	23
1620	23
1621	12
1622	21
1623	17
1624	19
1625	20
1626	23
1627	27
1628	19
1629	17
1630	17
1631	23
1632	16
1633	18
1634	27
1635	23
1636	16
1637	21
1638	19
1639	15
1640	16
1641	28
1642	18
1643	28
1644	13
1645	21
1646	11
1647	25
1648	19
1649	22
1650	11
1651	22
1652	19
1653	33
1654	22
1655	23
1656	18
1657	20
1658	26
1659	28
1660	28
1661	26
1662	17
1663	23
1664	21
1665	29
1666	16
1667	29
1668	24
1669	35
1670	20
1671	19
1672	26
1673	22
1674	23
1675	34
1676	29
1677	21
1678	18
1679	20
1680	30
1681	19
1682	28
1683	29
1684	23
1685	24
1686	16
1687	20
1688	20
1689	16
1690	18
1691	29
1692	29
1693	14
1694	27
1695	20
1696	14
1697	19
1698	36
1699	24
1700	21
1701	20
1702	27
1703	20
1704	24
1705	25
1706	20
1707	16
1708	31
1709	29
1710	21
1711	19
1712	25
1713	21
1714	26
1715	27
1716	22
1717	24
1718	29
1719	25
1720	24
1721	25
1722	28
1723	31
1724	24
1725	19
1726	29
1727	23
1728	22
1729	15
1730	29
1731	21
1732	17
1733	30
1734	20
1735	21
1736	21
1737	17
1738	18
1739	18
1740	22
1741	22
1742	26
1743	19
1744	25
1745	27
1746	26
1747	17
1748	24
1749	24
1750	22
1751	26
1752	21
1753	19
1754	15
1755	21
1756	27
1757	25
1758	23
1759	27
1760	25
1761	17
1762	28
1763	29
1764	33
1765	27
1766	26
1767	26
1768	18
1769	22
1770	23
1771	35
1772	20
1773	32
1774	20
1775	30
1776	26
1777	24
1778	18
1779	26
1780	24
1781	25
1782	17
1783	30
1784	25
1785	20
1786	31
1787	29
1788	21
1789	24
1790	27
1791	26
1792	30
1793	19
1794	25
1795	24
1796	35
1797	21
1798	28
1799	16
1800	17
1801	22
1802	35
1803	33
1804	26
1805	23
1806	23
1807	18
1808	27
1809	20
1810	28
1811	19
1812	16
1813	18
1814	25
1815	18
1816	25
1817	22
1818	43
1819	21
1820	26
1821	21
1822	22
1823	27
1824	21
1825	15
1826	22
1827	20
1828	32
1829	18
1830	36
1831	22
1832	21
1833	31
1834	29
1835	26
1836	22
1837	21
1838	20
1839	24
1840	20
1841	26
1842	24
1843	29
1844	22
1845	20
1846	29
1847	23
1848	28
1849	21
1850	29
1851	20
1852	23
1853	26
1854	22
1855	16
1856	17
1857	21
1858	21
1859	24
1860	26
1861	24
1862	30
1863	17
1864	26
1865	19
1866	19
1867	35
1868	24
1869	23
1870	28
1871	31
1872	32
1873	18
1874	22
1875	16
1876	22
1877	33
1878	16
1879	28
1880	37
1881	14
1882	31
1883	18
1884	37
1885	23
1886	23
1887	34
1888	19
1889	27
1890	30
1891	22
1892	24
1893	18
1894	27
1895	33
1896	34
1897	33
1898	23
1899	33
1900	25
1901	29
1902	27
1903	34
1904	30
1905	27
1906	23
1907	27
1908	29
1909	25
1910	32
1911	21
1912	21
1913	27
1914	15
1915	25
1916	24
1917	29
1918	31
1919	30
1920	21
1921	20
1922	22
1923	32
1924	31
1925	26
1926	27
1927	23
1928	27
1929	29
1930	24
1931	31
1932	27
1933	27
1934	24
1935	27
1936	21
1937	20
1938	19
1939	26
1940	25
1941	29
1942	36
1943	31
1944	32
1945	28
1946	30
1947	19
1948	27
1949	27
1950	27
1951	33
1952	34
1953	24
1954	32
1955	23
1956	23
1957	26
1958	28
1959	30
1960	35
1961	15
1962	28
1963	39
1964	19
1965	34
1966	35
1967	33
1968	24
1969	30
1970	29
1971	33
1972	28
1973	26
1974	21
1975	25
1976	26
1977	28
1978	29
1979	31
1980	27
1981	33
1982	32
1983	25
1984	26
1985	35
1986	24
1987	32
1988	19
1989	22
1990	23
1991	24
1992	27
1993	27
1994	30
1995	21
1996	25
1997	20
1998	33
1999	24
2000	27
2001	30
2002	18
2003	21
2004	25
2005	29
2006	20
2007	37
2008	28
2009	37
2010	25
2011	25
2012	22
2013	35
2014	34
2015	26
2016	22
2017	20
2018	26
2019	19
2020	34
2021	25
2022	22
2023	23
2024	14
2025	27
2026	30
2027	27
2028	29
2029	25
2030	23
2031	20
2032	21
2033	32
2034	37
2035	26
2036	26
2037	23
2038	26
2039	35
2040	29
2041	31
2042	22
2043	29
2044	21
2045	39
2046	24
2047	29
2048	31
2049	34
2050	24
2051	21
2052	28
2053	27
2054	24
2055	27
2056	26
2057	29
2058	28
2059	31
2060	34
2061	22
2062	26
2063	27
2064	18
2065	32
2066	28
2067	35
2068	18
2069	26
2070	30
2071	19
2072	28
2073	31
2074	28
2075	28
2076	22
2077	25
2078	34
2079	23
2080	24
2081	27
2082	30
2083	33
2084	31
2085	32
2086	28
2087	33
2088	21
2089	23
2090	35
2091	35
2092	26
2093	27
2094	32
2095	37
2096	21
2097	30
2098	23
2099	28
2100	24
2101	24
2102	27
2103	29
2104	35
2105	34
2106	36
2107	33
2108	32
2109	27
2110	26
2111	17
2112	33
2113	24
2114	36
2115	26
2116	26
2117	32
2118	26
2119	40
2120	22
2121	40
2122	34
2123	27
2124	29
2125	39
2126	21
2127	29
2128	39
2129	36
2130	38
2131	31
2132	30
2133	37
2134	20
2135	34
2136	34
2137	32
2138	32
2139	37
2140	38
2141	26
2142	28
2143	37
2144	26
2145	31
2146	31
2147	27
2148	24
2149	35
2150	31
2151	28
2152	22
2153	35
2154	34
2155	21
2156	29
2157	29
2158	27
2159	29
2160	49
2161	20
2162	22
2163	27
2164	34
2165	34
2166	27
2167	21
2168	29
2169	28
2170	22
2171	37
2172	39
2173	27
2174	27
2175	40
2176	32
2177	28
2178	34
2179	29
2180	32
2181	35
2182	19
2183	27
2184	34
2185	33
2186	26
2187	37
2188	38
2189	38
2190	29
2191	40
2192	38
2193	34
2194	29
2195	38
2196	26
2197	48
2198	34
2199	28
2200	30
2201	31
2202	26
2203	33
2204	27
2205	25
2206	37
2207	33
2208	34
2209	34
2210	33
2211	27
2212	37
2213	28
2214	31
2215	30
2216	33
2217	44
2218	31
2219	34
2220	44
2221	39
2222	37
2223	34
2224	30
2225	26
2226	29
2227	31
2228	35
2229	43
2230	31
2231	39
2232	37
2233	28
2234	34
2235	40
2236	39
2237	39
2238	30
2239	35
2240	26
2241	37
2242	29
2243	38
2244	40
2245	30
2246	24
2247	45
2248	33
2249	32
2250	48
2251	32
2252	45
2253	30
2254	39
2255	44
2256	45
2257	37
2258	21
2259	37
2260	35
2261	39
2262	46
2263	37
2264	34
2265	46
2266	45
2267	33
2268	35
2269	39
2270	30
2271	31
2272	41
2273	35
2274	34
2275	34
2276	51
2277	44
2278	44
2279	31
2280	34
2281	29
2282	41
2283	35
2284	43
2285	36
2286	48
2287	39
2288	40
2289	32
2290	44
2291	43
2292	41
2293	41
2294	44
2295	43
2296	40
2297	48
2298	44
2299	46
2300	41
2301	40
2302	39
2303	41
2304	46
2305	57
2306	34
2307	43
2308	45
2309	38
2310	50
2311	53
2312	45
2313	46
2314	38
2315	48
2316	31
2317	47
2318	47
2319	44
2320	44
2321	31
2322	36
2323	49
2324	45
2325	59
2326	46
2327	40
2328	55
2329	35
2330	41
2331	44
2332	44
2333	47
2334	52
2335	46
2336	56
2337	40
2338	38
2339	36
2340	49
2341	50
2342	44
2343	49
2344	38
2345	51
2346	47
2347	40
2348	37
2349	43
2350	41
2351	51
2352	43
2353	38
2354	59
2355	43
2356	46
2357	46
2358	54
2359	39
2360	42
2361	42
2362	50
2363	43
2364	39
2365	57
2366	41
2367	41
2368	49
2369	50
2370	47
2371	52
2372	50
2373	38
2374	44
2375	50
2376	47
2377	46
2378	40
2379	55
2380	48
2381	49
2382	39
2383	53
2384	65
2385	50
2386	45
2387	52
2388	50
2389	47
2390	39
2391	41
2392	50
2393	31
2394	36
2395	47
2396	55
2397	50
2398	50
2399	65
2400	56
2401	51
2402	53
2403	48
2404	62
2405	53
2406	45
2407	37
2408	59
2409	52
2410	64
2411	53
2412	39
2413	56
2414	46
2415	49
2416	41
2417	53
2418	49
2419	58
2420	52
2421	55
2422	49
2423	58
2424	42
2425	46
2426	57
2427	47
2428	46
2429	52
2430	48
2431	52
2432	31
2433	44
2434	61
2435	45
2436	47
2437	57
2438	56
2439	53
2440	48
2441	49
2442	41
2443	61
2444	40
2445	43
2446	57
2447	54
2448	45
2449	51
2450	57
2451	54
2452	46
2453	60
2454	50
2455	57
2456	55
2457	51
2458	45
2459	58
2460	46
2461	52
2462	55
2463	45
2464	50
2465	41
2466	55
2467	47
2468	46
2469	50
2470	51
2471	47
2472	46
2473	36
2474	45
2475	50
2476	42
2477	45
2478	62
2479	46
2480	62
2481	60
2482	57
2483	59
2484	51
2485	47
2486	36
2487	49
2488	51
2489	48
2490	52
2491	56
2492	61
2493	42
2494	41
2495	52
2496	52
2497	47
2498	46
2499	46
2500	34
2501	30
2502	48
2503	41
2504	46
2505	71
2506	52
2507	43
2508	43
2509	55
2510	58
2511	43
2512	53
2513	50
2514	47
2515	61
2516	31
2517	47
2518	57
2519	46
2520	41
2521	41
2522	43
2523	36
2524	52
2525	54
2526	46
2527	48
2528	48
2529	45
2530	50
2531	52
2532	51
2533	43
2534	46
2535	47
2536	45
2537	52
2538	56
2539	40
2540	33
2541	42
2542	55
2543	42
2544	56
2545	54
2546	61
2547	52
2548	55
2549	35
2550	47
2551	33
2552	59
2553	52
2554	56
2555	45
2556	47
2557	46
2558	44
2559	46
2560	40
2561	42
2562	40
2563	45
2564	45
2565	42
2566	48
2567	40
2568	43
2569	49
2570	34
2571	57
2572	47
2573	35
2574	49
2575	39
2576	45
2577	47
2578	45
2579	39
2580	28
2581	58
2582	42
2583	43
2584	45
2585	48
2586	50
2587	44
2588	44
2589	54
2590	30
2591	35
2592	44
2593	36
2594	41
2595	47
2596	31
2597	45
2598	56
2599	37
2600	43
2601	35
2602	41
2603	45
2604	36
2605	40
2606	53
2607	43
2608	47
2609	39
2610	36
2611	36
2612	43
2613	44
2614	47
2615	44
2616	39
2617	47
2618	40
2619	32
2620	40
2621	37
2622	36
2623	44
2624	47
2625	30
2626	38
2627	51
2628	49
2629	53
2630	36
2631	45
2632	42
2633	34
2634	48
2635	43
2636	43
2637	29
2638	33
2639	35
2640	42
2641	44
2642	39
2643	36
2644	28
2645	49
2646	37
2647	33
2648	34
2649	32
2650	24
2651	35
2652	40
2653	42
2654	40
2655	42
2656	45
2657	40
2658	41
2659	36
2660	41
2661	36
2662	40
2663	44
2664	45
2665	34
2666	27
2667	33
2668	29
2669	38
2670	24
2671	36
2672	38
2673	45
2674	37
2675	40
2676	24
2677	30
2678	42
2679	42
2680	22
2681	32
2682	39
2683	34
2684	27
2685	35
2686	30
2687	34
2688	25
2689	41
2690	29
2691	32
2692	42
2693	33
2694	41
2695	36
2696	36
2697	49
2698	27
2699	38
2700	38
2701	33
2702	29
2703	36
2704	30
2705	37
2706	21
2707	33
2708	56
2709	41
2710	29
2711	32
2712	35
2713	45
2714	45
2715	31
2716	33
2717	34
2718	41
2719	37
2720	41
2721	42
2722	43
2723	31
2724	36
2725	37
2726	26
2727	38
2728	29
2729	28
2730	40
2731	28
2732	35
2733	39
2734	30
2735	34
2736	27
2737	35
2738	30
2739	25
2740	31
2741	32
2742	28
2743	21
2744	30
2745	28
2746	34
2747	29
2748	34
2749	30
2750	30
2751	32
2752	35
2753	35
2754	27
2755	32
2756	37
2757	29
2758	28
2759	22
2760	27
2761	28
2762	29
2763	30
2764	30
2765	25
2766	26
2767	30
2768	25
2769	30
2770	30
2771	28
2772	37
2773	28
2774	26
2775	28
2776	27
2777	23
2778	43
2779	31
2780	34
2781	36
2782	27
2783	27
2784	20
2785	20
2786	26
2787	23
2788	28
2789	31
2790	31
2791	30
2792	20
2793	22
2794	22
2795	27
2796	22
2797	38
2798	26
2799	24
2800	37
2801	28
2802	24
2803	23
2804	33
2805	26
2806	25
2807	23
2808	30
2809	26
2810	22
2811	17
2812	23
2813	30
2814	21
2815	31
2816	27
2817	14
2818	24
2819	22
2820	28
2821	33
2822	22
2823	23
2824	33
2825	26
2826	23
2827	29
2828	32
2829	28
2830	25
2831	30
2832	23
2833	25
2834	33
2835	23
2836	29
2837	22
2838	16
2839	21
2840	23
2841	25
2842	26
2843	24
2844	26
2845	20
2846	17
2847	23
2848	22
2849	13
2850	26
2851	20
2852	22
2853	19
2854	18
2855	29
2856	24
2857	16
2858	21
2859	18
2860	19
2861	31
2862	27
2863	18
2864	29
2865	22
2866	28
2867	27
2868	23
2869	27
2870	17
2871	28
2872	16
2873	25
2874	21
2875	27
2876	21
2877	20
2878	23
2879	27
2880	22
2881	23
2882	29
2883	21
2884	26
2885	20
2886	30
2887	17
2888	17
2889	17
2890	20
2891	11
2892	24
2893	30
2894	26
2895	17
2896	17
2897	24
2898	14
2899	29
2900	24
2901	23
2902	26
2903	25
2904	26
2905	22
2906	13
2907	28
2908	18
2909	31
2910	17
2911	15
2912	22
2913	22
2914	28
2915	15
2916	25
2917	18
2918	20
2919	16
2920	21
2921	26
2922	16
2923	21
2924	20
2925	26
2926	13
2927	20
2928	22
2929	17
2930	21
2931	22
2932	27
2933	18
2934	24
2935	21
2936	18
2937	20
2938	17
2939	18
2940	26
2941	16
2942	22
2943	17
2944	16
2945	20
2946	9
2947	29
2948	13
2949	24
2950	12
2951	17
2952	26
2953	20
2954	24
2955	20
2956	18
2957	20
2958	14
2959	14
2960	16
2961	16
2962	19
2963	21
2964	20
2965	10
2966	17
2967	23
2968	17
2969	13
2970	20
2971	22
2972	13
2973	10
2974	17
2975	16
2976	11
2977	13
2978	19
2979	18
2980	15
2981	20
2982	17
2983	24
2984	25
2985	21
2986	26
2987	26
2988	21
2989	10
2990	24
2991	16
2992	22
2993	12
2994	18
2995	20
2996	19
2997	12
2998	18
2999	18
3000	20
3001	15
3002	21
3003	14
3004	14
3005	21
3006	14
3007	18
3008	12
3009	17
3010	27
3011	16
3012	16
3013	19
3014	21
3015	23
3016	24
3017	20
3018	16
3019	18
3020	16
3021	17
3022	20
3023	17
3024	14
3025	11
3026	18
3027	21
3028	17
3029	21
3030	21
3031	16
3032	21
3033	16
3034	22
3035	19
3036	23
3037	16
3038	21
3039	16
3040	18
3041	20
3042	22
3043	10
3044	15
3045	17
3046	15
3047	18
3048	14
3049	13
3050	25
3051	11
3052	12
3053	25
3054	15
3055	25
3056	9
3057	20
3058	16
3059	22
3060	15
3061	18
3062	13
3063	15
3064	18
3065	10
3066	12
3067	9
3068	18
3069	17
3070	16
3071	21
3072	16
3073	17
3074	18
3075	16
3076	18
3077	14
3078	15
3079	14
3080	14
3081	20
3082	21
3083	17
3084	14
3085	15
3086	22
3087	23
3088	18
3089	16
3090	17
3091	19
3092	14
3093	19
3094	16
3095	13
3096	21
3097	18
3098	18
3099	12
3100	18
3101	18
3102	20
3103	18
3104	16
3105	20
3106	14
3107	13
3108	16
3109	15
3110	15
3111	15
3112	11
3113	12
3114	20
3115	15
3116	15
3117	9
3118	17
3119	12
3120	14
3121	17
3122	12
3123	12
3124	16
3125	14
3126	18
3127	14
3128	17
3129	20
3130	15
3131	18
3132	12
3133	11
3134	19
3135	15
3136	14
3137	17
3138	26
3139	15
3140	19
3141	13
3142	14
3143	15
3144	13
3145	16
3146	14
3147	12
3148	14
3149	23
3150	12
3151	14
3152	11
3153	13
3154	14
3155	12
3156	11
3157	10
3158	19
3159	19
3160	14
3161	14
3162	13
3163	10
3164	20
3165	16
3166	20
3167	20
3168	12
3169	20
3170	17
3171	11
3172	14
3173	21
3174	13
3175	12
3176	11
3177	12
3178	19
3179	14
3180	18
3181	16
3182	20
3183	13
3184	20
3185	9
3186	13
3187	19
3188	14
3189	11
3190	14
3191	18
3192	24
3193	14
3194	19
3195	12
3196	7
3197	7
3198	10
3199	13
3200	18
3201	10
3202	13
3203	14
3204	14
3205	13
3206	16
3207	10
3208	15
3209	17
3210	11
3211	17
3212	11
3213	9
3214	13
3215	15
3216	14
3217	10
3218	14
3219	12
3220	6
3221	9
3222	17
3223	12
3224	20
3225	12
3226	13
3227	10
3228	15
3229	16
3230	14
3231	15
3232	20
3233	8
3234	15
3235	19
3236	12
3237	12
3238	8
3239	13
3240	12
3241	11
3242	14
3243	10
3244	11
3245	7
3246	9
3247	19
3248	17
3249	8
3250	15
3251	10
3252	7
3253	8
3254	12
3255	12
3256	14
3257	20
3258	12
3259	9
3260	13
3261	10
3262	16
3263	13
3264	14
3265	12
3266	10
3267	9
3268	14
3269	8
3270	14
3271	14
3272	18
3273	14
3274	9
3275	11
3276	8
3277	12
3278	13
3279	13
3280	14
3281	15
3282	13
3283	13
3284	15
3285	15
3286	11
3287	12
3288	10
3289	15
3290	8
3291	12
3292	2
3293	11
3294	11
3295	7
3296	16
3297	10
3298	9
3299	17
3300	12
3301	10
3302	16
3303	10
3304	11
3305	10
3306	14
3307	11
3308	20
3309	12
3310	13
3311	5
3312	8
3313	10
3314	14
3315	11
3316	15
3317	12
3318	14
3319	17
3320	9
3321	13
3322	10
3323	11
3324	11
3325	8
3326	10
3327	12
3328	16
3329	16
3330	13
3331	4
3332	9
3333	12
3334	12
3335	10
3336	4
3337	17
3338	16
3339	7
3340	10
3341	16
3342	12
3343	16
3344	11
3345	14
3346	7
3347	10
3348	7
3349	8
3350	12
3351	13
3352	16
3353	9
3354	20
3355	11
3356	8
3357	9
3358	9
3359	8
3360	16
3361	10
3362	16
3363	18
3364	14
3365	11
3366	12
3367	13
3368	10
3369	11
3370	7
3371	13
3372	11
3373	8
3374	9
3375	8
3376	10
3377	13
3378	10
3379	12
3380	7
3381	12
3382	10
3383	11
3384	11
3385	12
3386	11
3387	9
3388	10
3389	11
3390	15
3391	10
3392	9
3393	9
3394	11
3395	12
3396	19
3397	10
3398	6
3399	13
3400	13
3401	10
3402	12
3403	12
3404	12
3405	7
3406	13
3407	13
3408	17
3409	14
3410	9
3411	11
3412	10
3413	11
3414	15
3415	15
3416	8
3417	13
3418	10
3419	6
3420	13
3421	13
3422	14
3423	4
3424	10
3425	20
3426	9
3427	6
3428	8
3429	7
3430	5
3431	8
3432	9
3433	15
3434	10
3435	15
3436	12
3437	14
3438	18
3439	9
3440	8
3441	15
3442	8
3443	12
3444	12
3445	14
3446	14
3447	16
3448	10
3449	9
3450	7
3451	10
3452	17
3453	17
3454	9
3455	9
3456	10
3457	12
3458	13
3459	15
3460	6
3461	9
3462	11
3463	16
3464	11
3465	11
3466	9
3467	9
3468	8
3469	9
3470	13
3471	10
3472	11
3473	16
3474	8
3475	7
3476	10
3477	11
3478	21
3479	14
3480	12
3481	11
3482	11
3483	11
3484	16
3485	16
3486	11
3487	7
3488	11
3489	8
3490	12
3491	10
3492	12
3493	17
3494	12
3495	14
3496	8
3497	17
3498	14
3499	12
3500	14
3501	8
3502	14
3503	5
3504	9
3505	7
3506	4
3507	5
3508	9
3509	10
3510	18
3511	5
3512	5
3513	8
3514	11
3515	6
3516	8
3517	10
3518	11
3519	8
3520	10
3521	13
3522	12
3523	16
3524	9
3525	9
3526	10
3527	12
3528	10
3529	15
3530	8
3531	14
3532	9
3533	8
3534	2
3535	14
3536	12
3537	8
3538	14
3539	8
3540	8
3541	9
3542	8
3543	6
3544	9
3545	10
3546	13
3547	12
3548	14
3549	8
3550	14
3551	8
3552	10
3553	10
3554	10
3555	10
3556	10
3557	4
3558	11
3559	7
3560	10
3561	6
3562	14
3563	12
3564	11
3565	10
3566	5
3567	7
3568	14
3569	8
3570	10
3571	4
3572	12
3573	14
3574	10
3575	7
3576	9
3577	14
3578	16
3579	7
3580	7
3581	8
3582	6
3583	14
3584	14
3585	14
3586	9
3587	10
3588	11
3589	7
3590	5
3591	10
3592	9
3593	8
3594	11
3595	8
3596	11
3597	10
3598	8
3599	6
3600	10
3601	12
3602	6
3603	7
3604	12
3605	11
3606	12
3607	8
3608	12
3609	10
3610	11
3611	11
3612	13
3613	8
3614	10
3615	11
3616	10
3617	14
3618	8
3619	14
3620	10
3621	6
3622	16
3623	18
3624	9
3625	7
3626	8
3627	11
3628	8
3629	9
3630	9
3631	5
3632	4
3633	11
3634	9
3635	9
3636	11
3637	9
3638	10
3639	9
3640	10
3641	10
3642	8
3643	6
3644	13
3645	19
3646	9
3647	9
3648	8
3649	7
3650	12
3651	8
3652	11
3653	10
3654	8
3655	11
3656	12
3657	12
3658	9
3659	11
3660	4
3661	7
3662	6
3663	12
3664	9
3665	9
3666	15
3667	6
3668	9
3669	13
3670	9
3671	12
3672	8
3673	6
3674	10
3675	10
3676	11
3677	11
3678	9
3679	6
3680	15
3681	6
3682	10
3683	15
3684	20
3685	7
3686	7
3687	13
3688	6
3689	12
3690	10
3691	7
3692	13
3693	7
3694	9
3695	9
3696	10
3697	9
3698	15
3699	12
3700	12
3701	8
3702	7
3703	9
3704	9
3705	5
3706	12
3707	6
3708	7
3709	10
3710	13
3711	4
3712	17
3713	13
3714	8
3715	13
3716	5
3717	10
3718	12
3719	15
3720	11
3721	9
3722	6
3723	11
3724	6
3725	9
3726	8
3727	11
3728	12
3729	9
3730	9
3731	11
3732	7
3733	8
3734	10
3735	10
3736	10
3737	8
3738	11
3739	8
3740	11
3741	12
3742	9
3743	14
3744	8
3745	8
3746	6
3747	3
3748	6
3749	12
3750	9
3751	9
3752	7
3753	10
3754	6
3755	13
3756	10
3757	6
3758	8
3759	7
3760	7
3761	12
3762	10
3763	7
3764	12
3765	9
3766	3
3767	5
3768	7
3769	6
3770	6
3771	9
3772	6
3773	9
3774	10
3775	7
3776	9
3777	5
3778	6
3779	10
3780	7
3781	6
3782	14
3783	7
3784	9
3785	5
3786	8
3787	6
3788	10
3789	12
3790	10
3791	10
3792	6
3793	8
3794	14
3795	9
3796	9
3797	6
3798	8
3799	4
3800	10
3801	7
3802	7
3803	6
3804	11
3805	4
3806	9
3807	4
3808	13
3809	12
3810	5
3811	6
3812	14
3813	10
3814	8
3815	14
3816	14
3817	2
3818	11
3819	8
3820	3
3821	9
3822	7
3823	15
3824	10
3825	10
3826	4
3827	13
3828	11
3829	7
3830	6
3831	10
3832	11
3833	8
3834	11
3835	9
3836	10
3837	9
3838	6
3839	9
3840	9
3841	15
3842	6
3843	13
3844	11
3845	4
3846	13
3847	7
3848	8
3849	7
3850	8
3851	9
3852	16
3853	3
3854	10
3855	8
3856	10
3857	4
3858	8
3859	13
3860	13
3861	7
3862	6
3863	11
3864	11
3865	6
3866	5
3867	6
3868	8
3869	4
3870	13
3871	2
3872	3
3873	10
3874	7
3875	8
3876	9
3877	14
3878	9
3879	8
3880	11
3881	8
3882	6
3883	11
3884	8
3885	10
3886	10
3887	8
3888	14
3889	3
3890	7
3891	8
3892	9
3893	10
3894	11
3895	16
3896	11
3897	5
3898	10
3899	11
3900	4
3901	4
3902	5
3903	9
3904	7
3905	8
3906	8
3907	10
3908	12
3909	6
3910	6
3911	3
3912	12
3913	9
3914	3
3915	7
3916	8
3917	3
3918	7
3919	13
3920	7
3921	8
3922	14
3923	9
3924	7
3925	8
3926	10
3927	7
3928	9
3929	12
3930	8
3931	7
3932	14
3933	9
3934	7
3935	8
3936	12
3937	7
3938	10
3939	13
3940	10
3941	9
3942	8
3943	6
3944	10
3945	9
3946	9
3947	12
3948	12
3949	6
3950	12
3951	7
3952	5
3953	6
3954	9
3955	2
3956	8
3957	11
3958	6
3959	6
3960	9
3961	3
3962	12
3963	8
3964	7
3965	6
3966	10
3967	8
3968	6
3969	3
3970	6
3971	9
3972	8
3973	6
3974	7
3975	10
3976	5
3977	5
3978	5
3979	9
3980	11
3981	9
3982	9
3983	3
3984	7
3985	8
3986	8
3987	10
3988	8
3989	10
3990	5
3991	6
3992	5
3993	8
3994	9
3995	6
3996	6
3997	12
3998	5
3999	12
4000	2
4001	9
4002	6
4003	14
4004	7
4005	9
4006	8
4007	5
4008	12
4009	5
4010	6
4011	7
4012	11
4013	8
4014	4
4015	7
4016	13
4017	7
4018	8
4019	6
4020	7
4021	4
4022	6
4023	5
4024	10
4025	9
4026	9
4027	6
4028	8
4029	4
4030	7
4031	9
4032	8
4033	13
4034	9
4035	9
4036	8
4037	7
4038	10
4039	4
4040	6
4041	7
4042	7
4043	4
4044	8
4045	10
4046	9
4047	4
4048	6
4049	2
4050	7
4051	9
4052	10
4053	4
4054	6
4055	12
4056	13
4057	6
4058	9
4059	9
4060	16
4061	11
4062	5
4063	15
4064	5
4065	3
4066	6
4067	5
4068	8
4069	8
4070	4
4071	8
4072	7
4073	8
4074	7
4075	10
4076	9
4077	5
4078	13
4079	9
4080	2
4081	9
4082	5
4083	11
4084	8
4085	7
4086	4
4087	8
4088	13
4089	5
4090	10
4091	7
4092	9
4093	12
4094	6
4095	4
4096	9
4097	10
4098	8
4099	11
4100	6
4101	5
4102	6
4103	6
4104	4
4105	6
4106	6
4107	12
4108	8
4109	7
4110	9
4111	7
4112	4
4113	8
4114	14
4115	7
4116	6
4117	7
4118	16
4119	8
4120	12
4121	4
4122	4
4123	4
4124	9
4125	5
4126	7
4127	8
4128	8
4129	10
4130	7
4131	8
4132	7
4133	3
4134	8
4135	1
4136	10
4137	6
4138	9
4139	8
4140	3
4141	6
4142	7
4143	8
4144	12
4145	6
4146	9
4147	8
4148	6
4149	4
4150	9
4151	7
4152	7
4153	13
4154	8
4155	11
4156	8
4157	13
4158	7
4159	7
4160	4
4161	7
4162	8
4163	10
4164	8
4165	7
4166	11
4167	9
4168	12
4169	5
4170	3
4171	12
4172	6
4173	6
4174	9
4175	11
4176	9
4177	6
4178	7
4179	7
4180	8
4181	7
4182	8
4183	9
4184	8
4185	3
4186	6
4187	3
4188	11
4189	9
4190	6
4191	9
4192	4
4193	7
4194	7
4195	8
4196	9
4197	7
4198	6
4199	9
4200	8
4201	8
4202	4
4203	7
4204	1
4205	6
4206	8
4207	13
4208	8
4209	7
4210	4
4211	9
4212	6
4213	10
4214	8
4215	12
4216	7
4217	4
4218	9
4219	7
4220	8
4221	5
4222	6
4223	7
4224	5
4225	8
4226	5
4227	8
4228	7
4229	6
4230	10
4231	10
4232	8
4233	12
4234	7
4235	8
4236	8
4237	10
4238	3
4239	6
4240	7
4241	8
4242	9
4243	8
4244	12
4245	4
4246	7
4247	4
4248	10
4249	8
4250	9
4251	5
4252	9
4253	8
4254	4
4255	16
4256	14
4257	7
4258	8
4259	7
4260	11
4261	6
4262	10
4263	8
4264	9
4265	5
4266	11
4267	7
4268	13
4269	5
4270	3
4271	8
4272	5
4273	10
4274	6
4275	8
4276	3
4277	4
4278	6
4279	10
4280	7
4281	15
4282	4
4283	3
4284	7
4285	3
4286	9
4287	11
4288	8
4289	10
4290	5
4291	5
4292	10
4293	7
4294	7
4295	11
4296	11
4297	8
4298	7
4299	4
4300	8
4301	5
4302	3
4303	11
4304	12
4305	9
4306	9
4307	5
4308	4
4309	13
4310	5
4311	9
4312	11
4313	9
4314	9
4315	9
4316	6
4317	13
4318	6
4319	6
4320	8
4321	10
4322	13
4323	6
4324	10
4325	10
4326	12
4327	4
4328	16
4329	4
4330	8
4331	4
4332	13
4333	5
4334	9
4335	6
4336	5
4337	8
4338	1
4339	5
4340	9
4341	7
4342	4
4343	8
4344	9
4345	6
4346	8
4347	7
4348	6
4349	9
4350	7
4351	9
4352	7
4353	9
4354	11
4355	10
4356	10
4357	8
4358	6
4359	5
4360	6
4361	9
4362	8
4363	11
4364	18
4365	9
4366	6
4367	7
4368	5
4369	7
4370	9
4371	7
4372	7
4373	8
4374	10
4375	6
4376	10
4377	9
4378	8
4379	10
4380	3
4381	4
4382	9
4383	5
4384	7
4385	10
4386	7
4387	8
4388	7
4389	16
4390	9
4391	10
4392	8
4393	11
4394	6
4395	12
4396	11
4397	11
4398	10
4399	9
4400	7
4401	8
4402	7
4403	12
4404	7
4405	8
4406	11
4407	10
4408	7
4409	4
4410	5
4411	8
4412	12
4413	6
4414	10
4415	8
4416	12
4417	8
4418	11
4419	12
4420	6
4421	11
4422	5
4423	11
4424	10
4425	8
4426	7
4427	11
4428	8
4429	5
4430	16
4431	10
4432	9
4433	10
4434	5
4435	3
4436	12
4437	7
4438	6
4439	12
4440	8
4441	12
4442	15
4443	4
4444	7
4445	11
4446	12
4447	9
4448	8
4449	7
4450	11
4451	7
4452	13
4453	15
4454	14
4455	8
4456	11
4457	11
4458	4
4459	5
4460	7
4461	11
4462	10
4463	10
4464	7
4465	10
4466	12
4467	7
4468	6
4469	12
4470	10
4471	9
4472	7
4473	11
4474	11
4475	8
4476	16
4477	5
4478	7
4479	16
4480	9
4481	15
4482	9
4483	7
4484	8
4485	8
4486	9
4487	10
4488	14
4489	12
4490	8
4491	9
4492	16
4493	9
4494	8
4495	10
4496	11
4497	6
4498	5
4499	11
4500	12
4501	8
4502	11
4503	8
4504	10
4505	9
4506	8
4507	9
4508	11
4509	9
4510	6
4511	13
4512	9
4513	6
4514	8
4515	16
4516	6
4517	7
4518	12
4519	13
4520	8
4521	11
4522	13
4523	9
4524	15
4525	16
4526	12
4527	14
4528	8
4529	10
4530	6
4531	10
4532	9
4533	16
4534	21
4535	18
4536	15
4537	16
4538	11
4539	14
4540	11
4541	13
4542	9
4543	17
4544	9
4545	13
4546	8
4547	18
4548	11
4549	12
4550	12
4551	12
4552	14
4553	9
4554	6
4555	17
4556	9
4557	12
4558	7
4559	15
4560	9
4561	12
4562	11
4563	13
4564	15
4565	5
4566	19
4567	15
4568	9
4569	8
4570	13
4571	12
4572	7
4573	17
4574	13
4575	12
4576	5
4577	17
4578	17
4579	13
4580	12
4581	11
4582	10
4583	18
4584	17
4585	13
4586	8
4587	17
4588	13
4589	11
4590	14
4591	12
4592	14
4593	15
4594	11
4595	8
4596	16
4597	12
4598	8
4599	12
4600	16
4601	13
4602	15
4603	14
4604	20
4605	19
4606	15
4607	14
4608	11
4609	7
4610	9
4611	9
4612	15
4613	20
4614	12
4615	12
4616	12
4617	9
4618	14
4619	17
4620	11
4621	17
4622	18
4623	14
4624	17
4625	4
4626	10
4627	16
4628	9
4629	11
4630	7
4631	15
4632	10
4633	15
4634	14
4635	12
4636	19
4637	16
4638	8
4639	14
4640	5
4641	12
4642	13
4643	11
4644	12
4645	9
4646	18
4647	15
4648	21
4649	17
4650	9
4651	13
4652	12
4653	16
4654	18
4655	12
4656	17
4657	18
4658	10
4659	10
4660	11
4661	10
4662	7
4663	10
4664	13
4665	20
4666	6
4667	7
4668	15
4669	12
4670	18
4671	16
4672	14
4673	10
4674	14
4675	15
4676	15
4677	14
4678	11
4679	24
4680	18
4681	14
4682	14
4683	16
4684	21
4685	10
4686	15
4687	14
4688	15
4689	13
4690	11
4691	17
4692	17
4693	16
4694	12
4695	17
4696	10
4697	11
4698	15
4699	18
4700	13
4701	16
4702	12
4703	19
4704	18
4705	15
4706	13
4707	10
4708	17
4709	15
4710	19
4711	17
4712	17
4713	12
4714	22
4715	12
4716	12
4717	26
4718	11
4719	17
4720	19
4721	13
4722	19
4723	15
4724	8
4725	17
4726	19
4727	13
4728	18
4729	17
4730	17
4731	13
4732	19
4733	17
4734	14
4735	15
4736	16
4737	13
4738	15
4739	13
4740	17
4741	21
4742	10
4743	14
4744	16
4745	16
4746	15
4747	17
4748	7
4749	18
4750	13
4751	18
4752	15
4753	13
4754	19
4755	17
4756	19
4757	14
4758	22
4759	22
4760	9
4761	17
4762	13
4763	12
4764	13
4765	14
4766	10
4767	16
4768	16
4769	22
4770	25
4771	9
4772	18
4773	17
4774	14
4775	16
4776	9
4777	11
4778	19
4779	14
4780	20
4781	9
4782	24
4783	16
4784	13
4785	9
4786	14
4787	21
4788	9
4789	20
4790	20
4791	19
4792	15
4793	18
4794	22
4795	15
4796	26
4797	19
4798	28
4799	14
4800	18
4801	11
4802	17
4803	17
4804	12
4805	19
4806	11
4807	15
4808	14
4809	16
4810	21
4811	22
4812	17
4813	13
4814	20
4815	20
4816	19
4817	22
4818	28
4819	18
4820	24
4821	15
4822	25
4823	23
4824	26
4825	20
4826	26
4827	14
4828	16
4829	18
4830	8
4831	23
4832	14
4833	21
4834	23
4835	24
4836	18
4837	20
4838	16
4839	32
4840	24
4841	20
4842	11
4843	12
4844	23
4845	25
4846	22
4847	19
4848	23
4849	31
4850	13
4851	14
4852	31
4853	22
4854	23
4855	24
4856	21
4857	12
4858	22
4859	17
4860	19
4861	20
4862	22
4863	15
4864	21
4865	26
4866	17
4867	16
4868	12
4869	18
4870	18
4871	17
4872	21
4873	18
4874	13
4875	21
4876	23
4877	18
4878	18
4879	21
4880	17
4881	25
4882	23
4883	25
4884	23
4885	17
4886	15
4887	33
4888	24
4889	15
4890	26
4891	17
4892	20
4893	29
4894	20
4895	21
4896	28
4897	9
4898	19
4899	18
4900	29
4901	24
4902	23
4903	18
4904	13
4905	25
4906	16
4907	18
4908	26
4909	19
4910	18
4911	25
4912	21
4913	12
4914	22
4915	22
4916	13
4917	18
4918	18
4919	16
4920	20
4921	25
4922	16
4923	16
4924	19
4925	17
4926	20
4927	26
4928	15
4929	32
4930	25
4931	11
4932	22
4933	26
4934	27
4935	14
4936	17
4937	27
4938	24
4939	22
4940	25
4941	29
4942	25
4943	17
4944	19
4945	13
4946	15
4947	25
4948	23
4949	24
4950	30
4951	24
4952	18
4953	18
4954	27
4955	18
4956	16
4957	20
4958	21
4959	21
4960	24
4961	14
4962	20
4963	20
4964	21
4965	22
4966	29
4967	27
4968	22
4969	27
4970	24
4971	29
4972	22
4973	24
4974	17
4975	21
4976	17
4977	25
4978	16
4979	16
4980	21
4981	18
4982	23
4983	26
4984	28
4985	15
4986	21
4987	20
4988	16
4989	25
4990	20
4991	22
4992	14
4993	21
4994	23
4995	30
4996	21
4997	25
4998	17
4999	32
5000	20
5001	20
5002	19
5003	19
5004	26
5005	21
5006	22
5007	28
5008	27
5009	21
5010	20
5011	25
5012	24
5013	35
5014	17
5015	18
5016	18
5017	25
5018	20
5019	19
5020	19
5021	20
5022	25
5023	21
5024	15
5025	22
5026	22
5027	22
5028	27
5029	30
5030	17
5031	15
5032	22
5033	21
5034	23
5035	20
5036	30
5037	24
5038	19
5039	19
5040	23
5041	19
5042	23
5043	27
5044	14
5045	27
5046	24
5047	29
5048	22
5049	21
5050	16
5051	17
5052	19
5053	27
5054	18
5055	13
5056	22
5057	27
5058	23
5059	33
5060	17
5061	16
5062	15
5063	27
5064	14
5065	20
5066	15
5067	20
5068	20
5069	18
5070	18
5071	20
5072	26
5073	21
5074	23
5075	17
5076	24
5077	18
5078	26
5079	13
5080	25
5081	17
5082	20
5083	31
5084	21
5085	26
5086	30
5087	20
5088	20
5089	24
5090	23
5091	21
5092	16
5093	16
5094	22
5095	21
5096	36
5097	27
5098	23
5099	21
5100	22
5101	25
5102	15
5103	21
5104	28
5105	18
5106	16
5107	22
5108	29
5109	23
5110	17
5111	16
5112	25
5113	23
5114	19
5115	17
5116	23
5117	28
5118	15
5119	21
5120	22
5121	21
5122	24
5123	26
5124	20
5125	20
5126	35
5127	19
5128	14
5129	24
5130	14
5131	17
5132	19
5133	18
5134	26
5135	25
5136	27
5137	21
5138	24
5139	15
5140	18
5141	27
5142	23
5143	24
5144	19
5145	21
5146	26
5147	24
5148	21
5149	21
5150	20
5151	16
5152	8
5153	21
5154	36
5155	28
5156	21
5157	22
5158	19
5159	19
5160	18
5161	29
5162	21
5163	20
5164	27
5165	21
5166	30
5167	16
5168	15
5169	18
5170	21
5171	20
5172	15
5173	25
5174	20
5175	19
5176	27
5177	23
5178	21
5179	19
5180	27
5181	18
5182	24
5183	24
5184	20
5185	21
5186	18
5187	17
5188	20
5189	26
5190	22
5191	15
5192	34
5193	23
5194	14
5195	22
5196	15
5197	20
5198	26
5199	20
5200	26
5201	22
5202	20
5203	19
5204	25
5205	18
5206	26
5207	21
5208	15
5209	18
5210	29
5211	14
5212	23
5213	18
5214	17
5215	20
5216	15
5217	16
5218	18
5219	16
5220	22
5221	24
5222	21
5223	19
5224	26
5225	21
5226	27
5227	20
5228	21
5229	20
5230	18
5231	17
5232	16
5233	22
5234	21
5235	21
5236	24
5237	27
5238	24
5239	29
5240	24
5241	24
5242	24
5243	15
5244	23
5245	22
5246	27
5247	18
5248	30
5249	25
5250	19
5251	25
5252	19
5253	25
5254	13
5255	27
5256	17
5257	12
5258	24
5259	21
5260	16
5261	18
5262	15
5263	21
5264	13
5265	30
5266	18
5267	25
5268	20
5269	14
5270	28
5271	22
5272	21
5273	27
5274	21
5275	20
5276	15
5277	20
5278	21
5279	15
5280	26
5281	25
5282	18
5283	17
5284	21
5285	23
5286	20
5287	17
5288	25
5289	18
5290	28
5291	13
5292	18
5293	17
5294	23
5295	24
5296	29
5297	15
5298	25
5299	18
5300	20
5301	19
5302	30
5303	21
5304	14
5305	19
5306	16
5307	26
5308	16
5309	17
5310	20
5311	19
5312	19
5313	17
5314	24
5315	20
5316	12
5317	17
5318	11
5319	25
5320	21
5321	20
5322	22
5323	17
5324	13
5325	21
5326	16
5327	18
5328	19
5329	24
5330	19
5331	22
5332	27
5333	11
5334	12
5335	9
5336	17
5337	14
5338	14
5339	25
5340	20
5341	24
5342	14
5343	29
5344	14
5345	22
5346	19
5347	24
5348	12
5349	20
5350	13
5351	18
5352	23
5353	13
5354	14
5355	13
5356	27
5357	14
5358	14
5359	19
5360	18
5361	20
5362	14
5363	15
5364	16
5365	13
5366	20
5367	22
5368	21
5369	15
5370	14
5371	13
5372	13
5373	17
5374	16
5375	13
5376	13
5377	19
5378	19
5379	22
5380	14
5381	16
5382	15
5383	19
5384	12
5385	19
5386	18
5387	13
5388	17
5389	16
5390	12
5391	15
5392	13
5393	20
5394	20
5395	14
5396	20
5397	12
5398	12
5399	16
5400	14
5401	16
5402	8
5403	16
5404	15
5405	15
5406	15
5407	20
5408	15
5409	16
5410	14
5411	15
5412	19
5413	11
5414	15
5415	21
5416	17
5417	12
5418	12
5419	17
5420	19
5421	12
5422	15
5423	12
5424	16
5425	13
5426	16
5427	14
5428	12
5429	8
5430	12
5431	17
5432	12
5433	13
5434	16
5435	8
5436	8
5437	17
5438	13
5439	14
5440	16
5441	13
5442	13
5443	11
5444	13
5445	13
5446	16
5447	12
5448	16
5449	9
5450	8
5451	12
5452	15
5453	13
5454	13
5455	8
5456	20
5457	9
5458	12
5459	10
5460	18
5461	14
5462	13
5463	12
5464	11
5465	12
5466	18
5467	10
5468	12
5469	15
5470	8
5471	18
5472	15
5473	13
5474	22
5475	6
5476	10
5477	10
5478	19
5479	14
5480	14
5481	12
5482	14
5483	10
5484	10
5485	20
5486	12
5487	8
5488	10
5489	15
5490	18
5491	10
5492	8
5493	14
5494	19
5495	10
5496	13
5497	16
5498	17
5499	10
5500	9
5501	13
5502	14
5503	12
5504	12
5505	10
5506	7
5507	14
5508	11
5509	12
5510	7
5511	13
5512	15
5513	14
5514	19
5515	13
5516	9
5517	12
5518	9
5519	11
5520	13
5521	11
5522	7
5523	10
5524	11
5525	12
5526	6
5527	5
5528	9
5529	12
5530	7
5531	14
5532	11
5533	17
5534	10
5535	16
5536	11
5537	12
5538	16
5539	11
5540	8
5541	11
5542	7
5543	12
5544	11
5545	16
5546	9
5547	10
5548	7
5549	11
5550	7
5551	10
5552	7
5553	8
5554	10
5555	9
5556	9
5557	10
5558	12
5559	10
5560	5
5561	15
5562	12
5563	7
5564	9
5565	9
5566	10
5567	12
5568	11
5569	14
5570	6
5571	12
5572	11
5573	7
5574	7
5575	12
5576	10
5577	13
5578	4
5579	14
5580	7
5581	16
5582	15
5583	10
5584	10
5585	12
5586	14
5587	12
5588	10
5589	13
5590	9
5591	12
5592	11
5593	8
5594	10
5595	13
5596	6
5597	5
5598	11
5599	14
5600	9
5601	14
5602	9
5603	13
5604	11
5605	7
5606	14
5607	14
5608	8
5609	13
5610	5
5611	10
5612	8
5613	8
5614	8
5615	5
5616	11
5617	7
5618	10
5619	6
5620	11
5621	14
5622	9
5623	13
5624	5
5625	13
5626	12
5627	10
5628	13
5629	11
5630	10
5631	10
5632	8
5633	8
5634	6
5635	9
5636	13
5637	6
5638	12
5639	9
5640	8
5641	6
5642	8
5643	11
5644	6
5645	10
5646	10
5647	4
5648	12
5649	8
5650	6
5651	5
5652	9
5653	12
5654	5
5655	5
5656	7
5657	6
5658	14
5659	13
5660	6
5661	13
5662	8
5663	9
5664	6
5665	11
5666	8
5667	6
5668	11
5669	6
5670	3
5671	13
5672	9
5673	8
5674	5
5675	10
5676	11
5677	2
5678	12
5679	10
5680	10
5681	9
5682	7
5683	6
5684	9
5685	9
5686	6
5687	11
5688	6
5689	6
5690	8
5691	8
5692	4
5693	9
5694	5
5695	13
5696	6
5697	4
5698	10
5699	9
5700	16
5701	7
5702	8
5703	12
5704	7
5705	12
5706	7
5707	5
5708	8
5709	10
5710	8
5711	7
5712	9
5713	4
5714	10
5715	10
5716	12
5717	5
5718	6
5719	13
5720	8
5721	8
5722	5
5723	7
5724	5
5725	9
5726	5
5727	4
5728	4
5729	6
5730	6
5731	5
5732	7
5733	3
5734	9
5735	5
5736	8
5737	13
5738	7
5739	10
5740	6
5741	7
5742	9
5743	13
5744	9
5745	9
5746	6
5747	6
5748	7
5749	10
5750	4
5751	7
5752	8
5753	5
5754	10
5755	7
5756	8
5757	11
5758	2
5759	7
5760	2
5761	12
5762	5
5763	8
5764	7
5765	11
5766	6
5767	5
5768	4
5769	12
5770	11
5771	4
5772	6
5773	9
5774	14
5775	8
5776	11
5777	12
5778	7
5779	3
5780	7
5781	7
5782	10
5783	11
5784	11
5785	7
5786	7
5787	7
5788	11
5789	8
5790	3
5791	12
5792	8
5793	4
5794	3
5795	6
5796	9
5797	8
5798	7
5799	10
5800	11
5801	7
5802	5
5803	8
5804	3
5805	5
5806	6
5807	6
5808	8
5809	10
5810	8
5811	9
5812	11
5813	4
5814	7
5815	5
5816	3
5817	3
5818	12
5819	4
5820	5
5821	9
5822	8
5823	10
5824	4
5825	10
5826	10
5827	2
5828	13
5829	6
5830	7
5831	9
5832	8
5833	8
5834	3
5835	8
5836	6
5837	2
5838	5
5839	6
5840	10
5841	3
5842	7
5843	10
5844	7
5845	6
5846	6
5847	7
5848	5
5849	6
5850	8
5851	12
5852	8
5853	11
5854	2
5855	7
5856	7
5857	9
5858	5
5859	6
5860	7
5861	3
5862	9
5863	7
5864	7
5865	7
5866	9
5867	7
5868	3
5869	8
5870	11
5871	6
5872	5
5873	4
5874	12
5875	9
5876	10
5877	7
5878	7
5879	3
5880	5
5881	6
5882	6
5883	4
5884	10
5885	4
5886	3
5887	6
5888	11
5889	9
5890	10
5891	4
5892	7
5893	7
5894	9
5895	6
5896	6
5897	11
5898	8
5899	9
5900	7
5901	9
5902	8
5903	2
5904	5
5905	10
5906	7
5907	7
5908	11
5909	8
5910	6
5911	12
5912	4
5913	8
5914	7
5915	6
5916	6
5917	6
5918	5
5919	9
5920	7
5921	6
5922	6
5923	7
5924	6
5925	8
5926	8
5927	9
5928	10
5929	4
5930	5
5931	2
5932	7
5933	3
5934	17
5935	5
5936	1
5937	6
5938	3
5939	8
5940	8
5941	9
5942	4
5943	11
5944	5
5945	12
5946	2
5947	8
5948	9
5949	9
5950	10
5951	10
5952	4
5953	11
5954	10
5955	7
5956	6
5957	6
5958	10
5959	12
5960	7
5961	9
5962	8
5963	5
5964	7
5965	3
5966	11
5967	6
5968	5
5969	14
5970	8
5971	7
5972	12
5973	9
5974	5
5975	7
5976	8
5977	6
5978	8
5979	9
5980	10
5981	5
5982	9
5983	7
5984	10
5985	5
5986	5
5987	4
5988	12
5989	6
5990	7
5991	16
5992	5
5993	4
5994	4
5995	9
5996	7
5997	5
5998	8
5999	6
6000	5
6001	2
6002	7
6003	12
6004	7
6005	11
6006	11
6007	6
6008	5
6009	9
6010	6
6011	10
6012	4
6013	5
6014	7
6015	2
6016	3
6017	7
6018	5
6019	9
6020	6
6021	8
6022	5
6023	8
6024	11
6025	10
6026	9
6027	8
6028	7
6029	7
6030	9
6031	7
6032	7
6033	5
6034	11
6035	7
6036	12
6037	8
6038	3
6039	4
6040	7
6041	6
6042	8
6043	7
6044	7
6045	7
6046	9
6047	8
6048	4
6049	7
6050	7
6051	9
6052	7
6053	8
6054	12
6055	4
6056	6
6057	5
6058	5
6059	7
6060	4
6061	7
6062	5
6063	9
6064	8
6065	0
6066	3
6067	5
6068	3
6069	4
6070	6
6071	4
6072	7
6073	7
6074	6
6075	8
6076	5
6077	5
6078	10
6079	6
6080	8
6081	9
6082	5
6083	5
6084	10
6085	4
6086	4
6087	6
6088	9
6089	8
6090	4
6091	9
6092	7
6093	10
6094	5
6095	6
6096	5
6097	7
6098	5
6099	4
6100	9
6101	11
6102	6
6103	8
6104	10
6105	8
6106	5
6107	8
6108	1
6109	7
6110	10
6111	4
6112	3
6113	4
6114	12
6115	12
6116	6
6117	3
6118	10
6119	9
6120	7
6121	6
6122	4
6123	1
6124	5
6125	5
6126	3
6127	6
6128	7
6129	6
6130	12
6131	8
6132	7
6133	6
6134	4
6135	0
6136	5
6137	2
6138	2
6139	6
6140	3
6141	9
6142	9
6143	7
6144	4
6145	4
6146	7
6147	6
6148	4
6149	4
6150	5
6151	7
6152	6
6153	8
6154	3
6155	12
6156	8
6157	8
6158	9
6159	5
6160	4
6161	6
6162	3
6163	3
6164	10
6165	4
6166	4
6167	5
6168	6
6169	8
6170	4
6171	5
6172	5
6173	5
6174	6
6175	12
6176	5
6177	5
6178	3
6179	8
6180	4
6181	9
6182	7
6183	3
6184	3
6185	7
6186	7
6187	2
6188	9
6189	5
6190	7
6191	2
6192	6
6193	2
6194	5
6195	3
6196	4
6197	5
6198	2
6199	8
6200	7
6201	5
6202	4
6203	2
6204	2
6205	10
6206	5
6207	6
6208	4
6209	2
6210	3
6211	0
6212	1
6213	3
6214	5
6215	6
6216	3
6217	4
6218	3
6219	3
6220	4
6221	6
6222	6
6223	2
6224	8
6225	10
6226	5
6227	2
6228	8
6229	6
6230	7
6231	1
6232	5
6233	5
6234	6
6235	5
6236	6
6237	4
6238	1
6239	8
6240	1
6241	5
6242	7
6243	8
6244	3
6245	7
6246	5
6247	3
6248	2
6249	5
6250	3
6251	3
6252	5
6253	4
6254	2
6255	5
6256	3
6257	5
6258	6
6259	6
6260	2
6261	4
6262	3
6263	7
6264	6
6265	5
6266	9
6267	6
6268	9
6269	2
6270	3
6271	1
6272	3
6273	4
6274	2
6275	3
6276	3
6277	5
6278	4
6279	4
6280	5
6281	8
6282	5
6283	4
6284	7
6285	8
6286	2
6287	4
6288	4
6289	4
6290	5
6291	2
6292	1
6293	3
6294	2
6295	5
6296	3
6297	4
6298	7
6299	4
6300	4
6301	6
6302	2
6303	3
6304	8
6305	2
6306	4
6307	6
6308	2
6309	5
6310	4
6311	3
6312	4
6313	1
6314	1
6315	5
6316	3
6317	5
6318	6
6319	5
6320	4
6321	5
6322	5
6323	2
6324	4
6325	5
6326	1
6327	8
6328	2
6329	6
6330	3
6331	3
6332	0
6333	0
6334	3
6335	6
6336	3
6337	1
6338	3
6339	5
6340	6
6341	6
6342	6
6343	3
6344	3
6345	5
6346	4
6347	0
6348	5
6349	1
6350	0
6351	2
6352	1
6353	9
6354	1
6355	3
6356	4
6357	5
6358	3
6359	8
6360	2
6361	5
6362	0
6363	1
6364	2
6365	2
6366	5
6367	2
6368	2
6369	1
6370	1
6371	2
6372	3
6373	5
6374	2
6375	5
6376	6
6377	4
6378	7
6379	2
6380	3
6381	2
6382	2
6383	6
6384	2
6385	4
6386	5
6387	3
6388	0
6389	1
6390	0
6391	5
6392	4
6393	4
6394	4
6395	3
6396	2
6397	1
6398	0
6399	3
6400	4
6401	0
6402	6
6403	4
6404	5
6405	2
6406	2
6407	7
6408	1
6409	3
6410	0
6411	1
6412	2
6413	3
6414	2
6415	4
6416	3
6417	1
6418	2
6419	3
6420	4
6421	3
6422	1
6423	3
6424	4
6425	4
6426	3
6427	3
6428	1
6429	4
6430	4
6431	6
6432	2
6433	1
6434	0
6435	7
6436	3
6437	2
6438	0
6439	1
6440	5
6441	2
6442	6
6443	2
6444	2
6445	3
6446	5
6447	3
6448	2
6449	2
6450	1
6451	5
6452	2
6453	2
6454	1
6455	2
6456	4
6457	2
6458	4
6459	3
6460	3
6461	0
6462	4
6463	2
6464	1
6465	2
6466	4
6467	0
6468	2
6469	2
6470	2
6471	2
6472	0
6473	2
6474	3
6475	2
6476	3
6477	3
6478	1
6479	3
6480	3
6481	1
6482	2
6483	3
6484	5
6485	0
6486	2
6487	1
6488	4
6489	4
6490	1
6491	2
6492	2
6493	1
6494	4
6495	4
6496	1
6497	1
6498	3
6499	3
6500	2
6501	4
6502	2
6503	5
6504	2
6505	2
6506	1
6507	2
6508	2
6509	3
6510	4
6511	1
6512	5
6513	1
6514	1
6515	3
6516	1
6517	1
6518	0
6519	1
6520	5
6521	2
6522	2
6523	2
6524	1
6525	3
6526	4
6527	0
6528	2
6529	2
6530	2
6531	2
6532	2
6533	4
6534	2
6535	2
6536	5
6537	2
6538	0
6539	0
6540	1
6541	2
6542	2
6543	3
6544	0
6545	4
6546	2
6547	2
6548	1
6549	2
6550	1
6551	2
6552	3
6553	1
6554	0
6555	4
6556	1
6557	2
6558	1
6559	2
6560	4
6561	2
6562	2
6563	4
6564	1
6565	3
6566	2
6567	3
6568	1
6569	3
6570	3
6571	0
6572	6
6573	4
6574	0
6575	2
6576	2
6577	1
6578	2
6579	3
6580	1
6581	2
6582	3
6583	1
6584	0
6585	1
6586	1
6587	2
6588	4
6589	2
6590	0
6591	2
6592	1
6593	1
6594	3
6595	2
6596	1
6597	1
6598	0
6599	1
6600	3
6601	2
6602	2
6603	1
6604	1
6605	0
6606	1
6607	2
6608	2
6609	1
6610	3
6611	0
6612	1
6613	4
6614	3
6615	2
6616	2
6617	2
6618	3
6619	1
6620	2
6621	5
6622	0
6623	1
6624	3
6625	0
6626	4
6627	1
6628	3
6629	0
6630	2
6631	1
6632	2
6633	2
6634	1
6635	1
6636	0
6637	3
6638	2
6639	1
6640	2
6641	0
6642	2
6643	4
6644	0
6645	1
6646	5
6647	0
6648	2
6649	0
6650	1
6651	1
6652	1
6653	1
6654	1
6655	1
6656	3
6657	1
6658	3
6659	5
6660	2
6661	3
6662	1
6663	0
6664	0
6665	1
6666	2
6667	2
6668	3
6669	1
6670	2
6671	1
6672	0
6673	0
6674	1
6675	1
6676	1
6677	0
6678	0
6679	3
6680	1
6681	1
6682	0
6683	0
6684	0
6685	1
6686	1
6687	3
6688	2
6689	2
6690	1
6691	0
6692	1
6693	2
6694	1
6695	0
6696	0
6697	0
6698	0
6699	2
6700	3
6701	1
6702	2
6703	0
6704	0
6705	1
6706	0
6707	3
6708	4
6709	1
6710	0
6711	1
6712	2
6713	1
6714	0
6715	0
6716	2
6717	2
6718	1
6719	2
6720	0
6721	0
6722	4
6723	0
6724	2
6725	1
6726	0
6727	1
6728	0
6729	2
6730	2
6731	3
6732	1
6733	3
6734	0
6735	1
6736	1
6737	1
6738	1
6739	3
6740	2
6741	1
6742	0
6743	2
6744	0
6745	2
6746	0
6747	3
6748	2
6749	0
6750	1
6751	1
6752	2
6753	2
6754	1
6755	1
6756	0
6757	3
6758	1
6759	1
6760	1
6761	0
6762	0
6763	1
6764	1
6765	1
6766	1
6767	1
6768	0
6769	2
6770	1
6771	0
6772	0
6773	4
6774	0
6775	1
6776	3
6777	0
6778	2
6779	0
6780	0
6781	2
6782	0
6783	1
6784	0
6785	1
6786	2
6787	1
6788	0
6789	2
6790	2
6791	1
6792	3
6793	1
6794	1
6795	0
6796	2
6797	1
6798	1
6799	2
6800	0
6801	0
6802	1
6803	1
6804	2
6805	0
6806	1
6807	0
6808	0
6809	0
6810	1
6811	0
6812	0
6813	0
6814	1
6815	1
6816	3
6817	1
6818	2
6819	2
6820	2
6821	1
6822	1
6823	0
6824	0
6825	2
6826	4
6827	1
6828	2
6829	0
6830	0
6831	2
6832	0
6833	0
6834	2
6835	1
6836	0
6837	0
6838	0
6839	0
6840	0
6841	0
6842	2
6843	1
6844	1
6845	2
6846	0
6847	2
6848	0
6849	0
6850	1
6851	1
6852	0
6853	2
6854	1
6855	3
6856	1
6857	0
6858	1
6859	1
6860	2
6861	1
6862	2
6863	0
6864	3
6865	1
6866	0
6867	1
6868	0
6869	1
6870	2
6871	1
6872	0
6873	1
6874	0
6875	0
6876	1
6877	1
6878	0
6879	0
6880	0
6881	2
6882	2
6883	0
6884	0
6885	1
6886	1
6887	0
6888	0
6889	0
6890	2
6891	0
6892	1
6893	1
6894	1
6895	1
6896	2
6897	4
6898	1
6899	0
6900	1
6901	0
6902	1
6903	1
6904	0
6905	3
6906	1
6907	1
6908	1
6909	0
6910	0
6911	1
6912	0
6913	2
6914	0
6915	1
6916	1
6917	3
6918	2
6919	1
6920	0
6921	0
6922	0
6923	1
6924	1
6925	0
6926	1
6927	0
6928	1
6929	1
6930	0
6931	2
6932	0
6933	2
6934	1
6935	0
6936	1
6937	0
6938	0
6939	2
6940	2
6941	0
6942	1
6943	0
6944	0
6945	0
6946	1
6947	1
6948	0
6949	0
6950	3
6951	1
6952	1
6953	0
6954	2
6955	1
6956	0
6957	1
6958	0
6959	0
6960	0
6961	0
6962	0
6963	0
6964	1
6965	1
6966	0
6967	0
6968	1
6969	2
6970	2
6971	0
6972	2
6973	1
6974	0
6975	1
6976	1
6977	1
6978	1
6979	0
6980	1
6981	0
6982	0
6983	2
6984	1
6985	1
6986	0
6987	0
6988	1
6989	1
6990	0
6991	0
6992	2
6993	3
6994	0
6995	0
6996	1
6997	1
6998	0
6999	0
7000	1
7001	0
7002	0
7003	1
7004	2
7005	1
7006	1
7007	1
7008	2
7009	0
7010	0
7011	0
7012	0
7013	0
7014	1
7015	0
7016	0
7017	1
7018	1
7019	3
7020	1
7021	1
7022	1
7023	1
7024	0
7025	1
7026	1
7027	0
7028	1
7029	2
7030	2
7031	1
7032	1
7033	0
7034	1
7035	1
7036	0
7037	2
7038	0
7039	1
7040	0
7041	1
7042	1
7043	1
7044	1
7045	1
7046	0
7047	0
7048	2
7049	0
7050	0
7051	0
7052	0
7053	1
7054	0
7055	1
7056	0
7057	0
7058	0
7059	0
7060	1
7061	0
7062	0
7063	3
7064	0
7065	0
7066	0
7067	1
7068	1
7069	2
7070	0
7071	0
7072	0
7073	0
7074	0
7075	0
7076	0
7077	4
7078	1
7079	2
7080	1
7081	0
7082	1
7083	0
7084	1
7085	1
7086	0
7087	0
7088	1
7089	1
7090	2
7091	0
7092	2
7093	0
7094	0
7095	0
7096	1
7097	0
7098	0
7099	0
7100	0
7101	2
7102	0
7103	0
7104	0
7105	0
7106	0
7107	0
7108	0
7109	1
7110	1
7111	0
7112	0
7113	1
7114	1
7115	1
7116	1
7117	0
7118	0
7119	0
7120	1
7121	0
7122	1
7123	0
7124	2
7125	0
7126	2
7127	0
7128	1
7129	0
7130	0
7131	0
7132	0
7133	0
7134	0
7135	1
7136	2
7137	0
7138	1
7139	0
7140	1
7141	1
7142	2
7143	2
7144	0
7145	0
7146	0
7147	1
7148	0
7149	1
7150	1
7151	1
7152	0
7153	0
7154	0
7155	0
7156	1
7157	0
7158	0
7159	0
7160	2
7161	2
7162	0
7163	0
7164	0
7165	0
7166	0
7167	0
7168	0
7169	0
7170	1
7171	0
7172	0
7173	0
7174	4
7175	3
7176	1
7177	0
7178	1
7179	0
7180	0
7181	1
7182	0
7183	1
7184	0
7185	1
7186	0
7187	1
7188	0
7189	0
7190	1
7191	1
7192	0
7193	0
7194	3
7195	0
7196	1
7197	1
7198	0
7199	0
7200	2
7201	0
7202	2
7203	1
7204	1
7205	3
7206	1
7207	0
7208	2
7209	0
7210	0
7211	0
7212	1
7213	1
7214	1
7215	0
7216	0
7217	1
7218	0
7219	0
7220	0
7221	0
7222	2
7223	1
7224	0
7225	0
7226	0
7227	0
7228	0
7229	2
7230	0
7231	0
7232	0
7233	0
7234	1
7235	0
7236	0
7237	0
7238	0
7239	1
7240	0
7241	2
7242	0
7243	0
7244	2
7245	0
7246	1
7247	0
7248	1
7249	0
7250	1
7251	2
7252	0
7253	1
7254	0
7255	2
7256	0
7257	0
7258	0
7259	0
7260	0
7261	2
7262	0
7263	0
7264	0
7265	0
7266	1
7267	1
7268	0
7269	0
7270	0
7271	0
7272	0
7273	1
7274	0
7275	0
7276	0
7277	1
7278	2
7279	0
7280	1
7281	0
7282	0
7283	1
7284	0
7285	0
7286	0
7287	1
7288	0
7289	0
7290	0
7291	1
7292	0
7293	0
7294	0
7295	1
7296	0
7297	0
7298	0
7299	0
7300	1
7301	0
7302	0
7303	0
7304	1
7305	1
7306	1
7307	1
7308	1
7309	1
7310	1
7311	1
7312	1
7313	0
7314	1
7315	1
7316	1
7317	0
7318	1
7319	2
7320	2
7321	0
7322	0
7323	0
7324	1
7325	1
7326	1
7327	0
7328	1
7329	1
7330	3
7331	0
7332	0
7333	2
7334	2
7335	0
7336	0
7337	0
7338	1
7339	0
7340	0
7341	0
7342	0
7343	1
7344	0
7345	0
7346	1
7347	0
7348	0
7349	1
7350	2
7351	0
7352	0
7353	1
7354	1
7355	0
7356	0
7357	1
7358	0
7359	2
7360	0
7361	0
7362	0
7363	0
7364	0
7365	0
7366	2
7367	0
7368	2
7369	0
7370	2
7371	0
7372	1
7373	0
7374	0
7375	0
7376	1
7377	0
7378	1
7379	2
7380	1
7381	0
7382	2
7383	1
7384	0
7385	0
7386	0
7387	2
7388	1
7389	3
7390	3
7391	0
7392	0
7393	0
7394	0
7395	1
7396	1
7397	0
7398	0
7399	2
7400	0
7401	1
7402	1
7403	0
7404	1
7405	1
7406	1
7407	1
7408	1
7409	0
7410	0
7411	0
7412	0
7413	0
7414	0
7415	0
7416	1
7417	1
7418	0
7419	0
7420	0
7421	2
7422	0
7423	0
7424	0
7425	0
7426	1
7427	0
7428	0
7429	0
7430	2
7431	0
7432	0
7433	0
7434	0
7435	0
7436	0
7437	2
7438	2
7439	0
7440	0
7441	0
7442	1
7443	1
7444	0
7445	2
7446	1
7447	1
7448	0
7449	1
7450	0
7451	0
7452	1
7453	0
7454	0
7455	0
7456	1
7457	0
7458	0
7459	0
7460	1
7461	0
7462	0
7463	0
7464	0
7465	0
7466	1
7467	1
7468	0
7469	0
7470	0
7471	0
7472	0
7473	0
7474	1
7475	0
7476	0
7477	1
7478	0
7479	1
7480	0
7481	1
7482	1
7483	1
7484	1
7485	1
7486	0
7487	0
7488	1
7489	1
7490	0
7491	0
7492	0
7493	3
7494	0
7495	0
7496	0
7497	1
7498	1
7499	1
7500	0
7501	1
7502	0
7503	0
7504	0
7505	0
7506	0
7507	0
7508	1
7509	0
7510	0
7511	0
7512	1
7513	1
7514	0
7515	1
7516	0
7517	0
7518	0
7519	0
7520	0
7521	0
7522	2
7523	1
7524	1
7525	0
7526	0
7527	0
7528	1
7529	0
7530	1
7531	1
7532	0
7533	0
7534	0
7535	1
7536	0
7537	0
7538	0
7539	0
7540	0
7541	0
7542	0
7543	0
7544	1
7545	1
7546	1
7547	0
7548	3
7549	0
7550	0
7551	1
7552	1
7553	0
7554	0
7555	1
7556	0
7557	0
7558	0
7559	0
7560	1
7561	0
7562	0
7563	0
7564	0
7565	0
7566	0
7567	1
7568	1
7569	0
7570	0
7571	0
7572	1
7573	2
7574	0
7575	0
7576	1
7577	0
7578	0
7579	3
7580	0
7581	1
7582	0
7583	1
7584	0
7585	0
7586	1
7587	0
7588	0
7589	0
7590	1
7591	0
7592	1
7593	0
7594	1
7595	0
7596	0
7597	0
7598	0
7599	2
7600	0
7601	0
7602	0
7603	1
7604	0
7605	1
7606	0
7607	1
7608	2
7609	2
7610	0
7611	0
7612	0
7613	0
7614	1
7615	2
7616	0
7617	0
7618	0
7619	1
7620	1
7621	2
7622	0
7623	0
7624	1
7625	0
7626	0
7627	2
7628	0
7629	1
7630	0
7631	4
7632	1
7633	2
7634	0
7635	0
7636	0
7637	0
7638	1
7639	1
7640	0
7641	0
7642	0
7643	0
7644	0
7645	0
7646	0
7647	0
7648	0
7649	1
7650	2
7651	0
7652	0
7653	0
7654	1
7655	2
7656	0
7657	0
7658	0
7659	1
7660	0
7661	0
7662	0
7663	2
7664	0
7665	0
7666	1
7667	0
7668	0
7669	1
7670	0
7671	0
7672	1
7673	2
7674	0
7675	1
7676	0
7677	0
7678	1
7679	1
7680	2
7681	1
7682	0
7683	1
7684	1
7685	0
7686	0
7687	1
7688	1
7689	0
7690	0
7691	1
7692	0
7693	0
7694	0
7695	0
7696	0
7697	0
7698	0
7699	1
7700	0
7701	1
7702	1
7703	0
7704	1
7705	0
7706	2
7707	1
7708	2
7709	3
7710	1
7711	0
7712	0
7713	1
7714	1
7715	1
7716	0
7717	0
7718	1
7719	0
7720	0
7721	0
7722	0
7723	0
7724	0
7725	0
7726	0
7727	1
7728	0
7729	1
7730	0
7731	2
7732	0
7733	0
7734	0
7735	0
7736	1
7737	1
7738	0
7739	1
7740	0
7741	1
7742	1
7743	0
7744	2
7745	0
7746	0
7747	0
7748	0
7749	2
7750	0
7751	0
7752	0
7753	0
7754	0
7755	0
7756	0
7757	0
7758	1
7759	0
7760	2
7761	0
7762	0
7763	0
7764	1
7765	2
7766	0
7767	0
7768	1
7769	1
7770	0
7771	0
7772	2
7773	1
7774	0
7775	0
7776	1
7777	0
7778	0
7779	3
7780	0
7781	0
7782	0
7783	0
7784	1
7785	0
7786	2
7787	2
7788	0
7789	0
7790	1
7791	2
7792	0
7793	0
7794	1
7795	1
7796	2
7797	0
7798	0
7799	1
7800	0
7801	0
7802	0
7803	0
7804	0
7805	0
7806	0
7807	0
7808	0
7809	1
7810	0
7811	0
7812	0
7813	1
7814	0
7815	0
7816	0
7817	1
7818	0
7819	1
7820	0
7821	0
7822	1
7823	1
7824	0
7825	1
7826	1
7827	1
7828	1
7829	2
7830	1
7831	0
7832	0
7833	0
7834	0
7835	0
7836	0
7837	0
7838	1
7839	0
7840	0
7841	0
7842	0
7843	0
7844	1
7845	0
7846	3
7847	1
7848	2
7849	0
7850	0
7851	0
7852	1
7853	1
7854	0
7855	1
7856	0
7857	1
7858	1
7859	0
7860	2
7861	1
7862	0
7863	1
7864	0
7865	0
7866	0
7867	0
7868	1
7869	0
7870	2
7871	0
7872	0
7873	0
7874	1
7875	0
7876	0
7877	0
7878	0
7879	0
7880	0
7881	1
7882	0
7883	2
7884	1
7885	1
7886	0
7887	0
7888	0
7889	1
7890	0
7891	2
7892	0
7893	0
7894	0
7895	2
7896	0
7897	0
7898	0
7899	0
7900	0
7901	0
7902	0
7903	0
7904	0
7905	0
7906	0
7907	0
7908	0
7909	0
7910	0
7911	0
7912	1
7913	0
7914	0
7915	1
7916	0
7917	0
7918	0
7919	1
7920	0
7921	1
7922	0
7923	1
7924	2
7925	0
7926	0
7927	1
7928	1
7929	1
7930	0
7931	1
7932	1
7933	1
7934	0
7935	0
7936	0
7937	0
7938	0
7939	1
7940	1
7941	0
7942	0
7943	0
7944	0
7945	1
7946	1
7947	3
7948	2
7949	0
7950	1
7951	0
7952	0
7953	0
7954	0
7955	1
7956	1
7957	1
7958	0
7959	0
7960	0
7961	1
7962	0
7963	0
7964	0
7965	0
7966	1
7967	0
7968	0
7969	0
7970	1
7971	1
7972	0
7973	2
7974	1
7975	0
7976	1
7977	1
7978	1
7979	1
7980	1
7981	0
7982	0
7983	0
7984	0
7985	1
7986	0
7987	0
7988	0
7989	0
7990	1
7991	0
7992	0
7993	1
7994	1
7995	1
7996	1
7997	1
7998	0
7999	0
8000	0
8001	0
8002	0
8003	1
8004	1
8005	0
8006	0
8007	1
8008	0
8009	0
8010	0
8011	1
8012	0
8013	0
8014	2
8015	0
8016	0
8017	1
8018	0
8019	0
8020	0
8021	0
8022	0
8023	0
8024	0
8025	1
8026	0
8027	0
8028	0
8029	1
8030	1
8031	0
8032	2
8033	0
8034	1
8035	1
8036	0
8037	0
8038	0
8039	0
8040	0
8041	0
8042	1
8043	0
8044	1
8045	0
8046	0
8047	0
8048	0
8049	1
8050	0
8051	0
8052	0
8053	1
8054	1
8055	0
8056	0
8057	1
8058	0
8059	0
8060	1
8061	0
8062	1
8063	0
8064	1
8065	0
8066	0
8067	1
8068	0
8069	1
8070	1
8071	0
8072	0
8073	0
8074	0
8075	2
8076	0
8077	1
8078	0
8079	0
8080	1
8081	0
8082	0
8083	0
8084	0
8085	0
8086	0
8087	0
8088	0
8089	0
8090	0
8091	0
8092	0
8093	0
8094	0
8095	0
8096	0
8097	0
8098	0
8099	0
8100	0
8101	0
8102	0
8103	0
8104	0
8105	0
8106	0
8107	0
8108	0
8109	0
8110	0
8111	0
8112	0
8113	0
8114	0
8115	0
8116	0
8117	0
8118	0
8119	0
8120	0
8121	0
8122	0
8123	0
8124	0
8125	0
8126	0
8127	0
8128	0
8129	0
8130	0
8131	0
8132	0
8133	0
8134	0
8135	0
8136	0
8137	0
8138	0
8139	0
8140	0
8141	0
8142	0
8143	0
8144	0
8145	0
8146	0
8147	0
8148	0
8149	0
8150	0
8151	0
8152	0
8153	0
8154	0
8155	0
8156	0
8157	0
8158	0
8159	0
8160	0
8161	0
8162	0
8163	0
8164	0
8165	0
8166	0
8167	0
8168	0
8169	0
8170	0
8171	0
8172	0
8173	0
8174	0
8175	0
8176	0
8177	0
8178	0
8179	0
8180	0
8181	0
8182	0
8183	0
8184	0
8185	0
8186	0
8187	0
8188	0
8189	0
8190	0
8191	0
