0	4
1	0
2	0
3	0
4	0
5	1
6	0
7	1
8	0
9	0
10	0
11	0
12	0
13	0
14	0
15	1
16	1
17	0
18	0
19	0
20	0
21	1
22	0
23	0
24	0
25	0
26	0
27	0
28	0
29	0
30	0
31	0
32	0
33	0
34	0
35	0
36	0
37	0
38	0
39	0
40	0
41	0
42	0
43	0
44	0
45	0
46	0
47	0
48	0
49	0
50	0
51	0
52	0
53	0
54	0
55	0
56	0
57	0
58	0
59	0
60	0
61	0
62	0
63	0
64	0
65	0
66	0
67	0
68	0
69	0
70	0
71	0
72	0
73	0
74	0
75	0
76	0
77	0
78	0
79	0
80	0
81	0
82	0
83	0
84	1
85	2
86	7
87	5
88	15
89	11
90	11
91	14
92	11
93	7
94	8
95	7
96	7
97	8
98	9
99	7
100	9
101	9
102	4
103	13
104	10
105	7
106	5
107	10
108	6
109	8
110	13
111	6
112	7
113	5
114	8
115	8
116	5
117	7
118	6
119	8
120	5
121	4
122	8
123	4
124	6
125	9
126	4
127	5
128	6
129	6
130	7
131	8
132	11
133	9
134	4
135	8
136	6
137	3
138	6
139	6
140	4
141	10
142	13
143	7
144	7
145	2
146	7
147	5
148	11
149	5
150	6
151	7
152	5
153	4
154	8
155	3
156	2
157	7
158	10
159	4
160	10
161	5
162	5
163	5
164	5
165	7
166	6
167	7
168	7
169	6
170	8
171	6
172	6
173	6
174	6
175	6
176	9
177	6
178	12
179	10
180	7
181	5
182	10
183	6
184	3
185	4
186	7
187	7
188	5
189	10
190	4
191	6
192	10
193	4
194	8
195	9
196	5
197	6
198	6
199	6
200	11
201	4
202	3
203	8
204	9
205	8
206	9
207	6
208	8
209	11
210	6
211	7
212	4
213	12
214	5
215	5
216	14
217	5
218	8
219	5
220	7
221	2
222	9
223	10
224	9
225	3
226	7
227	6
228	5
229	6
230	8
231	7
232	9
233	10
234	10
235	1
236	9
237	11
238	8
239	10
240	9
241	5
242	13
243	9
244	13
245	6
246	9
247	7
248	5
249	8
250	9
251	9
252	5
253	8
254	11
255	6
256	9
257	10
258	7
259	14
260	7
261	5
262	5
263	5
264	7
265	6
266	5
267	6
268	0
269	3
270	8
271	3
272	6
273	9
274	5
275	6
276	9
277	7
278	14
279	4
280	10
281	9
282	8
283	5
284	7
285	4
286	9
287	8
288	7
289	8
290	6
291	9
292	7
293	4
294	6
295	10
296	15
297	3
298	7
299	10
300	10
301	5
302	14
303	10
304	8
305	10
306	6
307	7
308	2
309	7
310	7
311	10
312	7
313	9
314	11
315	6
316	8
317	11
318	7
319	4
320	9
321	6
322	12
323	5
324	10
325	9
326	5
327	8
328	4
329	10
330	5
331	8
332	13
333	5
334	8
335	7
336	3
337	5
338	10
339	6
340	7
341	10
342	9
343	4
344	13
345	13
346	11
347	4
348	9
349	8
350	6
351	6
352	6
353	8
354	8
355	8
356	12
357	8
358	7
359	5
360	8
361	4
362	3
363	7
364	9
365	7
366	3
367	6
368	7
369	7
370	8
371	3
372	2
373	8
374	8
375	5
376	5
377	11
378	9
379	8
380	7
381	9
382	13
383	11
384	8
385	8
386	7
387	10
388	13
389	10
390	7
391	8
392	11
393	5
394	10
395	11
396	6
397	6
398	8
399	6
400	11
401	5
402	6
403	14
404	6
405	7
406	13
407	11
408	5
409	11
410	7
411	6
412	9
413	8
414	10
415	7
416	6
417	10
418	9
419	7
420	4
421	9
422	9
423	3
424	9
425	10
426	7
427	8
428	7
429	9
430	6
431	7
432	8
433	10
434	9
435	14
436	7
437	2
438	4
439	6
440	11
441	9
442	11
443	13
444	4
445	6
446	11
447	7
448	8
449	9
450	9
451	11
452	16
453	8
454	11
455	10
456	3
457	14
458	16
459	10
460	7
461	7
462	11
463	5
464	14
465	7
466	11
467	2
468	8
469	6
470	11
471	13
472	7
473	12
474	10
475	3
476	7
477	8
478	4
479	9
480	7
481	2
482	14
483	14
484	6
485	8
486	9
487	4
488	8
489	7
490	6
491	10
492	12
493	7
494	10
495	12
496	7
497	8
498	12
499	17
500	8
501	10
502	7
503	5
504	5
505	11
506	10
507	6
508	3
509	10
510	11
511	7
512	8
513	8
514	5
515	11
516	14
517	4
518	13
519	6
520	7
521	12
522	7
523	8
524	10
525	9
526	8
527	2
528	7
529	8
530	9
531	8
532	11
533	13
534	8
535	10
536	7
537	10
538	11
539	8
540	6
541	7
542	10
543	9
544	5
545	9
546	13
547	6
548	10
549	5
550	14
551	5
552	9
553	3
554	6
555	8
556	7
557	8
558	7
559	10
560	9
561	10
562	8
563	5
564	11
565	11
566	14
567	9
568	7
569	8
570	11
571	6
572	6
573	6
574	9
575	8
576	10
577	6
578	14
579	7
580	13
581	6
582	10
583	8
584	4
585	8
586	10
587	7
588	8
589	8
590	6
591	7
592	16
593	10
594	14
595	11
596	7
597	10
598	5
599	8
600	10
601	5
602	11
603	9
604	7
605	5
606	8
607	11
608	6
609	10
610	5
611	6
612	6
613	6
614	12
615	7
616	7
617	7
618	10
619	8
620	9
621	13
622	6
623	10
624	13
625	15
626	7
627	6
628	10
629	7
630	10
631	11
632	9
633	11
634	12
635	6
636	8
637	6
638	9
639	11
640	7
641	9
642	11
643	8
644	8
645	7
646	11
647	8
648	12
649	10
650	8
651	6
652	10
653	8
654	10
655	10
656	9
657	7
658	10
659	9
660	14
661	6
662	7
663	11
664	9
665	3
666	6
667	6
668	14
669	8
670	10
671	13
672	8
673	9
674	9
675	10
676	9
677	4
678	11
679	6
680	6
681	5
682	14
683	10
684	7
685	9
686	9
687	11
688	11
689	15
690	6
691	12
692	15
693	11
694	10
695	10
696	8
697	9
698	15
699	7
700	12
701	14
702	2
703	10
704	10
705	5
706	7
707	17
708	12
709	7
710	14
711	7
712	5
713	11
714	17
715	6
716	8
717	11
718	13
719	15
720	12
721	14
722	12
723	11
724	7
725	12
726	12
727	12
728	12
729	9
730	10
731	8
732	15
733	12
734	13
735	17
736	20
737	16
738	12
739	18
740	10
741	12
742	3
743	9
744	9
745	12
746	5
747	7
748	17
749	12
750	14
751	11
752	9
753	5
754	10
755	16
756	11
757	12
758	10
759	15
760	20
761	12
762	11
763	16
764	11
765	13
766	12
767	16
768	16
769	15
770	17
771	11
772	17
773	14
774	15
775	17
776	18
777	18
778	15
779	18
780	16
781	12
782	16
783	10
784	13
785	16
786	15
787	17
788	15
789	10
790	14
791	13
792	18
793	16
794	8
795	18
796	15
797	22
798	10
799	16
800	22
801	21
802	15
803	14
804	16
805	16
806	20
807	15
808	21
809	17
810	21
811	22
812	18
813	27
814	16
815	13
816	21
817	16
818	26
819	17
820	14
821	19
822	16
823	21
824	22
825	14
826	22
827	13
828	27
829	14
830	23
831	15
832	30
833	17
834	23
835	19
836	25
837	13
838	13
839	29
840	23
841	24
842	16
843	20
844	24
845	23
846	21
847	21
848	27
849	23
850	22
851	17
852	22
853	29
854	18
855	26
856	29
857	13
858	19
859	17
860	19
861	24
862	13
863	17
864	13
865	21
866	23
867	18
868	21
869	21
870	15
871	30
872	20
873	23
874	26
875	20
876	12
877	22
878	17
879	24
880	20
881	17
882	21
883	18
884	21
885	22
886	16
887	21
888	17
889	16
890	14
891	18
892	26
893	12
894	12
895	23
896	16
897	18
898	11
899	11
900	18
901	21
902	15
903	17
904	11
905	19
906	13
907	18
908	15
909	12
910	14
911	18
912	19
913	15
914	16
915	22
916	11
917	13
918	18
919	27
920	19
921	13
922	20
923	13
924	16
925	17
926	9
927	18
928	14
929	17
930	17
931	11
932	11
933	19
934	16
935	17
936	19
937	19
938	11
939	10
940	23
941	14
942	18
943	17
944	20
945	7
946	20
947	13
948	11
949	14
950	10
951	16
952	9
953	19
954	18
955	21
956	18
957	19
958	9
959	14
960	14
961	14
962	12
963	15
964	16
965	16
966	16
967	11
968	22
969	15
970	17
971	18
972	8
973	15
974	19
975	16
976	15
977	12
978	21
979	14
980	17
981	11
982	19
983	18
984	15
985	10
986	16
987	12
988	13
989	11
990	16
991	17
992	22
993	12
994	16
995	19
996	10
997	14
998	16
999	6
1000	13
1001	13
1002	15
1003	10
1004	13
1005	24
1006	14
1007	11
1008	8
1009	24
1010	14
1011	19
1012	16
1013	12
1014	12
1015	14
1016	10
1017	8
1018	15
1019	13
1020	13
1021	17
1022	14
1023	13
1024	14
1025	7
1026	15
1027	15
1028	17
1029	12
1030	15
1031	9
1032	17
1033	11
1034	7
1035	16
1036	11
1037	12
1038	18
1039	12
1040	10
1041	8
1042	9
1043	10
1044	14
1045	13
1046	9
1047	15
1048	10
1049	11
1050	11
1051	17
1052	7
1053	15
1054	15
1055	13
1056	14
1057	14
1058	8
1059	7
1060	15
1061	10
1062	17
1063	15
1064	11
1065	9
1066	14
1067	11
1068	11
1069	7
1070	17
1071	18
1072	9
1073	14
1074	10
1075	13
1076	12
1077	13
1078	9
1079	9
1080	12
1081	16
1082	9
1083	10
1084	18
1085	11
1086	12
1087	16
1088	14
1089	10
1090	10
1091	13
1092	7
1093	16
1094	15
1095	15
1096	18
1097	12
1098	13
1099	11
1100	17
1101	12
1102	17
1103	12
1104	10
1105	14
1106	19
1107	14
1108	10
1109	15
1110	14
1111	19
1112	20
1113	20
1114	12
1115	14
1116	11
1117	9
1118	9
1119	11
1120	17
1121	15
1122	9
1123	18
1124	16
1125	15
1126	19
1127	19
1128	14
1129	13
1130	8
1131	14
1132	22
1133	10
1134	16
1135	13
1136	5
1137	14
1138	17
1139	15
1140	15
1141	11
1142	16
1143	5
1144	13
1145	19
1146	14
1147	18
1148	9
1149	16
1150	8
1151	14
1152	10
1153	13
1154	11
1155	14
1156	14
1157	16
1158	13
1159	13
1160	17
1161	14
1162	10
1163	14
1164	11
1165	12
1166	21
1167	11
1168	15
1169	18
1170	13
1171	17
1172	17
1173	12
1174	14
1175	8
1176	13
1177	26
1178	12
1179	27
1180	9
1181	14
1182	11
1183	10
1184	12
1185	13
1186	15
1187	10
1188	15
1189	15
1190	8
1191	13
1192	11
1193	10
1194	11
1195	11
1196	12
1197	10
1198	14
1199	8
1200	10
1201	10
1202	13
1203	13
1204	9
1205	11
1206	20
1207	7
1208	11
1209	10
1210	16
1211	18
1212	15
1213	17
1214	11
1215	16
1216	12
1217	19
1218	18
1219	7
1220	15
1221	14
1222	14
1223	11
1224	20
1225	14
1226	11
1227	14
1228	15
1229	10
1230	11
1231	17
1232	18
1233	14
1234	8
1235	18
1236	11
1237	16
1238	12
1239	13
1240	9
1241	13
1242	7
1243	20
1244	11
1245	14
1246	16
1247	15
1248	9
1249	17
1250	19
1251	18
1252	19
1253	14
1254	18
1255	22
1256	13
1257	14
1258	24
1259	13
1260	15
1261	20
1262	14
1263	8
1264	10
1265	17
1266	18
1267	10
1268	8
1269	14
1270	12
1271	16
1272	15
1273	15
1274	15
1275	13
1276	14
1277	18
1278	16
1279	15
1280	9
1281	18
1282	13
1283	18
1284	23
1285	14
1286	12
1287	12
1288	16
1289	13
1290	14
1291	18
1292	10
1293	10
1294	18
1295	7
1296	12
1297	14
1298	18
1299	14
1300	18
1301	12
1302	20
1303	11
1304	16
1305	16
1306	17
1307	14
1308	16
1309	16
1310	10
1311	11
1312	15
1313	15
1314	14
1315	5
1316	11
1317	13
1318	11
1319	15
1320	13
1321	8
1322	13
1323	15
1324	14
1325	15
1326	17
1327	16
1328	17
1329	12
1330	9
1331	14
1332	8
1333	7
1334	22
1335	19
1336	19
1337	14
1338	20
1339	14
1340	8
1341	17
1342	15
1343	12
1344	15
1345	16
1346	16
1347	17
1348	13
1349	11
1350	13
1351	21
1352	16
1353	19
1354	13
1355	19
1356	19
1357	12
1358	20
1359	16
1360	10
1361	15
1362	20
1363	18
1364	23
1365	14
1366	16
1367	14
1368	14
1369	22
1370	19
1371	15
1372	15
1373	14
1374	19
1375	13
1376	8
1377	16
1378	16
1379	15
1380	22
1381	15
1382	14
1383	17
1384	12
1385	13
1386	17
1387	13
1388	16
1389	25
1390	16
1391	14
1392	17
1393	21
1394	12
1395	19
1396	17
1397	9
1398	15
1399	15
1400	19
1401	18
1402	15
1403	21
1404	18
1405	21
1406	21
1407	20
1408	13
1409	18
1410	13
1411	9
1412	21
1413	15
1414	16
1415	15
1416	13
1417	17
1418	15
1419	25
1420	20
1421	13
1422	18
1423	16
1424	16
1425	15
1426	12
1427	13
1428	9
1429	15
1430	16
1431	15
1432	12
1433	12
1434	19
1435	16
1436	16
1437	15
1438	20
1439	20
1440	13
1441	16
1442	16
1443	18
1444	17
1445	19
1446	15
1447	14
1448	21
1449	13
1450	13
1451	16
1452	15
1453	15
1454	20
1455	17
1456	14
1457	21
1458	22
1459	11
1460	15
1461	15
1462	12
1463	16
1464	19
1465	17
1466	12
1467	14
1468	17
1469	19
1470	20
1471	19
1472	21
1473	17
1474	19
1475	17
1476	12
1477	11
1478	16
1479	17
1480	15
1481	15
1482	17
1483	12
1484	13
1485	15
1486	17
1487	15
1488	17
1489	23
1490	14
1491	23
1492	12
1493	11
1494	18
1495	15
1496	11
1497	15
1498	11
1499	16
1500	15
1501	20
1502	16
1503	19
1504	16
1505	9
1506	24
1507	14
1508	21
1509	16
1510	11
1511	17
1512	15
1513	21
1514	15
1515	13
1516	18
1517	15
1518	13
1519	14
1520	13
1521	17
1522	16
1523	22
1524	23
1525	16
1526	19
1527	16
1528	12
1529	20
1530	28
1531	18
1532	13
1533	18
1534	13
1535	25
1536	14
1537	16
1538	16
1539	20
1540	14
1541	15
1542	18
1543	22
1544	10
1545	17
1546	22
1547	16
1548	21
1549	19
1550	20
1551	21
1552	15
1553	18
1554	15
1555	10
1556	22
1557	15
1558	9
1559	15
1560	24
1561	18
1562	15
1563	13
1564	23
1565	14
1566	25
1567	17
1568	23
1569	16
1570	16
1571	8
1572	16
1573	19
1574	27
1575	29
1576	20
1577	15
1578	24
1579	29
1580	25
1581	18
1582	14
1583	23
1584	26
1585	16
1586	12
1587	15
1588	25
1589	15
1590	13
1591	18
1592	18
1593	22
1594	20
1595	11
1596	20
1597	15
1598	16
1599	15
1600	17
1601	18
1602	15
1603	21
1604	16
1605	18
1606	21
1607	24
1608	19
1609	19
1610	17
1611	16
1612	16
1613	13
1614	14
1615	16
1616	10
1617	16
1618	18
1619	16
1620	19
1621	13
1622	16
1623	13
1624	11
1625	16
1626	16
1627	18
1628	23
1629	19
1630	27
1631	14
1632	15
1633	17
1634	15
1635	30
1636	18
1637	20
1638	19
1639	23
1640	15
1641	23
1642	17
1643	14
1644	12
1645	24
1646	14
1647	19
1648	26
1649	26
1650	17
1651	18
1652	23
1653	23
1654	22
1655	22
1656	14
1657	21
1658	20
1659	12
1660	27
1661	16
1662	20
1663	16
1664	12
1665	14
1666	22
1667	16
1668	13
1669	24
1670	17
1671	15
1672	13
1673	20
1674	21
1675	19
1676	13
1677	19
1678	27
1679	11
1680	17
1681	14
1682	24
1683	15
1684	15
1685	20
1686	22
1687	21
1688	13
1689	22
1690	21
1691	18
1692	20
1693	21
1694	19
1695	21
1696	18
1697	20
1698	17
1699	20
1700	23
1701	20
1702	24
1703	15
1704	14
1705	20
1706	17
1707	22
1708	15
1709	18
1710	12
1711	21
1712	24
1713	23
1714	20
1715	14
1716	21
1717	12
1718	19
1719	20
1720	19
1721	21
1722	12
1723	15
1724	29
1725	20
1726	17
1727	25
1728	21
1729	19
1730	18
1731	18
1732	13
1733	18
1734	21
1735	17
1736	17
1737	18
1738	21
1739	21
1740	17
1741	11
1742	11
1743	25
1744	21
1745	27
1746	23
1747	17
1748	21
1749	26
1750	18
1751	19
1752	22
1753	25
1754	24
1755	20
1756	30
1757	16
1758	24
1759	14
1760	16
1761	14
1762	24
1763	16
1764	17
1765	18
1766	26
1767	20
1768	19
1769	17
1770	15
1771	23
1772	26
1773	20
1774	21
1775	9
1776	19
1777	18
1778	25
1779	23
1780	15
1781	19
1782	16
1783	25
1784	25
1785	27
1786	21
1787	12
1788	17
1789	19
1790	17
1791	20
1792	23
1793	17
1794	15
1795	25
1796	18
1797	11
1798	18
1799	26
1800	29
1801	17
1802	15
1803	23
1804	26
1805	16
1806	20
1807	19
1808	20
1809	32
1810	19
1811	34
1812	20
1813	17
1814	16
1815	16
1816	17
1817	25
1818	27
1819	20
1820	21
1821	28
1822	27
1823	26
1824	16
1825	23
1826	23
1827	21
1828	26
1829	22
1830	23
1831	18
1832	19
1833	14
1834	16
1835	16
1836	20
1837	26
1838	20
1839	29
1840	22
1841	14
1842	21
1843	20
1844	22
1845	22
1846	35
1847	20
1848	25
1849	21
1850	24
1851	20
1852	17
1853	26
1854	24
1855	28
1856	27
1857	27
1858	26
1859	29
1860	18
1861	35
1862	15
1863	21
1864	28
1865	19
1866	11
1867	21
1868	15
1869	25
1870	21
1871	16
1872	18
1873	17
1874	20
1875	23
1876	21
1877	21
1878	26
1879	23
1880	30
1881	21
1882	15
1883	22
1884	16
1885	24
1886	15
1887	30
1888	20
1889	23
1890	18
1891	31
1892	21
1893	23
1894	27
1895	28
1896	25
1897	33
1898	22
1899	29
1900	24
1901	21
1902	17
1903	21
1904	20
1905	17
1906	33
1907	16
1908	15
1909	15
1910	21
1911	24
1912	14
1913	21
1914	32
1915	27
1916	20
1917	21
1918	14
1919	25
1920	24
1921	26
1922	26
1923	17
1924	25
1925	17
1926	11
1927	23
1928	23
1929	22
1930	26
1931	13
1932	23
1933	24
1934	25
1935	25
1936	17
1937	25
1938	17
1939	16
1940	34
1941	21
1942	31
1943	25
1944	28
1945	25
1946	34
1947	23
1948	25
1949	15
1950	28
1951	19
1952	23
1953	21
1954	23
1955	18
1956	18
1957	27
1958	25
1959	21
1960	37
1961	21
1962	24
1963	22
1964	28
1965	23
1966	23
1967	20
1968	20
1969	33
1970	31
1971	25
1972	22
1973	31
1974	31
1975	25
1976	27
1977	20
1978	25
1979	27
1980	21
1981	18
1982	15
1983	27
1984	21
1985	19
1986	29
1987	24
1988	21
1989	35
1990	25
1991	20
1992	26
1993	26
1994	18
1995	20
1996	24
1997	19
1998	25
1999	23
2000	20
2001	24
2002	21
2003	19
2004	16
2005	19
2006	24
2007	20
2008	22
2009	28
2010	23
2011	21
2012	25
2013	32
2014	23
2015	22
2016	27
2017	25
2018	32
2019	22
2020	32
2021	18
2022	17
2023	24
2024	14
2025	29
2026	23
2027	23
2028	17
2029	20
2030	31
2031	23
2032	17
2033	20
2034	14
2035	21
2036	26
2037	18
2038	21
2039	29
2040	31
2041	34
2042	28
2043	26
2044	29
2045	23
2046	24
2047	19
2048	25
2049	27
2050	23
2051	28
2052	13
2053	23
2054	22
2055	27
2056	31
2057	26
2058	12
2059	28
2060	27
2061	24
2062	19
2063	19
2064	26
2065	24
2066	34
2067	24
2068	27
2069	27
2070	31
2071	24
2072	26
2073	39
2074	27
2075	25
2076	23
2077	26
2078	28
2079	20
2080	28
2081	24
2082	26
2083	24
2084	26
2085	23
2086	17
2087	20
2088	32
2089	19
2090	24
2091	28
2092	21
2093	24
2094	26
2095	18
2096	22
2097	34
2098	25
2099	25
2100	25
2101	32
2102	26
2103	28
2104	29
2105	28
2106	19
2107	29
2108	23
2109	25
2110	25
2111	28
2112	29
2113	18
2114	32
2115	21
2116	31
2117	22
2118	30
2119	18
2120	26
2121	32
2122	31
2123	33
2124	24
2125	25
2126	22
2127	23
2128	28
2129	23
2130	27
2131	21
2132	24
2133	18
2134	29
2135	27
2136	28
2137	23
2138	20
2139	21
2140	28
2141	37
2142	25
2143	30
2144	22
2145	24
2146	30
2147	29
2148	19
2149	20
2150	20
2151	20
2152	26
2153	31
2154	38
2155	27
2156	33
2157	27
2158	26
2159	27
2160	39
2161	25
2162	24
2163	26
2164	32
2165	21
2166	27
2167	19
2168	24
2169	28
2170	32
2171	19
2172	38
2173	38
2174	25
2175	31
2176	25
2177	20
2178	25
2179	23
2180	31
2181	30
2182	25
2183	29
2184	38
2185	26
2186	39
2187	28
2188	25
2189	37
2190	33
2191	30
2192	40
2193	30
2194	26
2195	29
2196	34
2197	24
2198	28
2199	26
2200	29
2201	24
2202	27
2203	29
2204	24
2205	39
2206	21
2207	23
2208	32
2209	28
2210	20
2211	30
2212	33
2213	17
2214	27
2215	39
2216	27
2217	31
2218	34
2219	32
2220	30
2221	30
2222	33
2223	26
2224	35
2225	35
2226	34
2227	32
2228	36
2229	25
2230	31
2231	26
2232	31
2233	35
2234	30
2235	39
2236	24
2237	33
2238	22
2239	36
2240	34
2241	33
2242	38
2243	25
2244	30
2245	28
2246	22
2247	28
2248	38
2249	30
2250	21
2251	27
2252	36
2253	31
2254	46
2255	28
2256	33
2257	41
2258	38
2259	25
2260	30
2261	37
2262	35
2263	28
2264	48
2265	31
2266	27
2267	45
2268	29
2269	32
2270	28
2271	43
2272	44
2273	37
2274	35
2275	41
2276	38
2277	30
2278	28
2279	31
2280	34
2281	40
2282	33
2283	36
2284	48
2285	25
2286	37
2287	40
2288	36
2289	31
2290	34
2291	33
2292	32
2293	27
2294	45
2295	37
2296	39
2297	42
2298	35
2299	38
2300	41
2301	20
2302	33
2303	31
2304	48
2305	45
2306	26
2307	43
2308	47
2309	26
2310	40
2311	34
2312	56
2313	28
2314	36
2315	45
2316	36
2317	31
2318	45
2319	36
2320	44
2321	46
2322	34
2323	36
2324	40
2325	49
2326	35
2327	40
2328	38
2329	43
2330	32
2331	39
2332	48
2333	46
2334	44
2335	40
2336	47
2337	37
2338	43
2339	50
2340	38
2341	43
2342	45
2343	42
2344	43
2345	40
2346	36
2347	47
2348	38
2349	48
2350	48
2351	46
2352	39
2353	54
2354	44
2355	49
2356	39
2357	48
2358	39
2359	36
2360	32
2361	44
2362	46
2363	46
2364	36
2365	31
2366	49
2367	38
2368	50
2369	46
2370	59
2371	41
2372	35
2373	44
2374	45
2375	40
2376	56
2377	50
2378	42
2379	47
2380	46
2381	50
2382	41
2383	35
2384	54
2385	43
2386	38
2387	38
2388	53
2389	43
2390	40
2391	45
2392	42
2393	43
2394	51
2395	49
2396	43
2397	52
2398	35
2399	47
2400	45
2401	39
2402	45
2403	35
2404	53
2405	40
2406	48
2407	47
2408	59
2409	41
2410	61
2411	40
2412	54
2413	53
2414	52
2415	43
2416	56
2417	56
2418	54
2419	44
2420	52
2421	46
2422	45
2423	50
2424	58
2425	42
2426	45
2427	48
2428	39
2429	46
2430	60
2431	49
2432	40
2433	51
2434	41
2435	57
2436	48
2437	48
2438	59
2439	55
2440	36
2441	39
2442	40
2443	50
2444	53
2445	50
2446	42
2447	47
2448	38
2449	66
2450	45
2451	50
2452	54
2453	37
2454	51
2455	47
2456	51
2457	39
2458	51
2459	53
2460	46
2461	50
2462	46
2463	55
2464	40
2465	57
2466	41
2467	50
2468	46
2469	42
2470	43
2471	40
2472	55
2473	47
2474	59
2475	48
2476	48
2477	38
2478	44
2479	40
2480	54
2481	39
2482	37
2483	51
2484	57
2485	45
2486	49
2487	56
2488	45
2489	51
2490	43
2491	64
2492	46
2493	55
2494	40
2495	51
2496	63
2497	56
2498	46
2499	43
2500	48
2501	50
2502	40
2503	50
2504	66
2505	52
2506	49
2507	49
2508	36
2509	52
2510	51
2511	48
2512	42
2513	43
2514	37
2515	46
2516	43
2517	44
2518	55
2519	32
2520	45
2521	60
2522	51
2523	45
2524	41
2525	32
2526	49
2527	48
2528	37
2529	53
2530	62
2531	50
2532	40
2533	52
2534	44
2535	51
2536	56
2537	43
2538	39
2539	43
2540	47
2541	39
2542	45
2543	41
2544	49
2545	48
2546	48
2547	38
2548	50
2549	44
2550	41
2551	62
2552	45
2553	44
2554	46
2555	42
2556	44
2557	37
2558	41
2559	42
2560	40
2561	50
2562	35
2563	50
2564	40
2565	40
2566	42
2567	41
2568	37
2569	40
2570	32
2571	38
2572	37
2573	50
2574	54
2575	51
2576	49
2577	45
2578	38
2579	47
2580	47
2581	54
2582	48
2583	39
2584	39
2585	45
2586	44
2587	37
2588	41
2589	48
2590	33
2591	46
2592	50
2593	42
2594	35
2595	32
2596	45
2597	35
2598	39
2599	44
2600	45
2601	42
2602	45
2603	36
2604	39
2605	41
2606	41
2607	27
2608	48
2609	41
2610	34
2611	34
2612	42
2613	41
2614	31
2615	42
2616	34
2617	35
2618	41
2619	31
2620	36
2621	40
2622	22
2623	39
2624	40
2625	42
2626	39
2627	35
2628	46
2629	24
2630	41
2631	41
2632	45
2633	32
2634	28
2635	53
2636	39
2637	40
2638	37
2639	34
2640	37
2641	36
2642	33
2643	35
2644	40
2645	40
2646	24
2647	33
2648	33
2649	48
2650	38
2651	43
2652	37
2653	28
2654	31
2655	29
2656	37
2657	32
2658	29
2659	30
2660	38
2661	34
2662	27
2663	33
2664	36
2665	30
2666	43
2667	37
2668	38
2669	38
2670	36
2671	35
2672	26
2673	38
2674	30
2675	30
2676	32
2677	24
2678	46
2679	34
2680	41
2681	30
2682	44
2683	40
2684	43
2685	39
2686	38
2687	36
2688	37
2689	38
2690	27
2691	26
2692	41
2693	37
2694	27
2695	31
2696	27
2697	31
2698	31
2699	23
2700	36
2701	40
2702	35
2703	42
2704	39
2705	32
2706	32
2707	36
2708	27
2709	22
2710	31
2711	35
2712	24
2713	29
2714	35
2715	37
2716	29
2717	34
2718	27
2719	27
2720	25
2721	40
2722	32
2723	22
2724	26
2725	27
2726	39
2727	34
2728	26
2729	29
2730	36
2731	30
2732	28
2733	36
2734	28
2735	28
2736	29
2737	30
2738	25
2739	34
2740	32
2741	29
2742	41
2743	25
2744	29
2745	25
2746	32
2747	21
2748	21
2749	31
2750	30
2751	23
2752	10
2753	27
2754	37
2755	31
2756	32
2757	32
2758	26
2759	27
2760	14
2761	25
2762	28
2763	27
2764	31
2765	26
2766	35
2767	28
2768	22
2769	31
2770	23
2771	29
2772	28
2773	23
2774	26
2775	31
2776	20
2777	28
2778	27
2779	24
2780	31
2781	31
2782	27
2783	28
2784	25
2785	31
2786	32
2787	24
2788	30
2789	31
2790	23
2791	27
2792	19
2793	28
2794	21
2795	19
2796	31
2797	22
2798	31
2799	24
2800	15
2801	25
2802	27
2803	30
2804	26
2805	20
2806	20
2807	18
2808	32
2809	24
2810	28
2811	26
2812	23
2813	22
2814	19
2815	18
2816	37
2817	16
2818	18
2819	29
2820	26
2821	27
2822	29
2823	17
2824	30
2825	16
2826	27
2827	16
2828	16
2829	16
2830	29
2831	14
2832	18
2833	23
2834	25
2835	22
2836	23
2837	23
2838	18
2839	38
2840	20
2841	13
2842	24
2843	22
2844	27
2845	22
2846	32
2847	20
2848	21
2849	25
2850	23
2851	23
2852	27
2853	19
2854	20
2855	11
2856	20
2857	20
2858	18
2859	29
2860	18
2861	14
2862	22
2863	14
2864	16
2865	22
2866	15
2867	20
2868	18
2869	30
2870	19
2871	23
2872	17
2873	28
2874	15
2875	16
2876	16
2877	21
2878	20
2879	25
2880	13
2881	21
2882	22
2883	20
2884	21
2885	21
2886	19
2887	22
2888	20
2889	13
2890	12
2891	20
2892	21
2893	17
2894	20
2895	15
2896	15
2897	22
2898	25
2899	21
2900	16
2901	20
2902	26
2903	22
2904	22
2905	16
2906	20
2907	26
2908	24
2909	15
2910	14
2911	14
2912	22
2913	20
2914	22
2915	23
2916	13
2917	11
2918	16
2919	23
2920	16
2921	17
2922	16
2923	11
2924	14
2925	19
2926	19
2927	24
2928	15
2929	16
2930	16
2931	19
2932	20
2933	14
2934	16
2935	22
2936	17
2937	25
2938	10
2939	12
2940	19
2941	17
2942	17
2943	16
2944	21
2945	12
2946	18
2947	15
2948	16
2949	12
2950	11
2951	14
2952	18
2953	18
2954	14
2955	17
2956	9
2957	18
2958	25
2959	18
2960	14
2961	21
2962	20
2963	17
2964	17
2965	13
2966	7
2967	18
2968	15
2969	19
2970	15
2971	12
2972	15
2973	10
2974	13
2975	17
2976	14
2977	7
2978	22
2979	8
2980	15
2981	15
2982	18
2983	15
2984	18
2985	18
2986	16
2987	19
2988	17
2989	12
2990	21
2991	15
2992	15
2993	20
2994	17
2995	19
2996	14
2997	14
2998	13
2999	9
3000	18
3001	16
3002	24
3003	10
3004	12
3005	14
3006	8
3007	24
3008	9
3009	14
3010	12
3011	13
3012	14
3013	13
3014	19
3015	13
3016	15
3017	20
3018	12
3019	20
3020	9
3021	14
3022	17
3023	13
3024	13
3025	22
3026	5
3027	9
3028	8
3029	12
3030	10
3031	12
3032	13
3033	13
3034	15
3035	17
3036	6
3037	13
3038	19
3039	9
3040	15
3041	9
3042	16
3043	23
3044	11
3045	16
3046	8
3047	15
3048	17
3049	22
3050	14
3051	13
3052	12
3053	23
3054	18
3055	16
3056	17
3057	16
3058	12
3059	13
3060	10
3061	8
3062	12
3063	10
3064	11
3065	8
3066	19
3067	13
3068	7
3069	23
3070	20
3071	20
3072	11
3073	16
3074	16
3075	12
3076	10
3077	14
3078	20
3079	8
3080	17
3081	7
3082	14
3083	16
3084	13
3085	12
3086	18
3087	10
3088	18
3089	11
3090	11
3091	18
3092	13
3093	13
3094	14
3095	17
3096	15
3097	14
3098	16
3099	9
3100	13
3101	13
3102	16
3103	11
3104	10
3105	15
3106	15
3107	10
3108	12
3109	9
3110	16
3111	14
3112	11
3113	17
3114	6
3115	15
3116	16
3117	13
3118	21
3119	16
3120	11
3121	10
3122	13
3123	16
3124	17
3125	14
3126	13
3127	12
3128	14
3129	8
3130	14
3131	15
3132	12
3133	18
3134	11
3135	14
3136	14
3137	21
3138	14
3139	8
3140	11
3141	17
3142	19
3143	16
3144	7
3145	10
3146	11
3147	13
3148	12
3149	14
3150	13
3151	7
3152	12
3153	7
3154	7
3155	6
3156	8
3157	10
3158	8
3159	16
3160	9
3161	14
3162	7
3163	9
3164	8
3165	11
3166	19
3167	15
3168	11
3169	17
3170	11
3171	13
3172	12
3173	11
3174	16
3175	6
3176	15
3177	16
3178	7
3179	11
3180	12
3181	13
3182	10
3183	5
3184	7
3185	13
3186	9
3187	11
3188	12
3189	6
3190	12
3191	8
3192	8
3193	9
3194	10
3195	15
3196	6
3197	15
3198	13
3199	10
3200	11
3201	14
3202	6
3203	13
3204	11
3205	3
3206	11
3207	12
3208	19
3209	11
3210	15
3211	9
3212	13
3213	16
3214	7
3215	14
3216	12
3217	9
3218	13
3219	7
3220	7
3221	11
3222	11
3223	6
3224	9
3225	12
3226	10
3227	12
3228	15
3229	10
3230	12
3231	11
3232	8
3233	7
3234	12
3235	16
3236	8
3237	14
3238	9
3239	7
3240	13
3241	11
3242	15
3243	12
3244	4
3245	7
3246	6
3247	9
3248	6
3249	10
3250	10
3251	7
3252	11
3253	14
3254	12
3255	9
3256	6
3257	11
3258	7
3259	13
3260	16
3261	11
3262	6
3263	11
3264	15
3265	10
3266	9
3267	11
3268	10
3269	4
3270	7
3271	7
3272	18
3273	7
3274	9
3275	7
3276	8
3277	12
3278	6
3279	8
3280	12
3281	8
3282	12
3283	8
3284	10
3285	6
3286	2
3287	4
3288	9
3289	13
3290	10
3291	7
3292	10
3293	12
3294	16
3295	14
3296	6
3297	9
3298	13
3299	6
3300	7
3301	7
3302	4
3303	5
3304	8
3305	10
3306	11
3307	8
3308	7
3309	6
3310	12
3311	22
3312	7
3313	10
3314	5
3315	10
3316	14
3317	13
3318	8
3319	19
3320	11
3321	13
3322	6
3323	14
3324	8
3325	10
3326	9
3327	5
3328	9
3329	7
3330	8
3331	8
3332	11
3333	13
3334	10
3335	11
3336	11
3337	11
3338	12
3339	10
3340	9
3341	6
3342	11
3343	9
3344	11
3345	10
3346	11
3347	10
3348	11
3349	4
3350	7
3351	9
3352	5
3353	8
3354	14
3355	9
3356	16
3357	16
3358	13
3359	4
3360	9
3361	6
3362	10
3363	8
3364	14
3365	14
3366	9
3367	10
3368	16
3369	16
3370	13
3371	11
3372	9
3373	8
3374	5
3375	10
3376	9
3377	6
3378	9
3379	10
3380	11
3381	13
3382	9
3383	12
3384	9
3385	9
3386	11
3387	13
3388	10
3389	12
3390	11
3391	13
3392	18
3393	7
3394	10
3395	6
3396	4
3397	10
3398	11
3399	6
3400	8
3401	12
3402	14
3403	11
3404	4
3405	14
3406	4
3407	6
3408	11
3409	5
3410	7
3411	9
3412	12
3413	5
3414	4
3415	7
3416	14
3417	9
3418	7
3419	10
3420	5
3421	9
3422	14
3423	7
3424	4
3425	9
3426	14
3427	12
3428	6
3429	5
3430	6
3431	9
3432	9
3433	10
3434	7
3435	9
3436	8
3437	9
3438	6
3439	6
3440	8
3441	7
3442	6
3443	8
3444	9
3445	9
3446	9
3447	7
3448	8
3449	13
3450	8
3451	7
3452	3
3453	11
3454	4
3455	7
3456	9
3457	5
3458	6
3459	6
3460	13
3461	17
3462	8
3463	10
3464	5
3465	6
3466	8
3467	5
3468	15
3469	10
3470	12
3471	8
3472	8
3473	11
3474	7
3475	7
3476	6
3477	10
3478	8
3479	9
3480	5
3481	8
3482	11
3483	11
3484	11
3485	3
3486	4
3487	13
3488	7
3489	9
3490	8
3491	11
3492	3
3493	12
3494	4
3495	5
3496	12
3497	5
3498	11
3499	9
3500	13
3501	11
3502	11
3503	11
3504	12
3505	10
3506	5
3507	11
3508	11
3509	8
3510	13
3511	4
3512	6
3513	6
3514	8
3515	8
3516	12
3517	6
3518	12
3519	7
3520	12
3521	3
3522	9
3523	6
3524	7
3525	10
3526	10
3527	14
3528	4
3529	11
3530	6
3531	6
3532	5
3533	5
3534	8
3535	4
3536	12
3537	7
3538	7
3539	5
3540	8
3541	3
3542	11
3543	9
3544	7
3545	7
3546	9
3547	12
3548	7
3549	5
3550	7
3551	5
3552	9
3553	5
3554	6
3555	8
3556	2
3557	14
3558	5
3559	8
3560	7
3561	6
3562	10
3563	16
3564	11
3565	9
3566	8
3567	10
3568	9
3569	10
3570	9
3571	10
3572	4
3573	10
3574	10
3575	3
3576	5
3577	13
3578	8
3579	5
3580	13
3581	8
3582	11
3583	8
3584	11
3585	3
3586	12
3587	4
3588	13
3589	6
3590	5
3591	4
3592	6
3593	4
3594	10
3595	8
3596	4
3597	8
3598	11
3599	8
3600	8
3601	11
3602	6
3603	9
3604	9
3605	6
3606	8
3607	6
3608	7
3609	9
3610	9
3611	4
3612	5
3613	7
3614	9
3615	3
3616	6
3617	13
3618	7
3619	14
3620	4
3621	6
3622	7
3623	8
3624	10
3625	9
3626	11
3627	6
3628	8
3629	4
3630	10
3631	4
3632	7
3633	6
3634	5
3635	3
3636	9
3637	6
3638	6
3639	11
3640	14
3641	10
3642	6
3643	5
3644	3
3645	9
3646	8
3647	9
3648	7
3649	7
3650	6
3651	11
3652	6
3653	10
3654	5
3655	10
3656	12
3657	9
3658	6
3659	6
3660	3
3661	6
3662	8
3663	3
3664	1
3665	5
3666	11
3667	6
3668	10
3669	8
3670	8
3671	8
3672	10
3673	8
3674	8
3675	12
3676	9
3677	13
3678	3
3679	9
3680	12
3681	8
3682	9
3683	8
3684	7
3685	4
3686	6
3687	8
3688	8
3689	11
3690	8
3691	7
3692	2
3693	8
3694	6
3695	10
3696	10
3697	8
3698	5
3699	6
3700	11
3701	9
3702	12
3703	8
3704	9
3705	8
3706	10
3707	5
3708	7
3709	11
3710	8
3711	9
3712	6
3713	3
3714	13
3715	6
3716	9
3717	3
3718	9
3719	9
3720	9
3721	7
3722	5
3723	8
3724	9
3725	2
3726	9
3727	9
3728	11
3729	12
3730	11
3731	12
3732	5
3733	4
3734	9
3735	10
3736	7
3737	11
3738	7
3739	10
3740	2
3741	1
3742	4
3743	2
3744	7
3745	8
3746	8
3747	12
3748	4
3749	13
3750	5
3751	8
3752	3
3753	6
3754	5
3755	8
3756	7
3757	8
3758	9
3759	6
3760	8
3761	11
3762	3
3763	7
3764	9
3765	4
3766	11
3767	8
3768	6
3769	5
3770	4
3771	4
3772	4
3773	10
3774	3
3775	4
3776	8
3777	5
3778	10
3779	6
3780	10
3781	3
3782	5
3783	8
3784	5
3785	10
3786	6
3787	9
3788	6
3789	3
3790	11
3791	4
3792	6
3793	8
3794	6
3795	11
3796	5
3797	10
3798	7
3799	9
3800	10
3801	8
3802	4
3803	6
3804	6
3805	4
3806	12
3807	6
3808	5
3809	8
3810	7
3811	11
3812	8
3813	3
3814	7
3815	7
3816	2
3817	5
3818	7
3819	6
3820	5
3821	4
3822	7
3823	5
3824	6
3825	10
3826	8
3827	11
3828	7
3829	4
3830	8
3831	8
3832	9
3833	12
3834	5
3835	7
3836	7
3837	8
3838	6
3839	12
3840	6
3841	7
3842	6
3843	8
3844	7
3845	7
3846	4
3847	13
3848	6
3849	6
3850	4
3851	5
3852	8
3853	12
3854	9
3855	7
3856	9
3857	10
3858	5
3859	5
3860	5
3861	5
3862	11
3863	9
3864	7
3865	9
3866	5
3867	6
3868	10
3869	2
3870	6
3871	4
3872	7
3873	4
3874	3
3875	3
3876	9
3877	12
3878	8
3879	5
3880	6
3881	8
3882	10
3883	6
3884	5
3885	6
3886	8
3887	14
3888	6
3889	6
3890	8
3891	6
3892	9
3893	5
3894	5
3895	9
3896	6
3897	3
3898	5
3899	9
3900	7
3901	5
3902	7
3903	2
3904	9
3905	8
3906	8
3907	7
3908	9
3909	9
3910	5
3911	8
3912	2
3913	7
3914	11
3915	7
3916	10
3917	6
3918	5
3919	3
3920	2
3921	5
3922	7
3923	5
3924	3
3925	7
3926	10
3927	9
3928	8
3929	0
3930	4
3931	8
3932	7
3933	6
3934	11
3935	9
3936	9
3937	7
3938	6
3939	4
3940	7
3941	4
3942	7
3943	8
3944	2
3945	7
3946	9
3947	11
3948	5
3949	11
3950	4
3951	9
3952	3
3953	6
3954	6
3955	4
3956	7
3957	6
3958	11
3959	7
3960	9
3961	5
3962	5
3963	5
3964	7
3965	6
3966	5
3967	6
3968	4
3969	9
3970	4
3971	5
3972	8
3973	4
3974	8
3975	5
3976	5
3977	5
3978	3
3979	7
3980	8
3981	7
3982	6
3983	6
3984	7
3985	8
3986	5
3987	7
3988	5
3989	7
3990	3
3991	6
3992	4
3993	11
3994	6
3995	6
3996	7
3997	5
3998	7
3999	8
4000	6
4001	5
4002	7
4003	7
4004	8
4005	6
4006	7
4007	10
4008	4
4009	7
4010	2
4011	6
4012	6
4013	7
4014	8
4015	4
4016	9
4017	6
4018	10
4019	9
4020	4
4021	7
4022	6
4023	7
4024	10
4025	10
4026	8
4027	4
4028	4
4029	9
4030	8
4031	9
4032	9
4033	6
4034	5
4035	6
4036	6
4037	5
4038	6
4039	6
4040	3
4041	4
4042	5
4043	7
4044	1
4045	10
4046	3
4047	5
4048	6
4049	7
4050	5
4051	8
4052	1
4053	11
4054	4
4055	1
4056	10
4057	6
4058	5
4059	2
4060	6
4061	8
4062	7
4063	13
4064	5
4065	7
4066	4
4067	11
4068	4
4069	7
4070	4
4071	7
4072	4
4073	6
4074	7
4075	9
4076	7
4077	8
4078	2
4079	7
4080	4
4081	4
4082	4
4083	10
4084	10
4085	3
4086	3
4087	5
4088	6
4089	6
4090	4
4091	8
4092	5
4093	4
4094	4
4095	8
4096	7
4097	4
4098	6
4099	4
4100	5
4101	1
4102	1
4103	11
4104	11
4105	10
4106	5
4107	6
4108	10
4109	6
4110	8
4111	6
4112	5
4113	6
4114	7
4115	9
4116	2
4117	8
4118	6
4119	10
4120	6
4121	5
4122	3
4123	3
4124	12
4125	6
4126	8
4127	9
4128	4
4129	7
4130	5
4131	6
4132	4
4133	5
4134	2
4135	5
4136	10
4137	3
4138	5
4139	9
4140	9
4141	8
4142	4
4143	5
4144	5
4145	1
4146	6
4147	6
4148	8
4149	4
4150	4
4151	7
4152	11
4153	9
4154	5
4155	8
4156	3
4157	5
4158	8
4159	6
4160	1
4161	9
4162	5
4163	1
4164	8
4165	5
4166	5
4167	6
4168	7
4169	10
4170	7
4171	7
4172	2
4173	5
4174	10
4175	5
4176	1
4177	4
4178	9
4179	3
4180	5
4181	7
4182	5
4183	5
4184	10
4185	4
4186	7
4187	6
4188	8
4189	4
4190	5
4191	4
4192	5
4193	3
4194	6
4195	8
4196	5
4197	2
4198	8
4199	7
4200	4
4201	6
4202	4
4203	9
4204	7
4205	2
4206	2
4207	2
4208	5
4209	8
4210	7
4211	7
4212	6
4213	6
4214	6
4215	6
4216	7
4217	3
4218	7
4219	6
4220	8
4221	8
4222	9
4223	7
4224	7
4225	6
4226	3
4227	6
4228	6
4229	9
4230	5
4231	9
4232	6
4233	3
4234	6
4235	6
4236	6
4237	6
4238	5
4239	6
4240	5
4241	4
4242	2
4243	6
4244	9
4245	3
4246	8
4247	3
4248	3
4249	8
4250	1
4251	3
4252	5
4253	7
4254	4
4255	5
4256	8
4257	3
4258	6
4259	8
4260	6
4261	8
4262	5
4263	5
4264	8
4265	9
4266	9
4267	13
4268	6
4269	3
4270	7
4271	7
4272	4
4273	7
4274	4
4275	8
4276	1
4277	8
4278	9
4279	6
4280	5
4281	4
4282	8
4283	2
4284	1
4285	8
4286	3
4287	8
4288	5
4289	4
4290	9
4291	7
4292	4
4293	6
4294	1
4295	5
4296	4
4297	5
4298	11
4299	4
4300	4
4301	9
4302	8
4303	2
4304	4
4305	8
4306	4
4307	6
4308	5
4309	7
4310	4
4311	4
4312	1
4313	5
4314	4
4315	7
4316	4
4317	5
4318	8
4319	5
4320	2
4321	6
4322	5
4323	1
4324	8
4325	3
4326	8
4327	3
4328	5
4329	9
4330	6
4331	11
4332	6
4333	7
4334	9
4335	2
4336	5
4337	8
4338	5
4339	6
4340	5
4341	4
4342	7
4343	7
4344	6
4345	4
4346	13
4347	5
4348	6
4349	6
4350	5
4351	6
4352	2
4353	6
4354	4
4355	3
4356	2
4357	7
4358	5
4359	5
4360	4
4361	2
4362	4
4363	8
4364	2
4365	7
4366	5
4367	8
4368	5
4369	5
4370	6
4371	9
4372	1
4373	4
4374	4
4375	9
4376	3
4377	4
4378	3
4379	9
4380	1
4381	7
4382	6
4383	8
4384	6
4385	5
4386	4
4387	9
4388	8
4389	5
4390	6
4391	7
4392	4
4393	5
4394	4
4395	6
4396	6
4397	4
4398	5
4399	3
4400	10
4401	10
4402	7
4403	6
4404	1
4405	7
4406	5
4407	9
4408	4
4409	4
4410	10
4411	5
4412	5
4413	4
4414	5
4415	5
4416	7
4417	4
4418	7
4419	7
4420	7
4421	5
4422	3
4423	4
4424	5
4425	12
4426	10
4427	2
4428	3
4429	4
4430	5
4431	6
4432	3
4433	5
4434	10
4435	4
4436	5
4437	4
4438	7
4439	5
4440	6
4441	2
4442	5
4443	10
4444	7
4445	3
4446	5
4447	10
4448	7
4449	5
4450	4
4451	3
4452	3
4453	3
4454	7
4455	5
4456	4
4457	6
4458	4
4459	3
4460	6
4461	11
4462	3
4463	7
4464	6
4465	6
4466	8
4467	5
4468	5
4469	6
4470	3
4471	5
4472	3
4473	5
4474	9
4475	5
4476	3
4477	7
4478	8
4479	7
4480	4
4481	8
4482	8
4483	5
4484	6
4485	8
4486	6
4487	4
4488	6
4489	3
4490	5
4491	6
4492	7
4493	9
4494	3
4495	10
4496	9
4497	8
4498	11
4499	10
4500	6
4501	8
4502	5
4503	4
4504	7
4505	4
4506	7
4507	6
4508	3
4509	5
4510	4
4511	6
4512	9
4513	9
4514	4
4515	5
4516	4
4517	8
4518	7
4519	5
4520	4
4521	4
4522	5
4523	7
4524	9
4525	6
4526	6
4527	3
4528	7
4529	5
4530	7
4531	2
4532	6
4533	2
4534	5
4535	4
4536	6
4537	9
4538	6
4539	5
4540	8
4541	6
4542	8
4543	9
4544	8
4545	8
4546	5
4547	5
4548	5
4549	6
4550	4
4551	6
4552	1
4553	5
4554	10
4555	0
4556	3
4557	5
4558	5
4559	8
4560	10
4561	3
4562	7
4563	5
4564	10
4565	11
4566	8
4567	6
4568	3
4569	3
4570	5
4571	5
4572	8
4573	8
4574	6
4575	7
4576	8
4577	6
4578	5
4579	6
4580	5
4581	6
4582	5
4583	9
4584	7
4585	4
4586	4
4587	4
4588	8
4589	6
4590	11
4591	4
4592	7
4593	9
4594	5
4595	7
4596	8
4597	4
4598	7
4599	6
4600	4
4601	6
4602	11
4603	8
4604	4
4605	7
4606	5
4607	5
4608	8
4609	5
4610	4
4611	5
4612	4
4613	6
4614	7
4615	10
4616	7
4617	7
4618	7
4619	5
4620	3
4621	4
4622	6
4623	9
4624	6
4625	8
4626	4
4627	11
4628	8
4629	11
4630	8
4631	6
4632	3
4633	5
4634	4
4635	6
4636	6
4637	5
4638	3
4639	6
4640	2
4641	10
4642	3
4643	7
4644	3
4645	6
4646	7
4647	7
4648	2
4649	3
4650	2
4651	5
4652	5
4653	6
4654	5
4655	4
4656	4
4657	4
4658	8
4659	8
4660	7
4661	9
4662	5
4663	5
4664	7
4665	5
4666	7
4667	2
4668	2
4669	2
4670	6
4671	6
4672	4
4673	7
4674	5
4675	5
4676	3
4677	6
4678	4
4679	5
4680	3
4681	2
4682	15
4683	9
4684	4
4685	7
4686	3
4687	7
4688	2
4689	3
4690	5
4691	6
4692	4
4693	4
4694	7
4695	7
4696	4
4697	8
4698	7
4699	7
4700	8
4701	4
4702	5
4703	5
4704	13
4705	7
4706	5
4707	2
4708	13
4709	4
4710	2
4711	8
4712	8
4713	6
4714	7
4715	5
4716	8
4717	5
4718	3
4719	6
4720	9
4721	3
4722	4
4723	7
4724	4
4725	8
4726	5
4727	6
4728	4
4729	3
4730	3
4731	4
4732	6
4733	2
4734	3
4735	5
4736	7
4737	6
4738	7
4739	4
4740	7
4741	9
4742	4
4743	9
4744	5
4745	6
4746	7
4747	5
4748	1
4749	3
4750	2
4751	8
4752	3
4753	7
4754	8
4755	3
4756	5
4757	12
4758	1
4759	5
4760	6
4761	5
4762	4
4763	5
4764	4
4765	5
4766	2
4767	5
4768	8
4769	10
4770	6
4771	8
4772	6
4773	5
4774	7
4775	3
4776	6
4777	3
4778	3
4779	4
4780	1
4781	8
4782	4
4783	7
4784	2
4785	4
4786	6
4787	5
4788	5
4789	10
4790	3
4791	4
4792	2
4793	4
4794	2
4795	9
4796	4
4797	5
4798	3
4799	4
4800	9
4801	5
4802	0
4803	7
4804	6
4805	2
4806	9
4807	6
4808	12
4809	6
4810	4
4811	4
4812	3
4813	7
4814	6
4815	10
4816	6
4817	2
4818	10
4819	2
4820	4
4821	9
4822	5
4823	2
4824	11
4825	13
4826	7
4827	5
4828	6
4829	4
4830	7
4831	4
4832	5
4833	9
4834	4
4835	7
4836	6
4837	5
4838	2
4839	4
4840	3
4841	8
4842	3
4843	7
4844	4
4845	4
4846	7
4847	5
4848	3
4849	1
4850	8
4851	4
4852	5
4853	5
4854	3
4855	6
4856	4
4857	6
4858	7
4859	7
4860	12
4861	6
4862	8
4863	7
4864	6
4865	4
4866	6
4867	4
4868	7
4869	4
4870	4
4871	5
4872	5
4873	1
4874	9
4875	4
4876	8
4877	7
4878	1
4879	5
4880	4
4881	6
4882	5
4883	5
4884	4
4885	7
4886	3
4887	4
4888	8
4889	4
4890	5
4891	2
4892	8
4893	4
4894	9
4895	6
4896	7
4897	5
4898	13
4899	3
4900	8
4901	2
4902	6
4903	2
4904	8
4905	5
4906	7
4907	2
4908	6
4909	5
4910	4
4911	4
4912	7
4913	8
4914	4
4915	7
4916	0
4917	9
4918	9
4919	5
4920	8
4921	8
4922	5
4923	5
4924	4
4925	5
4926	3
4927	5
4928	1
4929	6
4930	5
4931	4
4932	3
4933	2
4934	8
4935	6
4936	6
4937	4
4938	5
4939	5
4940	4
4941	8
4942	10
4943	2
4944	8
4945	3
4946	3
4947	1
4948	3
4949	1
4950	4
4951	6
4952	9
4953	4
4954	4
4955	8
4956	5
4957	4
4958	5
4959	4
4960	3
4961	4
4962	3
4963	6
4964	7
4965	7
4966	10
4967	4
4968	4
4969	4
4970	8
4971	4
4972	5
4973	6
4974	8
4975	3
4976	4
4977	13
4978	5
4979	8
4980	4
4981	7
4982	7
4983	4
4984	3
4985	7
4986	4
4987	9
4988	8
4989	5
4990	6
4991	6
4992	2
4993	3
4994	4
4995	4
4996	4
4997	2
4998	1
4999	6
5000	5
5001	10
5002	5
5003	4
5004	3
5005	4
5006	6
5007	6
5008	2
5009	3
5010	4
5011	5
5012	12
5013	6
5014	2
5015	6
5016	1
5017	6
5018	6
5019	7
5020	5
5021	4
5022	7
5023	6
5024	6
5025	4
5026	6
5027	4
5028	4
5029	5
5030	9
5031	5
5032	3
5033	6
5034	7
5035	8
5036	6
5037	4
5038	5
5039	5
5040	5
5041	1
5042	8
5043	6
5044	7
5045	3
5046	7
5047	3
5048	4
5049	5
5050	6
5051	8
5052	11
5053	6
5054	7
5055	3
5056	1
5057	6
5058	3
5059	1
5060	4
5061	4
5062	1
5063	4
5064	6
5065	4
5066	2
5067	7
5068	9
5069	10
5070	4
5071	9
5072	3
5073	6
5074	4
5075	11
5076	2
5077	2
5078	6
5079	5
5080	9
5081	6
5082	5
5083	3
5084	5
5085	2
5086	5
5087	6
5088	5
5089	3
5090	1
5091	6
5092	3
5093	5
5094	0
5095	4
5096	2
5097	6
5098	2
5099	9
5100	6
5101	6
5102	2
5103	4
5104	6
5105	4
5106	10
5107	9
5108	8
5109	4
5110	6
5111	3
5112	4
5113	6
5114	4
5115	6
5116	3
5117	4
5118	8
5119	12
5120	7
5121	4
5122	7
5123	3
5124	6
5125	5
5126	7
5127	5
5128	4
5129	5
5130	3
5131	5
5132	7
5133	7
5134	5
5135	6
5136	2
5137	3
5138	5
5139	6
5140	5
5141	2
5142	8
5143	6
5144	5
5145	1
5146	4
5147	4
5148	9
5149	8
5150	4
5151	6
5152	9
5153	7
5154	6
5155	3
5156	3
5157	6
5158	3
5159	10
5160	9
5161	3
5162	8
5163	3
5164	7
5165	3
5166	8
5167	11
5168	5
5169	4
5170	6
5171	3
5172	2
5173	7
5174	8
5175	5
5176	5
5177	8
5178	5
5179	8
5180	1
5181	6
5182	3
5183	4
5184	4
5185	2
5186	6
5187	7
5188	3
5189	7
5190	6
5191	3
5192	5
5193	9
5194	3
5195	2
5196	6
5197	2
5198	3
5199	6
5200	5
5201	1
5202	7
5203	6
5204	5
5205	7
5206	5
5207	2
5208	4
5209	6
5210	4
5211	3
5212	7
5213	2
5214	7
5215	8
5216	3
5217	7
5218	8
5219	10
5220	6
5221	3
5222	4
5223	3
5224	3
5225	6
5226	5
5227	5
5228	1
5229	5
5230	6
5231	4
5232	4
5233	2
5234	5
5235	4
5236	2
5237	8
5238	8
5239	5
5240	5
5241	3
5242	4
5243	5
5244	8
5245	7
5246	5
5247	5
5248	6
5249	4
5250	4
5251	5
5252	6
5253	2
5254	1
5255	6
5256	9
5257	7
5258	6
5259	6
5260	7
5261	6
5262	7
5263	2
5264	10
5265	4
5266	4
5267	5
5268	9
5269	6
5270	2
5271	4
5272	7
5273	6
5274	4
5275	3
5276	8
5277	3
5278	5
5279	5
5280	7
5281	5
5282	6
5283	5
5284	7
5285	1
5286	6
5287	11
5288	4
5289	5
5290	3
5291	4
5292	10
5293	2
5294	4
5295	6
5296	4
5297	5
5298	10
5299	10
5300	6
5301	9
5302	8
5303	6
5304	3
5305	5
5306	3
5307	2
5308	9
5309	3
5310	5
5311	7
5312	4
5313	7
5314	5
5315	1
5316	3
5317	4
5318	3
5319	5
5320	8
5321	5
5322	7
5323	5
5324	5
5325	4
5326	4
5327	6
5328	4
5329	5
5330	3
5331	7
5332	8
5333	5
5334	6
5335	2
5336	5
5337	5
5338	4
5339	9
5340	3
5341	3
5342	3
5343	2
5344	4
5345	5
5346	6
5347	7
5348	7
5349	7
5350	5
5351	6
5352	7
5353	2
5354	4
5355	7
5356	1
5357	4
5358	6
5359	4
5360	4
5361	4
5362	8
5363	5
5364	7
5365	10
5366	8
5367	3
5368	9
5369	4
5370	3
5371	6
5372	5
5373	6
5374	4
5375	3
5376	5
5377	6
5378	8
5379	4
5380	5
5381	7
5382	2
5383	3
5384	5
5385	5
5386	2
5387	2
5388	4
5389	1
5390	4
5391	4
5392	6
5393	4
5394	4
5395	5
5396	2
5397	3
5398	8
5399	7
5400	6
5401	4
5402	3
5403	3
5404	4
5405	1
5406	3
5407	2
5408	8
5409	4
5410	4
5411	3
5412	5
5413	5
5414	3
5415	4
5416	4
5417	5
5418	6
5419	7
5420	8
5421	7
5422	7
5423	5
5424	4
5425	4
5426	3
5427	7
5428	2
5429	5
5430	4
5431	5
5432	4
5433	6
5434	4
5435	5
5436	6
5437	6
5438	5
5439	8
5440	0
5441	4
5442	4
5443	8
5444	7
5445	7
5446	7
5447	5
5448	6
5449	11
5450	6
5451	5
5452	4
5453	6
5454	7
5455	4
5456	3
5457	7
5458	4
5459	2
5460	8
5461	6
5462	5
5463	3
5464	6
5465	6
5466	7
5467	2
5468	3
5469	8
5470	1
5471	8
5472	8
5473	5
5474	7
5475	3
5476	6
5477	7
5478	6
5479	7
5480	7
5481	5
5482	3
5483	2
5484	5
5485	9
5486	7
5487	5
5488	7
5489	5
5490	7
5491	7
5492	5
5493	4
5494	5
5495	3
5496	6
5497	3
5498	8
5499	4
5500	8
5501	2
5502	2
5503	4
5504	3
5505	3
5506	10
5507	9
5508	2
5509	5
5510	3
5511	9
5512	2
5513	4
5514	6
5515	7
5516	4
5517	4
5518	2
5519	12
5520	4
5521	3
5522	4
5523	5
5524	2
5525	11
5526	5
5527	8
5528	6
5529	6
5530	4
5531	10
5532	8
5533	5
5534	5
5535	4
5536	3
5537	7
5538	4
5539	3
5540	6
5541	3
5542	6
5543	4
5544	10
5545	4
5546	3
5547	2
5548	2
5549	4
5550	8
5551	4
5552	7
5553	8
5554	8
5555	9
5556	6
5557	6
5558	5
5559	9
5560	5
5561	5
5562	0
5563	2
5564	3
5565	5
5566	6
5567	4
5568	5
5569	4
5570	6
5571	11
5572	8
5573	7
5574	8
5575	7
5576	3
5577	2
5578	3
5579	2
5580	4
5581	7
5582	9
5583	4
5584	8
5585	5
5586	7
5587	7
5588	5
5589	2
5590	6
5591	4
5592	3
5593	3
5594	6
5595	7
5596	5
5597	3
5598	5
5599	6
5600	5
5601	9
5602	4
5603	4
5604	2
5605	6
5606	6
5607	5
5608	4
5609	4
5610	4
5611	9
5612	6
5613	10
5614	10
5615	4
5616	4
5617	6
5618	7
5619	3
5620	5
5621	7
5622	8
5623	5
5624	7
5625	6
5626	2
5627	5
5628	9
5629	3
5630	9
5631	13
5632	3
5633	11
5634	4
5635	8
5636	7
5637	6
5638	13
5639	9
5640	4
5641	5
5642	5
5643	5
5644	1
5645	5
5646	7
5647	4
5648	11
5649	6
5650	5
5651	5
5652	3
5653	5
5654	6
5655	6
5656	2
5657	2
5658	7
5659	6
5660	10
5661	7
5662	7
5663	8
5664	8
5665	5
5666	6
5667	7
5668	8
5669	6
5670	5
5671	5
5672	6
5673	6
5674	1
5675	5
5676	9
5677	5
5678	6
5679	5
5680	5
5681	5
5682	9
5683	4
5684	9
5685	1
5686	16
5687	8
5688	5
5689	10
5690	7
5691	4
5692	4
5693	10
5694	6
5695	3
5696	7
5697	7
5698	8
5699	2
5700	4
5701	5
5702	8
5703	4
5704	4
5705	3
5706	8
5707	7
5708	7
5709	9
5710	5
5711	6
5712	11
5713	8
5714	5
5715	4
5716	6
5717	5
5718	6
5719	7
5720	5
5721	6
5722	6
5723	5
5724	2
5725	3
5726	5
5727	8
5728	4
5729	5
5730	8
5731	8
5732	8
5733	6
5734	9
5735	8
5736	6
5737	3
5738	7
5739	5
5740	9
5741	6
5742	9
5743	2
5744	7
5745	4
5746	6
5747	5
5748	9
5749	11
5750	6
5751	6
5752	3
5753	9
5754	3
5755	2
5756	4
5757	5
5758	6
5759	10
5760	6
5761	9
5762	13
5763	9
5764	4
5765	8
5766	4
5767	4
5768	4
5769	7
5770	10
5771	5
5772	6
5773	11
5774	4
5775	7
5776	11
5777	4
5778	3
5779	7
5780	7
5781	7
5782	5
5783	3
5784	7
5785	8
5786	6
5787	8
5788	8
5789	3
5790	3
5791	6
5792	4
5793	3
5794	5
5795	9
5796	3
5797	8
5798	4
5799	5
5800	9
5801	7
5802	5
5803	8
5804	8
5805	7
5806	6
5807	6
5808	6
5809	6
5810	9
5811	2
5812	7
5813	7
5814	7
5815	8
5816	8
5817	7
5818	5
5819	7
5820	8
5821	6
5822	6
5823	8
5824	9
5825	2
5826	5
5827	8
5828	11
5829	8
5830	5
5831	3
5832	8
5833	12
5834	5
5835	7
5836	10
5837	9
5838	12
5839	6
5840	5
5841	8
5842	6
5843	11
5844	7
5845	7
5846	10
5847	6
5848	8
5849	10
5850	5
5851	8
5852	9
5853	4
5854	7
5855	10
5856	3
5857	8
5858	5
5859	6
5860	4
5861	8
5862	6
5863	8
5864	7
5865	6
5866	7
5867	12
5868	7
5869	9
5870	5
5871	6
5872	8
5873	10
5874	3
5875	10
5876	5
5877	9
5878	8
5879	7
5880	5
5881	4
5882	9
5883	3
5884	5
5885	5
5886	10
5887	9
5888	7
5889	6
5890	6
5891	12
5892	2
5893	7
5894	9
5895	8
5896	2
5897	9
5898	10
5899	4
5900	10
5901	2
5902	10
5903	9
5904	3
5905	13
5906	5
5907	10
5908	12
5909	8
5910	10
5911	3
5912	7
5913	5
5914	8
5915	6
5916	10
5917	12
5918	3
5919	6
5920	11
5921	10
5922	11
5923	9
5924	1
5925	13
5926	5
5927	3
5928	10
5929	10
5930	4
5931	6
5932	13
5933	10
5934	8
5935	6
5936	8
5937	10
5938	6
5939	5
5940	4
5941	11
5942	6
5943	12
5944	8
5945	10
5946	3
5947	1
5948	11
5949	12
5950	5
5951	15
5952	8
5953	5
5954	8
5955	6
5956	9
5957	8
5958	13
5959	6
5960	5
5961	4
5962	9
5963	12
5964	8
5965	12
5966	7
5967	5
5968	8
5969	3
5970	4
5971	2
5972	17
5973	7
5974	14
5975	11
5976	3
5977	7
5978	2
5979	7
5980	9
5981	9
5982	5
5983	9
5984	4
5985	4
5986	6
5987	6
5988	10
5989	10
5990	5
5991	8
5992	6
5993	7
5994	11
5995	5
5996	10
5997	6
5998	7
5999	9
6000	8
6001	9
6002	9
6003	7
6004	9
6005	6
6006	8
6007	4
6008	11
6009	4
6010	7
6011	11
6012	6
6013	3
6014	9
6015	7
6016	6
6017	7
6018	7
6019	4
6020	11
6021	9
6022	7
6023	6
6024	7
6025	8
6026	7
6027	8
6028	8
6029	8
6030	4
6031	5
6032	8
6033	5
6034	5
6035	13
6036	4
6037	5
6038	6
6039	6
6040	7
6041	6
6042	5
6043	4
6044	5
6045	5
6046	6
6047	8
6048	8
6049	6
6050	9
6051	9
6052	5
6053	7
6054	8
6055	8
6056	5
6057	5
6058	6
6059	4
6060	5
6061	6
6062	7
6063	7
6064	5
6065	10
6066	8
6067	10
6068	6
6069	3
6070	8
6071	7
6072	6
6073	8
6074	5
6075	6
6076	6
6077	9
6078	5
6079	8
6080	7
6081	8
6082	4
6083	7
6084	3
6085	8
6086	3
6087	8
6088	10
6089	6
6090	5
6091	2
6092	4
6093	7
6094	5
6095	6
6096	4
6097	6
6098	6
6099	4
6100	12
6101	9
6102	6
6103	6
6104	6
6105	8
6106	7
6107	8
6108	8
6109	6
6110	8
6111	4
6112	11
6113	9
6114	2
6115	7
6116	6
6117	2
6118	5
6119	8
6120	6
6121	3
6122	5
6123	8
6124	6
6125	4
6126	3
6127	3
6128	5
6129	7
6130	7
6131	7
6132	5
6133	5
6134	7
6135	10
6136	6
6137	8
6138	9
6139	6
6140	1
6141	8
6142	5
6143	12
6144	2
6145	5
6146	6
6147	5
6148	6
6149	11
6150	6
6151	4
6152	6
6153	6
6154	5
6155	3
6156	2
6157	2
6158	10
6159	8
6160	4
6161	5
6162	8
6163	3
6164	6
6165	6
6166	7
6167	1
6168	5
6169	5
6170	5
6171	3
6172	7
6173	4
6174	6
6175	7
6176	3
6177	5
6178	5
6179	4
6180	3
6181	5
6182	4
6183	9
6184	9
6185	4
6186	0
6187	5
6188	8
6189	4
6190	1
6191	4
6192	4
6193	7
6194	7
6195	8
6196	5
6197	5
6198	4
6199	4
6200	4
6201	9
6202	5
6203	9
6204	2
6205	5
6206	3
6207	6
6208	8
6209	4
6210	2
6211	4
6212	2
6213	5
6214	4
6215	3
6216	4
6217	6
6218	8
6219	1
6220	2
6221	7
6222	5
6223	7
6224	5
6225	2
6226	4
6227	8
6228	4
6229	8
6230	6
6231	9
6232	4
6233	4
6234	6
6235	1
6236	8
6237	4
6238	2
6239	6
6240	7
6241	1
6242	3
6243	6
6244	5
6245	6
6246	5
6247	8
6248	8
6249	3
6250	2
6251	3
6252	4
6253	5
6254	2
6255	3
6256	9
6257	7
6258	4
6259	8
6260	4
6261	5
6262	6
6263	6
6264	4
6265	5
6266	4
6267	3
6268	6
6269	5
6270	3
6271	4
6272	5
6273	4
6274	7
6275	6
6276	2
6277	4
6278	6
6279	7
6280	1
6281	3
6282	5
6283	1
6284	7
6285	4
6286	4
6287	1
6288	3
6289	6
6290	7
6291	5
6292	1
6293	4
6294	4
6295	2
6296	4
6297	5
6298	7
6299	4
6300	3
6301	6
6302	2
6303	6
6304	3
6305	7
6306	1
6307	7
6308	3
6309	4
6310	3
6311	6
6312	5
6313	2
6314	6
6315	5
6316	5
6317	4
6318	6
6319	2
6320	2
6321	3
6322	1
6323	4
6324	2
6325	3
6326	3
6327	3
6328	4
6329	4
6330	8
6331	3
6332	4
6333	2
6334	5
6335	4
6336	3
6337	4
6338	6
6339	2
6340	3
6341	3
6342	6
6343	4
6344	3
6345	2
6346	5
6347	6
6348	3
6349	1
6350	4
6351	3
6352	2
6353	2
6354	3
6355	5
6356	5
6357	1
6358	2
6359	6
6360	3
6361	3
6362	2
6363	4
6364	2
6365	4
6366	2
6367	2
6368	4
6369	0
6370	3
6371	2
6372	4
6373	1
6374	1
6375	3
6376	2
6377	4
6378	3
6379	5
6380	1
6381	7
6382	4
6383	0
6384	5
6385	1
6386	4
6387	2
6388	3
6389	3
6390	3
6391	3
6392	3
6393	5
6394	2
6395	1
6396	6
6397	2
6398	1
6399	1
6400	4
6401	3
6402	6
6403	2
6404	4
6405	2
6406	2
6407	2
6408	4
6409	1
6410	6
6411	4
6412	1
6413	1
6414	2
6415	0
6416	2
6417	4
6418	4
6419	2
6420	3
6421	1
6422	3
6423	6
6424	1
6425	1
6426	4
6427	2
6428	6
6429	3
6430	4
6431	2
6432	3
6433	2
6434	1
6435	2
6436	1
6437	4
6438	1
6439	4
6440	2
6441	2
6442	2
6443	5
6444	6
6445	3
6446	2
6447	0
6448	3
6449	6
6450	2
6451	5
6452	2
6453	5
6454	3
6455	1
6456	2
6457	3
6458	2
6459	2
6460	1
6461	2
6462	3
6463	3
6464	2
6465	3
6466	3
6467	3
6468	1
6469	5
6470	2
6471	3
6472	3
6473	2
6474	1
6475	0
6476	1
6477	1
6478	2
6479	3
6480	1
6481	1
6482	2
6483	0
6484	0
6485	2
6486	3
6487	6
6488	2
6489	0
6490	1
6491	1
6492	0
6493	4
6494	5
6495	2
6496	2
6497	4
6498	3
6499	5
6500	5
6501	0
6502	2
6503	5
6504	2
6505	2
6506	1
6507	3
6508	2
6509	1
6510	6
6511	1
6512	1
6513	4
6514	2
6515	2
6516	1
6517	2
6518	1
6519	0
6520	2
6521	1
6522	2
6523	2
6524	0
6525	1
6526	3
6527	3
6528	1
6529	2
6530	2
6531	1
6532	1
6533	1
6534	3
6535	1
6536	5
6537	1
6538	1
6539	5
6540	4
6541	1
6542	2
6543	3
6544	4
6545	2
6546	1
6547	0
6548	1
6549	0
6550	2
6551	2
6552	5
6553	0
6554	0
6555	1
6556	1
6557	1
6558	0
6559	1
6560	1
6561	0
6562	3
6563	6
6564	3
6565	6
6566	1
6567	1
6568	4
6569	1
6570	3
6571	0
6572	2
6573	1
6574	2
6575	0
6576	4
6577	2
6578	3
6579	2
6580	1
6581	3
6582	0
6583	2
6584	0
6585	1
6586	3
6587	4
6588	3
6589	2
6590	1
6591	3
6592	2
6593	3
6594	3
6595	3
6596	0
6597	4
6598	1
6599	1
6600	3
6601	1
6602	1
6603	2
6604	2
6605	4
6606	0
6607	3
6608	0
6609	1
6610	0
6611	0
6612	5
6613	0
6614	4
6615	0
6616	1
6617	1
6618	4
6619	4
6620	2
6621	3
6622	1
6623	3
6624	1
6625	2
6626	4
6627	3
6628	1
6629	2
6630	1
6631	1
6632	3
6633	1
6634	2
6635	4
6636	1
6637	0
6638	3
6639	2
6640	2
6641	4
6642	0
6643	2
6644	0
6645	1
6646	0
6647	1
6648	3
6649	1
6650	0
6651	1
6652	2
6653	1
6654	0
6655	2
6656	3
6657	3
6658	1
6659	1
6660	0
6661	1
6662	3
6663	2
6664	3
6665	2
6666	2
6667	2
6668	1
6669	0
6670	3
6671	1
6672	2
6673	0
6674	0
6675	0
6676	0
6677	2
6678	1
6679	1
6680	1
6681	1
6682	1
6683	2
6684	2
6685	1
6686	1
6687	2
6688	3
6689	3
6690	2
6691	2
6692	1
6693	1
6694	0
6695	0
6696	2
6697	1
6698	0
6699	1
6700	2
6701	3
6702	1
6703	1
6704	0
6705	0
6706	1
6707	1
6708	1
6709	2
6710	1
6711	1
6712	0
6713	1
6714	2
6715	0
6716	0
6717	0
6718	0
6719	2
6720	1
6721	3
6722	1
6723	3
6724	1
6725	1
6726	2
6727	4
6728	1
6729	2
6730	2
6731	1
6732	2
6733	0
6734	1
6735	2
6736	1
6737	1
6738	0
6739	0
6740	1
6741	1
6742	1
6743	0
6744	2
6745	1
6746	1
6747	3
6748	0
6749	1
6750	1
6751	1
6752	0
6753	2
6754	2
6755	4
6756	0
6757	2
6758	2
6759	2
6760	1
6761	0
6762	2
6763	1
6764	1
6765	2
6766	1
6767	1
6768	1
6769	0
6770	0
6771	1
6772	3
6773	2
6774	0
6775	0
6776	0
6777	1
6778	0
6779	1
6780	2
6781	0
6782	0
6783	0
6784	1
6785	3
6786	2
6787	0
6788	1
6789	0
6790	0
6791	2
6792	3
6793	1
6794	3
6795	1
6796	0
6797	2
6798	1
6799	3
6800	0
6801	2
6802	1
6803	0
6804	0
6805	2
6806	1
6807	0
6808	1
6809	1
6810	1
6811	2
6812	1
6813	1
6814	1
6815	1
6816	0
6817	3
6818	0
6819	1
6820	0
6821	0
6822	4
6823	0
6824	0
6825	1
6826	0
6827	1
6828	2
6829	1
6830	0
6831	0
6832	1
6833	1
6834	2
6835	0
6836	2
6837	0
6838	1
6839	2
6840	1
6841	1
6842	2
6843	1
6844	0
6845	0
6846	2
6847	0
6848	1
6849	1
6850	0
6851	0
6852	0
6853	1
6854	3
6855	0
6856	0
6857	0
6858	0
6859	3
6860	1
6861	0
6862	1
6863	1
6864	3
6865	0
6866	1
6867	1
6868	1
6869	0
6870	1
6871	0
6872	0
6873	1
6874	1
6875	0
6876	1
6877	2
6878	0
6879	0
6880	0
6881	1
6882	0
6883	1
6884	0
6885	2
6886	3
6887	0
6888	0
6889	1
6890	2
6891	0
6892	0
6893	0
6894	0
6895	1
6896	0
6897	0
6898	0
6899	0
6900	0
6901	1
6902	0
6903	1
6904	0
6905	1
6906	0
6907	0
6908	0
6909	2
6910	1
6911	2
6912	0
6913	1
6914	1
6915	2
6916	0
6917	0
6918	0
6919	1
6920	0
6921	0
6922	0
6923	0
6924	0
6925	1
6926	0
6927	0
6928	1
6929	1
6930	0
6931	1
6932	2
6933	1
6934	1
6935	3
6936	0
6937	2
6938	0
6939	0
6940	1
6941	2
6942	2
6943	1
6944	0
6945	0
6946	0
6947	2
6948	2
6949	1
6950	0
6951	4
6952	3
6953	0
6954	0
6955	1
6956	1
6957	3
6958	1
6959	2
6960	0
6961	0
6962	0
6963	0
6964	1
6965	0
6966	0
6967	0
6968	1
6969	0
6970	1
6971	0
6972	1
6973	1
6974	0
6975	0
6976	0
6977	1
6978	0
6979	1
6980	1
6981	0
6982	1
6983	0
6984	0
6985	1
6986	2
6987	0
6988	0
6989	0
6990	1
6991	1
6992	1
6993	1
6994	0
6995	2
6996	0
6997	0
6998	0
6999	1
7000	1
7001	1
7002	1
7003	3
7004	1
7005	0
7006	0
7007	0
7008	0
7009	1
7010	1
7011	0
7012	0
7013	2
7014	0
7015	0
7016	2
7017	0
7018	0
7019	1
7020	1
7021	0
7022	1
7023	2
7024	1
7025	0
7026	0
7027	1
7028	0
7029	2
7030	0
7031	0
7032	1
7033	2
7034	2
7035	0
7036	0
7037	2
7038	0
7039	0
7040	0
7041	0
7042	2
7043	1
7044	0
7045	1
7046	0
7047	0
7048	1
7049	0
7050	0
7051	0
7052	0
7053	0
7054	1
7055	0
7056	1
7057	1
7058	0
7059	0
7060	0
7061	0
7062	0
7063	0
7064	0
7065	0
7066	0
7067	1
7068	0
7069	1
7070	1
7071	1
7072	0
7073	1
7074	0
7075	0
7076	0
7077	0
7078	0
7079	1
7080	1
7081	0
7082	0
7083	0
7084	0
7085	0
7086	0
7087	1
7088	1
7089	0
7090	2
7091	0
7092	1
7093	0
7094	0
7095	1
7096	0
7097	1
7098	1
7099	1
7100	2
7101	0
7102	0
7103	2
7104	0
7105	2
7106	0
7107	2
7108	0
7109	0
7110	1
7111	1
7112	1
7113	1
7114	2
7115	2
7116	0
7117	2
7118	0
7119	0
7120	0
7121	0
7122	1
7123	4
7124	0
7125	1
7126	1
7127	1
7128	0
7129	0
7130	2
7131	0
7132	1
7133	1
7134	0
7135	0
7136	1
7137	0
7138	0
7139	1
7140	1
7141	1
7142	1
7143	0
7144	0
7145	0
7146	0
7147	0
7148	0
7149	0
7150	0
7151	0
7152	1
7153	0
7154	2
7155	1
7156	0
7157	0
7158	2
7159	1
7160	0
7161	0
7162	0
7163	1
7164	0
7165	0
7166	1
7167	2
7168	1
7169	0
7170	0
7171	1
7172	1
7173	1
7174	0
7175	0
7176	0
7177	0
7178	1
7179	0
7180	0
7181	1
7182	0
7183	0
7184	1
7185	1
7186	1
7187	1
7188	1
7189	0
7190	2
7191	0
7192	0
7193	1
7194	1
7195	0
7196	0
7197	2
7198	1
7199	0
7200	0
7201	1
7202	0
7203	0
7204	0
7205	1
7206	2
7207	1
7208	0
7209	0
7210	0
7211	0
7212	0
7213	0
7214	0
7215	0
7216	0
7217	1
7218	0
7219	0
7220	0
7221	0
7222	1
7223	0
7224	0
7225	1
7226	1
7227	0
7228	1
7229	0
7230	0
7231	0
7232	0
7233	0
7234	0
7235	0
7236	1
7237	0
7238	2
7239	0
7240	2
7241	0
7242	1
7243	0
7244	1
7245	0
7246	0
7247	0
7248	0
7249	0
7250	2
7251	0
7252	1
7253	0
7254	1
7255	0
7256	0
7257	0
7258	0
7259	1
7260	0
7261	0
7262	1
7263	0
7264	1
7265	1
7266	1
7267	0
7268	1
7269	1
7270	1
7271	0
7272	1
7273	1
7274	1
7275	0
7276	1
7277	0
7278	0
7279	0
7280	0
7281	0
7282	0
7283	1
7284	0
7285	0
7286	0
7287	0
7288	0
7289	0
7290	1
7291	1
7292	2
7293	0
7294	0
7295	0
7296	0
7297	0
7298	0
7299	1
7300	1
7301	0
7302	1
7303	3
7304	2
7305	1
7306	1
7307	1
7308	1
7309	0
7310	0
7311	0
7312	0
7313	0
7314	0
7315	0
7316	1
7317	0
7318	3
7319	0
7320	0
7321	0
7322	0
7323	1
7324	0
7325	1
7326	0
7327	0
7328	0
7329	3
7330	3
7331	0
7332	2
7333	0
7334	0
7335	0
7336	0
7337	2
7338	0
7339	0
7340	0
7341	2
7342	1
7343	0
7344	0
7345	2
7346	0
7347	0
7348	2
7349	0
7350	0
7351	3
7352	0
7353	1
7354	1
7355	0
7356	1
7357	3
7358	0
7359	0
7360	1
7361	1
7362	0
7363	3
7364	1
7365	0
7366	1
7367	1
7368	0
7369	0
7370	2
7371	0
7372	0
7373	1
7374	0
7375	0
7376	0
7377	0
7378	0
7379	0
7380	0
7381	3
7382	1
7383	1
7384	1
7385	0
7386	0
7387	1
7388	0
7389	1
7390	1
7391	2
7392	1
7393	2
7394	1
7395	0
7396	1
7397	0
7398	0
7399	1
7400	1
7401	0
7402	1
7403	2
7404	0
7405	0
7406	2
7407	1
7408	1
7409	2
7410	1
7411	1
7412	0
7413	0
7414	0
7415	0
7416	0
7417	0
7418	0
7419	0
7420	0
7421	0
7422	0
7423	0
7424	0
7425	0
7426	1
7427	1
7428	0
7429	0
7430	0
7431	1
7432	1
7433	0
7434	0
7435	1
7436	0
7437	0
7438	1
7439	0
7440	0
7441	1
7442	2
7443	0
7444	0
7445	0
7446	0
7447	0
7448	1
7449	0
7450	1
7451	0
7452	0
7453	1
7454	1
7455	1
7456	1
7457	1
7458	0
7459	0
7460	1
7461	0
7462	1
7463	1
7464	1
7465	1
7466	0
7467	1
7468	0
7469	0
7470	0
7471	1
7472	1
7473	2
7474	0
7475	2
7476	0
7477	0
7478	0
7479	0
7480	1
7481	1
7482	1
7483	1
7484	0
7485	2
7486	0
7487	0
7488	0
7489	0
7490	1
7491	0
7492	0
7493	1
7494	0
7495	0
7496	1
7497	0
7498	0
7499	2
7500	0
7501	2
7502	1
7503	0
7504	1
7505	1
7506	0
7507	1
7508	1
7509	3
7510	1
7511	0
7512	1
7513	0
7514	2
7515	0
7516	0
7517	0
7518	0
7519	1
7520	1
7521	0
7522	0
7523	1
7524	1
7525	1
7526	0
7527	1
7528	0
7529	0
7530	0
7531	0
7532	0
7533	1
7534	0
7535	1
7536	0
7537	0
7538	2
7539	0
7540	1
7541	2
7542	0
7543	0
7544	0
7545	0
7546	1
7547	0
7548	0
7549	0
7550	0
7551	1
7552	0
7553	0
7554	0
7555	0
7556	0
7557	0
7558	0
7559	0
7560	1
7561	0
7562	0
7563	1
7564	0
7565	2
7566	1
7567	2
7568	0
7569	1
7570	1
7571	1
7572	0
7573	1
7574	1
7575	1
7576	0
7577	0
7578	1
7579	0
7580	1
7581	1
7582	0
7583	0
7584	0
7585	0
7586	0
7587	0
7588	0
7589	0
7590	0
7591	0
7592	2
7593	0
7594	1
7595	0
7596	1
7597	0
7598	0
7599	0
7600	0
7601	1
7602	1
7603	1
7604	0
7605	1
7606	0
7607	0
7608	0
7609	0
7610	0
7611	1
7612	2
7613	1
7614	0
7615	1
7616	0
7617	1
7618	0
7619	0
7620	0
7621	1
7622	0
7623	0
7624	1
7625	0
7626	0
7627	0
7628	0
7629	0
7630	0
7631	0
7632	1
7633	0
7634	0
7635	0
7636	0
7637	1
7638	0
7639	1
7640	0
7641	1
7642	0
7643	1
7644	0
7645	1
7646	0
7647	0
7648	1
7649	0
7650	1
7651	1
7652	0
7653	0
7654	0
7655	1
7656	0
7657	1
7658	0
7659	2
7660	0
7661	1
7662	0
7663	0
7664	0
7665	0
7666	0
7667	1
7668	1
7669	1
7670	1
7671	0
7672	0
7673	0
7674	0
7675	0
7676	0
7677	1
7678	1
7679	1
7680	0
7681	0
7682	0
7683	0
7684	3
7685	1
7686	0
7687	1
7688	0
7689	1
7690	0
7691	0
7692	1
7693	0
7694	1
7695	0
7696	0
7697	0
7698	1
7699	0
7700	0
7701	1
7702	0
7703	0
7704	0
7705	0
7706	0
7707	0
7708	0
7709	1
7710	0
7711	0
7712	3
7713	0
7714	1
7715	1
7716	2
7717	0
7718	0
7719	1
7720	1
7721	0
7722	1
7723	0
7724	1
7725	2
7726	0
7727	2
7728	0
7729	0
7730	1
7731	0
7732	1
7733	0
7734	0
7735	0
7736	0
7737	1
7738	0
7739	0
7740	0
7741	1
7742	0
7743	0
7744	1
7745	0
7746	1
7747	1
7748	0
7749	0
7750	2
7751	0
7752	1
7753	0
7754	1
7755	0
7756	1
7757	0
7758	2
7759	2
7760	0
7761	0
7762	0
7763	1
7764	1
7765	1
7766	0
7767	1
7768	0
7769	2
7770	0
7771	0
7772	0
7773	1
7774	0
7775	0
7776	0
7777	0
7778	0
7779	0
7780	0
7781	0
7782	0
7783	0
7784	0
7785	0
7786	0
7787	1
7788	0
7789	0
7790	0
7791	1
7792	0
7793	0
7794	0
7795	0
7796	0
7797	0
7798	0
7799	0
7800	1
7801	0
7802	0
7803	1
7804	1
7805	1
7806	0
7807	1
7808	1
7809	0
7810	1
7811	2
7812	3
7813	1
7814	0
7815	1
7816	0
7817	0
7818	1
7819	2
7820	0
7821	0
7822	0
7823	1
7824	1
7825	3
7826	0
7827	2
7828	2
7829	0
7830	0
7831	1
7832	0
7833	1
7834	0
7835	0
7836	0
7837	0
7838	0
7839	0
7840	0
7841	2
7842	0
7843	0
7844	0
7845	1
7846	1
7847	0
7848	1
7849	1
7850	2
7851	0
7852	0
7853	0
7854	1
7855	0
7856	0
7857	0
7858	0
7859	0
7860	0
7861	0
7862	1
7863	0
7864	0
7865	1
7866	0
7867	0
7868	0
7869	0
7870	0
7871	0
7872	0
7873	0
7874	0
7875	1
7876	1
7877	0
7878	0
7879	2
7880	1
7881	0
7882	0
7883	1
7884	0
7885	2
7886	0
7887	0
7888	0
7889	2
7890	1
7891	0
7892	0
7893	1
7894	0
7895	0
7896	0
7897	0
7898	1
7899	0
7900	0
7901	0
7902	0
7903	0
7904	0
7905	0
7906	0
7907	1
7908	1
7909	0
7910	0
7911	0
7912	1
7913	0
7914	1
7915	0
7916	0
7917	1
7918	0
7919	0
7920	1
7921	2
7922	0
7923	0
7924	0
7925	0
7926	1
7927	1
7928	0
7929	0
7930	0
7931	0
7932	0
7933	0
7934	0
7935	0
7936	0
7937	0
7938	0
7939	1
7940	0
7941	0
7942	1
7943	1
7944	2
7945	0
7946	1
7947	0
7948	1
7949	0
7950	1
7951	1
7952	1
7953	0
7954	0
7955	0
7956	2
7957	1
7958	1
7959	1
7960	0
7961	0
7962	0
7963	1
7964	0
7965	0
7966	2
7967	0
7968	0
7969	0
7970	0
7971	0
7972	1
7973	0
7974	0
7975	1
7976	2
7977	0
7978	1
7979	0
7980	0
7981	0
7982	0
7983	0
7984	0
7985	0
7986	0
7987	0
7988	0
7989	0
7990	1
7991	0
7992	0
7993	0
7994	1
7995	0
7996	3
7997	1
7998	0
7999	2
8000	0
8001	1
8002	0
8003	0
8004	1
8005	1
8006	0
8007	1
8008	0
8009	0
8010	0
8011	0
8012	1
8013	1
8014	0
8015	1
8016	0
8017	0
8018	0
8019	0
8020	0
8021	1
8022	0
8023	0
8024	1
8025	0
8026	0
8027	1
8028	0
8029	3
8030	0
8031	0
8032	0
8033	1
8034	0
8035	0
8036	1
8037	0
8038	0
8039	0
8040	1
8041	0
8042	1
8043	0
8044	0
8045	0
8046	0
8047	0
8048	0
8049	0
8050	0
8051	1
8052	1
8053	1
8054	0
8055	0
8056	1
8057	1
8058	2
8059	1
8060	1
8061	0
8062	0
8063	0
8064	0
8065	0
8066	0
8067	1
8068	0
8069	0
8070	0
8071	1
8072	0
8073	0
8074	0
8075	1
8076	0
8077	0
8078	0
8079	0
8080	0
8081	0
8082	0
8083	0
8084	0
8085	0
8086	0
8087	0
8088	0
8089	0
8090	0
8091	0
8092	0
8093	0
8094	0
8095	0
8096	0
8097	0
8098	0
8099	0
8100	0
8101	0
8102	0
8103	0
8104	0
8105	0
8106	0
8107	0
8108	0
8109	0
8110	0
8111	0
8112	0
8113	0
8114	0
8115	0
8116	0
8117	0
8118	0
8119	0
8120	0
8121	0
8122	0
8123	0
8124	0
8125	0
8126	0
8127	0
8128	0
8129	0
8130	0
8131	0
8132	0
8133	0
8134	0
8135	0
8136	0
8137	0
8138	0
8139	0
8140	0
8141	0
8142	0
8143	0
8144	0
8145	0
8146	0
8147	0
8148	0
8149	0
8150	0
8151	0
8152	0
8153	0
8154	0
8155	0
8156	0
8157	0
8158	0
8159	0
8160	0
8161	0
8162	0
8163	0
8164	0
8165	0
8166	0
8167	0
8168	0
8169	0
8170	0
8171	0
8172	0
8173	0
8174	0
8175	0
8176	0
8177	0
8178	0
8179	0
8180	0
8181	0
8182	0
8183	0
8184	0
8185	0
8186	0
8187	0
8188	0
8189	0
8190	0
8191	0
