0	341
1	21
2	33
3	25
4	30
5	16
6	23
7	21
8	17
9	18
10	19
11	15
12	10
13	13
14	20
15	13
16	12
17	13
18	21
19	12
20	10
21	21
22	14
23	14
24	12
25	8
26	15
27	9
28	10
29	10
30	15
31	6
32	11
33	16
34	13
35	12
36	12
37	8
38	18
39	17
40	14
41	15
42	10
43	15
44	15
45	15
46	11
47	12
48	10
49	8
50	11
51	10
52	10
53	12
54	14
55	13
56	19
57	12
58	15
59	27
60	21
61	30
62	32
63	32
64	35
65	20
66	20
67	21
68	24
69	24
70	18
71	20
72	22
73	30
74	27
75	26
76	25
77	27
78	33
79	31
80	26
81	35
82	49
83	46
84	65
85	68
86	68
87	84
88	85
89	93
90	87
91	93
92	85
93	80
94	69
95	85
96	73
97	67
98	68
99	64
100	75
101	64
102	69
103	73
104	65
105	65
106	63
107	54
108	45
109	64
110	47
111	58
112	57
113	57
114	54
115	50
116	64
117	64
118	47
119	75
120	66
121	69
122	67
123	65
124	71
125	55
126	58
127	81
128	77
129	78
130	83
131	83
132	71
133	65
134	85
135	71
136	77
137	95
138	104
139	93
140	93
141	94
142	90
143	71
144	106
145	86
146	80
147	85
148	69
149	67
150	73
151	83
152	66
153	61
154	71
155	62
156	57
157	65
158	75
159	64
160	51
161	67
162	51
163	65
164	54
165	54
166	53
167	40
168	67
169	49
170	42
171	54
172	44
173	48
174	59
175	56
176	49
177	48
178	51
179	69
180	49
181	52
182	45
183	56
184	55
185	42
186	48
187	52
188	58
189	47
190	51
191	49
192	52
193	48
194	49
195	45
196	65
197	52
198	44
199	46
200	60
201	58
202	56
203	57
204	74
205	49
206	59
207	44
208	56
209	40
210	57
211	45
212	49
213	52
214	49
215	52
216	52
217	48
218	40
219	55
220	33
221	43
222	52
223	48
224	38
225	46
226	28
227	57
228	48
229	47
230	52
231	46
232	50
233	48
234	51
235	54
236	52
237	38
238	50
239	37
240	43
241	42
242	43
243	62
244	52
245	58
246	47
247	47
248	51
249	41
250	38
251	41
252	36
253	55
254	40
255	51
256	37
257	39
258	25
259	36
260	46
261	43
262	40
263	30
264	24
265	31
266	25
267	27
268	40
269	30
270	33
271	37
272	22
273	33
274	28
275	31
276	30
277	28
278	32
279	22
280	26
281	26
282	31
283	29
284	29
285	25
286	23
287	25
288	43
289	28
290	31
291	31
292	37
293	22
294	28
295	18
296	36
297	27
298	24
299	26
300	24
301	19
302	20
303	32
304	23
305	21
306	14
307	20
308	34
309	15
310	26
311	30
312	15
313	24
314	26
315	19
316	18
317	24
318	23
319	21
320	25
321	30
322	20
323	31
324	25
325	22
326	16
327	16
328	19
329	23
330	21
331	12
332	22
333	17
334	14
335	19
336	19
337	23
338	22
339	14
340	14
341	10
342	17
343	25
344	18
345	20
346	14
347	17
348	26
349	21
350	18
351	16
352	9
353	11
354	18
355	21
356	16
357	20
358	20
359	15
360	14
361	17
362	15
363	14
364	17
365	20
366	19
367	14
368	11
369	10
370	8
371	11
372	13
373	13
374	14
375	14
376	12
377	17
378	5
379	22
380	11
381	8
382	7
383	13
384	15
385	10
386	15
387	11
388	11
389	6
390	11
391	12
392	18
393	13
394	16
395	19
396	9
397	14
398	5
399	14
400	12
401	12
402	11
403	11
404	14
405	12
406	9
407	8
408	8
409	7
410	19
411	15
412	9
413	13
414	12
415	12
416	9
417	8
418	10
419	7
420	14
421	14
422	10
423	15
424	13
425	8
426	11
427	7
428	10
429	7
430	5
431	6
432	10
433	13
434	12
435	9
436	13
437	8
438	6
439	13
440	13
441	12
442	13
443	16
444	12
445	13
446	14
447	13
448	21
449	24
450	18
451	14
452	14
453	13
454	10
455	13
456	20
457	17
458	9
459	17
460	18
461	16
462	11
463	8
464	12
465	13
466	9
467	10
468	7
469	13
470	19
471	13
472	12
473	11
474	14
475	15
476	14
477	10
478	13
479	15
480	9
481	16
482	19
483	10
484	5
485	10
486	23
487	16
488	16
489	13
490	15
491	12
492	10
493	6
494	9
495	17
496	11
497	12
498	12
499	10
500	14
501	8
502	19
503	17
504	15
505	15
506	9
507	15
508	10
509	18
510	7
511	20
512	7
513	11
514	19
515	11
516	11
517	11
518	11
519	8
520	8
521	9
522	10
523	11
524	11
525	18
526	20
527	13
528	14
529	15
530	9
531	14
532	14
533	15
534	17
535	12
536	10
537	15
538	14
539	19
540	7
541	9
542	9
543	7
544	9
545	19
546	11
547	8
548	8
549	12
550	9
551	13
552	13
553	11
554	9
555	12
556	10
557	14
558	18
559	8
560	13
561	14
562	8
563	9
564	12
565	9
566	12
567	15
568	13
569	10
570	7
571	12
572	13
573	7
574	14
575	7
576	7
577	17
578	13
579	10
580	13
581	18
582	15
583	8
584	9
585	11
586	9
587	9
588	11
589	15
590	10
591	15
592	15
593	11
594	8
595	12
596	15
597	11
598	14
599	12
600	9
601	23
602	14
603	22
604	20
605	18
606	10
607	8
608	16
609	14
610	5
611	12
612	19
613	10
614	9
615	12
616	20
617	11
618	11
619	14
620	13
621	16
622	6
623	12
624	10
625	11
626	11
627	13
628	12
629	14
630	12
631	13
632	8
633	19
634	10
635	15
636	6
637	11
638	7
639	15
640	14
641	11
642	14
643	6
644	19
645	11
646	9
647	10
648	9
649	14
650	5
651	15
652	18
653	14
654	10
655	15
656	6
657	12
658	1
659	10
660	13
661	12
662	14
663	12
664	9
665	17
666	1
667	9
668	9
669	10
670	14
671	8
672	8
673	14
674	24
675	10
676	4
677	12
678	11
679	9
680	13
681	11
682	8
683	10
684	10
685	13
686	14
687	13
688	20
689	9
690	10
691	14
692	11
693	11
694	9
695	7
696	8
697	11
698	8
699	6
700	12
701	9
702	11
703	12
704	15
705	6
706	15
707	14
708	3
709	16
710	15
711	10
712	13
713	13
714	15
715	12
716	10
717	15
718	10
719	18
720	17
721	13
722	11
723	12
724	16
725	8
726	9
727	11
728	11
729	10
730	18
731	9
732	14
733	6
734	11
735	17
736	14
737	15
738	21
739	10
740	18
741	13
742	13
743	14
744	17
745	21
746	17
747	14
748	17
749	12
750	10
751	14
752	12
753	12
754	16
755	15
756	10
757	27
758	10
759	20
760	18
761	10
762	18
763	18
764	19
765	10
766	12
767	13
768	13
769	14
770	17
771	22
772	7
773	17
774	20
775	18
776	19
777	21
778	12
779	15
780	20
781	13
782	18
783	20
784	12
785	11
786	18
787	13
788	21
789	27
790	15
791	12
792	11
793	16
794	19
795	14
796	12
797	17
798	20
799	20
800	17
801	22
802	16
803	24
804	33
805	23
806	18
807	14
808	21
809	21
810	16
811	16
812	16
813	25
814	21
815	15
816	20
817	29
818	16
819	12
820	30
821	23
822	19
823	24
824	22
825	20
826	26
827	24
828	30
829	25
830	23
831	26
832	31
833	18
834	16
835	18
836	32
837	33
838	30
839	23
840	21
841	25
842	23
843	16
844	25
845	20
846	22
847	29
848	19
849	21
850	25
851	21
852	17
853	16
854	25
855	20
856	26
857	24
858	29
859	20
860	26
861	14
862	31
863	21
864	26
865	23
866	20
867	16
868	25
869	24
870	20
871	24
872	22
873	34
874	15
875	22
876	19
877	23
878	25
879	26
880	25
881	15
882	13
883	18
884	23
885	19
886	26
887	27
888	9
889	11
890	17
891	12
892	25
893	15
894	14
895	28
896	19
897	20
898	17
899	15
900	19
901	17
902	18
903	21
904	17
905	17
906	17
907	19
908	20
909	14
910	6
911	26
912	25
913	18
914	17
915	24
916	14
917	14
918	20
919	17
920	12
921	21
922	14
923	16
924	20
925	10
926	18
927	24
928	20
929	19
930	18
931	16
932	22
933	17
934	20
935	20
936	16
937	16
938	15
939	15
940	19
941	23
942	14
943	14
944	20
945	25
946	22
947	16
948	18
949	25
950	14
951	26
952	15
953	11
954	19
955	16
956	19
957	12
958	16
959	19
960	14
961	16
962	19
963	23
964	15
965	14
966	12
967	19
968	21
969	21
970	20
971	15
972	23
973	16
974	21
975	12
976	14
977	14
978	15
979	22
980	13
981	18
982	17
983	12
984	15
985	23
986	11
987	13
988	13
989	27
990	15
991	23
992	16
993	13
994	19
995	15
996	14
997	15
998	21
999	15
1000	18
1001	17
1002	20
1003	17
1004	11
1005	13
1006	13
1007	9
1008	16
1009	20
1010	17
1011	12
1012	18
1013	18
1014	8
1015	11
1016	13
1017	16
1018	18
1019	22
1020	20
1021	11
1022	10
1023	16
1024	13
1025	9
1026	19
1027	19
1028	9
1029	11
1030	12
1031	17
1032	11
1033	16
1034	19
1035	13
1036	15
1037	17
1038	18
1039	25
1040	9
1041	9
1042	10
1043	19
1044	12
1045	10
1046	12
1047	12
1048	16
1049	12
1050	16
1051	18
1052	19
1053	12
1054	11
1055	12
1056	17
1057	26
1058	17
1059	11
1060	14
1061	12
1062	9
1063	18
1064	9
1065	16
1066	12
1067	11
1068	10
1069	16
1070	19
1071	9
1072	11
1073	12
1074	14
1075	9
1076	10
1077	9
1078	21
1079	18
1080	12
1081	17
1082	17
1083	10
1084	12
1085	20
1086	12
1087	16
1088	10
1089	8
1090	19
1091	18
1092	15
1093	15
1094	17
1095	15
1096	13
1097	12
1098	16
1099	13
1100	19
1101	13
1102	10
1103	15
1104	11
1105	17
1106	19
1107	12
1108	11
1109	12
1110	16
1111	16
1112	12
1113	11
1114	9
1115	14
1116	24
1117	16
1118	17
1119	14
1120	14
1121	12
1122	17
1123	16
1124	17
1125	17
1126	15
1127	16
1128	9
1129	11
1130	15
1131	14
1132	13
1133	15
1134	15
1135	15
1136	15
1137	12
1138	14
1139	13
1140	17
1141	15
1142	11
1143	21
1144	20
1145	17
1146	19
1147	16
1148	14
1149	18
1150	16
1151	7
1152	15
1153	14
1154	5
1155	11
1156	11
1157	16
1158	18
1159	21
1160	14
1161	19
1162	9
1163	18
1164	16
1165	18
1166	11
1167	18
1168	22
1169	15
1170	11
1171	14
1172	13
1173	18
1174	19
1175	12
1176	18
1177	13
1178	12
1179	11
1180	10
1181	19
1182	13
1183	18
1184	18
1185	19
1186	21
1187	18
1188	21
1189	13
1190	21
1191	17
1192	21
1193	16
1194	15
1195	16
1196	16
1197	15
1198	15
1199	17
1200	16
1201	11
1202	16
1203	17
1204	13
1205	19
1206	8
1207	15
1208	14
1209	14
1210	25
1211	14
1212	9
1213	21
1214	15
1215	14
1216	19
1217	14
1218	14
1219	11
1220	15
1221	12
1222	12
1223	13
1224	12
1225	17
1226	20
1227	17
1228	13
1229	18
1230	14
1231	10
1232	14
1233	10
1234	17
1235	11
1236	17
1237	23
1238	19
1239	22
1240	8
1241	15
1242	10
1243	16
1244	14
1245	24
1246	11
1247	13
1248	15
1249	23
1250	11
1251	11
1252	14
1253	21
1254	15
1255	18
1256	20
1257	23
1258	18
1259	19
1260	16
1261	16
1262	7
1263	15
1264	14
1265	14
1266	18
1267	12
1268	18
1269	13
1270	19
1271	14
1272	16
1273	13
1274	18
1275	16
1276	13
1277	15
1278	14
1279	18
1280	13
1281	18
1282	17
1283	16
1284	12
1285	15
1286	17
1287	16
1288	18
1289	19
1290	20
1291	13
1292	18
1293	12
1294	14
1295	24
1296	18
1297	17
1298	9
1299	26
1300	8
1301	14
1302	18
1303	14
1304	23
1305	18
1306	18
1307	15
1308	24
1309	15
1310	14
1311	16
1312	20
1313	21
1314	18
1315	19
1316	16
1317	19
1318	12
1319	15
1320	16
1321	23
1322	23
1323	18
1324	20
1325	19
1326	19
1327	13
1328	18
1329	23
1330	18
1331	20
1332	15
1333	16
1334	19
1335	15
1336	16
1337	13
1338	15
1339	15
1340	10
1341	24
1342	19
1343	25
1344	17
1345	20
1346	12
1347	6
1348	9
1349	19
1350	15
1351	21
1352	18
1353	23
1354	20
1355	9
1356	23
1357	13
1358	12
1359	17
1360	13
1361	19
1362	17
1363	22
1364	17
1365	28
1366	25
1367	21
1368	10
1369	18
1370	11
1371	14
1372	24
1373	26
1374	19
1375	21
1376	14
1377	25
1378	22
1379	14
1380	20
1381	18
1382	23
1383	17
1384	22
1385	19
1386	21
1387	8
1388	18
1389	20
1390	21
1391	16
1392	21
1393	21
1394	13
1395	24
1396	19
1397	16
1398	18
1399	10
1400	21
1401	13
1402	19
1403	10
1404	20
1405	16
1406	20
1407	18
1408	16
1409	21
1410	25
1411	14
1412	20
1413	9
1414	24
1415	20
1416	18
1417	21
1418	19
1419	13
1420	20
1421	19
1422	19
1423	17
1424	22
1425	18
1426	19
1427	17
1428	31
1429	25
1430	18
1431	11
1432	14
1433	24
1434	20
1435	22
1436	11
1437	18
1438	20
1439	16
1440	14
1441	15
1442	12
1443	17
1444	19
1445	14
1446	20
1447	26
1448	19
1449	12
1450	25
1451	22
1452	14
1453	23
1454	15
1455	17
1456	14
1457	17
1458	25
1459	16
1460	18
1461	11
1462	22
1463	17
1464	14
1465	26
1466	16
1467	13
1468	20
1469	16
1470	17
1471	20
1472	12
1473	25
1474	15
1475	15
1476	21
1477	29
1478	14
1479	18
1480	15
1481	18
1482	13
1483	25
1484	17
1485	19
1486	17
1487	21
1488	26
1489	14
1490	21
1491	24
1492	18
1493	17
1494	10
1495	18
1496	19
1497	22
1498	22
1499	14
1500	18
1501	22
1502	25
1503	21
1504	16
1505	22
1506	18
1507	20
1508	14
1509	28
1510	23
1511	21
1512	25
1513	21
1514	18
1515	22
1516	21
1517	21
1518	17
1519	16
1520	12
1521	20
1522	19
1523	13
1524	16
1525	14
1526	19
1527	14
1528	17
1529	9
1530	12
1531	10
1532	23
1533	24
1534	19
1535	23
1536	18
1537	21
1538	23
1539	16
1540	19
1541	23
1542	29
1543	17
1544	27
1545	15
1546	11
1547	15
1548	17
1549	19
1550	22
1551	20
1552	25
1553	23
1554	22
1555	17
1556	21
1557	15
1558	25
1559	26
1560	20
1561	23
1562	30
1563	18
1564	23
1565	25
1566	13
1567	20
1568	21
1569	18
1570	18
1571	17
1572	24
1573	20
1574	17
1575	27
1576	21
1577	25
1578	15
1579	18
1580	20
1581	20
1582	16
1583	16
1584	26
1585	22
1586	21
1587	16
1588	27
1589	19
1590	17
1591	16
1592	19
1593	23
1594	18
1595	23
1596	19
1597	16
1598	16
1599	17
1600	20
1601	23
1602	18
1603	19
1604	27
1605	13
1606	22
1607	22
1608	24
1609	18
1610	21
1611	21
1612	24
1613	18
1614	27
1615	18
1616	18
1617	21
1618	17
1619	17
1620	21
1621	18
1622	20
1623	25
1624	25
1625	23
1626	16
1627	18
1628	30
1629	23
1630	18
1631	17
1632	15
1633	16
1634	24
1635	17
1636	22
1637	25
1638	13
1639	22
1640	22
1641	21
1642	26
1643	28
1644	19
1645	21
1646	18
1647	24
1648	18
1649	25
1650	30
1651	19
1652	26
1653	18
1654	11
1655	27
1656	16
1657	15
1658	22
1659	17
1660	16
1661	12
1662	25
1663	19
1664	30
1665	19
1666	21
1667	13
1668	20
1669	13
1670	19
1671	27
1672	18
1673	22
1674	17
1675	20
1676	23
1677	17
1678	11
1679	22
1680	23
1681	24
1682	26
1683	25
1684	17
1685	19
1686	23
1687	25
1688	26
1689	28
1690	19
1691	27
1692	14
1693	21
1694	11
1695	24
1696	24
1697	26
1698	27
1699	18
1700	20
1701	20
1702	20
1703	15
1704	19
1705	15
1706	32
1707	16
1708	21
1709	37
1710	26
1711	27
1712	24
1713	25
1714	27
1715	19
1716	34
1717	19
1718	19
1719	25
1720	16
1721	18
1722	28
1723	28
1724	31
1725	23
1726	14
1727	19
1728	18
1729	13
1730	18
1731	18
1732	27
1733	24
1734	28
1735	27
1736	22
1737	20
1738	30
1739	19
1740	15
1741	19
1742	25
1743	28
1744	19
1745	17
1746	20
1747	27
1748	20
1749	27
1750	20
1751	21
1752	19
1753	27
1754	23
1755	22
1756	23
1757	22
1758	20
1759	24
1760	26
1761	22
1762	23
1763	19
1764	28
1765	22
1766	23
1767	17
1768	23
1769	26
1770	38
1771	16
1772	23
1773	27
1774	23
1775	20
1776	30
1777	36
1778	21
1779	30
1780	20
1781	25
1782	22
1783	19
1784	18
1785	32
1786	25
1787	22
1788	23
1789	28
1790	20
1791	23
1792	24
1793	21
1794	21
1795	17
1796	27
1797	40
1798	28
1799	25
1800	22
1801	12
1802	18
1803	28
1804	16
1805	32
1806	29
1807	16
1808	23
1809	26
1810	30
1811	27
1812	20
1813	33
1814	16
1815	16
1816	21
1817	21
1818	23
1819	25
1820	21
1821	27
1822	27
1823	19
1824	25
1825	24
1826	21
1827	23
1828	20
1829	23
1830	13
1831	22
1832	18
1833	19
1834	24
1835	13
1836	17
1837	21
1838	28
1839	23
1840	30
1841	30
1842	26
1843	21
1844	33
1845	26
1846	20
1847	26
1848	22
1849	20
1850	18
1851	30
1852	25
1853	28
1854	18
1855	23
1856	23
1857	28
1858	19
1859	18
1860	21
1861	20
1862	20
1863	21
1864	22
1865	24
1866	26
1867	22
1868	18
1869	20
1870	22
1871	21
1872	26
1873	24
1874	28
1875	29
1876	23
1877	20
1878	22
1879	20
1880	16
1881	20
1882	22
1883	25
1884	20
1885	29
1886	23
1887	23
1888	19
1889	25
1890	24
1891	28
1892	15
1893	26
1894	21
1895	25
1896	27
1897	26
1898	27
1899	27
1900	19
1901	28
1902	28
1903	19
1904	23
1905	19
1906	26
1907	24
1908	25
1909	21
1910	31
1911	24
1912	20
1913	22
1914	16
1915	23
1916	22
1917	27
1918	18
1919	21
1920	22
1921	32
1922	29
1923	25
1924	29
1925	28
1926	28
1927	32
1928	19
1929	29
1930	29
1931	24
1932	28
1933	25
1934	18
1935	26
1936	25
1937	26
1938	24
1939	33
1940	26
1941	22
1942	27
1943	27
1944	24
1945	22
1946	25
1947	27
1948	24
1949	24
1950	32
1951	23
1952	27
1953	18
1954	25
1955	27
1956	22
1957	25
1958	20
1959	21
1960	24
1961	26
1962	21
1963	27
1964	21
1965	30
1966	20
1967	25
1968	21
1969	25
1970	32
1971	27
1972	26
1973	19
1974	19
1975	27
1976	30
1977	30
1978	29
1979	22
1980	16
1981	23
1982	29
1983	23
1984	23
1985	34
1986	27
1987	23
1988	28
1989	30
1990	26
1991	28
1992	28
1993	23
1994	28
1995	31
1996	29
1997	22
1998	18
1999	23
2000	19
2001	37
2002	25
2003	32
2004	21
2005	23
2006	35
2007	27
2008	25
2009	26
2010	23
2011	27
2012	30
2013	20
2014	25
2015	23
2016	19
2017	11
2018	25
2019	17
2020	27
2021	25
2022	28
2023	23
2024	26
2025	24
2026	36
2027	17
2028	26
2029	24
2030	21
2031	17
2032	27
2033	21
2034	27
2035	25
2036	37
2037	27
2038	17
2039	18
2040	28
2041	26
2042	25
2043	21
2044	24
2045	30
2046	18
2047	26
2048	24
2049	19
2050	18
2051	22
2052	24
2053	19
2054	24
2055	24
2056	22
2057	24
2058	35
2059	24
2060	26
2061	38
2062	31
2063	24
2064	23
2065	28
2066	20
2067	21
2068	19
2069	28
2070	24
2071	21
2072	34
2073	35
2074	23
2075	30
2076	29
2077	32
2078	28
2079	22
2080	22
2081	31
2082	21
2083	22
2084	34
2085	29
2086	16
2087	21
2088	21
2089	22
2090	24
2091	30
2092	26
2093	27
2094	23
2095	33
2096	37
2097	33
2098	25
2099	34
2100	28
2101	32
2102	28
2103	29
2104	30
2105	29
2106	32
2107	24
2108	21
2109	28
2110	25
2111	27
2112	24
2113	21
2114	28
2115	31
2116	28
2117	26
2118	26
2119	21
2120	23
2121	32
2122	38
2123	24
2124	27
2125	28
2126	31
2127	29
2128	34
2129	26
2130	26
2131	24
2132	26
2133	21
2134	30
2135	23
2136	35
2137	27
2138	19
2139	37
2140	17
2141	42
2142	22
2143	24
2144	26
2145	29
2146	23
2147	29
2148	33
2149	31
2150	30
2151	25
2152	23
2153	24
2154	26
2155	34
2156	26
2157	24
2158	24
2159	22
2160	29
2161	30
2162	34
2163	34
2164	23
2165	39
2166	37
2167	27
2168	31
2169	22
2170	29
2171	23
2172	26
2173	28
2174	26
2175	36
2176	28
2177	28
2178	26
2179	29
2180	35
2181	21
2182	35
2183	28
2184	24
2185	16
2186	25
2187	30
2188	28
2189	23
2190	30
2191	27
2192	31
2193	18
2194	30
2195	21
2196	33
2197	32
2198	23
2199	22
2200	36
2201	32
2202	35
2203	26
2204	25
2205	32
2206	26
2207	32
2208	30
2209	18
2210	27
2211	32
2212	28
2213	20
2214	31
2215	33
2216	27
2217	30
2218	31
2219	29
2220	28
2221	31
2222	45
2223	37
2224	29
2225	27
2226	33
2227	38
2228	31
2229	33
2230	33
2231	37
2232	29
2233	35
2234	37
2235	41
2236	25
2237	29
2238	31
2239	32
2240	36
2241	28
2242	33
2243	30
2244	31
2245	35
2246	34
2247	29
2248	33
2249	31
2250	44
2251	36
2252	37
2253	42
2254	31
2255	30
2256	29
2257	29
2258	34
2259	36
2260	24
2261	39
2262	32
2263	32
2264	26
2265	33
2266	29
2267	31
2268	32
2269	36
2270	36
2271	32
2272	32
2273	33
2274	22
2275	39
2276	45
2277	30
2278	29
2279	35
2280	35
2281	34
2282	37
2283	36
2284	38
2285	31
2286	49
2287	31
2288	34
2289	29
2290	41
2291	33
2292	45
2293	28
2294	28
2295	35
2296	28
2297	42
2298	28
2299	36
2300	35
2301	41
2302	38
2303	25
2304	37
2305	39
2306	53
2307	36
2308	36
2309	32
2310	41
2311	32
2312	41
2313	44
2314	42
2315	43
2316	31
2317	45
2318	40
2319	36
2320	44
2321	32
2322	34
2323	40
2324	38
2325	33
2326	40
2327	47
2328	39
2329	40
2330	31
2331	32
2332	43
2333	40
2334	41
2335	40
2336	46
2337	40
2338	36
2339	34
2340	37
2341	35
2342	48
2343	44
2344	39
2345	34
2346	43
2347	52
2348	37
2349	34
2350	41
2351	40
2352	37
2353	46
2354	37
2355	37
2356	36
2357	39
2358	41
2359	37
2360	51
2361	32
2362	41
2363	55
2364	31
2365	43
2366	42
2367	53
2368	32
2369	41
2370	36
2371	42
2372	45
2373	31
2374	45
2375	46
2376	42
2377	37
2378	45
2379	42
2380	47
2381	50
2382	46
2383	32
2384	46
2385	33
2386	35
2387	48
2388	46
2389	36
2390	42
2391	52
2392	39
2393	45
2394	37
2395	57
2396	32
2397	43
2398	42
2399	49
2400	38
2401	49
2402	43
2403	40
2404	36
2405	53
2406	38
2407	39
2408	42
2409	43
2410	36
2411	37
2412	34
2413	52
2414	40
2415	46
2416	48
2417	31
2418	54
2419	38
2420	40
2421	49
2422	40
2423	41
2424	44
2425	48
2426	53
2427	37
2428	38
2429	42
2430	43
2431	47
2432	38
2433	47
2434	49
2435	49
2436	63
2437	54
2438	37
2439	36
2440	44
2441	63
2442	42
2443	43
2444	39
2445	49
2446	38
2447	40
2448	44
2449	38
2450	33
2451	47
2452	48
2453	48
2454	57
2455	50
2456	38
2457	53
2458	38
2459	50
2460	49
2461	40
2462	43
2463	49
2464	44
2465	45
2466	40
2467	36
2468	47
2469	43
2470	39
2471	42
2472	41
2473	53
2474	43
2475	35
2476	41
2477	34
2478	44
2479	53
2480	39
2481	45
2482	40
2483	53
2484	41
2485	43
2486	56
2487	39
2488	33
2489	46
2490	43
2491	45
2492	50
2493	47
2494	43
2495	48
2496	47
2497	35
2498	39
2499	45
2500	37
2501	35
2502	43
2503	40
2504	43
2505	34
2506	31
2507	44
2508	48
2509	36
2510	43
2511	39
2512	39
2513	33
2514	46
2515	44
2516	35
2517	38
2518	47
2519	34
2520	42
2521	33
2522	34
2523	38
2524	45
2525	29
2526	43
2527	30
2528	50
2529	30
2530	47
2531	56
2532	37
2533	41
2534	36
2535	39
2536	41
2537	44
2538	27
2539	28
2540	49
2541	56
2542	30
2543	44
2544	37
2545	37
2546	44
2547	34
2548	40
2549	31
2550	37
2551	32
2552	45
2553	33
2554	51
2555	31
2556	48
2557	34
2558	41
2559	41
2560	35
2561	34
2562	35
2563	31
2564	32
2565	30
2566	39
2567	36
2568	38
2569	44
2570	35
2571	42
2572	45
2573	36
2574	33
2575	33
2576	50
2577	34
2578	45
2579	29
2580	37
2581	33
2582	38
2583	41
2584	27
2585	36
2586	37
2587	34
2588	39
2589	50
2590	18
2591	38
2592	35
2593	29
2594	29
2595	40
2596	51
2597	31
2598	37
2599	41
2600	43
2601	25
2602	35
2603	37
2604	34
2605	36
2606	31
2607	43
2608	41
2609	36
2610	33
2611	40
2612	24
2613	42
2614	39
2615	23
2616	31
2617	31
2618	31
2619	33
2620	29
2621	38
2622	42
2623	33
2624	34
2625	33
2626	36
2627	42
2628	24
2629	29
2630	23
2631	34
2632	39
2633	46
2634	34
2635	34
2636	28
2637	34
2638	34
2639	36
2640	20
2641	27
2642	28
2643	34
2644	37
2645	27
2646	28
2647	31
2648	26
2649	33
2650	33
2651	32
2652	28
2653	35
2654	27
2655	27
2656	35
2657	28
2658	36
2659	25
2660	22
2661	30
2662	37
2663	27
2664	35
2665	31
2666	21
2667	33
2668	31
2669	27
2670	33
2671	33
2672	27
2673	24
2674	26
2675	19
2676	30
2677	38
2678	40
2679	32
2680	27
2681	42
2682	33
2683	26
2684	29
2685	28
2686	24
2687	43
2688	35
2689	29
2690	22
2691	32
2692	23
2693	30
2694	24
2695	29
2696	20
2697	30
2698	23
2699	27
2700	26
2701	30
2702	30
2703	30
2704	19
2705	27
2706	29
2707	17
2708	27
2709	28
2710	21
2711	23
2712	25
2713	19
2714	27
2715	15
2716	24
2717	23
2718	26
2719	25
2720	27
2721	36
2722	27
2723	24
2724	35
2725	23
2726	20
2727	27
2728	20
2729	26
2730	26
2731	30
2732	33
2733	27
2734	23
2735	30
2736	20
2737	26
2738	26
2739	22
2740	22
2741	20
2742	32
2743	20
2744	27
2745	36
2746	23
2747	21
2748	29
2749	30
2750	24
2751	18
2752	29
2753	17
2754	20
2755	22
2756	31
2757	13
2758	13
2759	26
2760	25
2761	24
2762	36
2763	21
2764	19
2765	19
2766	21
2767	27
2768	19
2769	28
2770	30
2771	21
2772	18
2773	24
2774	27
2775	21
2776	28
2777	17
2778	27
2779	25
2780	21
2781	19
2782	23
2783	16
2784	17
2785	23
2786	18
2787	28
2788	23
2789	27
2790	17
2791	31
2792	19
2793	19
2794	17
2795	21
2796	23
2797	24
2798	14
2799	25
2800	21
2801	28
2802	19
2803	21
2804	20
2805	24
2806	17
2807	26
2808	20
2809	21
2810	18
2811	26
2812	15
2813	26
2814	19
2815	24
2816	16
2817	26
2818	22
2819	21
2820	25
2821	30
2822	10
2823	25
2824	36
2825	11
2826	20
2827	23
2828	19
2829	15
2830	17
2831	21
2832	28
2833	23
2834	19
2835	23
2836	15
2837	22
2838	20
2839	18
2840	24
2841	29
2842	22
2843	18
2844	20
2845	17
2846	16
2847	24
2848	14
2849	27
2850	20
2851	20
2852	21
2853	25
2854	20
2855	23
2856	28
2857	18
2858	20
2859	15
2860	10
2861	22
2862	12
2863	22
2864	18
2865	17
2866	19
2867	28
2868	16
2869	16
2870	20
2871	14
2872	21
2873	17
2874	20
2875	17
2876	22
2877	22
2878	13
2879	15
2880	25
2881	17
2882	13
2883	16
2884	19
2885	26
2886	14
2887	20
2888	13
2889	22
2890	17
2891	16
2892	17
2893	24
2894	16
2895	19
2896	17
2897	18
2898	16
2899	30
2900	18
2901	26
2902	13
2903	8
2904	21
2905	16
2906	17
2907	24
2908	15
2909	21
2910	14
2911	18
2912	18
2913	17
2914	25
2915	11
2916	14
2917	19
2918	15
2919	11
2920	16
2921	14
2922	15
2923	7
2924	13
2925	20
2926	11
2927	21
2928	17
2929	17
2930	14
2931	13
2932	22
2933	19
2934	14
2935	20
2936	15
2937	14
2938	17
2939	17
2940	10
2941	10
2942	17
2943	23
2944	19
2945	21
2946	20
2947	10
2948	13
2949	15
2950	18
2951	16
2952	12
2953	17
2954	11
2955	13
2956	16
2957	20
2958	22
2959	19
2960	5
2961	14
2962	17
2963	17
2964	17
2965	24
2966	15
2967	13
2968	21
2969	13
2970	22
2971	14
2972	13
2973	19
2974	16
2975	20
2976	18
2977	14
2978	18
2979	11
2980	18
2981	19
2982	13
2983	15
2984	14
2985	16
2986	12
2987	22
2988	7
2989	11
2990	16
2991	12
2992	15
2993	13
2994	17
2995	14
2996	14
2997	15
2998	15
2999	20
3000	13
3001	13
3002	20
3003	20
3004	13
3005	14
3006	13
3007	11
3008	12
3009	10
3010	16
3011	12
3012	22
3013	15
3014	12
3015	11
3016	21
3017	7
3018	15
3019	10
3020	14
3021	24
3022	14
3023	13
3024	16
3025	14
3026	13
3027	11
3028	17
3029	15
3030	15
3031	19
3032	7
3033	10
3034	6
3035	14
3036	12
3037	10
3038	11
3039	12
3040	12
3041	15
3042	11
3043	10
3044	15
3045	11
3046	22
3047	18
3048	9
3049	9
3050	17
3051	16
3052	14
3053	14
3054	16
3055	20
3056	15
3057	8
3058	8
3059	11
3060	20
3061	17
3062	5
3063	19
3064	12
3065	19
3066	13
3067	14
3068	10
3069	11
3070	13
3071	25
3072	10
3073	12
3074	17
3075	17
3076	10
3077	12
3078	13
3079	3
3080	14
3081	15
3082	11
3083	14
3084	13
3085	12
3086	17
3087	13
3088	14
3089	9
3090	7
3091	14
3092	11
3093	13
3094	14
3095	9
3096	21
3097	13
3098	12
3099	19
3100	9
3101	11
3102	20
3103	19
3104	10
3105	7
3106	14
3107	14
3108	11
3109	9
3110	10
3111	12
3112	8
3113	13
3114	15
3115	10
3116	7
3117	10
3118	15
3119	14
3120	12
3121	7
3122	11
3123	7
3124	13
3125	8
3126	11
3127	9
3128	15
3129	7
3130	20
3131	7
3132	11
3133	13
3134	12
3135	17
3136	13
3137	20
3138	14
3139	15
3140	9
3141	8
3142	16
3143	5
3144	20
3145	12
3146	13
3147	7
3148	8
3149	19
3150	20
3151	20
3152	9
3153	15
3154	8
3155	16
3156	9
3157	14
3158	12
3159	10
3160	16
3161	11
3162	14
3163	10
3164	8
3165	10
3166	14
3167	11
3168	20
3169	12
3170	7
3171	15
3172	8
3173	7
3174	13
3175	15
3176	5
3177	9
3178	11
3179	8
3180	10
3181	15
3182	12
3183	11
3184	4
3185	10
3186	9
3187	13
3188	14
3189	15
3190	13
3191	11
3192	11
3193	14
3194	14
3195	18
3196	8
3197	14
3198	10
3199	9
3200	10
3201	15
3202	9
3203	12
3204	10
3205	11
3206	13
3207	14
3208	13
3209	5
3210	11
3211	18
3212	14
3213	5
3214	5
3215	14
3216	11
3217	9
3218	9
3219	8
3220	5
3221	7
3222	10
3223	16
3224	11
3225	16
3226	10
3227	11
3228	7
3229	13
3230	16
3231	5
3232	8
3233	10
3234	14
3235	15
3236	12
3237	7
3238	11
3239	10
3240	17
3241	13
3242	7
3243	7
3244	7
3245	20
3246	7
3247	7
3248	8
3249	10
3250	10
3251	8
3252	11
3253	5
3254	12
3255	7
3256	12
3257	6
3258	11
3259	5
3260	16
3261	19
3262	18
3263	8
3264	16
3265	10
3266	13
3267	7
3268	13
3269	9
3270	11
3271	11
3272	8
3273	9
3274	14
3275	8
3276	8
3277	8
3278	12
3279	15
3280	8
3281	15
3282	14
3283	16
3284	9
3285	7
3286	8
3287	12
3288	7
3289	9
3290	15
3291	10
3292	15
3293	9
3294	10
3295	7
3296	11
3297	8
3298	8
3299	11
3300	8
3301	9
3302	14
3303	7
3304	5
3305	12
3306	15
3307	7
3308	13
3309	10
3310	11
3311	5
3312	11
3313	12
3314	17
3315	11
3316	9
3317	13
3318	10
3319	8
3320	9
3321	11
3322	11
3323	7
3324	12
3325	13
3326	15
3327	8
3328	9
3329	10
3330	7
3331	12
3332	12
3333	6
3334	6
3335	10
3336	10
3337	9
3338	8
3339	9
3340	8
3341	11
3342	14
3343	10
3344	14
3345	8
3346	11
3347	5
3348	10
3349	9
3350	12
3351	7
3352	6
3353	10
3354	10
3355	9
3356	5
3357	9
3358	12
3359	6
3360	14
3361	11
3362	17
3363	8
3364	9
3365	11
3366	10
3367	11
3368	12
3369	17
3370	20
3371	6
3372	7
3373	9
3374	13
3375	7
3376	15
3377	12
3378	10
3379	11
3380	11
3381	7
3382	11
3383	6
3384	8
3385	10
3386	12
3387	16
3388	7
3389	8
3390	11
3391	3
3392	7
3393	15
3394	14
3395	9
3396	12
3397	6
3398	9
3399	15
3400	16
3401	9
3402	7
3403	13
3404	11
3405	13
3406	9
3407	11
3408	15
3409	10
3410	13
3411	6
3412	6
3413	8
3414	6
3415	11
3416	14
3417	8
3418	8
3419	11
3420	10
3421	7
3422	7
3423	4
3424	13
3425	11
3426	7
3427	12
3428	13
3429	8
3430	8
3431	12
3432	6
3433	14
3434	13
3435	11
3436	10
3437	12
3438	9
3439	10
3440	8
3441	7
3442	11
3443	11
3444	7
3445	7
3446	8
3447	9
3448	17
3449	7
3450	11
3451	10
3452	8
3453	10
3454	5
3455	6
3456	16
3457	11
3458	5
3459	8
3460	8
3461	8
3462	14
3463	9
3464	19
3465	12
3466	9
3467	5
3468	11
3469	2
3470	6
3471	3
3472	10
3473	8
3474	10
3475	12
3476	8
3477	6
3478	10
3479	9
3480	6
3481	11
3482	6
3483	8
3484	11
3485	6
3486	10
3487	12
3488	5
3489	8
3490	10
3491	6
3492	8
3493	6
3494	3
3495	12
3496	7
3497	10
3498	9
3499	7
3500	13
3501	9
3502	9
3503	5
3504	14
3505	10
3506	8
3507	6
3508	13
3509	8
3510	9
3511	8
3512	8
3513	7
3514	9
3515	9
3516	8
3517	7
3518	8
3519	9
3520	8
3521	11
3522	17
3523	11
3524	10
3525	13
3526	7
3527	8
3528	7
3529	6
3530	10
3531	8
3532	10
3533	8
3534	11
3535	11
3536	13
3537	9
3538	10
3539	10
3540	7
3541	15
3542	4
3543	4
3544	8
3545	7
3546	8
3547	4
3548	5
3549	4
3550	15
3551	7
3552	15
3553	12
3554	7
3555	4
3556	8
3557	6
3558	11
3559	11
3560	10
3561	5
3562	11
3563	9
3564	8
3565	8
3566	4
3567	5
3568	11
3569	8
3570	4
3571	10
3572	9
3573	6
3574	5
3575	10
3576	12
3577	13
3578	6
3579	6
3580	12
3581	12
3582	6
3583	10
3584	9
3585	11
3586	8
3587	10
3588	3
3589	8
3590	10
3591	10
3592	3
3593	6
3594	8
3595	16
3596	8
3597	7
3598	9
3599	14
3600	15
3601	6
3602	5
3603	6
3604	6
3605	5
3606	6
3607	13
3608	11
3609	9
3610	9
3611	6
3612	7
3613	9
3614	9
3615	4
3616	7
3617	11
3618	10
3619	12
3620	9
3621	5
3622	7
3623	13
3624	6
3625	11
3626	10
3627	4
3628	10
3629	7
3630	12
3631	9
3632	7
3633	10
3634	11
3635	7
3636	10
3637	7
3638	8
3639	7
3640	9
3641	5
3642	9
3643	11
3644	16
3645	14
3646	7
3647	10
3648	3
3649	11
3650	15
3651	8
3652	4
3653	10
3654	5
3655	12
3656	7
3657	7
3658	8
3659	10
3660	7
3661	10
3662	7
3663	13
3664	9
3665	6
3666	9
3667	9
3668	3
3669	6
3670	9
3671	5
3672	4
3673	10
3674	5
3675	9
3676	12
3677	9
3678	10
3679	7
3680	11
3681	0
3682	4
3683	4
3684	9
3685	5
3686	7
3687	13
3688	7
3689	9
3690	7
3691	6
3692	11
3693	6
3694	11
3695	4
3696	6
3697	5
3698	6
3699	7
3700	3
3701	14
3702	5
3703	9
3704	7
3705	5
3706	6
3707	6
3708	2
3709	2
3710	7
3711	10
3712	13
3713	4
3714	5
3715	8
3716	11
3717	5
3718	3
3719	6
3720	7
3721	9
3722	8
3723	12
3724	12
3725	9
3726	10
3727	8
3728	3
3729	9
3730	4
3731	4
3732	8
3733	6
3734	4
3735	4
3736	8
3737	7
3738	8
3739	13
3740	6
3741	6
3742	7
3743	9
3744	11
3745	13
3746	4
3747	7
3748	2
3749	6
3750	5
3751	9
3752	2
3753	7
3754	10
3755	7
3756	10
3757	8
3758	11
3759	5
3760	8
3761	8
3762	12
3763	16
3764	5
3765	8
3766	9
3767	7
3768	10
3769	8
3770	5
3771	6
3772	8
3773	8
3774	6
3775	12
3776	4
3777	4
3778	12
3779	5
3780	11
3781	5
3782	8
3783	9
3784	9
3785	7
3786	11
3787	7
3788	12
3789	4
3790	13
3791	3
3792	6
3793	5
3794	2
3795	8
3796	7
3797	9
3798	6
3799	10
3800	15
3801	9
3802	12
3803	8
3804	4
3805	9
3806	8
3807	10
3808	5
3809	9
3810	9
3811	11
3812	8
3813	6
3814	11
3815	7
3816	7
3817	9
3818	12
3819	12
3820	6
3821	6
3822	3
3823	10
3824	6
3825	8
3826	11
3827	15
3828	13
3829	4
3830	12
3831	7
3832	9
3833	6
3834	10
3835	11
3836	5
3837	3
3838	9
3839	6
3840	5
3841	10
3842	7
3843	9
3844	5
3845	5
3846	9
3847	8
3848	5
3849	9
3850	13
3851	6
3852	9
3853	9
3854	8
3855	4
3856	10
3857	8
3858	10
3859	9
3860	13
3861	4
3862	5
3863	3
3864	6
3865	7
3866	13
3867	8
3868	9
3869	6
3870	9
3871	6
3872	4
3873	10
3874	4
3875	7
3876	16
3877	14
3878	4
3879	8
3880	10
3881	8
3882	4
3883	7
3884	5
3885	9
3886	9
3887	8
3888	4
3889	6
3890	7
3891	10
3892	7
3893	8
3894	8
3895	6
3896	5
3897	5
3898	8
3899	4
3900	4
3901	8
3902	10
3903	7
3904	5
3905	5
3906	10
3907	9
3908	6
3909	8
3910	7
3911	8
3912	5
3913	13
3914	5
3915	6
3916	2
3917	2
3918	7
3919	10
3920	5
3921	7
3922	6
3923	8
3924	5
3925	5
3926	5
3927	7
3928	4
3929	5
3930	8
3931	11
3932	7
3933	5
3934	11
3935	7
3936	5
3937	5
3938	6
3939	7
3940	7
3941	9
3942	9
3943	12
3944	14
3945	8
3946	6
3947	6
3948	10
3949	6
3950	4
3951	10
3952	6
3953	10
3954	8
3955	8
3956	7
3957	5
3958	7
3959	7
3960	7
3961	11
3962	9
3963	9
3964	10
3965	7
3966	9
3967	1
3968	7
3969	4
3970	2
3971	10
3972	5
3973	1
3974	5
3975	6
3976	8
3977	7
3978	7
3979	7
3980	8
3981	10
3982	11
3983	8
3984	8
3985	6
3986	7
3987	10
3988	5
3989	7
3990	8
3991	6
3992	9
3993	3
3994	7
3995	9
3996	9
3997	9
3998	6
3999	11
4000	8
4001	4
4002	9
4003	9
4004	10
4005	7
4006	8
4007	10
4008	11
4009	10
4010	6
4011	1
4012	9
4013	8
4014	7
4015	4
4016	8
4017	9
4018	6
4019	7
4020	8
4021	8
4022	10
4023	7
4024	9
4025	7
4026	5
4027	5
4028	6
4029	8
4030	7
4031	5
4032	9
4033	7
4034	11
4035	5
4036	9
4037	9
4038	4
4039	5
4040	6
4041	4
4042	7
4043	6
4044	7
4045	7
4046	9
4047	8
4048	13
4049	11
4050	8
4051	9
4052	8
4053	4
4054	7
4055	9
4056	6
4057	7
4058	6
4059	5
4060	9
4061	6
4062	9
4063	6
4064	8
4065	5
4066	5
4067	11
4068	8
4069	6
4070	6
4071	10
4072	11
4073	10
4074	8
4075	6
4076	9
4077	10
4078	9
4079	11
4080	10
4081	8
4082	9
4083	7
4084	11
4085	7
4086	11
4087	8
4088	5
4089	9
4090	6
4091	6
4092	6
4093	9
4094	6
4095	4
4096	8
4097	10
4098	13
4099	10
4100	10
4101	6
4102	10
4103	8
4104	9
4105	6
4106	4
4107	8
4108	7
4109	11
4110	8
4111	5
4112	9
4113	8
4114	5
4115	6
4116	8
4117	6
4118	3
4119	10
4120	5
4121	4
4122	6
4123	11
4124	7
4125	6
4126	5
4127	10
4128	7
4129	5
4130	3
4131	8
4132	10
4133	6
4134	8
4135	10
4136	8
4137	6
4138	14
4139	10
4140	10
4141	7
4142	7
4143	15
4144	10
4145	6
4146	7
4147	9
4148	9
4149	6
4150	8
4151	13
4152	8
4153	8
4154	13
4155	16
4156	11
4157	6
4158	11
4159	7
4160	7
4161	11
4162	8
4163	11
4164	6
4165	11
4166	8
4167	6
4168	13
4169	5
4170	5
4171	10
4172	5
4173	6
4174	10
4175	12
4176	15
4177	12
4178	5
4179	9
4180	9
4181	12
4182	10
4183	7
4184	11
4185	9
4186	7
4187	11
4188	6
4189	8
4190	8
4191	11
4192	6
4193	7
4194	9
4195	3
4196	9
4197	7
4198	15
4199	9
4200	6
4201	10
4202	11
4203	11
4204	11
4205	2
4206	11
4207	7
4208	10
4209	7
4210	7
4211	7
4212	9
4213	8
4214	13
4215	9
4216	11
4217	9
4218	5
4219	9
4220	7
4221	9
4222	11
4223	5
4224	9
4225	10
4226	7
4227	7
4228	12
4229	9
4230	8
4231	9
4232	9
4233	12
4234	13
4235	11
4236	9
4237	9
4238	5
4239	11
4240	8
4241	2
4242	10
4243	9
4244	12
4245	5
4246	14
4247	5
4248	10
4249	13
4250	15
4251	12
4252	12
4253	8
4254	7
4255	9
4256	11
4257	8
4258	7
4259	7
4260	12
4261	11
4262	12
4263	15
4264	14
4265	4
4266	5
4267	9
4268	12
4269	7
4270	11
4271	11
4272	14
4273	8
4274	14
4275	9
4276	13
4277	15
4278	9
4279	12
4280	12
4281	10
4282	15
4283	9
4284	8
4285	8
4286	9
4287	10
4288	9
4289	12
4290	16
4291	5
4292	10
4293	6
4294	7
4295	8
4296	11
4297	5
4298	14
4299	15
4300	10
4301	16
4302	10
4303	11
4304	14
4305	12
4306	15
4307	7
4308	10
4309	10
4310	7
4311	13
4312	12
4313	7
4314	14
4315	13
4316	10
4317	11
4318	9
4319	7
4320	9
4321	7
4322	15
4323	9
4324	14
4325	11
4326	15
4327	10
4328	12
4329	14
4330	10
4331	13
4332	18
4333	8
4334	16
4335	15
4336	10
4337	13
4338	12
4339	13
4340	9
4341	19
4342	13
4343	11
4344	14
4345	9
4346	10
4347	10
4348	13
4349	16
4350	10
4351	10
4352	11
4353	9
4354	14
4355	12
4356	15
4357	16
4358	8
4359	13
4360	17
4361	16
4362	19
4363	12
4364	13
4365	12
4366	10
4367	11
4368	11
4369	13
4370	13
4371	10
4372	8
4373	14
4374	13
4375	7
4376	8
4377	10
4378	10
4379	9
4380	9
4381	9
4382	7
4383	10
4384	16
4385	14
4386	19
4387	11
4388	17
4389	13
4390	12
4391	15
4392	17
4393	8
4394	12
4395	22
4396	19
4397	16
4398	6
4399	14
4400	15
4401	6
4402	19
4403	14
4404	8
4405	19
4406	19
4407	17
4408	15
4409	11
4410	3
4411	15
4412	16
4413	15
4414	15
4415	15
4416	12
4417	11
4418	19
4419	10
4420	15
4421	16
4422	14
4423	13
4424	9
4425	8
4426	14
4427	14
4428	11
4429	17
4430	10
4431	11
4432	9
4433	17
4434	17
4435	18
4436	18
4437	13
4438	17
4439	19
4440	17
4441	16
4442	9
4443	14
4444	18
4445	10
4446	15
4447	21
4448	18
4449	13
4450	15
4451	9
4452	12
4453	15
4454	13
4455	24
4456	19
4457	10
4458	9
4459	15
4460	11
4461	14
4462	17
4463	11
4464	18
4465	17
4466	18
4467	8
4468	15
4469	17
4470	19
4471	21
4472	19
4473	15
4474	15
4475	17
4476	19
4477	18
4478	16
4479	19
4480	13
4481	14
4482	15
4483	21
4484	17
4485	12
4486	8
4487	13
4488	18
4489	19
4490	19
4491	15
4492	14
4493	10
4494	20
4495	15
4496	10
4497	16
4498	22
4499	14
4500	12
4501	18
4502	23
4503	19
4504	13
4505	17
4506	9
4507	11
4508	17
4509	13
4510	20
4511	18
4512	22
4513	15
4514	15
4515	10
4516	9
4517	16
4518	9
4519	17
4520	20
4521	9
4522	10
4523	15
4524	10
4525	13
4526	21
4527	20
4528	13
4529	13
4530	18
4531	17
4532	25
4533	19
4534	15
4535	13
4536	14
4537	23
4538	19
4539	30
4540	25
4541	23
4542	14
4543	17
4544	13
4545	22
4546	20
4547	16
4548	16
4549	19
4550	21
4551	17
4552	21
4553	13
4554	11
4555	13
4556	15
4557	16
4558	19
4559	22
4560	30
4561	18
4562	21
4563	19
4564	17
4565	22
4566	15
4567	19
4568	18
4569	17
4570	17
4571	16
4572	14
4573	13
4574	22
4575	16
4576	18
4577	14
4578	15
4579	16
4580	17
4581	9
4582	15
4583	11
4584	20
4585	19
4586	20
4587	13
4588	30
4589	16
4590	17
4591	17
4592	19
4593	20
4594	12
4595	13
4596	20
4597	18
4598	22
4599	18
4600	19
4601	16
4602	19
4603	14
4604	21
4605	17
4606	14
4607	14
4608	22
4609	23
4610	12
4611	19
4612	24
4613	20
4614	22
4615	17
4616	23
4617	19
4618	10
4619	22
4620	18
4621	19
4622	26
4623	24
4624	17
4625	19
4626	15
4627	24
4628	15
4629	24
4630	17
4631	17
4632	16
4633	13
4634	16
4635	19
4636	18
4637	17
4638	14
4639	19
4640	18
4641	18
4642	14
4643	22
4644	21
4645	27
4646	20
4647	14
4648	12
4649	19
4650	20
4651	18
4652	17
4653	25
4654	13
4655	18
4656	16
4657	13
4658	23
4659	30
4660	14
4661	28
4662	20
4663	10
4664	20
4665	13
4666	21
4667	19
4668	15
4669	15
4670	19
4671	21
4672	22
4673	19
4674	21
4675	17
4676	21
4677	24
4678	18
4679	18
4680	15
4681	19
4682	17
4683	25
4684	26
4685	28
4686	27
4687	18
4688	29
4689	20
4690	28
4691	10
4692	14
4693	18
4694	18
4695	12
4696	23
4697	13
4698	16
4699	18
4700	23
4701	22
4702	24
4703	25
4704	19
4705	12
4706	25
4707	12
4708	19
4709	23
4710	23
4711	19
4712	28
4713	16
4714	20
4715	25
4716	18
4717	13
4718	17
4719	23
4720	27
4721	16
4722	12
4723	18
4724	19
4725	20
4726	15
4727	23
4728	14
4729	23
4730	20
4731	14
4732	28
4733	21
4734	17
4735	19
4736	18
4737	25
4738	24
4739	20
4740	18
4741	23
4742	17
4743	26
4744	15
4745	19
4746	23
4747	23
4748	16
4749	23
4750	23
4751	10
4752	20
4753	18
4754	16
4755	20
4756	13
4757	24
4758	12
4759	17
4760	29
4761	21
4762	16
4763	13
4764	18
4765	16
4766	17
4767	21
4768	18
4769	24
4770	17
4771	28
4772	17
4773	17
4774	17
4775	12
4776	27
4777	20
4778	13
4779	24
4780	17
4781	23
4782	15
4783	27
4784	18
4785	11
4786	16
4787	18
4788	30
4789	19
4790	23
4791	11
4792	12
4793	16
4794	26
4795	22
4796	24
4797	16
4798	20
4799	25
4800	22
4801	25
4802	20
4803	21
4804	25
4805	19
4806	25
4807	18
4808	22
4809	22
4810	21
4811	17
4812	19
4813	20
4814	17
4815	20
4816	24
4817	20
4818	17
4819	20
4820	20
4821	23
4822	22
4823	18
4824	22
4825	23
4826	19
4827	20
4828	13
4829	24
4830	18
4831	22
4832	19
4833	17
4834	17
4835	28
4836	19
4837	16
4838	22
4839	20
4840	12
4841	20
4842	26
4843	28
4844	17
4845	17
4846	21
4847	26
4848	19
4849	17
4850	21
4851	24
4852	17
4853	25
4854	30
4855	23
4856	24
4857	16
4858	18
4859	26
4860	16
4861	19
4862	18
4863	19
4864	16
4865	13
4866	18
4867	15
4868	18
4869	15
4870	18
4871	23
4872	24
4873	23
4874	27
4875	19
4876	16
4877	19
4878	23
4879	23
4880	17
4881	27
4882	18
4883	25
4884	16
4885	17
4886	22
4887	21
4888	13
4889	24
4890	29
4891	23
4892	12
4893	17
4894	18
4895	29
4896	15
4897	24
4898	22
4899	20
4900	22
4901	28
4902	17
4903	20
4904	20
4905	17
4906	15
4907	24
4908	18
4909	17
4910	17
4911	11
4912	18
4913	23
4914	16
4915	13
4916	26
4917	20
4918	15
4919	15
4920	20
4921	8
4922	17
4923	22
4924	14
4925	20
4926	10
4927	17
4928	22
4929	16
4930	19
4931	20
4932	14
4933	16
4934	23
4935	10
4936	21
4937	26
4938	13
4939	15
4940	24
4941	14
4942	18
4943	21
4944	19
4945	16
4946	19
4947	18
4948	19
4949	18
4950	23
4951	17
4952	24
4953	19
4954	16
4955	12
4956	19
4957	24
4958	15
4959	16
4960	22
4961	12
4962	22
4963	19
4964	10
4965	14
4966	16
4967	15
4968	18
4969	14
4970	14
4971	25
4972	20
4973	29
4974	17
4975	18
4976	14
4977	19
4978	22
4979	19
4980	17
4981	20
4982	18
4983	17
4984	16
4985	17
4986	18
4987	30
4988	18
4989	14
4990	18
4991	19
4992	18
4993	17
4994	17
4995	19
4996	21
4997	13
4998	12
4999	20
5000	18
5001	22
5002	22
5003	10
5004	17
5005	17
5006	12
5007	13
5008	15
5009	19
5010	16
5011	18
5012	18
5013	20
5014	22
5015	18
5016	18
5017	20
5018	17
5019	15
5020	21
5021	9
5022	18
5023	19
5024	18
5025	18
5026	17
5027	16
5028	19
5029	12
5030	22
5031	18
5032	13
5033	18
5034	10
5035	16
5036	14
5037	15
5038	17
5039	21
5040	15
5041	22
5042	11
5043	20
5044	10
5045	20
5046	9
5047	11
5048	10
5049	17
5050	14
5051	17
5052	10
5053	14
5054	16
5055	15
5056	22
5057	14
5058	19
5059	10
5060	9
5061	19
5062	9
5063	19
5064	13
5065	13
5066	18
5067	22
5068	21
5069	22
5070	15
5071	19
5072	18
5073	8
5074	15
5075	15
5076	20
5077	20
5078	14
5079	12
5080	13
5081	18
5082	17
5083	13
5084	10
5085	13
5086	16
5087	13
5088	14
5089	20
5090	17
5091	17
5092	11
5093	10
5094	14
5095	18
5096	15
5097	12
5098	11
5099	13
5100	17
5101	12
5102	12
5103	14
5104	11
5105	16
5106	13
5107	14
5108	10
5109	15
5110	11
5111	14
5112	30
5113	13
5114	16
5115	26
5116	16
5117	20
5118	17
5119	19
5120	8
5121	10
5122	20
5123	19
5124	11
5125	12
5126	12
5127	12
5128	16
5129	8
5130	17
5131	16
5132	12
5133	9
5134	11
5135	10
5136	12
5137	15
5138	13
5139	11
5140	16
5141	13
5142	14
5143	7
5144	16
5145	15
5146	12
5147	12
5148	10
5149	16
5150	10
5151	12
5152	13
5153	19
5154	12
5155	11
5156	12
5157	24
5158	14
5159	12
5160	14
5161	12
5162	10
5163	8
5164	13
5165	13
5166	7
5167	14
5168	10
5169	7
5170	7
5171	17
5172	16
5173	13
5174	7
5175	16
5176	14
5177	12
5178	14
5179	8
5180	11
5181	11
5182	9
5183	6
5184	20
5185	11
5186	6
5187	17
5188	13
5189	14
5190	13
5191	8
5192	10
5193	11
5194	13
5195	11
5196	14
5197	10
5198	6
5199	18
5200	8
5201	15
5202	6
5203	9
5204	12
5205	12
5206	15
5207	6
5208	12
5209	13
5210	10
5211	10
5212	25
5213	3
5214	12
5215	16
5216	12
5217	8
5218	5
5219	9
5220	13
5221	15
5222	11
5223	11
5224	9
5225	10
5226	6
5227	7
5228	14
5229	9
5230	17
5231	12
5232	11
5233	12
5234	14
5235	12
5236	11
5237	16
5238	7
5239	16
5240	9
5241	12
5242	15
5243	16
5244	12
5245	10
5246	12
5247	9
5248	10
5249	9
5250	8
5251	16
5252	10
5253	7
5254	7
5255	11
5256	10
5257	11
5258	13
5259	11
5260	7
5261	10
5262	10
5263	10
5264	10
5265	5
5266	12
5267	6
5268	6
5269	8
5270	12
5271	13
5272	6
5273	7
5274	12
5275	10
5276	15
5277	7
5278	9
5279	4
5280	8
5281	12
5282	3
5283	4
5284	4
5285	13
5286	7
5287	8
5288	8
5289	10
5290	13
5291	6
5292	6
5293	6
5294	9
5295	5
5296	10
5297	7
5298	6
5299	6
5300	9
5301	7
5302	6
5303	7
5304	5
5305	7
5306	9
5307	14
5308	5
5309	8
5310	9
5311	7
5312	8
5313	12
5314	5
5315	10
5316	8
5317	10
5318	7
5319	7
5320	6
5321	6
5322	9
5323	11
5324	5
5325	5
5326	4
5327	4
5328	8
5329	8
5330	6
5331	6
5332	7
5333	9
5334	7
5335	4
5336	6
5337	5
5338	8
5339	7
5340	4
5341	6
5342	8
5343	5
5344	5
5345	5
5346	4
5347	7
5348	7
5349	5
5350	6
5351	4
5352	10
5353	7
5354	7
5355	8
5356	5
5357	4
5358	3
5359	7
5360	6
5361	7
5362	8
5363	7
5364	9
5365	8
5366	9
5367	5
5368	5
5369	7
5370	5
5371	8
5372	7
5373	6
5374	4
5375	4
5376	6
5377	7
5378	7
5379	7
5380	5
5381	6
5382	6
5383	6
5384	3
5385	1
5386	7
5387	5
5388	10
5389	5
5390	6
5391	9
5392	5
5393	10
5394	5
5395	6
5396	9
5397	1
5398	5
5399	6
5400	5
5401	8
5402	6
5403	6
5404	3
5405	3
5406	10
5407	4
5408	4
5409	1
5410	5
5411	5
5412	6
5413	7
5414	8
5415	7
5416	8
5417	9
5418	2
5419	3
5420	4
5421	6
5422	4
5423	1
5424	10
5425	8
5426	8
5427	5
5428	3
5429	2
5430	10
5431	2
5432	5
5433	4
5434	5
5435	7
5436	8
5437	7
5438	5
5439	4
5440	6
5441	5
5442	12
5443	4
5444	4
5445	5
5446	5
5447	7
5448	7
5449	6
5450	2
5451	8
5452	7
5453	4
5454	3
5455	5
5456	8
5457	7
5458	6
5459	5
5460	5
5461	5
5462	6
5463	8
5464	8
5465	5
5466	1
5467	5
5468	5
5469	5
5470	7
5471	7
5472	3
5473	5
5474	2
5475	8
5476	2
5477	9
5478	4
5479	5
5480	10
5481	3
5482	5
5483	5
5484	3
5485	4
5486	6
5487	8
5488	6
5489	3
5490	3
5491	5
5492	4
5493	3
5494	0
5495	9
5496	4
5497	7
5498	8
5499	3
5500	8
5501	6
5502	8
5503	6
5504	4
5505	4
5506	4
5507	5
5508	6
5509	5
5510	4
5511	3
5512	6
5513	4
5514	7
5515	7
5516	3
5517	4
5518	4
5519	8
5520	4
5521	7
5522	4
5523	10
5524	6
5525	2
5526	3
5527	9
5528	3
5529	4
5530	7
5531	7
5532	6
5533	5
5534	5
5535	6
5536	6
5537	3
5538	1
5539	5
5540	6
5541	6
5542	2
5543	3
5544	7
5545	3
5546	4
5547	3
5548	7
5549	1
5550	5
5551	8
5552	6
5553	7
5554	6
5555	4
5556	7
5557	5
5558	3
5559	5
5560	2
5561	5
5562	7
5563	5
5564	6
5565	4
5566	4
5567	6
5568	4
5569	0
5570	3
5571	1
5572	4
5573	5
5574	4
5575	4
5576	6
5577	6
5578	8
5579	5
5580	3
5581	3
5582	4
5583	5
5584	3
5585	5
5586	7
5587	4
5588	4
5589	12
5590	7
5591	8
5592	6
5593	5
5594	4
5595	4
5596	1
5597	6
5598	4
5599	3
5600	1
5601	5
5602	3
5603	6
5604	3
5605	8
5606	7
5607	6
5608	2
5609	6
5610	4
5611	4
5612	5
5613	5
5614	3
5615	4
5616	4
5617	6
5618	6
5619	2
5620	2
5621	8
5622	2
5623	3
5624	4
5625	4
5626	1
5627	6
5628	4
5629	2
5630	6
5631	5
5632	3
5633	9
5634	4
5635	10
5636	7
5637	6
5638	6
5639	3
5640	1
5641	9
5642	7
5643	6
5644	3
5645	4
5646	3
5647	4
5648	2
5649	3
5650	9
5651	5
5652	2
5653	6
5654	4
5655	7
5656	6
5657	3
5658	3
5659	8
5660	3
5661	5
5662	3
5663	5
5664	4
5665	6
5666	7
5667	5
5668	2
5669	4
5670	2
5671	7
5672	2
5673	4
5674	6
5675	4
5676	7
5677	9
5678	4
5679	3
5680	2
5681	6
5682	3
5683	7
5684	4
5685	4
5686	4
5687	7
5688	4
5689	7
5690	7
5691	5
5692	5
5693	7
5694	5
5695	10
5696	4
5697	4
5698	9
5699	8
5700	2
5701	4
5702	4
5703	4
5704	3
5705	4
5706	7
5707	4
5708	9
5709	4
5710	2
5711	5
5712	5
5713	2
5714	4
5715	4
5716	0
5717	2
5718	2
5719	3
5720	4
5721	4
5722	8
5723	4
5724	8
5725	3
5726	7
5727	2
5728	6
5729	5
5730	9
5731	5
5732	5
5733	5
5734	6
5735	2
5736	4
5737	2
5738	6
5739	5
5740	3
5741	6
5742	9
5743	3
5744	8
5745	7
5746	5
5747	2
5748	3
5749	4
5750	4
5751	5
5752	2
5753	1
5754	5
5755	3
5756	5
5757	3
5758	3
5759	5
5760	2
5761	3
5762	2
5763	3
5764	6
5765	5
5766	5
5767	7
5768	5
5769	3
5770	6
5771	5
5772	5
5773	7
5774	4
5775	7
5776	3
5777	3
5778	4
5779	4
5780	4
5781	7
5782	6
5783	4
5784	1
5785	7
5786	3
5787	5
5788	4
5789	3
5790	2
5791	4
5792	7
5793	4
5794	5
5795	7
5796	2
5797	4
5798	4
5799	4
5800	9
5801	4
5802	7
5803	7
5804	3
5805	7
5806	4
5807	7
5808	2
5809	1
5810	4
5811	7
5812	2
5813	4
5814	3
5815	7
5816	4
5817	2
5818	7
5819	1
5820	4
5821	7
5822	6
5823	1
5824	4
5825	3
5826	5
5827	6
5828	6
5829	2
5830	4
5831	4
5832	6
5833	6
5834	7
5835	8
5836	1
5837	1
5838	3
5839	4
5840	5
5841	3
5842	5
5843	10
5844	7
5845	8
5846	5
5847	5
5848	5
5849	5
5850	3
5851	4
5852	5
5853	6
5854	7
5855	4
5856	6
5857	4
5858	9
5859	1
5860	3
5861	3
5862	8
5863	2
5864	8
5865	6
5866	5
5867	6
5868	4
5869	5
5870	3
5871	4
5872	3
5873	3
5874	6
5875	3
5876	9
5877	4
5878	1
5879	2
5880	5
5881	5
5882	5
5883	4
5884	4
5885	4
5886	1
5887	3
5888	1
5889	3
5890	8
5891	10
5892	0
5893	6
5894	6
5895	4
5896	4
5897	7
5898	7
5899	7
5900	2
5901	4
5902	1
5903	4
5904	5
5905	4
5906	5
5907	4
5908	7
5909	5
5910	4
5911	9
5912	5
5913	3
5914	7
5915	3
5916	3
5917	4
5918	5
5919	4
5920	4
5921	3
5922	1
5923	4
5924	5
5925	5
5926	7
5927	4
5928	4
5929	4
5930	8
5931	3
5932	7
5933	4
5934	3
5935	13
5936	5
5937	3
5938	2
5939	5
5940	3
5941	7
5942	2
5943	4
5944	5
5945	3
5946	3
5947	3
5948	5
5949	8
5950	4
5951	2
5952	4
5953	8
5954	3
5955	2
5956	10
5957	8
5958	2
5959	6
5960	7
5961	3
5962	5
5963	8
5964	5
5965	5
5966	7
5967	6
5968	4
5969	9
5970	6
5971	6
5972	1
5973	1
5974	3
5975	3
5976	3
5977	2
5978	7
5979	2
5980	3
5981	7
5982	10
5983	4
5984	6
5985	4
5986	1
5987	3
5988	2
5989	2
5990	4
5991	3
5992	2
5993	6
5994	1
5995	4
5996	1
5997	5
5998	4
5999	4
6000	4
6001	4
6002	1
6003	0
6004	3
6005	2
6006	4
6007	1
6008	6
6009	5
6010	1
6011	2
6012	5
6013	5
6014	3
6015	4
6016	2
6017	4
6018	4
6019	7
6020	4
6021	5
6022	4
6023	4
6024	6
6025	5
6026	5
6027	1
6028	2
6029	3
6030	6
6031	7
6032	7
6033	6
6034	3
6035	3
6036	1
6037	7
6038	1
6039	3
6040	3
6041	4
6042	1
6043	5
6044	4
6045	1
6046	3
6047	5
6048	3
6049	4
6050	5
6051	5
6052	1
6053	7
6054	2
6055	2
6056	2
6057	2
6058	2
6059	2
6060	8
6061	1
6062	7
6063	2
6064	3
6065	3
6066	3
6067	5
6068	2
6069	2
6070	4
6071	7
6072	3
6073	5
6074	3
6075	3
6076	2
6077	4
6078	5
6079	6
6080	5
6081	6
6082	6
6083	3
6084	3
6085	1
6086	1
6087	3
6088	4
6089	3
6090	4
6091	3
6092	9
6093	2
6094	4
6095	8
6096	8
6097	7
6098	6
6099	2
6100	2
6101	2
6102	3
6103	4
6104	2
6105	5
6106	2
6107	4
6108	3
6109	6
6110	6
6111	2
6112	3
6113	2
6114	4
6115	6
6116	6
6117	4
6118	5
6119	6
6120	4
6121	5
6122	1
6123	2
6124	1
6125	4
6126	2
6127	5
6128	4
6129	2
6130	7
6131	3
6132	3
6133	2
6134	4
6135	5
6136	2
6137	2
6138	4
6139	5
6140	7
6141	3
6142	7
6143	7
6144	8
6145	1
6146	7
6147	3
6148	7
6149	6
6150	3
6151	3
6152	3
6153	2
6154	2
6155	3
6156	0
6157	2
6158	2
6159	5
6160	4
6161	1
6162	4
6163	4
6164	2
6165	0
6166	2
6167	6
6168	2
6169	2
6170	4
6171	0
6172	5
6173	4
6174	3
6175	2
6176	3
6177	5
6178	1
6179	2
6180	2
6181	0
6182	3
6183	3
6184	6
6185	1
6186	6
6187	5
6188	1
6189	5
6190	3
6191	3
6192	3
6193	4
6194	4
6195	2
6196	3
6197	2
6198	1
6199	1
6200	3
6201	1
6202	2
6203	4
6204	4
6205	2
6206	1
6207	1
6208	2
6209	6
6210	1
6211	5
6212	1
6213	4
6214	3
6215	2
6216	2
6217	5
6218	3
6219	3
6220	1
6221	2
6222	3
6223	1
6224	4
6225	4
6226	1
6227	4
6228	5
6229	6
6230	2
6231	1
6232	3
6233	0
6234	2
6235	5
6236	3
6237	3
6238	1
6239	2
6240	3
6241	2
6242	4
6243	2
6244	3
6245	3
6246	3
6247	5
6248	1
6249	3
6250	4
6251	5
6252	3
6253	5
6254	4
6255	3
6256	3
6257	3
6258	1
6259	1
6260	2
6261	2
6262	2
6263	1
6264	4
6265	4
6266	4
6267	2
6268	4
6269	3
6270	5
6271	3
6272	3
6273	3
6274	2
6275	4
6276	3
6277	2
6278	2
6279	3
6280	1
6281	1
6282	2
6283	0
6284	5
6285	2
6286	6
6287	2
6288	2
6289	2
6290	1
6291	3
6292	4
6293	1
6294	1
6295	1
6296	4
6297	3
6298	3
6299	5
6300	1
6301	3
6302	5
6303	2
6304	0
6305	0
6306	1
6307	3
6308	1
6309	3
6310	3
6311	4
6312	2
6313	3
6314	1
6315	6
6316	0
6317	1
6318	5
6319	1
6320	2
6321	2
6322	3
6323	2
6324	3
6325	1
6326	2
6327	4
6328	3
6329	4
6330	2
6331	3
6332	1
6333	2
6334	5
6335	3
6336	1
6337	4
6338	0
6339	2
6340	4
6341	7
6342	3
6343	4
6344	1
6345	2
6346	4
6347	0
6348	3
6349	3
6350	2
6351	3
6352	0
6353	2
6354	1
6355	4
6356	0
6357	2
6358	0
6359	0
6360	2
6361	2
6362	2
6363	1
6364	1
6365	1
6366	1
6367	1
6368	2
6369	3
6370	2
6371	0
6372	2
6373	4
6374	2
6375	5
6376	1
6377	2
6378	0
6379	0
6380	6
6381	2
6382	2
6383	0
6384	4
6385	3
6386	3
6387	1
6388	1
6389	2
6390	2
6391	2
6392	2
6393	1
6394	1
6395	1
6396	4
6397	2
6398	1
6399	0
6400	1
6401	2
6402	3
6403	0
6404	0
6405	1
6406	2
6407	1
6408	3
6409	3
6410	0
6411	1
6412	3
6413	1
6414	1
6415	0
6416	6
6417	3
6418	3
6419	2
6420	1
6421	3
6422	3
6423	0
6424	1
6425	0
6426	3
6427	1
6428	1
6429	6
6430	2
6431	1
6432	6
6433	2
6434	3
6435	0
6436	5
6437	0
6438	4
6439	3
6440	1
6441	1
6442	1
6443	1
6444	1
6445	3
6446	1
6447	3
6448	2
6449	3
6450	1
6451	3
6452	3
6453	1
6454	1
6455	5
6456	1
6457	1
6458	1
6459	3
6460	1
6461	0
6462	2
6463	3
6464	1
6465	2
6466	2
6467	1
6468	1
6469	2
6470	2
6471	2
6472	3
6473	0
6474	1
6475	1
6476	2
6477	1
6478	3
6479	3
6480	1
6481	2
6482	0
6483	4
6484	3
6485	3
6486	4
6487	2
6488	6
6489	1
6490	0
6491	3
6492	2
6493	5
6494	1
6495	3
6496	2
6497	2
6498	3
6499	1
6500	3
6501	4
6502	0
6503	2
6504	0
6505	1
6506	2
6507	5
6508	0
6509	2
6510	1
6511	0
6512	0
6513	3
6514	2
6515	1
6516	0
6517	3
6518	5
6519	0
6520	2
6521	2
6522	2
6523	2
6524	3
6525	1
6526	1
6527	1
6528	0
6529	1
6530	4
6531	2
6532	0
6533	5
6534	1
6535	2
6536	1
6537	1
6538	2
6539	6
6540	0
6541	2
6542	5
6543	2
6544	1
6545	2
6546	4
6547	3
6548	1
6549	5
6550	1
6551	0
6552	2
6553	2
6554	2
6555	0
6556	3
6557	2
6558	0
6559	1
6560	3
6561	2
6562	3
6563	4
6564	1
6565	1
6566	3
6567	0
6568	2
6569	1
6570	0
6571	2
6572	1
6573	1
6574	0
6575	0
6576	1
6577	2
6578	0
6579	0
6580	2
6581	2
6582	3
6583	1
6584	2
6585	2
6586	0
6587	2
6588	1
6589	1
6590	1
6591	3
6592	0
6593	5
6594	1
6595	2
6596	2
6597	3
6598	0
6599	0
6600	2
6601	0
6602	0
6603	2
6604	2
6605	0
6606	2
6607	3
6608	2
6609	0
6610	0
6611	3
6612	2
6613	1
6614	0
6615	2
6616	2
6617	1
6618	3
6619	1
6620	0
6621	0
6622	0
6623	2
6624	1
6625	0
6626	0
6627	0
6628	3
6629	1
6630	0
6631	0
6632	2
6633	3
6634	2
6635	1
6636	2
6637	1
6638	1
6639	3
6640	2
6641	0
6642	2
6643	2
6644	1
6645	2
6646	0
6647	1
6648	2
6649	0
6650	2
6651	1
6652	1
6653	1
6654	3
6655	1
6656	4
6657	3
6658	0
6659	1
6660	1
6661	2
6662	0
6663	3
6664	3
6665	2
6666	1
6667	2
6668	2
6669	0
6670	1
6671	1
6672	3
6673	1
6674	2
6675	1
6676	1
6677	0
6678	2
6679	0
6680	0
6681	4
6682	2
6683	2
6684	1
6685	4
6686	0
6687	1
6688	1
6689	0
6690	0
6691	0
6692	0
6693	0
6694	1
6695	1
6696	0
6697	1
6698	0
6699	1
6700	1
6701	0
6702	0
6703	4
6704	0
6705	0
6706	1
6707	0
6708	0
6709	0
6710	1
6711	1
6712	2
6713	1
6714	0
6715	2
6716	1
6717	1
6718	1
6719	0
6720	1
6721	3
6722	0
6723	1
6724	2
6725	0
6726	0
6727	0
6728	2
6729	3
6730	2
6731	0
6732	2
6733	1
6734	2
6735	1
6736	3
6737	0
6738	1
6739	1
6740	3
6741	1
6742	1
6743	0
6744	1
6745	3
6746	2
6747	0
6748	5
6749	0
6750	3
6751	0
6752	0
6753	1
6754	2
6755	1
6756	0
6757	1
6758	2
6759	0
6760	0
6761	0
6762	1
6763	2
6764	1
6765	0
6766	0
6767	0
6768	1
6769	1
6770	3
6771	1
6772	1
6773	2
6774	3
6775	1
6776	1
6777	1
6778	1
6779	1
6780	0
6781	0
6782	1
6783	1
6784	2
6785	0
6786	2
6787	1
6788	1
6789	1
6790	1
6791	2
6792	2
6793	0
6794	0
6795	1
6796	1
6797	0
6798	2
6799	0
6800	2
6801	1
6802	1
6803	0
6804	1
6805	1
6806	0
6807	0
6808	1
6809	2
6810	3
6811	1
6812	0
6813	1
6814	0
6815	2
6816	2
6817	0
6818	2
6819	2
6820	0
6821	0
6822	2
6823	1
6824	3
6825	1
6826	0
6827	0
6828	0
6829	1
6830	0
6831	1
6832	1
6833	2
6834	1
6835	0
6836	1
6837	1
6838	1
6839	0
6840	0
6841	0
6842	1
6843	0
6844	1
6845	0
6846	0
6847	1
6848	1
6849	1
6850	1
6851	0
6852	0
6853	1
6854	0
6855	0
6856	2
6857	2
6858	1
6859	0
6860	1
6861	2
6862	0
6863	0
6864	1
6865	0
6866	1
6867	0
6868	1
6869	1
6870	0
6871	0
6872	0
6873	2
6874	0
6875	2
6876	0
6877	0
6878	1
6879	1
6880	0
6881	1
6882	0
6883	1
6884	1
6885	2
6886	0
6887	0
6888	1
6889	1
6890	1
6891	1
6892	0
6893	2
6894	0
6895	0
6896	1
6897	0
6898	1
6899	2
6900	1
6901	1
6902	0
6903	0
6904	1
6905	1
6906	0
6907	1
6908	0
6909	0
6910	1
6911	3
6912	0
6913	1
6914	2
6915	1
6916	0
6917	1
6918	0
6919	1
6920	0
6921	0
6922	0
6923	1
6924	1
6925	0
6926	1
6927	1
6928	1
6929	1
6930	0
6931	4
6932	0
6933	0
6934	0
6935	0
6936	0
6937	0
6938	2
6939	0
6940	0
6941	1
6942	0
6943	0
6944	0
6945	2
6946	0
6947	2
6948	2
6949	1
6950	1
6951	0
6952	1
6953	0
6954	0
6955	1
6956	1
6957	2
6958	1
6959	0
6960	1
6961	0
6962	3
6963	0
6964	1
6965	0
6966	0
6967	0
6968	2
6969	1
6970	0
6971	1
6972	1
6973	0
6974	1
6975	0
6976	1
6977	0
6978	2
6979	0
6980	0
6981	0
6982	1
6983	3
6984	0
6985	1
6986	0
6987	0
6988	0
6989	1
6990	1
6991	0
6992	1
6993	0
6994	0
6995	0
6996	0
6997	1
6998	0
6999	1
7000	0
7001	0
7002	0
7003	3
7004	0
7005	0
7006	0
7007	0
7008	0
7009	0
7010	0
7011	0
7012	0
7013	1
7014	0
7015	1
7016	0
7017	1
7018	0
7019	0
7020	0
7021	0
7022	1
7023	0
7024	0
7025	0
7026	2
7027	0
7028	2
7029	0
7030	1
7031	1
7032	0
7033	0
7034	0
7035	2
7036	1
7037	2
7038	0
7039	0
7040	0
7041	1
7042	0
7043	1
7044	0
7045	1
7046	0
7047	1
7048	0
7049	1
7050	0
7051	1
7052	0
7053	0
7054	0
7055	0
7056	0
7057	0
7058	0
7059	0
7060	1
7061	3
7062	0
7063	0
7064	0
7065	0
7066	0
7067	0
7068	0
7069	1
7070	0
7071	0
7072	1
7073	1
7074	1
7075	1
7076	2
7077	0
7078	1
7079	1
7080	0
7081	1
7082	1
7083	0
7084	1
7085	0
7086	1
7087	1
7088	0
7089	1
7090	0
7091	0
7092	0
7093	1
7094	2
7095	0
7096	1
7097	1
7098	0
7099	0
7100	2
7101	0
7102	0
7103	0
7104	0
7105	0
7106	1
7107	2
7108	1
7109	1
7110	0
7111	0
7112	1
7113	0
7114	0
7115	0
7116	1
7117	0
7118	1
7119	0
7120	1
7121	0
7122	1
7123	0
7124	3
7125	1
7126	3
7127	1
7128	0
7129	0
7130	0
7131	0
7132	0
7133	0
7134	0
7135	1
7136	1
7137	0
7138	0
7139	1
7140	0
7141	1
7142	0
7143	0
7144	2
7145	0
7146	0
7147	0
7148	0
7149	0
7150	0
7151	0
7152	1
7153	1
7154	0
7155	0
7156	0
7157	0
7158	0
7159	0
7160	1
7161	0
7162	1
7163	0
7164	0
7165	0
7166	1
7167	1
7168	0
7169	0
7170	1
7171	0
7172	0
7173	0
7174	1
7175	1
7176	0
7177	1
7178	0
7179	2
7180	0
7181	0
7182	1
7183	0
7184	0
7185	0
7186	0
7187	2
7188	1
7189	2
7190	1
7191	1
7192	0
7193	0
7194	0
7195	1
7196	1
7197	0
7198	0
7199	0
7200	0
7201	0
7202	0
7203	1
7204	0
7205	0
7206	0
7207	0
7208	0
7209	0
7210	0
7211	1
7212	0
7213	0
7214	1
7215	0
7216	1
7217	0
7218	1
7219	0
7220	0
7221	0
7222	0
7223	0
7224	0
7225	0
7226	0
7227	0
7228	0
7229	0
7230	0
7231	0
7232	0
7233	2
7234	0
7235	1
7236	1
7237	1
7238	0
7239	0
7240	0
7241	0
7242	1
7243	0
7244	0
7245	0
7246	1
7247	0
7248	0
7249	0
7250	0
7251	1
7252	0
7253	0
7254	0
7255	1
7256	0
7257	0
7258	1
7259	1
7260	1
7261	0
7262	0
7263	1
7264	1
7265	0
7266	0
7267	1
7268	2
7269	1
7270	2
7271	0
7272	1
7273	1
7274	1
7275	0
7276	1
7277	0
7278	1
7279	0
7280	1
7281	0
7282	0
7283	0
7284	0
7285	1
7286	1
7287	0
7288	1
7289	1
7290	1
7291	0
7292	0
7293	0
7294	4
7295	0
7296	0
7297	0
7298	2
7299	1
7300	0
7301	0
7302	1
7303	0
7304	0
7305	0
7306	1
7307	1
7308	0
7309	1
7310	1
7311	0
7312	2
7313	0
7314	0
7315	0
7316	0
7317	0
7318	0
7319	2
7320	1
7321	1
7322	0
7323	1
7324	0
7325	1
7326	0
7327	0
7328	0
7329	0
7330	1
7331	0
7332	0
7333	0
7334	0
7335	1
7336	1
7337	1
7338	0
7339	0
7340	1
7341	0
7342	0
7343	0
7344	0
7345	1
7346	0
7347	0
7348	0
7349	0
7350	1
7351	0
7352	0
7353	1
7354	0
7355	2
7356	0
7357	0
7358	0
7359	1
7360	0
7361	1
7362	0
7363	0
7364	3
7365	0
7366	0
7367	0
7368	0
7369	1
7370	0
7371	0
7372	0
7373	0
7374	0
7375	1
7376	0
7377	0
7378	0
7379	1
7380	0
7381	2
7382	0
7383	1
7384	0
7385	1
7386	0
7387	1
7388	0
7389	1
7390	1
7391	1
7392	0
7393	1
7394	0
7395	0
7396	1
7397	0
7398	1
7399	0
7400	0
7401	0
7402	0
7403	0
7404	0
7405	1
7406	0
7407	1
7408	0
7409	0
7410	1
7411	0
7412	0
7413	0
7414	0
7415	1
7416	1
7417	1
7418	1
7419	2
7420	0
7421	0
7422	1
7423	2
7424	0
7425	0
7426	0
7427	2
7428	0
7429	0
7430	0
7431	1
7432	0
7433	0
7434	0
7435	0
7436	1
7437	1
7438	1
7439	1
7440	1
7441	0
7442	0
7443	0
7444	0
7445	1
7446	0
7447	0
7448	1
7449	2
7450	0
7451	1
7452	2
7453	0
7454	1
7455	0
7456	2
7457	0
7458	0
7459	0
7460	0
7461	0
7462	1
7463	1
7464	0
7465	1
7466	0
7467	0
7468	0
7469	0
7470	1
7471	0
7472	1
7473	0
7474	1
7475	1
7476	0
7477	0
7478	0
7479	0
7480	1
7481	0
7482	1
7483	1
7484	0
7485	1
7486	0
7487	1
7488	0
7489	0
7490	0
7491	0
7492	1
7493	0
7494	1
7495	0
7496	2
7497	0
7498	0
7499	0
7500	1
7501	0
7502	0
7503	0
7504	1
7505	0
7506	0
7507	0
7508	1
7509	0
7510	0
7511	0
7512	2
7513	2
7514	0
7515	1
7516	3
7517	0
7518	2
7519	1
7520	0
7521	0
7522	0
7523	0
7524	1
7525	0
7526	0
7527	0
7528	0
7529	4
7530	0
7531	0
7532	0
7533	0
7534	0
7535	0
7536	0
7537	0
7538	1
7539	2
7540	0
7541	0
7542	2
7543	0
7544	0
7545	0
7546	0
7547	0
7548	0
7549	1
7550	0
7551	1
7552	1
7553	1
7554	0
7555	1
7556	1
7557	0
7558	0
7559	0
7560	0
7561	0
7562	1
7563	0
7564	0
7565	1
7566	0
7567	0
7568	1
7569	1
7570	1
7571	0
7572	0
7573	0
7574	1
7575	1
7576	0
7577	0
7578	1
7579	0
7580	2
7581	1
7582	1
7583	2
7584	1
7585	0
7586	2
7587	1
7588	0
7589	0
7590	0
7591	0
7592	1
7593	0
7594	0
7595	1
7596	1
7597	1
7598	0
7599	0
7600	0
7601	1
7602	0
7603	1
7604	0
7605	0
7606	0
7607	0
7608	0
7609	1
7610	1
7611	0
7612	0
7613	2
7614	0
7615	1
7616	2
7617	0
7618	1
7619	0
7620	1
7621	0
7622	1
7623	0
7624	0
7625	0
7626	0
7627	1
7628	0
7629	1
7630	0
7631	0
7632	0
7633	1
7634	0
7635	2
7636	0
7637	1
7638	0
7639	2
7640	0
7641	1
7642	0
7643	0
7644	1
7645	0
7646	1
7647	1
7648	1
7649	0
7650	0
7651	2
7652	1
7653	2
7654	1
7655	4
7656	1
7657	0
7658	0
7659	0
7660	0
7661	0
7662	0
7663	0
7664	0
7665	0
7666	1
7667	1
7668	0
7669	1
7670	1
7671	0
7672	1
7673	1
7674	1
7675	0
7676	0
7677	1
7678	0
7679	1
7680	0
7681	3
7682	0
7683	1
7684	0
7685	0
7686	0
7687	0
7688	0
7689	1
7690	0
7691	0
7692	0
7693	0
7694	1
7695	0
7696	0
7697	2
7698	0
7699	0
7700	0
7701	0
7702	2
7703	0
7704	0
7705	1
7706	0
7707	1
7708	1
7709	0
7710	0
7711	1
7712	0
7713	0
7714	1
7715	0
7716	0
7717	0
7718	2
7719	0
7720	0
7721	0
7722	0
7723	1
7724	3
7725	0
7726	1
7727	0
7728	0
7729	0
7730	0
7731	0
7732	0
7733	0
7734	0
7735	0
7736	0
7737	0
7738	0
7739	0
7740	1
7741	1
7742	1
7743	1
7744	0
7745	0
7746	2
7747	0
7748	1
7749	0
7750	0
7751	0
7752	2
7753	0
7754	0
7755	0
7756	2
7757	0
7758	0
7759	0
7760	1
7761	0
7762	0
7763	0
7764	0
7765	1
7766	1
7767	1
7768	1
7769	0
7770	0
7771	1
7772	0
7773	0
7774	0
7775	0
7776	0
7777	0
7778	0
7779	1
7780	0
7781	0
7782	0
7783	0
7784	1
7785	0
7786	0
7787	1
7788	0
7789	1
7790	0
7791	0
7792	0
7793	0
7794	1
7795	0
7796	0
7797	0
7798	1
7799	0
7800	0
7801	0
7802	0
7803	2
7804	1
7805	0
7806	1
7807	1
7808	2
7809	0
7810	0
7811	0
7812	0
7813	0
7814	0
7815	0
7816	0
7817	0
7818	0
7819	0
7820	1
7821	1
7822	3
7823	0
7824	1
7825	0
7826	0
7827	0
7828	1
7829	0
7830	0
7831	1
7832	0
7833	2
7834	0
7835	0
7836	1
7837	0
7838	1
7839	1
7840	0
7841	1
7842	0
7843	0
7844	0
7845	0
7846	0
7847	1
7848	0
7849	0
7850	1
7851	0
7852	0
7853	1
7854	1
7855	0
7856	1
7857	0
7858	0
7859	1
7860	0
7861	0
7862	1
7863	0
7864	1
7865	0
7866	1
7867	0
7868	0
7869	0
7870	0
7871	2
7872	1
7873	0
7874	0
7875	0
7876	1
7877	1
7878	0
7879	0
7880	1
7881	0
7882	0
7883	0
7884	0
7885	0
7886	0
7887	1
7888	0
7889	0
7890	0
7891	0
7892	0
7893	0
7894	0
7895	0
7896	0
7897	0
7898	0
7899	0
7900	0
7901	1
7902	0
7903	0
7904	0
7905	1
7906	0
7907	0
7908	0
7909	0
7910	0
7911	1
7912	1
7913	0
7914	1
7915	1
7916	2
7917	0
7918	0
7919	1
7920	0
7921	0
7922	2
7923	0
7924	0
7925	0
7926	0
7927	0
7928	0
7929	0
7930	1
7931	0
7932	2
7933	0
7934	0
7935	1
7936	0
7937	0
7938	0
7939	0
7940	2
7941	0
7942	0
7943	0
7944	1
7945	0
7946	1
7947	2
7948	0
7949	0
7950	1
7951	0
7952	0
7953	1
7954	1
7955	0
7956	0
7957	0
7958	2
7959	0
7960	0
7961	0
7962	0
7963	1
7964	2
7965	0
7966	0
7967	0
7968	0
7969	0
7970	2
7971	0
7972	0
7973	0
7974	0
7975	1
7976	1
7977	0
7978	0
7979	0
7980	0
7981	0
7982	0
7983	1
7984	0
7985	1
7986	0
7987	1
7988	0
7989	1
7990	1
7991	0
7992	1
7993	0
7994	0
7995	0
7996	0
7997	1
7998	0
7999	2
8000	0
8001	0
8002	0
8003	0
8004	0
8005	1
8006	1
8007	0
8008	1
8009	1
8010	2
8011	0
8012	0
8013	1
8014	2
8015	1
8016	0
8017	0
8018	1
8019	1
8020	0
8021	0
8022	0
8023	0
8024	2
8025	0
8026	0
8027	0
8028	1
8029	0
8030	0
8031	1
8032	0
8033	1
8034	1
8035	1
8036	1
8037	1
8038	1
8039	2
8040	0
8041	0
8042	0
8043	0
8044	1
8045	1
8046	1
8047	1
8048	0
8049	0
8050	0
8051	0
8052	1
8053	1
8054	1
8055	0
8056	1
8057	0
8058	0
8059	0
8060	0
8061	1
8062	2
8063	0
8064	1
8065	0
8066	1
8067	1
8068	0
8069	0
8070	1
8071	1
8072	1
8073	0
8074	1
8075	0
8076	0
8077	0
8078	0
8079	0
8080	1
8081	1
8082	0
8083	0
8084	0
8085	0
8086	0
8087	0
8088	0
8089	0
8090	0
8091	0
8092	0
8093	0
8094	0
8095	0
8096	0
8097	0
8098	0
8099	0
8100	0
8101	0
8102	0
8103	0
8104	0
8105	0
8106	0
8107	0
8108	0
8109	0
8110	0
8111	0
8112	0
8113	0
8114	0
8115	0
8116	0
8117	0
8118	0
8119	0
8120	0
8121	0
8122	0
8123	0
8124	0
8125	0
8126	0
8127	0
8128	0
8129	0
8130	0
8131	0
8132	0
8133	0
8134	0
8135	0
8136	0
8137	0
8138	0
8139	0
8140	0
8141	0
8142	0
8143	0
8144	0
8145	0
8146	0
8147	0
8148	0
8149	0
8150	0
8151	0
8152	0
8153	0
8154	0
8155	0
8156	0
8157	0
8158	0
8159	0
8160	0
8161	0
8162	0
8163	0
8164	0
8165	0
8166	0
8167	0
8168	0
8169	0
8170	0
8171	0
8172	0
8173	0
8174	0
8175	0
8176	0
8177	0
8178	0
8179	0
8180	0
8181	0
8182	0
8183	0
8184	0
8185	0
8186	0
8187	0
8188	0
8189	0
8190	0
8191	0
