0	0
1	0
2	0
3	0
4	0
5	0
6	0
7	0
8	0
9	0
10	0
11	0
12	0
13	0
14	0
15	0
16	0
17	0
18	0
19	0
20	0
21	0
22	0
23	0
24	0
25	0
26	0
27	0
28	0
29	0
30	0
31	0
32	0
33	0
34	0
35	0
36	0
37	0
38	0
39	0
40	0
41	0
42	0
43	0
44	0
45	0
46	0
47	0
48	0
49	0
50	0
51	0
52	0
53	0
54	0
55	0
56	0
57	0
58	0
59	0
60	0
61	0
62	0
63	0
64	0
65	0
66	0
67	0
68	0
69	0
70	0
71	0
72	0
73	0
74	0
75	0
76	0
77	0
78	0
79	0
80	0
81	0
82	0
83	0
84	0
85	4
86	4
87	10
88	5
89	11
90	11
91	13
92	14
93	1
94	6
95	6
96	7
97	8
98	5
99	5
100	7
101	12
102	8
103	9
104	4
105	7
106	4
107	11
108	6
109	8
110	8
111	8
112	7
113	9
114	11
115	8
116	8
117	9
118	9
119	11
120	8
121	4
122	7
123	8
124	5
125	7
126	7
127	3
128	6
129	7
130	5
131	8
132	10
133	5
134	8
135	9
136	4
137	5
138	6
139	6
140	9
141	4
142	7
143	3
144	7
145	4
146	7
147	6
148	6
149	12
150	2
151	7
152	7
153	7
154	4
155	5
156	9
157	7
158	7
159	8
160	10
161	10
162	8
163	7
164	7
165	11
166	7
167	6
168	5
169	8
170	7
171	5
172	5
173	4
174	5
175	5
176	8
177	7
178	10
179	5
180	6
181	5
182	11
183	7
184	4
185	6
186	5
187	3
188	11
189	4
190	8
191	5
192	7
193	4
194	6
195	5
196	2
197	9
198	6
199	8
200	6
201	5
202	1
203	11
204	10
205	13
206	7
207	4
208	3
209	4
210	10
211	7
212	4
213	4
214	10
215	6
216	11
217	6
218	7
219	5
220	4
221	5
222	5
223	5
224	6
225	8
226	7
227	9
228	8
229	5
230	6
231	6
232	8
233	5
234	4
235	10
236	11
237	6
238	6
239	4
240	5
241	5
242	6
243	4
244	6
245	7
246	5
247	3
248	9
249	5
250	7
251	5
252	6
253	13
254	14
255	0
256	8
257	10
258	8
259	3
260	4
261	8
262	10
263	5
264	2
265	14
266	4
267	3
268	3
269	3
270	7
271	5
272	3
273	6
274	9
275	9
276	6
277	9
278	2
279	9
280	6
281	8
282	13
283	6
284	9
285	4
286	6
287	5
288	6
289	4
290	2
291	10
292	9
293	5
294	9
295	3
296	5
297	9
298	8
299	4
300	6
301	10
302	12
303	8
304	4
305	8
306	14
307	2
308	4
309	6
310	1
311	5
312	9
313	6
314	5
315	9
316	7
317	3
318	2
319	1
320	9
321	9
322	9
323	9
324	8
325	8
326	3
327	3
328	6
329	5
330	5
331	8
332	9
333	5
334	7
335	6
336	6
337	5
338	4
339	7
340	7
341	9
342	5
343	4
344	8
345	9
346	8
347	2
348	9
349	8
350	8
351	1
352	12
353	5
354	5
355	8
356	7
357	9
358	10
359	7
360	10
361	6
362	5
363	5
364	6
365	10
366	12
367	7
368	6
369	8
370	9
371	9
372	4
373	5
374	11
375	6
376	7
377	9
378	5
379	4
380	6
381	10
382	7
383	5
384	1
385	3
386	6
387	10
388	5
389	8
390	5
391	6
392	4
393	6
394	10
395	7
396	8
397	7
398	7
399	7
400	6
401	2
402	3
403	3
404	8
405	7
406	7
407	7
408	6
409	11
410	7
411	9
412	3
413	7
414	11
415	6
416	7
417	10
418	13
419	2
420	9
421	8
422	4
423	7
424	5
425	3
426	3
427	8
428	6
429	2
430	10
431	7
432	5
433	5
434	8
435	5
436	4
437	11
438	9
439	3
440	10
441	6
442	4
443	7
444	3
445	7
446	11
447	12
448	12
449	3
450	9
451	9
452	6
453	10
454	7
455	9
456	7
457	5
458	6
459	8
460	4
461	4
462	10
463	5
464	7
465	10
466	11
467	7
468	6
469	15
470	7
471	13
472	10
473	8
474	7
475	4
476	8
477	12
478	4
479	4
480	12
481	8
482	8
483	7
484	8
485	7
486	9
487	7
488	9
489	13
490	8
491	12
492	7
493	5
494	8
495	10
496	7
497	3
498	7
499	2
500	6
501	11
502	7
503	12
504	5
505	5
506	7
507	3
508	5
509	4
510	9
511	5
512	6
513	10
514	5
515	9
516	4
517	8
518	4
519	9
520	6
521	9
522	3
523	10
524	12
525	6
526	1
527	5
528	3
529	10
530	5
531	6
532	9
533	6
534	4
535	11
536	7
537	11
538	7
539	8
540	5
541	7
542	6
543	15
544	9
545	7
546	5
547	6
548	10
549	10
550	9
551	6
552	16
553	12
554	5
555	4
556	7
557	5
558	9
559	7
560	10
561	8
562	9
563	7
564	9
565	12
566	7
567	10
568	8
569	10
570	9
571	7
572	6
573	6
574	2
575	7
576	4
577	8
578	6
579	9
580	6
581	4
582	4
583	5
584	9
585	11
586	5
587	12
588	3
589	12
590	8
591	15
592	6
593	5
594	7
595	10
596	7
597	7
598	4
599	9
600	6
601	9
602	8
603	9
604	7
605	9
606	8
607	15
608	6
609	7
610	10
611	7
612	4
613	4
614	5
615	14
616	8
617	7
618	7
619	7
620	10
621	9
622	9
623	8
624	4
625	10
626	11
627	11
628	4
629	9
630	13
631	10
632	6
633	12
634	7
635	5
636	10
637	12
638	8
639	7
640	11
641	5
642	6
643	5
644	5
645	3
646	5
647	5
648	8
649	7
650	7
651	16
652	8
653	5
654	10
655	5
656	7
657	3
658	5
659	8
660	8
661	9
662	7
663	10
664	6
665	10
666	7
667	7
668	9
669	8
670	7
671	9
672	3
673	8
674	8
675	5
676	7
677	10
678	5
679	5
680	5
681	17
682	7
683	13
684	7
685	7
686	9
687	7
688	8
689	9
690	9
691	6
692	8
693	12
694	8
695	6
696	7
697	11
698	5
699	11
700	7
701	7
702	11
703	7
704	9
705	11
706	3
707	4
708	7
709	12
710	7
711	12
712	13
713	5
714	12
715	8
716	5
717	7
718	9
719	13
720	10
721	12
722	4
723	7
724	11
725	9
726	9
727	5
728	9
729	7
730	8
731	6
732	11
733	9
734	10
735	7
736	6
737	16
738	7
739	7
740	7
741	15
742	12
743	8
744	10
745	8
746	10
747	9
748	10
749	15
750	12
751	12
752	5
753	12
754	11
755	14
756	12
757	12
758	9
759	7
760	13
761	13
762	12
763	12
764	19
765	8
766	13
767	13
768	13
769	9
770	9
771	10
772	9
773	13
774	9
775	18
776	11
777	8
778	11
779	21
780	17
781	15
782	14
783	14
784	7
785	22
786	10
787	10
788	16
789	15
790	13
791	12
792	10
793	14
794	13
795	17
796	8
797	13
798	14
799	17
800	17
801	12
802	9
803	16
804	19
805	19
806	16
807	8
808	16
809	12
810	20
811	20
812	11
813	18
814	20
815	15
816	9
817	16
818	22
819	17
820	13
821	21
822	17
823	14
824	7
825	7
826	20
827	21
828	22
829	19
830	15
831	23
832	16
833	17
834	14
835	20
836	21
837	19
838	19
839	10
840	12
841	12
842	26
843	19
844	21
845	12
846	17
847	19
848	22
849	20
850	13
851	16
852	15
853	19
854	19
855	17
856	19
857	11
858	12
859	17
860	12
861	23
862	16
863	15
864	24
865	16
866	15
867	10
868	18
869	18
870	15
871	25
872	22
873	16
874	17
875	12
876	12
877	14
878	14
879	14
880	21
881	13
882	21
883	18
884	12
885	16
886	17
887	19
888	19
889	16
890	20
891	8
892	19
893	10
894	22
895	10
896	8
897	14
898	13
899	19
900	12
901	7
902	12
903	13
904	16
905	13
906	9
907	10
908	15
909	8
910	18
911	22
912	16
913	17
914	8
915	18
916	17
917	13
918	12
919	11
920	15
921	17
922	24
923	13
924	18
925	9
926	12
927	17
928	16
929	12
930	19
931	17
932	17
933	15
934	15
935	13
936	10
937	17
938	22
939	10
940	12
941	15
942	18
943	9
944	17
945	12
946	7
947	12
948	20
949	14
950	10
951	12
952	19
953	9
954	19
955	15
956	11
957	11
958	16
959	8
960	14
961	11
962	12
963	12
964	15
965	14
966	15
967	14
968	14
969	17
970	11
971	10
972	12
973	16
974	14
975	10
976	15
977	18
978	14
979	10
980	13
981	18
982	12
983	22
984	14
985	16
986	9
987	10
988	14
989	10
990	16
991	5
992	12
993	16
994	13
995	11
996	5
997	15
998	16
999	18
1000	11
1001	13
1002	12
1003	16
1004	12
1005	10
1006	16
1007	12
1008	6
1009	9
1010	16
1011	7
1012	15
1013	13
1014	10
1015	13
1016	11
1017	10
1018	8
1019	11
1020	9
1021	13
1022	11
1023	17
1024	14
1025	9
1026	12
1027	12
1028	12
1029	13
1030	17
1031	12
1032	8
1033	14
1034	12
1035	7
1036	6
1037	13
1038	8
1039	11
1040	15
1041	9
1042	13
1043	10
1044	9
1045	21
1046	7
1047	11
1048	10
1049	7
1050	9
1051	6
1052	10
1053	7
1054	19
1055	11
1056	7
1057	8
1058	11
1059	8
1060	14
1061	8
1062	11
1063	10
1064	18
1065	10
1066	12
1067	10
1068	15
1069	13
1070	14
1071	14
1072	15
1073	14
1074	16
1075	15
1076	6
1077	9
1078	13
1079	4
1080	12
1081	10
1082	7
1083	16
1084	10
1085	8
1086	9
1087	8
1088	12
1089	11
1090	12
1091	14
1092	10
1093	11
1094	11
1095	7
1096	8
1097	13
1098	7
1099	14
1100	7
1101	17
1102	18
1103	16
1104	12
1105	13
1106	13
1107	14
1108	7
1109	8
1110	16
1111	16
1112	11
1113	10
1114	10
1115	13
1116	9
1117	9
1118	10
1119	15
1120	16
1121	12
1122	12
1123	9
1124	12
1125	12
1126	12
1127	7
1128	12
1129	10
1130	17
1131	12
1132	8
1133	8
1134	13
1135	7
1136	9
1137	14
1138	4
1139	7
1140	11
1141	12
1142	14
1143	13
1144	11
1145	9
1146	7
1147	11
1148	12
1149	22
1150	16
1151	13
1152	8
1153	13
1154	12
1155	6
1156	16
1157	13
1158	10
1159	18
1160	11
1161	11
1162	19
1163	14
1164	6
1165	14
1166	11
1167	8
1168	13
1169	9
1170	12
1171	10
1172	24
1173	13
1174	14
1175	12
1176	10
1177	17
1178	10
1179	14
1180	13
1181	14
1182	12
1183	13
1184	13
1185	18
1186	17
1187	11
1188	16
1189	18
1190	6
1191	10
1192	12
1193	8
1194	10
1195	10
1196	9
1197	11
1198	21
1199	7
1200	17
1201	10
1202	18
1203	13
1204	10
1205	9
1206	13
1207	18
1208	15
1209	18
1210	15
1211	9
1212	20
1213	12
1214	12
1215	18
1216	11
1217	9
1218	10
1219	13
1220	18
1221	5
1222	12
1223	11
1224	13
1225	10
1226	13
1227	11
1228	14
1229	15
1230	6
1231	18
1232	18
1233	13
1234	10
1235	11
1236	5
1237	18
1238	10
1239	11
1240	12
1241	10
1242	17
1243	7
1244	15
1245	11
1246	8
1247	15
1248	17
1249	10
1250	14
1251	10
1252	17
1253	13
1254	17
1255	17
1256	14
1257	8
1258	13
1259	14
1260	11
1261	15
1262	11
1263	18
1264	14
1265	11
1266	13
1267	13
1268	11
1269	17
1270	10
1271	9
1272	19
1273	14
1274	7
1275	8
1276	17
1277	9
1278	12
1279	13
1280	11
1281	9
1282	7
1283	15
1284	8
1285	14
1286	13
1287	10
1288	12
1289	11
1290	13
1291	12
1292	10
1293	10
1294	13
1295	12
1296	11
1297	16
1298	16
1299	10
1300	13
1301	19
1302	15
1303	15
1304	7
1305	23
1306	12
1307	8
1308	17
1309	11
1310	17
1311	15
1312	9
1313	13
1314	12
1315	11
1316	11
1317	13
1318	17
1319	7
1320	10
1321	16
1322	5
1323	13
1324	9
1325	14
1326	16
1327	16
1328	10
1329	10
1330	15
1331	16
1332	10
1333	16
1334	12
1335	16
1336	15
1337	18
1338	14
1339	16
1340	10
1341	16
1342	11
1343	12
1344	14
1345	10
1346	20
1347	18
1348	17
1349	14
1350	17
1351	13
1352	11
1353	13
1354	10
1355	17
1356	16
1357	14
1358	23
1359	14
1360	9
1361	11
1362	13
1363	13
1364	9
1365	21
1366	13
1367	18
1368	21
1369	16
1370	10
1371	21
1372	14
1373	14
1374	19
1375	11
1376	23
1377	23
1378	14
1379	8
1380	16
1381	11
1382	17
1383	9
1384	14
1385	23
1386	9
1387	12
1388	15
1389	12
1390	20
1391	16
1392	11
1393	17
1394	9
1395	19
1396	15
1397	12
1398	17
1399	14
1400	16
1401	20
1402	9
1403	21
1404	17
1405	18
1406	24
1407	18
1408	12
1409	12
1410	8
1411	17
1412	19
1413	6
1414	18
1415	12
1416	14
1417	13
1418	16
1419	14
1420	12
1421	16
1422	10
1423	14
1424	11
1425	14
1426	11
1427	16
1428	15
1429	12
1430	14
1431	16
1432	12
1433	11
1434	11
1435	17
1436	8
1437	9
1438	14
1439	15
1440	15
1441	21
1442	17
1443	19
1444	14
1445	23
1446	11
1447	17
1448	10
1449	16
1450	23
1451	16
1452	6
1453	16
1454	13
1455	15
1456	16
1457	9
1458	11
1459	17
1460	14
1461	16
1462	15
1463	14
1464	15
1465	12
1466	8
1467	15
1468	12
1469	18
1470	13
1471	15
1472	17
1473	19
1474	10
1475	17
1476	18
1477	16
1478	13
1479	16
1480	10
1481	14
1482	17
1483	19
1484	15
1485	17
1486	23
1487	9
1488	14
1489	17
1490	19
1491	16
1492	16
1493	13
1494	19
1495	20
1496	17
1497	14
1498	17
1499	26
1500	10
1501	11
1502	18
1503	12
1504	13
1505	22
1506	12
1507	13
1508	18
1509	19
1510	15
1511	12
1512	11
1513	21
1514	28
1515	22
1516	13
1517	19
1518	18
1519	17
1520	17
1521	19
1522	24
1523	11
1524	20
1525	11
1526	13
1527	18
1528	12
1529	8
1530	32
1531	17
1532	21
1533	18
1534	17
1535	14
1536	22
1537	22
1538	19
1539	17
1540	13
1541	12
1542	21
1543	20
1544	14
1545	14
1546	15
1547	12
1548	16
1549	19
1550	19
1551	12
1552	16
1553	13
1554	24
1555	15
1556	21
1557	16
1558	16
1559	11
1560	19
1561	14
1562	13
1563	13
1564	20
1565	11
1566	11
1567	15
1568	15
1569	18
1570	10
1571	22
1572	15
1573	15
1574	13
1575	14
1576	20
1577	19
1578	19
1579	18
1580	27
1581	21
1582	19
1583	23
1584	23
1585	15
1586	20
1587	13
1588	17
1589	17
1590	17
1591	15
1592	21
1593	17
1594	16
1595	15
1596	17
1597	17
1598	10
1599	14
1600	11
1601	17
1602	24
1603	18
1604	12
1605	26
1606	22
1607	8
1608	15
1609	23
1610	17
1611	14
1612	9
1613	10
1614	15
1615	20
1616	21
1617	22
1618	21
1619	12
1620	12
1621	11
1622	24
1623	15
1624	19
1625	25
1626	16
1627	18
1628	17
1629	13
1630	19
1631	21
1632	12
1633	12
1634	19
1635	15
1636	14
1637	12
1638	11
1639	20
1640	19
1641	11
1642	17
1643	17
1644	17
1645	16
1646	22
1647	17
1648	13
1649	21
1650	19
1651	11
1652	11
1653	21
1654	21
1655	18
1656	18
1657	14
1658	16
1659	21
1660	18
1661	27
1662	12
1663	17
1664	15
1665	16
1666	13
1667	19
1668	15
1669	17
1670	7
1671	14
1672	13
1673	16
1674	20
1675	14
1676	19
1677	14
1678	16
1679	18
1680	10
1681	20
1682	18
1683	10
1684	23
1685	13
1686	15
1687	17
1688	13
1689	19
1690	20
1691	16
1692	15
1693	16
1694	15
1695	19
1696	20
1697	18
1698	17
1699	24
1700	17
1701	21
1702	14
1703	21
1704	19
1705	13
1706	18
1707	21
1708	14
1709	15
1710	19
1711	15
1712	16
1713	21
1714	11
1715	11
1716	20
1717	17
1718	27
1719	18
1720	12
1721	18
1722	20
1723	18
1724	25
1725	17
1726	19
1727	16
1728	11
1729	23
1730	20
1731	22
1732	20
1733	18
1734	21
1735	11
1736	21
1737	21
1738	11
1739	19
1740	7
1741	14
1742	16
1743	14
1744	16
1745	12
1746	20
1747	18
1748	23
1749	23
1750	17
1751	16
1752	25
1753	19
1754	17
1755	15
1756	21
1757	17
1758	15
1759	20
1760	20
1761	21
1762	22
1763	22
1764	26
1765	22
1766	16
1767	12
1768	21
1769	26
1770	19
1771	18
1772	26
1773	20
1774	22
1775	24
1776	16
1777	16
1778	19
1779	17
1780	25
1781	15
1782	15
1783	19
1784	20
1785	15
1786	12
1787	18
1788	25
1789	12
1790	13
1791	19
1792	15
1793	21
1794	19
1795	25
1796	21
1797	21
1798	13
1799	22
1800	18
1801	16
1802	15
1803	21
1804	17
1805	17
1806	17
1807	19
1808	19
1809	13
1810	24
1811	18
1812	15
1813	15
1814	25
1815	21
1816	20
1817	15
1818	19
1819	18
1820	14
1821	21
1822	25
1823	18
1824	20
1825	25
1826	11
1827	24
1828	16
1829	21
1830	23
1831	20
1832	25
1833	19
1834	25
1835	19
1836	20
1837	20
1838	13
1839	20
1840	23
1841	21
1842	17
1843	18
1844	12
1845	15
1846	29
1847	24
1848	19
1849	17
1850	19
1851	17
1852	21
1853	19
1854	21
1855	28
1856	17
1857	22
1858	21
1859	24
1860	9
1861	25
1862	20
1863	10
1864	31
1865	23
1866	22
1867	16
1868	27
1869	28
1870	25
1871	14
1872	20
1873	19
1874	10
1875	14
1876	17
1877	19
1878	19
1879	22
1880	14
1881	19
1882	19
1883	25
1884	18
1885	13
1886	21
1887	18
1888	19
1889	22
1890	25
1891	23
1892	20
1893	16
1894	19
1895	17
1896	21
1897	19
1898	17
1899	23
1900	19
1901	20
1902	24
1903	16
1904	23
1905	20
1906	23
1907	18
1908	15
1909	14
1910	15
1911	24
1912	18
1913	30
1914	27
1915	25
1916	29
1917	22
1918	20
1919	26
1920	21
1921	19
1922	25
1923	20
1924	25
1925	15
1926	15
1927	15
1928	27
1929	19
1930	19
1931	25
1932	13
1933	17
1934	18
1935	19
1936	21
1937	18
1938	14
1939	22
1940	31
1941	32
1942	23
1943	22
1944	20
1945	25
1946	21
1947	22
1948	20
1949	16
1950	18
1951	24
1952	25
1953	27
1954	23
1955	19
1956	18
1957	19
1958	14
1959	30
1960	26
1961	24
1962	14
1963	28
1964	25
1965	21
1966	17
1967	26
1968	24
1969	28
1970	24
1971	19
1972	16
1973	20
1974	29
1975	21
1976	24
1977	15
1978	15
1979	23
1980	24
1981	18
1982	26
1983	18
1984	20
1985	24
1986	17
1987	24
1988	28
1989	17
1990	30
1991	22
1992	33
1993	14
1994	16
1995	27
1996	26
1997	19
1998	22
1999	25
2000	25
2001	26
2002	26
2003	29
2004	25
2005	16
2006	15
2007	18
2008	15
2009	23
2010	30
2011	19
2012	19
2013	22
2014	21
2015	21
2016	19
2017	28
2018	19
2019	23
2020	18
2021	27
2022	19
2023	23
2024	26
2025	32
2026	23
2027	23
2028	20
2029	18
2030	27
2031	20
2032	30
2033	18
2034	18
2035	21
2036	24
2037	28
2038	23
2039	18
2040	18
2041	18
2042	22
2043	27
2044	15
2045	20
2046	18
2047	16
2048	18
2049	20
2050	24
2051	26
2052	19
2053	14
2054	21
2055	28
2056	22
2057	21
2058	30
2059	15
2060	22
2061	16
2062	24
2063	30
2064	25
2065	22
2066	17
2067	22
2068	19
2069	27
2070	22
2071	19
2072	21
2073	21
2074	28
2075	23
2076	22
2077	18
2078	26
2079	25
2080	32
2081	19
2082	20
2083	19
2084	22
2085	26
2086	26
2087	36
2088	29
2089	24
2090	17
2091	21
2092	22
2093	19
2094	16
2095	28
2096	21
2097	20
2098	25
2099	17
2100	17
2101	30
2102	24
2103	26
2104	24
2105	26
2106	21
2107	21
2108	29
2109	28
2110	26
2111	25
2112	29
2113	30
2114	27
2115	23
2116	30
2117	15
2118	23
2119	14
2120	29
2121	30
2122	17
2123	26
2124	27
2125	35
2126	21
2127	26
2128	14
2129	27
2130	26
2131	22
2132	14
2133	24
2134	12
2135	27
2136	15
2137	17
2138	24
2139	30
2140	29
2141	24
2142	19
2143	36
2144	21
2145	23
2146	23
2147	29
2148	24
2149	24
2150	22
2151	18
2152	28
2153	29
2154	22
2155	25
2156	27
2157	24
2158	23
2159	28
2160	25
2161	25
2162	19
2163	31
2164	21
2165	26
2166	25
2167	33
2168	23
2169	23
2170	15
2171	30
2172	20
2173	23
2174	29
2175	19
2176	29
2177	34
2178	19
2179	28
2180	26
2181	32
2182	16
2183	20
2184	27
2185	23
2186	21
2187	27
2188	30
2189	27
2190	25
2191	23
2192	27
2193	24
2194	24
2195	27
2196	30
2197	24
2198	16
2199	16
2200	26
2201	30
2202	22
2203	35
2204	18
2205	33
2206	34
2207	27
2208	32
2209	31
2210	22
2211	21
2212	23
2213	35
2214	33
2215	31
2216	28
2217	18
2218	34
2219	24
2220	39
2221	23
2222	33
2223	16
2224	19
2225	22
2226	22
2227	29
2228	32
2229	23
2230	31
2231	30
2232	28
2233	40
2234	29
2235	36
2236	31
2237	31
2238	28
2239	33
2240	35
2241	21
2242	27
2243	31
2244	34
2245	31
2246	25
2247	26
2248	39
2249	25
2250	36
2251	29
2252	34
2253	33
2254	30
2255	31
2256	28
2257	27
2258	28
2259	28
2260	38
2261	28
2262	30
2263	20
2264	48
2265	24
2266	34
2267	40
2268	44
2269	30
2270	31
2271	31
2272	35
2273	33
2274	33
2275	27
2276	34
2277	28
2278	27
2279	41
2280	37
2281	39
2282	24
2283	36
2284	31
2285	33
2286	40
2287	29
2288	25
2289	39
2290	28
2291	34
2292	37
2293	32
2294	32
2295	37
2296	38
2297	27
2298	33
2299	29
2300	39
2301	31
2302	38
2303	34
2304	37
2305	25
2306	35
2307	28
2308	41
2309	35
2310	43
2311	37
2312	36
2313	43
2314	52
2315	41
2316	34
2317	25
2318	35
2319	42
2320	43
2321	36
2322	35
2323	33
2324	39
2325	34
2326	43
2327	41
2328	28
2329	35
2330	35
2331	48
2332	45
2333	30
2334	41
2335	48
2336	31
2337	37
2338	41
2339	39
2340	30
2341	39
2342	39
2343	46
2344	37
2345	47
2346	39
2347	42
2348	30
2349	47
2350	42
2351	35
2352	46
2353	33
2354	39
2355	44
2356	38
2357	26
2358	42
2359	42
2360	42
2361	47
2362	41
2363	35
2364	40
2365	42
2366	39
2367	37
2368	47
2369	37
2370	38
2371	37
2372	41
2373	28
2374	32
2375	44
2376	36
2377	39
2378	46
2379	34
2380	47
2381	47
2382	43
2383	48
2384	37
2385	52
2386	39
2387	50
2388	35
2389	43
2390	57
2391	38
2392	44
2393	42
2394	45
2395	43
2396	39
2397	38
2398	47
2399	36
2400	41
2401	42
2402	33
2403	38
2404	45
2405	41
2406	36
2407	42
2408	46
2409	43
2410	43
2411	51
2412	47
2413	43
2414	37
2415	44
2416	56
2417	64
2418	42
2419	32
2420	33
2421	35
2422	39
2423	50
2424	41
2425	40
2426	37
2427	39
2428	33
2429	41
2430	38
2431	43
2432	34
2433	33
2434	38
2435	40
2436	43
2437	26
2438	46
2439	46
2440	35
2441	29
2442	38
2443	47
2444	46
2445	39
2446	37
2447	32
2448	40
2449	42
2450	44
2451	35
2452	41
2453	53
2454	41
2455	44
2456	49
2457	55
2458	58
2459	29
2460	44
2461	42
2462	39
2463	45
2464	43
2465	50
2466	34
2467	36
2468	46
2469	53
2470	48
2471	46
2472	43
2473	47
2474	42
2475	42
2476	40
2477	33
2478	41
2479	31
2480	38
2481	35
2482	45
2483	39
2484	48
2485	42
2486	35
2487	53
2488	52
2489	47
2490	38
2491	42
2492	49
2493	43
2494	38
2495	35
2496	45
2497	45
2498	34
2499	38
2500	29
2501	32
2502	47
2503	37
2504	35
2505	39
2506	43
2507	49
2508	48
2509	33
2510	31
2511	42
2512	37
2513	35
2514	46
2515	26
2516	41
2517	41
2518	40
2519	47
2520	51
2521	36
2522	37
2523	34
2524	41
2525	37
2526	42
2527	43
2528	47
2529	47
2530	56
2531	35
2532	42
2533	38
2534	45
2535	36
2536	38
2537	23
2538	31
2539	48
2540	42
2541	34
2542	37
2543	33
2544	40
2545	38
2546	44
2547	40
2548	35
2549	34
2550	30
2551	40
2552	40
2553	45
2554	46
2555	35
2556	29
2557	45
2558	32
2559	37
2560	35
2561	31
2562	37
2563	34
2564	33
2565	35
2566	23
2567	24
2568	33
2569	32
2570	35
2571	36
2572	30
2573	30
2574	34
2575	37
2576	27
2577	26
2578	33
2579	33
2580	39
2581	34
2582	38
2583	31
2584	33
2585	39
2586	37
2587	27
2588	36
2589	33
2590	38
2591	27
2592	31
2593	32
2594	45
2595	33
2596	22
2597	39
2598	40
2599	31
2600	37
2601	21
2602	28
2603	32
2604	29
2605	32
2606	35
2607	36
2608	44
2609	32
2610	31
2611	40
2612	27
2613	37
2614	27
2615	31
2616	26
2617	29
2618	32
2619	34
2620	36
2621	23
2622	38
2623	37
2624	33
2625	30
2626	26
2627	28
2628	16
2629	26
2630	31
2631	29
2632	22
2633	49
2634	39
2635	36
2636	35
2637	30
2638	34
2639	28
2640	31
2641	31
2642	25
2643	22
2644	23
2645	31
2646	28
2647	34
2648	29
2649	31
2650	26
2651	24
2652	24
2653	33
2654	30
2655	26
2656	26
2657	31
2658	28
2659	25
2660	22
2661	32
2662	32
2663	26
2664	16
2665	20
2666	28
2667	29
2668	25
2669	32
2670	33
2671	33
2672	28
2673	30
2674	28
2675	19
2676	34
2677	27
2678	32
2679	33
2680	30
2681	23
2682	23
2683	19
2684	19
2685	24
2686	36
2687	25
2688	30
2689	31
2690	22
2691	26
2692	28
2693	23
2694	22
2695	25
2696	35
2697	26
2698	31
2699	36
2700	21
2701	25
2702	19
2703	25
2704	17
2705	27
2706	25
2707	26
2708	28
2709	19
2710	27
2711	38
2712	30
2713	30
2714	25
2715	22
2716	22
2717	17
2718	26
2719	21
2720	22
2721	15
2722	27
2723	29
2724	22
2725	29
2726	23
2727	28
2728	25
2729	30
2730	17
2731	17
2732	13
2733	18
2734	33
2735	26
2736	21
2737	28
2738	25
2739	23
2740	32
2741	29
2742	27
2743	26
2744	21
2745	21
2746	29
2747	25
2748	19
2749	32
2750	25
2751	12
2752	27
2753	26
2754	17
2755	26
2756	23
2757	15
2758	20
2759	29
2760	29
2761	17
2762	23
2763	19
2764	16
2765	27
2766	28
2767	22
2768	23
2769	21
2770	31
2771	22
2772	18
2773	16
2774	13
2775	19
2776	20
2777	21
2778	14
2779	22
2780	20
2781	22
2782	21
2783	20
2784	19
2785	22
2786	19
2787	18
2788	19
2789	18
2790	14
2791	12
2792	12
2793	26
2794	19
2795	21
2796	18
2797	17
2798	18
2799	18
2800	17
2801	19
2802	22
2803	20
2804	15
2805	23
2806	22
2807	21
2808	18
2809	19
2810	22
2811	18
2812	17
2813	19
2814	21
2815	20
2816	17
2817	24
2818	14
2819	19
2820	16
2821	24
2822	11
2823	13
2824	19
2825	15
2826	13
2827	20
2828	16
2829	18
2830	21
2831	15
2832	19
2833	23
2834	19
2835	8
2836	19
2837	18
2838	20
2839	23
2840	17
2841	14
2842	19
2843	20
2844	16
2845	15
2846	16
2847	15
2848	17
2849	26
2850	20
2851	17
2852	17
2853	11
2854	16
2855	25
2856	12
2857	14
2858	9
2859	9
2860	15
2861	21
2862	17
2863	15
2864	3
2865	17
2866	14
2867	15
2868	18
2869	15
2870	15
2871	18
2872	12
2873	18
2874	11
2875	12
2876	11
2877	19
2878	17
2879	21
2880	16
2881	16
2882	11
2883	19
2884	18
2885	12
2886	18
2887	13
2888	20
2889	14
2890	15
2891	18
2892	15
2893	10
2894	16
2895	22
2896	12
2897	24
2898	19
2899	14
2900	11
2901	23
2902	12
2903	19
2904	17
2905	17
2906	12
2907	14
2908	11
2909	12
2910	13
2911	17
2912	18
2913	12
2914	14
2915	12
2916	18
2917	14
2918	16
2919	23
2920	16
2921	10
2922	19
2923	16
2924	14
2925	8
2926	14
2927	11
2928	17
2929	19
2930	12
2931	20
2932	13
2933	15
2934	9
2935	10
2936	6
2937	14
2938	8
2939	15
2940	18
2941	12
2942	14
2943	10
2944	19
2945	17
2946	11
2947	8
2948	14
2949	12
2950	14
2951	9
2952	15
2953	16
2954	14
2955	12
2956	11
2957	15
2958	12
2959	13
2960	14
2961	16
2962	13
2963	13
2964	13
2965	16
2966	13
2967	14
2968	12
2969	14
2970	13
2971	15
2972	14
2973	13
2974	12
2975	13
2976	21
2977	16
2978	16
2979	11
2980	10
2981	11
2982	16
2983	18
2984	12
2985	15
2986	15
2987	9
2988	19
2989	15
2990	14
2991	10
2992	4
2993	13
2994	9
2995	21
2996	15
2997	18
2998	19
2999	10
3000	16
3001	10
3002	14
3003	12
3004	12
3005	12
3006	17
3007	11
3008	7
3009	12
3010	8
3011	11
3012	19
3013	19
3014	9
3015	17
3016	16
3017	13
3018	11
3019	12
3020	10
3021	13
3022	11
3023	11
3024	17
3025	11
3026	16
3027	16
3028	13
3029	11
3030	11
3031	16
3032	12
3033	17
3034	13
3035	15
3036	14
3037	11
3038	16
3039	6
3040	9
3041	14
3042	6
3043	19
3044	15
3045	12
3046	16
3047	11
3048	7
3049	15
3050	10
3051	9
3052	10
3053	16
3054	8
3055	14
3056	12
3057	8
3058	20
3059	14
3060	14
3061	10
3062	10
3063	15
3064	6
3065	14
3066	7
3067	14
3068	5
3069	11
3070	9
3071	15
3072	14
3073	6
3074	15
3075	13
3076	12
3077	12
3078	10
3079	17
3080	9
3081	9
3082	12
3083	11
3084	12
3085	15
3086	9
3087	15
3088	5
3089	10
3090	5
3091	13
3092	15
3093	7
3094	12
3095	9
3096	6
3097	11
3098	8
3099	4
3100	17
3101	11
3102	10
3103	10
3104	10
3105	12
3106	17
3107	15
3108	10
3109	5
3110	9
3111	15
3112	11
3113	9
3114	7
3115	12
3116	8
3117	14
3118	8
3119	13
3120	13
3121	11
3122	14
3123	4
3124	14
3125	7
3126	9
3127	11
3128	11
3129	7
3130	11
3131	14
3132	14
3133	6
3134	17
3135	9
3136	8
3137	11
3138	9
3139	9
3140	7
3141	9
3142	7
3143	5
3144	11
3145	9
3146	10
3147	5
3148	13
3149	6
3150	17
3151	13
3152	10
3153	10
3154	15
3155	10
3156	14
3157	7
3158	13
3159	11
3160	6
3161	11
3162	7
3163	15
3164	8
3165	11
3166	9
3167	8
3168	12
3169	11
3170	10
3171	12
3172	15
3173	11
3174	9
3175	11
3176	9
3177	11
3178	7
3179	10
3180	6
3181	3
3182	7
3183	10
3184	14
3185	12
3186	3
3187	5
3188	12
3189	8
3190	8
3191	14
3192	11
3193	6
3194	7
3195	14
3196	11
3197	6
3198	12
3199	8
3200	11
3201	8
3202	5
3203	12
3204	7
3205	11
3206	9
3207	12
3208	13
3209	15
3210	12
3211	9
3212	7
3213	6
3214	14
3215	9
3216	10
3217	17
3218	13
3219	10
3220	5
3221	4
3222	4
3223	10
3224	7
3225	7
3226	13
3227	12
3228	10
3229	14
3230	7
3231	10
3232	7
3233	9
3234	11
3235	10
3236	8
3237	2
3238	10
3239	11
3240	3
3241	8
3242	14
3243	12
3244	7
3245	8
3246	10
3247	8
3248	3
3249	11
3250	6
3251	7
3252	8
3253	9
3254	7
3255	14
3256	12
3257	9
3258	9
3259	10
3260	11
3261	17
3262	7
3263	11
3264	14
3265	12
3266	6
3267	9
3268	2
3269	12
3270	11
3271	8
3272	9
3273	16
3274	4
3275	9
3276	8
3277	6
3278	12
3279	9
3280	10
3281	9
3282	8
3283	13
3284	9
3285	14
3286	11
3287	13
3288	8
3289	12
3290	13
3291	9
3292	12
3293	7
3294	13
3295	11
3296	5
3297	3
3298	8
3299	11
3300	12
3301	6
3302	14
3303	3
3304	10
3305	9
3306	10
3307	7
3308	9
3309	6
3310	7
3311	9
3312	12
3313	12
3314	8
3315	10
3316	12
3317	10
3318	6
3319	10
3320	9
3321	12
3322	9
3323	9
3324	11
3325	10
3326	7
3327	6
3328	7
3329	8
3330	10
3331	7
3332	12
3333	10
3334	12
3335	9
3336	15
3337	5
3338	6
3339	10
3340	6
3341	9
3342	7
3343	7
3344	14
3345	13
3346	7
3347	5
3348	6
3349	8
3350	7
3351	13
3352	6
3353	7
3354	9
3355	7
3356	13
3357	5
3358	4
3359	11
3360	11
3361	9
3362	5
3363	6
3364	6
3365	9
3366	10
3367	12
3368	8
3369	13
3370	10
3371	5
3372	7
3373	10
3374	8
3375	3
3376	10
3377	7
3378	6
3379	7
3380	14
3381	11
3382	11
3383	7
3384	9
3385	12
3386	8
3387	3
3388	11
3389	6
3390	7
3391	8
3392	9
3393	7
3394	9
3395	6
3396	12
3397	8
3398	10
3399	12
3400	8
3401	10
3402	3
3403	13
3404	10
3405	11
3406	9
3407	9
3408	8
3409	4
3410	6
3411	12
3412	9
3413	9
3414	5
3415	10
3416	11
3417	11
3418	7
3419	3
3420	4
3421	5
3422	11
3423	5
3424	9
3425	9
3426	4
3427	10
3428	11
3429	11
3430	8
3431	12
3432	8
3433	8
3434	11
3435	7
3436	10
3437	8
3438	9
3439	9
3440	9
3441	14
3442	5
3443	7
3444	9
3445	6
3446	9
3447	7
3448	8
3449	5
3450	12
3451	4
3452	8
3453	7
3454	16
3455	4
3456	11
3457	6
3458	5
3459	6
3460	14
3461	10
3462	7
3463	10
3464	12
3465	10
3466	5
3467	7
3468	15
3469	6
3470	3
3471	9
3472	8
3473	6
3474	4
3475	8
3476	5
3477	4
3478	10
3479	2
3480	9
3481	13
3482	5
3483	14
3484	9
3485	9
3486	3
3487	10
3488	5
3489	8
3490	8
3491	9
3492	6
3493	6
3494	6
3495	4
3496	8
3497	7
3498	7
3499	11
3500	6
3501	5
3502	5
3503	12
3504	9
3505	8
3506	9
3507	11
3508	11
3509	10
3510	13
3511	5
3512	7
3513	10
3514	6
3515	5
3516	6
3517	6
3518	9
3519	3
3520	5
3521	7
3522	6
3523	5
3524	9
3525	7
3526	3
3527	6
3528	4
3529	5
3530	8
3531	4
3532	10
3533	6
3534	4
3535	12
3536	7
3537	8
3538	5
3539	6
3540	6
3541	9
3542	4
3543	6
3544	7
3545	10
3546	3
3547	7
3548	9
3549	11
3550	6
3551	6
3552	8
3553	7
3554	5
3555	8
3556	9
3557	6
3558	7
3559	7
3560	11
3561	9
3562	3
3563	8
3564	10
3565	5
3566	6
3567	10
3568	7
3569	6
3570	2
3571	14
3572	5
3573	8
3574	5
3575	7
3576	3
3577	8
3578	13
3579	5
3580	9
3581	5
3582	11
3583	7
3584	8
3585	8
3586	7
3587	5
3588	10
3589	4
3590	9
3591	4
3592	5
3593	11
3594	6
3595	11
3596	6
3597	5
3598	6
3599	5
3600	7
3601	7
3602	5
3603	9
3604	11
3605	8
3606	5
3607	7
3608	4
3609	10
3610	8
3611	8
3612	5
3613	6
3614	7
3615	8
3616	5
3617	5
3618	5
3619	10
3620	3
3621	9
3622	6
3623	9
3624	10
3625	12
3626	7
3627	6
3628	6
3629	5
3630	1
3631	4
3632	13
3633	6
3634	5
3635	4
3636	5
3637	7
3638	3
3639	7
3640	8
3641	10
3642	0
3643	6
3644	7
3645	6
3646	7
3647	4
3648	2
3649	4
3650	6
3651	7
3652	13
3653	5
3654	11
3655	9
3656	10
3657	4
3658	0
3659	8
3660	7
3661	6
3662	11
3663	4
3664	12
3665	5
3666	3
3667	4
3668	9
3669	9
3670	4
3671	3
3672	6
3673	9
3674	4
3675	3
3676	5
3677	8
3678	5
3679	8
3680	8
3681	8
3682	10
3683	5
3684	7
3685	7
3686	4
3687	6
3688	6
3689	4
3690	3
3691	4
3692	7
3693	4
3694	4
3695	5
3696	9
3697	9
3698	7
3699	11
3700	9
3701	7
3702	6
3703	8
3704	11
3705	9
3706	6
3707	6
3708	9
3709	6
3710	4
3711	2
3712	9
3713	11
3714	8
3715	1
3716	5
3717	6
3718	4
3719	2
3720	4
3721	9
3722	3
3723	11
3724	5
3725	9
3726	7
3727	3
3728	8
3729	12
3730	5
3731	4
3732	6
3733	7
3734	6
3735	6
3736	9
3737	11
3738	8
3739	4
3740	7
3741	7
3742	8
3743	1
3744	13
3745	8
3746	5
3747	6
3748	5
3749	2
3750	2
3751	7
3752	3
3753	7
3754	10
3755	6
3756	8
3757	9
3758	3
3759	7
3760	8
3761	7
3762	7
3763	5
3764	6
3765	5
3766	2
3767	4
3768	15
3769	6
3770	8
3771	4
3772	7
3773	7
3774	6
3775	4
3776	5
3777	10
3778	4
3779	3
3780	2
3781	8
3782	7
3783	4
3784	4
3785	5
3786	6
3787	7
3788	8
3789	7
3790	5
3791	7
3792	9
3793	12
3794	10
3795	5
3796	9
3797	7
3798	5
3799	8
3800	9
3801	6
3802	6
3803	5
3804	9
3805	5
3806	9
3807	5
3808	5
3809	4
3810	10
3811	6
3812	5
3813	8
3814	12
3815	8
3816	2
3817	9
3818	3
3819	6
3820	9
3821	8
3822	4
3823	7
3824	5
3825	5
3826	4
3827	6
3828	1
3829	5
3830	7
3831	4
3832	7
3833	5
3834	2
3835	5
3836	5
3837	4
3838	8
3839	5
3840	8
3841	7
3842	6
3843	4
3844	5
3845	1
3846	7
3847	6
3848	4
3849	5
3850	3
3851	3
3852	2
3853	3
3854	3
3855	6
3856	9
3857	3
3858	12
3859	4
3860	8
3861	7
3862	8
3863	6
3864	6
3865	7
3866	3
3867	5
3868	7
3869	9
3870	7
3871	10
3872	5
3873	8
3874	6
3875	6
3876	4
3877	4
3878	7
3879	6
3880	9
3881	3
3882	11
3883	5
3884	3
3885	8
3886	9
3887	4
3888	6
3889	6
3890	4
3891	5
3892	4
3893	6
3894	2
3895	10
3896	5
3897	7
3898	2
3899	5
3900	10
3901	3
3902	6
3903	2
3904	7
3905	4
3906	6
3907	6
3908	3
3909	12
3910	8
3911	6
3912	1
3913	6
3914	5
3915	3
3916	4
3917	6
3918	9
3919	11
3920	9
3921	5
3922	5
3923	7
3924	10
3925	5
3926	4
3927	6
3928	8
3929	2
3930	6
3931	5
3932	5
3933	4
3934	6
3935	2
3936	7
3937	5
3938	5
3939	4
3940	8
3941	7
3942	5
3943	4
3944	6
3945	9
3946	8
3947	8
3948	4
3949	10
3950	2
3951	2
3952	10
3953	5
3954	6
3955	5
3956	4
3957	4
3958	5
3959	3
3960	10
3961	4
3962	7
3963	3
3964	6
3965	4
3966	2
3967	5
3968	3
3969	5
3970	9
3971	2
3972	2
3973	9
3974	6
3975	8
3976	6
3977	8
3978	5
3979	3
3980	9
3981	8
3982	4
3983	8
3984	5
3985	9
3986	7
3987	8
3988	5
3989	2
3990	7
3991	7
3992	6
3993	8
3994	8
3995	10
3996	4
3997	8
3998	3
3999	4
4000	7
4001	4
4002	10
4003	2
4004	6
4005	4
4006	9
4007	1
4008	3
4009	8
4010	3
4011	1
4012	5
4013	8
4014	5
4015	6
4016	8
4017	8
4018	8
4019	6
4020	6
4021	6
4022	5
4023	5
4024	5
4025	7
4026	4
4027	7
4028	5
4029	6
4030	4
4031	8
4032	5
4033	3
4034	7
4035	5
4036	11
4037	6
4038	10
4039	3
4040	3
4041	8
4042	7
4043	6
4044	8
4045	9
4046	5
4047	3
4048	4
4049	9
4050	11
4051	8
4052	9
4053	2
4054	3
4055	2
4056	3
4057	4
4058	10
4059	7
4060	6
4061	4
4062	5
4063	6
4064	3
4065	5
4066	5
4067	7
4068	4
4069	12
4070	8
4071	4
4072	5
4073	5
4074	4
4075	4
4076	8
4077	2
4078	6
4079	5
4080	4
4081	3
4082	2
4083	7
4084	6
4085	6
4086	3
4087	8
4088	3
4089	6
4090	2
4091	7
4092	8
4093	5
4094	5
4095	6
4096	4
4097	8
4098	6
4099	5
4100	5
4101	4
4102	2
4103	5
4104	5
4105	4
4106	8
4107	5
4108	6
4109	2
4110	6
4111	2
4112	3
4113	2
4114	4
4115	5
4116	2
4117	5
4118	3
4119	4
4120	6
4121	6
4122	8
4123	6
4124	8
4125	4
4126	2
4127	5
4128	2
4129	4
4130	6
4131	2
4132	5
4133	6
4134	4
4135	6
4136	11
4137	6
4138	2
4139	9
4140	6
4141	8
4142	3
4143	7
4144	7
4145	5
4146	7
4147	7
4148	5
4149	3
4150	1
4151	3
4152	7
4153	5
4154	5
4155	9
4156	2
4157	2
4158	7
4159	3
4160	5
4161	8
4162	2
4163	4
4164	3
4165	3
4166	10
4167	5
4168	3
4169	2
4170	4
4171	5
4172	5
4173	2
4174	5
4175	5
4176	5
4177	4
4178	8
4179	8
4180	5
4181	5
4182	2
4183	5
4184	6
4185	3
4186	5
4187	4
4188	4
4189	4
4190	4
4191	10
4192	8
4193	11
4194	8
4195	3
4196	7
4197	3
4198	5
4199	2
4200	5
4201	4
4202	7
4203	0
4204	3
4205	5
4206	4
4207	3
4208	7
4209	5
4210	8
4211	3
4212	7
4213	7
4214	11
4215	2
4216	7
4217	6
4218	9
4219	9
4220	5
4221	3
4222	8
4223	5
4224	5
4225	6
4226	9
4227	4
4228	3
4229	5
4230	2
4231	4
4232	4
4233	3
4234	8
4235	3
4236	5
4237	5
4238	5
4239	4
4240	12
4241	8
4242	5
4243	3
4244	3
4245	2
4246	5
4247	7
4248	0
4249	10
4250	6
4251	6
4252	2
4253	4
4254	7
4255	6
4256	3
4257	4
4258	8
4259	5
4260	2
4261	8
4262	4
4263	4
4264	6
4265	3
4266	4
4267	6
4268	5
4269	7
4270	1
4271	5
4272	2
4273	3
4274	5
4275	3
4276	4
4277	5
4278	3
4279	8
4280	6
4281	7
4282	4
4283	8
4284	6
4285	8
4286	8
4287	7
4288	5
4289	8
4290	7
4291	5
4292	4
4293	7
4294	3
4295	6
4296	4
4297	3
4298	5
4299	8
4300	5
4301	4
4302	4
4303	1
4304	4
4305	4
4306	8
4307	7
4308	3
4309	7
4310	5
4311	7
4312	7
4313	4
4314	7
4315	8
4316	6
4317	5
4318	1
4319	3
4320	5
4321	5
4322	6
4323	8
4324	6
4325	4
4326	9
4327	6
4328	6
4329	3
4330	9
4331	6
4332	6
4333	4
4334	6
4335	6
4336	5
4337	7
4338	4
4339	5
4340	3
4341	3
4342	5
4343	4
4344	6
4345	5
4346	3
4347	8
4348	6
4349	4
4350	4
4351	4
4352	7
4353	8
4354	7
4355	4
4356	7
4357	2
4358	3
4359	7
4360	11
4361	3
4362	6
4363	6
4364	7
4365	9
4366	7
4367	6
4368	2
4369	1
4370	7
4371	8
4372	3
4373	9
4374	2
4375	8
4376	2
4377	2
4378	4
4379	6
4380	4
4381	3
4382	3
4383	5
4384	4
4385	3
4386	5
4387	3
4388	8
4389	8
4390	2
4391	6
4392	6
4393	4
4394	7
4395	8
4396	4
4397	2
4398	5
4399	6
4400	6
4401	6
4402	6
4403	7
4404	2
4405	3
4406	5
4407	7
4408	4
4409	4
4410	6
4411	7
4412	2
4413	9
4414	5
4415	3
4416	6
4417	5
4418	2
4419	3
4420	9
4421	4
4422	3
4423	7
4424	3
4425	3
4426	6
4427	6
4428	8
4429	5
4430	7
4431	6
4432	2
4433	3
4434	2
4435	2
4436	3
4437	8
4438	10
4439	3
4440	4
4441	6
4442	7
4443	4
4444	6
4445	4
4446	4
4447	6
4448	5
4449	3
4450	3
4451	7
4452	2
4453	2
4454	5
4455	4
4456	7
4457	4
4458	3
4459	6
4460	8
4461	4
4462	7
4463	7
4464	5
4465	8
4466	4
4467	3
4468	3
4469	5
4470	4
4471	4
4472	3
4473	7
4474	6
4475	6
4476	3
4477	1
4478	8
4479	7
4480	7
4481	7
4482	7
4483	6
4484	6
4485	5
4486	4
4487	7
4488	5
4489	6
4490	4
4491	4
4492	3
4493	2
4494	6
4495	4
4496	8
4497	2
4498	4
4499	7
4500	6
4501	8
4502	8
4503	6
4504	4
4505	5
4506	4
4507	2
4508	5
4509	5
4510	9
4511	4
4512	3
4513	4
4514	4
4515	1
4516	3
4517	6
4518	5
4519	5
4520	6
4521	8
4522	8
4523	6
4524	6
4525	1
4526	2
4527	4
4528	4
4529	4
4530	6
4531	2
4532	8
4533	2
4534	5
4535	3
4536	8
4537	3
4538	4
4539	7
4540	3
4541	4
4542	3
4543	5
4544	2
4545	2
4546	6
4547	6
4548	2
4549	7
4550	8
4551	4
4552	6
4553	5
4554	7
4555	6
4556	3
4557	3
4558	7
4559	4
4560	7
4561	2
4562	3
4563	4
4564	9
4565	7
4566	1
4567	2
4568	3
4569	6
4570	5
4571	2
4572	7
4573	6
4574	7
4575	7
4576	6
4577	4
4578	4
4579	5
4580	6
4581	5
4582	6
4583	3
4584	5
4585	5
4586	5
4587	3
4588	2
4589	2
4590	4
4591	3
4592	1
4593	5
4594	6
4595	2
4596	4
4597	5
4598	4
4599	5
4600	2
4601	6
4602	4
4603	6
4604	5
4605	11
4606	4
4607	6
4608	5
4609	1
4610	10
4611	7
4612	3
4613	4
4614	4
4615	6
4616	3
4617	6
4618	4
4619	6
4620	2
4621	5
4622	3
4623	3
4624	5
4625	4
4626	4
4627	6
4628	4
4629	6
4630	9
4631	6
4632	6
4633	3
4634	6
4635	3
4636	6
4637	2
4638	6
4639	3
4640	7
4641	5
4642	5
4643	3
4644	4
4645	5
4646	6
4647	9
4648	3
4649	6
4650	5
4651	8
4652	1
4653	6
4654	2
4655	5
4656	6
4657	1
4658	6
4659	3
4660	2
4661	4
4662	4
4663	5
4664	2
4665	6
4666	7
4667	5
4668	6
4669	5
4670	4
4671	2
4672	8
4673	4
4674	5
4675	6
4676	5
4677	5
4678	4
4679	7
4680	7
4681	6
4682	7
4683	7
4684	6
4685	8
4686	1
4687	3
4688	7
4689	2
4690	5
4691	7
4692	6
4693	6
4694	4
4695	4
4696	2
4697	5
4698	4
4699	2
4700	4
4701	5
4702	4
4703	3
4704	4
4705	5
4706	7
4707	7
4708	6
4709	2
4710	4
4711	7
4712	3
4713	5
4714	5
4715	6
4716	4
4717	5
4718	5
4719	7
4720	4
4721	5
4722	3
4723	4
4724	6
4725	3
4726	3
4727	3
4728	4
4729	2
4730	4
4731	4
4732	6
4733	6
4734	8
4735	8
4736	5
4737	9
4738	8
4739	7
4740	6
4741	4
4742	2
4743	4
4744	3
4745	3
4746	3
4747	4
4748	3
4749	7
4750	5
4751	4
4752	11
4753	11
4754	6
4755	7
4756	3
4757	2
4758	4
4759	4
4760	5
4761	2
4762	2
4763	3
4764	8
4765	0
4766	4
4767	4
4768	5
4769	3
4770	3
4771	5
4772	4
4773	4
4774	3
4775	5
4776	8
4777	5
4778	7
4779	8
4780	2
4781	4
4782	2
4783	4
4784	2
4785	2
4786	3
4787	8
4788	4
4789	3
4790	0
4791	6
4792	5
4793	4
4794	5
4795	4
4796	5
4797	4
4798	6
4799	5
4800	5
4801	2
4802	4
4803	12
4804	2
4805	2
4806	7
4807	3
4808	1
4809	3
4810	2
4811	5
4812	3
4813	4
4814	3
4815	3
4816	3
4817	6
4818	5
4819	4
4820	4
4821	2
4822	1
4823	8
4824	6
4825	6
4826	6
4827	3
4828	7
4829	5
4830	4
4831	7
4832	4
4833	5
4834	2
4835	0
4836	4
4837	3
4838	5
4839	0
4840	3
4841	2
4842	4
4843	8
4844	1
4845	2
4846	1
4847	5
4848	6
4849	5
4850	3
4851	5
4852	4
4853	3
4854	7
4855	4
4856	8
4857	2
4858	2
4859	4
4860	4
4861	6
4862	3
4863	7
4864	3
4865	6
4866	3
4867	3
4868	3
4869	4
4870	6
4871	3
4872	4
4873	5
4874	5
4875	0
4876	8
4877	8
4878	9
4879	5
4880	8
4881	5
4882	2
4883	3
4884	4
4885	8
4886	4
4887	4
4888	4
4889	4
4890	5
4891	6
4892	5
4893	3
4894	0
4895	4
4896	5
4897	3
4898	5
4899	3
4900	2
4901	4
4902	4
4903	4
4904	6
4905	10
4906	5
4907	3
4908	2
4909	2
4910	2
4911	5
4912	4
4913	4
4914	4
4915	1
4916	1
4917	5
4918	4
4919	4
4920	4
4921	6
4922	5
4923	9
4924	3
4925	6
4926	3
4927	7
4928	5
4929	7
4930	3
4931	7
4932	5
4933	6
4934	2
4935	5
4936	5
4937	4
4938	5
4939	4
4940	2
4941	3
4942	5
4943	2
4944	6
4945	7
4946	7
4947	6
4948	5
4949	2
4950	6
4951	5
4952	4
4953	7
4954	4
4955	3
4956	3
4957	1
4958	3
4959	5
4960	5
4961	2
4962	6
4963	2
4964	6
4965	5
4966	5
4967	6
4968	3
4969	2
4970	5
4971	6
4972	5
4973	1
4974	6
4975	1
4976	5
4977	6
4978	2
4979	4
4980	4
4981	3
4982	5
4983	0
4984	3
4985	1
4986	2
4987	7
4988	7
4989	4
4990	1
4991	5
4992	6
4993	3
4994	5
4995	8
4996	3
4997	1
4998	4
4999	3
5000	6
5001	6
5002	7
5003	6
5004	2
5005	3
5006	2
5007	6
5008	6
5009	8
5010	3
5011	3
5012	1
5013	10
5014	6
5015	3
5016	6
5017	3
5018	5
5019	5
5020	6
5021	3
5022	4
5023	5
5024	8
5025	1
5026	4
5027	5
5028	5
5029	5
5030	4
5031	2
5032	4
5033	3
5034	7
5035	3
5036	3
5037	3
5038	8
5039	6
5040	2
5041	10
5042	4
5043	6
5044	3
5045	4
5046	5
5047	3
5048	4
5049	3
5050	4
5051	5
5052	1
5053	5
5054	7
5055	3
5056	2
5057	5
5058	4
5059	3
5060	4
5061	6
5062	6
5063	1
5064	4
5065	3
5066	3
5067	10
5068	3
5069	7
5070	4
5071	5
5072	10
5073	8
5074	1
5075	5
5076	1
5077	3
5078	6
5079	4
5080	3
5081	6
5082	1
5083	6
5084	5
5085	4
5086	3
5087	0
5088	4
5089	3
5090	3
5091	3
5092	5
5093	8
5094	5
5095	3
5096	5
5097	3
5098	2
5099	5
5100	2
5101	2
5102	6
5103	4
5104	3
5105	5
5106	8
5107	6
5108	8
5109	7
5110	6
5111	4
5112	1
5113	5
5114	4
5115	6
5116	7
5117	4
5118	3
5119	4
5120	4
5121	5
5122	3
5123	4
5124	4
5125	6
5126	2
5127	8
5128	3
5129	5
5130	8
5131	3
5132	5
5133	5
5134	2
5135	3
5136	4
5137	8
5138	4
5139	5
5140	5
5141	4
5142	2
5143	2
5144	8
5145	3
5146	8
5147	4
5148	5
5149	7
5150	9
5151	0
5152	4
5153	1
5154	1
5155	0
5156	4
5157	3
5158	4
5159	4
5160	4
5161	3
5162	11
5163	7
5164	8
5165	7
5166	5
5167	9
5168	6
5169	5
5170	7
5171	4
5172	3
5173	3
5174	3
5175	3
5176	5
5177	7
5178	7
5179	4
5180	2
5181	6
5182	3
5183	4
5184	5
5185	2
5186	1
5187	7
5188	5
5189	4
5190	3
5191	6
5192	5
5193	3
5194	6
5195	3
5196	5
5197	2
5198	4
5199	6
5200	6
5201	6
5202	1
5203	5
5204	4
5205	4
5206	3
5207	3
5208	1
5209	8
5210	6
5211	3
5212	7
5213	4
5214	1
5215	5
5216	6
5217	3
5218	3
5219	8
5220	5
5221	5
5222	6
5223	4
5224	5
5225	5
5226	7
5227	5
5228	2
5229	8
5230	4
5231	3
5232	9
5233	5
5234	6
5235	3
5236	4
5237	5
5238	4
5239	6
5240	2
5241	3
5242	3
5243	4
5244	6
5245	6
5246	4
5247	3
5248	3
5249	3
5250	5
5251	6
5252	4
5253	6
5254	2
5255	4
5256	5
5257	5
5258	4
5259	6
5260	11
5261	1
5262	2
5263	2
5264	1
5265	4
5266	3
5267	6
5268	1
5269	7
5270	4
5271	6
5272	1
5273	3
5274	8
5275	5
5276	5
5277	7
5278	8
5279	3
5280	7
5281	1
5282	2
5283	3
5284	3
5285	3
5286	2
5287	5
5288	2
5289	5
5290	2
5291	4
5292	2
5293	8
5294	4
5295	3
5296	3
5297	3
5298	7
5299	9
5300	5
5301	5
5302	3
5303	8
5304	4
5305	0
5306	4
5307	4
5308	5
5309	6
5310	3
5311	4
5312	8
5313	7
5314	6
5315	3
5316	4
5317	6
5318	5
5319	6
5320	1
5321	3
5322	2
5323	1
5324	8
5325	6
5326	3
5327	6
5328	3
5329	5
5330	8
5331	6
5332	7
5333	4
5334	2
5335	3
5336	6
5337	6
5338	2
5339	5
5340	6
5341	3
5342	3
5343	4
5344	4
5345	5
5346	0
5347	3
5348	13
5349	7
5350	2
5351	3
5352	7
5353	5
5354	6
5355	8
5356	5
5357	2
5358	4
5359	5
5360	5
5361	9
5362	6
5363	5
5364	1
5365	6
5366	5
5367	7
5368	2
5369	3
5370	6
5371	3
5372	6
5373	5
5374	4
5375	2
5376	2
5377	3
5378	4
5379	5
5380	7
5381	3
5382	5
5383	1
5384	2
5385	4
5386	3
5387	3
5388	3
5389	1
5390	2
5391	2
5392	1
5393	2
5394	5
5395	5
5396	4
5397	4
5398	7
5399	2
5400	2
5401	2
5402	4
5403	8
5404	3
5405	6
5406	5
5407	5
5408	5
5409	3
5410	4
5411	9
5412	5
5413	2
5414	8
5415	2
5416	3
5417	4
5418	4
5419	6
5420	3
5421	2
5422	4
5423	2
5424	3
5425	1
5426	5
5427	4
5428	7
5429	9
5430	4
5431	6
5432	4
5433	7
5434	2
5435	7
5436	1
5437	2
5438	2
5439	3
5440	2
5441	7
5442	4
5443	6
5444	3
5445	2
5446	6
5447	4
5448	4
5449	5
5450	8
5451	3
5452	4
5453	4
5454	4
5455	2
5456	3
5457	2
5458	4
5459	5
5460	1
5461	1
5462	3
5463	3
5464	7
5465	4
5466	5
5467	4
5468	6
5469	0
5470	3
5471	3
5472	4
5473	5
5474	3
5475	5
5476	4
5477	9
5478	9
5479	4
5480	2
5481	10
5482	3
5483	6
5484	5
5485	6
5486	5
5487	3
5488	2
5489	6
5490	8
5491	6
5492	6
5493	6
5494	5
5495	8
5496	3
5497	7
5498	3
5499	8
5500	4
5501	3
5502	3
5503	6
5504	5
5505	5
5506	5
5507	4
5508	2
5509	6
5510	1
5511	7
5512	3
5513	3
5514	3
5515	2
5516	9
5517	5
5518	12
5519	4
5520	5
5521	5
5522	5
5523	1
5524	8
5525	4
5526	3
5527	7
5528	6
5529	1
5530	4
5531	6
5532	6
5533	2
5534	1
5535	2
5536	3
5537	8
5538	3
5539	6
5540	5
5541	5
5542	6
5543	8
5544	4
5545	3
5546	4
5547	5
5548	4
5549	6
5550	2
5551	2
5552	5
5553	4
5554	1
5555	1
5556	10
5557	4
5558	4
5559	3
5560	3
5561	6
5562	8
5563	5
5564	4
5565	6
5566	4
5567	7
5568	5
5569	1
5570	5
5571	2
5572	5
5573	7
5574	4
5575	5
5576	5
5577	4
5578	3
5579	5
5580	8
5581	3
5582	3
5583	3
5584	6
5585	3
5586	3
5587	2
5588	1
5589	4
5590	6
5591	4
5592	3
5593	4
5594	3
5595	3
5596	5
5597	3
5598	8
5599	4
5600	5
5601	4
5602	4
5603	2
5604	6
5605	3
5606	5
5607	2
5608	3
5609	1
5610	3
5611	7
5612	3
5613	4
5614	5
5615	4
5616	4
5617	5
5618	7
5619	5
5620	9
5621	3
5622	5
5623	4
5624	2
5625	4
5626	4
5627	1
5628	6
5629	2
5630	4
5631	2
5632	5
5633	3
5634	5
5635	5
5636	2
5637	4
5638	8
5639	3
5640	6
5641	4
5642	7
5643	2
5644	5
5645	6
5646	2
5647	4
5648	4
5649	4
5650	2
5651	6
5652	3
5653	6
5654	6
5655	9
5656	4
5657	5
5658	3
5659	0
5660	5
5661	3
5662	5
5663	5
5664	5
5665	3
5666	8
5667	12
5668	3
5669	6
5670	4
5671	3
5672	3
5673	7
5674	2
5675	7
5676	2
5677	6
5678	5
5679	2
5680	4
5681	3
5682	6
5683	4
5684	5
5685	5
5686	9
5687	2
5688	7
5689	5
5690	1
5691	3
5692	1
5693	6
5694	10
5695	7
5696	6
5697	5
5698	6
5699	6
5700	1
5701	3
5702	4
5703	4
5704	4
5705	4
5706	4
5707	3
5708	3
5709	3
5710	3
5711	5
5712	7
5713	7
5714	3
5715	5
5716	0
5717	2
5718	6
5719	4
5720	6
5721	3
5722	6
5723	7
5724	2
5725	5
5726	5
5727	7
5728	5
5729	4
5730	2
5731	7
5732	5
5733	1
5734	9
5735	1
5736	2
5737	6
5738	4
5739	3
5740	7
5741	6
5742	5
5743	2
5744	5
5745	3
5746	5
5747	2
5748	4
5749	5
5750	11
5751	5
5752	4
5753	12
5754	7
5755	6
5756	2
5757	4
5758	7
5759	4
5760	3
5761	2
5762	7
5763	2
5764	5
5765	4
5766	2
5767	1
5768	2
5769	3
5770	4
5771	3
5772	8
5773	2
5774	5
5775	4
5776	9
5777	6
5778	6
5779	3
5780	3
5781	4
5782	2
5783	5
5784	9
5785	3
5786	4
5787	7
5788	11
5789	4
5790	5
5791	3
5792	5
5793	4
5794	3
5795	7
5796	3
5797	3
5798	5
5799	7
5800	4
5801	7
5802	3
5803	5
5804	6
5805	5
5806	7
5807	4
5808	3
5809	7
5810	6
5811	7
5812	5
5813	5
5814	3
5815	5
5816	2
5817	2
5818	4
5819	5
5820	6
5821	5
5822	7
5823	4
5824	5
5825	6
5826	9
5827	4
5828	5
5829	6
5830	6
5831	5
5832	5
5833	3
5834	6
5835	4
5836	8
5837	4
5838	3
5839	3
5840	1
5841	5
5842	5
5843	5
5844	3
5845	5
5846	6
5847	1
5848	6
5849	3
5850	3
5851	4
5852	6
5853	0
5854	7
5855	3
5856	6
5857	2
5858	1
5859	4
5860	4
5861	3
5862	3
5863	4
5864	2
5865	8
5866	3
5867	9
5868	6
5869	3
5870	6
5871	4
5872	6
5873	3
5874	5
5875	4
5876	4
5877	2
5878	1
5879	5
5880	6
5881	5
5882	4
5883	6
5884	5
5885	4
5886	4
5887	2
5888	3
5889	5
5890	2
5891	1
5892	4
5893	10
5894	2
5895	5
5896	4
5897	5
5898	4
5899	9
5900	3
5901	6
5902	5
5903	4
5904	7
5905	9
5906	2
5907	4
5908	4
5909	7
5910	4
5911	10
5912	6
5913	3
5914	6
5915	4
5916	6
5917	3
5918	6
5919	7
5920	5
5921	4
5922	6
5923	5
5924	3
5925	4
5926	7
5927	11
5928	2
5929	5
5930	4
5931	4
5932	5
5933	3
5934	0
5935	2
5936	3
5937	4
5938	3
5939	4
5940	3
5941	3
5942	5
5943	0
5944	2
5945	1
5946	4
5947	4
5948	8
5949	3
5950	3
5951	6
5952	5
5953	8
5954	2
5955	4
5956	6
5957	2
5958	4
5959	1
5960	1
5961	2
5962	4
5963	0
5964	3
5965	5
5966	7
5967	1
5968	0
5969	8
5970	6
5971	8
5972	2
5973	6
5974	2
5975	5
5976	5
5977	6
5978	3
5979	3
5980	5
5981	5
5982	4
5983	2
5984	4
5985	4
5986	4
5987	3
5988	3
5989	3
5990	8
5991	4
5992	5
5993	6
5994	4
5995	2
5996	1
5997	3
5998	3
5999	3
6000	7
6001	5
6002	3
6003	5
6004	3
6005	4
6006	3
6007	5
6008	3
6009	3
6010	4
6011	1
6012	5
6013	6
6014	8
6015	6
6016	3
6017	2
6018	7
6019	2
6020	4
6021	4
6022	5
6023	5
6024	3
6025	6
6026	6
6027	5
6028	3
6029	4
6030	2
6031	4
6032	4
6033	1
6034	2
6035	2
6036	6
6037	3
6038	3
6039	4
6040	3
6041	1
6042	6
6043	5
6044	2
6045	1
6046	2
6047	6
6048	3
6049	5
6050	4
6051	5
6052	6
6053	2
6054	7
6055	8
6056	3
6057	6
6058	6
6059	3
6060	4
6061	2
6062	7
6063	2
6064	1
6065	0
6066	2
6067	3
6068	0
6069	6
6070	6
6071	3
6072	5
6073	5
6074	2
6075	4
6076	11
6077	3
6078	5
6079	5
6080	9
6081	5
6082	3
6083	4
6084	4
6085	2
6086	4
6087	4
6088	3
6089	0
6090	7
6091	7
6092	3
6093	2
6094	4
6095	5
6096	4
6097	5
6098	10
6099	4
6100	5
6101	3
6102	4
6103	4
6104	4
6105	3
6106	5
6107	3
6108	4
6109	5
6110	4
6111	1
6112	3
6113	2
6114	6
6115	1
6116	0
6117	4
6118	5
6119	2
6120	5
6121	4
6122	3
6123	4
6124	2
6125	4
6126	1
6127	4
6128	1
6129	4
6130	6
6131	1
6132	3
6133	4
6134	2
6135	6
6136	5
6137	2
6138	2
6139	3
6140	3
6141	3
6142	2
6143	4
6144	4
6145	6
6146	1
6147	4
6148	2
6149	5
6150	0
6151	2
6152	6
6153	5
6154	0
6155	1
6156	3
6157	0
6158	5
6159	2
6160	4
6161	0
6162	4
6163	2
6164	3
6165	4
6166	2
6167	3
6168	2
6169	7
6170	2
6171	2
6172	5
6173	3
6174	3
6175	4
6176	4
6177	1
6178	2
6179	2
6180	6
6181	5
6182	3
6183	2
6184	3
6185	4
6186	7
6187	5
6188	3
6189	3
6190	1
6191	2
6192	1
6193	1
6194	0
6195	4
6196	7
6197	4
6198	7
6199	3
6200	3
6201	3
6202	7
6203	1
6204	5
6205	3
6206	2
6207	5
6208	1
6209	4
6210	3
6211	4
6212	3
6213	2
6214	2
6215	2
6216	2
6217	3
6218	3
6219	7
6220	3
6221	2
6222	5
6223	5
6224	3
6225	3
6226	1
6227	4
6228	1
6229	1
6230	3
6231	7
6232	3
6233	3
6234	0
6235	3
6236	0
6237	0
6238	3
6239	4
6240	1
6241	4
6242	2
6243	2
6244	5
6245	5
6246	1
6247	0
6248	2
6249	2
6250	6
6251	0
6252	3
6253	3
6254	4
6255	1
6256	3
6257	3
6258	0
6259	2
6260	2
6261	3
6262	3
6263	1
6264	1
6265	2
6266	3
6267	3
6268	3
6269	6
6270	2
6271	3
6272	3
6273	4
6274	4
6275	2
6276	4
6277	3
6278	1
6279	1
6280	3
6281	4
6282	2
6283	2
6284	2
6285	2
6286	3
6287	3
6288	1
6289	6
6290	4
6291	1
6292	4
6293	3
6294	3
6295	3
6296	2
6297	2
6298	5
6299	3
6300	3
6301	3
6302	0
6303	1
6304	5
6305	1
6306	3
6307	1
6308	2
6309	4
6310	3
6311	4
6312	1
6313	2
6314	4
6315	1
6316	3
6317	3
6318	5
6319	4
6320	3
6321	0
6322	1
6323	4
6324	1
6325	4
6326	2
6327	5
6328	1
6329	0
6330	1
6331	1
6332	1
6333	0
6334	2
6335	3
6336	4
6337	1
6338	4
6339	2
6340	4
6341	1
6342	1
6343	1
6344	4
6345	2
6346	1
6347	2
6348	1
6349	2
6350	5
6351	0
6352	0
6353	0
6354	3
6355	0
6356	3
6357	2
6358	0
6359	2
6360	2
6361	2
6362	1
6363	4
6364	2
6365	2
6366	4
6367	1
6368	3
6369	3
6370	3
6371	2
6372	4
6373	3
6374	0
6375	3
6376	1
6377	3
6378	4
6379	1
6380	1
6381	3
6382	1
6383	1
6384	3
6385	1
6386	0
6387	3
6388	2
6389	4
6390	3
6391	2
6392	2
6393	4
6394	0
6395	1
6396	5
6397	0
6398	1
6399	2
6400	1
6401	3
6402	3
6403	2
6404	0
6405	2
6406	2
6407	1
6408	1
6409	4
6410	0
6411	3
6412	4
6413	0
6414	0
6415	1
6416	1
6417	1
6418	2
6419	1
6420	3
6421	1
6422	3
6423	1
6424	1
6425	1
6426	3
6427	2
6428	4
6429	1
6430	0
6431	2
6432	1
6433	1
6434	3
6435	2
6436	1
6437	2
6438	2
6439	2
6440	1
6441	2
6442	3
6443	1
6444	3
6445	3
6446	1
6447	4
6448	2
6449	1
6450	2
6451	0
6452	3
6453	6
6454	2
6455	0
6456	3
6457	0
6458	3
6459	2
6460	1
6461	1
6462	1
6463	0
6464	0
6465	0
6466	4
6467	4
6468	3
6469	0
6470	2
6471	2
6472	1
6473	0
6474	2
6475	2
6476	1
6477	1
6478	1
6479	0
6480	2
6481	1
6482	3
6483	1
6484	2
6485	2
6486	1
6487	3
6488	1
6489	2
6490	2
6491	0
6492	4
6493	1
6494	3
6495	1
6496	0
6497	1
6498	0
6499	2
6500	2
6501	3
6502	2
6503	1
6504	1
6505	2
6506	0
6507	2
6508	1
6509	2
6510	1
6511	3
6512	2
6513	0
6514	2
6515	2
6516	0
6517	1
6518	2
6519	2
6520	3
6521	1
6522	2
6523	4
6524	0
6525	1
6526	3
6527	0
6528	2
6529	2
6530	2
6531	0
6532	4
6533	1
6534	2
6535	2
6536	1
6537	2
6538	2
6539	2
6540	1
6541	1
6542	1
6543	1
6544	2
6545	0
6546	0
6547	0
6548	2
6549	2
6550	0
6551	3
6552	1
6553	1
6554	2
6555	0
6556	1
6557	3
6558	1
6559	1
6560	1
6561	0
6562	1
6563	2
6564	2
6565	2
6566	0
6567	3
6568	3
6569	2
6570	3
6571	2
6572	1
6573	1
6574	3
6575	1
6576	1
6577	0
6578	3
6579	0
6580	2
6581	3
6582	1
6583	1
6584	0
6585	2
6586	2
6587	0
6588	2
6589	2
6590	1
6591	2
6592	3
6593	0
6594	1
6595	1
6596	0
6597	1
6598	0
6599	1
6600	1
6601	1
6602	0
6603	1
6604	1
6605	2
6606	3
6607	0
6608	2
6609	2
6610	0
6611	1
6612	3
6613	1
6614	1
6615	1
6616	1
6617	2
6618	0
6619	2
6620	1
6621	0
6622	1
6623	1
6624	6
6625	2
6626	2
6627	1
6628	2
6629	2
6630	0
6631	1
6632	2
6633	1
6634	1
6635	2
6636	1
6637	0
6638	1
6639	0
6640	2
6641	0
6642	0
6643	1
6644	1
6645	0
6646	0
6647	3
6648	2
6649	0
6650	2
6651	1
6652	2
6653	1
6654	1
6655	2
6656	0
6657	2
6658	1
6659	0
6660	0
6661	5
6662	1
6663	2
6664	2
6665	1
6666	0
6667	0
6668	3
6669	2
6670	0
6671	1
6672	0
6673	1
6674	1
6675	1
6676	1
6677	2
6678	1
6679	0
6680	0
6681	1
6682	0
6683	0
6684	3
6685	0
6686	3
6687	0
6688	2
6689	1
6690	0
6691	0
6692	1
6693	1
6694	1
6695	0
6696	0
6697	3
6698	3
6699	1
6700	1
6701	1
6702	2
6703	1
6704	1
6705	2
6706	2
6707	1
6708	0
6709	4
6710	0
6711	1
6712	2
6713	1
6714	1
6715	0
6716	1
6717	0
6718	0
6719	2
6720	2
6721	0
6722	1
6723	1
6724	1
6725	2
6726	0
6727	1
6728	1
6729	1
6730	1
6731	2
6732	0
6733	2
6734	0
6735	0
6736	1
6737	1
6738	1
6739	0
6740	0
6741	1
6742	1
6743	0
6744	2
6745	0
6746	0
6747	2
6748	0
6749	1
6750	2
6751	2
6752	0
6753	1
6754	0
6755	0
6756	2
6757	0
6758	0
6759	2
6760	1
6761	1
6762	0
6763	3
6764	0
6765	1
6766	0
6767	0
6768	0
6769	2
6770	2
6771	0
6772	4
6773	1
6774	2
6775	1
6776	1
6777	2
6778	1
6779	0
6780	0
6781	0
6782	1
6783	1
6784	0
6785	1
6786	1
6787	2
6788	0
6789	1
6790	0
6791	0
6792	1
6793	1
6794	0
6795	1
6796	0
6797	1
6798	0
6799	0
6800	0
6801	3
6802	0
6803	2
6804	2
6805	1
6806	0
6807	0
6808	0
6809	0
6810	2
6811	1
6812	2
6813	1
6814	0
6815	2
6816	1
6817	0
6818	1
6819	1
6820	1
6821	2
6822	1
6823	0
6824	1
6825	2
6826	0
6827	2
6828	0
6829	1
6830	1
6831	0
6832	2
6833	2
6834	1
6835	0
6836	2
6837	0
6838	0
6839	1
6840	2
6841	1
6842	0
6843	1
6844	2
6845	0
6846	0
6847	0
6848	1
6849	1
6850	1
6851	0
6852	0
6853	1
6854	1
6855	0
6856	0
6857	1
6858	0
6859	0
6860	2
6861	0
6862	0
6863	1
6864	0
6865	1
6866	0
6867	0
6868	1
6869	1
6870	2
6871	0
6872	1
6873	2
6874	0
6875	0
6876	0
6877	0
6878	1
6879	0
6880	2
6881	1
6882	0
6883	0
6884	0
6885	0
6886	0
6887	0
6888	0
6889	0
6890	1
6891	0
6892	2
6893	0
6894	0
6895	0
6896	0
6897	0
6898	0
6899	0
6900	0
6901	0
6902	1
6903	2
6904	2
6905	0
6906	4
6907	0
6908	0
6909	1
6910	1
6911	1
6912	1
6913	0
6914	0
6915	0
6916	3
6917	0
6918	1
6919	0
6920	1
6921	1
6922	2
6923	1
6924	0
6925	0
6926	1
6927	0
6928	1
6929	2
6930	1
6931	1
6932	0
6933	0
6934	0
6935	0
6936	0
6937	0
6938	0
6939	1
6940	0
6941	0
6942	1
6943	0
6944	0
6945	0
6946	2
6947	2
6948	0
6949	0
6950	0
6951	2
6952	1
6953	0
6954	0
6955	1
6956	0
6957	1
6958	1
6959	3
6960	2
6961	1
6962	0
6963	0
6964	1
6965	0
6966	0
6967	2
6968	0
6969	0
6970	0
6971	0
6972	0
6973	2
6974	0
6975	1
6976	0
6977	0
6978	1
6979	0
6980	0
6981	2
6982	1
6983	0
6984	0
6985	1
6986	0
6987	1
6988	0
6989	1
6990	0
6991	0
6992	1
6993	3
6994	0
6995	0
6996	0
6997	0
6998	0
6999	1
7000	0
7001	1
7002	0
7003	1
7004	2
7005	3
7006	0
7007	0
7008	0
7009	0
7010	0
7011	0
7012	1
7013	0
7014	0
7015	0
7016	1
7017	0
7018	2
7019	0
7020	1
7021	1
7022	0
7023	0
7024	0
7025	0
7026	4
7027	0
7028	2
7029	0
7030	0
7031	0
7032	0
7033	0
7034	0
7035	1
7036	0
7037	0
7038	1
7039	0
7040	1
7041	1
7042	0
7043	0
7044	1
7045	0
7046	0
7047	2
7048	0
7049	1
7050	3
7051	1
7052	1
7053	0
7054	2
7055	2
7056	1
7057	0
7058	0
7059	1
7060	0
7061	3
7062	1
7063	0
7064	1
7065	0
7066	0
7067	1
7068	0
7069	0
7070	0
7071	1
7072	0
7073	0
7074	0
7075	2
7076	0
7077	0
7078	0
7079	1
7080	1
7081	1
7082	1
7083	1
7084	1
7085	0
7086	0
7087	0
7088	1
7089	1
7090	1
7091	0
7092	0
7093	2
7094	1
7095	1
7096	0
7097	0
7098	1
7099	0
7100	1
7101	0
7102	1
7103	1
7104	1
7105	0
7106	0
7107	0
7108	1
7109	3
7110	1
7111	0
7112	1
7113	1
7114	0
7115	1
7116	0
7117	2
7118	0
7119	2
7120	0
7121	1
7122	1
7123	1
7124	0
7125	2
7126	0
7127	0
7128	0
7129	1
7130	1
7131	1
7132	0
7133	1
7134	0
7135	1
7136	0
7137	1
7138	0
7139	0
7140	0
7141	3
7142	1
7143	1
7144	1
7145	1
7146	0
7147	1
7148	0
7149	2
7150	0
7151	0
7152	0
7153	0
7154	1
7155	2
7156	0
7157	0
7158	0
7159	0
7160	0
7161	1
7162	1
7163	0
7164	1
7165	0
7166	2
7167	1
7168	0
7169	1
7170	0
7171	0
7172	1
7173	0
7174	0
7175	0
7176	0
7177	0
7178	1
7179	2
7180	1
7181	2
7182	1
7183	0
7184	1
7185	1
7186	0
7187	1
7188	0
7189	0
7190	1
7191	1
7192	0
7193	0
7194	1
7195	1
7196	0
7197	1
7198	1
7199	1
7200	1
7201	1
7202	0
7203	1
7204	1
7205	2
7206	1
7207	0
7208	1
7209	0
7210	1
7211	0
7212	2
7213	0
7214	1
7215	2
7216	0
7217	1
7218	1
7219	1
7220	0
7221	1
7222	0
7223	1
7224	0
7225	1
7226	0
7227	0
7228	1
7229	0
7230	0
7231	1
7232	1
7233	1
7234	1
7235	0
7236	0
7237	0
7238	0
7239	1
7240	0
7241	0
7242	0
7243	0
7244	0
7245	3
7246	1
7247	3
7248	1
7249	1
7250	2
7251	0
7252	0
7253	0
7254	0
7255	0
7256	0
7257	1
7258	1
7259	0
7260	0
7261	1
7262	0
7263	1
7264	1
7265	1
7266	0
7267	0
7268	0
7269	0
7270	0
7271	1
7272	0
7273	1
7274	1
7275	0
7276	0
7277	0
7278	0
7279	0
7280	1
7281	0
7282	0
7283	1
7284	0
7285	0
7286	0
7287	0
7288	1
7289	1
7290	0
7291	0
7292	1
7293	2
7294	1
7295	1
7296	0
7297	0
7298	0
7299	1
7300	0
7301	2
7302	1
7303	0
7304	1
7305	2
7306	0
7307	1
7308	1
7309	1
7310	0
7311	0
7312	0
7313	0
7314	0
7315	0
7316	3
7317	0
7318	2
7319	1
7320	0
7321	0
7322	0
7323	0
7324	1
7325	1
7326	1
7327	0
7328	1
7329	0
7330	0
7331	1
7332	0
7333	1
7334	2
7335	1
7336	2
7337	1
7338	0
7339	0
7340	1
7341	0
7342	0
7343	1
7344	1
7345	0
7346	0
7347	0
7348	0
7349	0
7350	0
7351	0
7352	0
7353	0
7354	0
7355	0
7356	0
7357	1
7358	0
7359	1
7360	0
7361	0
7362	0
7363	0
7364	0
7365	1
7366	1
7367	1
7368	0
7369	2
7370	0
7371	2
7372	0
7373	0
7374	0
7375	1
7376	0
7377	2
7378	0
7379	0
7380	0
7381	1
7382	0
7383	0
7384	1
7385	0
7386	1
7387	0
7388	0
7389	0
7390	0
7391	0
7392	1
7393	1
7394	0
7395	1
7396	0
7397	0
7398	0
7399	1
7400	0
7401	0
7402	1
7403	1
7404	1
7405	0
7406	0
7407	1
7408	1
7409	2
7410	0
7411	0
7412	0
7413	1
7414	0
7415	1
7416	0
7417	1
7418	1
7419	0
7420	1
7421	1
7422	0
7423	0
7424	0
7425	2
7426	1
7427	0
7428	0
7429	0
7430	0
7431	0
7432	1
7433	1
7434	0
7435	1
7436	0
7437	0
7438	0
7439	0
7440	2
7441	1
7442	0
7443	0
7444	0
7445	1
7446	1
7447	0
7448	2
7449	0
7450	0
7451	0
7452	0
7453	1
7454	0
7455	0
7456	0
7457	1
7458	1
7459	1
7460	1
7461	0
7462	1
7463	0
7464	1
7465	1
7466	1
7467	2
7468	1
7469	0
7470	1
7471	0
7472	1
7473	1
7474	0
7475	0
7476	0
7477	1
7478	1
7479	1
7480	0
7481	1
7482	0
7483	0
7484	1
7485	1
7486	0
7487	1
7488	2
7489	1
7490	2
7491	0
7492	0
7493	0
7494	1
7495	1
7496	0
7497	1
7498	0
7499	1
7500	1
7501	0
7502	0
7503	1
7504	0
7505	0
7506	0
7507	0
7508	1
7509	2
7510	2
7511	0
7512	0
7513	0
7514	0
7515	1
7516	0
7517	0
7518	0
7519	1
7520	1
7521	1
7522	0
7523	0
7524	0
7525	0
7526	0
7527	3
7528	0
7529	0
7530	0
7531	0
7532	0
7533	1
7534	0
7535	0
7536	0
7537	0
7538	0
7539	0
7540	2
7541	0
7542	0
7543	1
7544	1
7545	0
7546	1
7547	0
7548	0
7549	2
7550	0
7551	0
7552	2
7553	1
7554	1
7555	0
7556	0
7557	0
7558	0
7559	0
7560	0
7561	0
7562	1
7563	0
7564	0
7565	1
7566	0
7567	0
7568	1
7569	0
7570	1
7571	0
7572	0
7573	0
7574	1
7575	1
7576	1
7577	0
7578	0
7579	0
7580	0
7581	0
7582	0
7583	1
7584	1
7585	0
7586	0
7587	1
7588	0
7589	1
7590	0
7591	0
7592	2
7593	2
7594	0
7595	1
7596	1
7597	0
7598	0
7599	0
7600	0
7601	0
7602	1
7603	0
7604	1
7605	1
7606	0
7607	0
7608	0
7609	1
7610	1
7611	0
7612	0
7613	2
7614	0
7615	1
7616	1
7617	1
7618	0
7619	0
7620	0
7621	0
7622	0
7623	0
7624	1
7625	0
7626	2
7627	0
7628	0
7629	1
7630	0
7631	0
7632	0
7633	1
7634	0
7635	0
7636	0
7637	1
7638	1
7639	0
7640	0
7641	1
7642	0
7643	1
7644	0
7645	0
7646	0
7647	1
7648	0
7649	0
7650	1
7651	0
7652	0
7653	3
7654	0
7655	1
7656	3
7657	0
7658	1
7659	0
7660	0
7661	1
7662	0
7663	0
7664	0
7665	0
7666	1
7667	0
7668	0
7669	0
7670	1
7671	1
7672	1
7673	1
7674	0
7675	0
7676	0
7677	0
7678	1
7679	0
7680	0
7681	0
7682	0
7683	0
7684	0
7685	0
7686	1
7687	1
7688	0
7689	1
7690	0
7691	1
7692	0
7693	2
7694	0
7695	2
7696	0
7697	1
7698	2
7699	1
7700	0
7701	0
7702	1
7703	1
7704	1
7705	1
7706	1
7707	0
7708	0
7709	2
7710	1
7711	0
7712	1
7713	0
7714	1
7715	1
7716	0
7717	0
7718	0
7719	1
7720	0
7721	1
7722	0
7723	1
7724	0
7725	1
7726	0
7727	0
7728	1
7729	0
7730	1
7731	0
7732	0
7733	0
7734	0
7735	0
7736	2
7737	0
7738	0
7739	0
7740	0
7741	0
7742	3
7743	0
7744	0
7745	0
7746	1
7747	0
7748	0
7749	0
7750	0
7751	1
7752	1
7753	0
7754	0
7755	4
7756	0
7757	0
7758	0
7759	2
7760	0
7761	0
7762	0
7763	0
7764	1
7765	1
7766	0
7767	0
7768	0
7769	0
7770	0
7771	1
7772	1
7773	0
7774	0
7775	0
7776	1
7777	0
7778	1
7779	1
7780	0
7781	0
7782	0
7783	0
7784	0
7785	2
7786	0
7787	0
7788	1
7789	0
7790	2
7791	0
7792	0
7793	2
7794	1
7795	0
7796	0
7797	1
7798	0
7799	0
7800	0
7801	0
7802	1
7803	1
7804	1
7805	0
7806	0
7807	1
7808	0
7809	0
7810	0
7811	2
7812	1
7813	0
7814	1
7815	0
7816	0
7817	0
7818	0
7819	0
7820	0
7821	1
7822	0
7823	0
7824	1
7825	1
7826	1
7827	1
7828	1
7829	0
7830	0
7831	0
7832	0
7833	0
7834	0
7835	1
7836	1
7837	0
7838	0
7839	1
7840	0
7841	1
7842	0
7843	0
7844	0
7845	0
7846	0
7847	0
7848	1
7849	0
7850	1
7851	0
7852	1
7853	1
7854	0
7855	0
7856	0
7857	0
7858	0
7859	0
7860	0
7861	1
7862	0
7863	1
7864	1
7865	0
7866	0
7867	1
7868	0
7869	1
7870	1
7871	0
7872	1
7873	1
7874	0
7875	0
7876	0
7877	1
7878	1
7879	1
7880	0
7881	1
7882	2
7883	0
7884	2
7885	2
7886	2
7887	0
7888	1
7889	0
7890	0
7891	0
7892	2
7893	0
7894	0
7895	0
7896	0
7897	2
7898	1
7899	0
7900	0
7901	1
7902	0
7903	0
7904	0
7905	1
7906	0
7907	0
7908	0
7909	1
7910	1
7911	0
7912	0
7913	1
7914	2
7915	1
7916	2
7917	1
7918	2
7919	0
7920	1
7921	0
7922	0
7923	1
7924	0
7925	0
7926	0
7927	0
7928	1
7929	1
7930	0
7931	0
7932	0
7933	0
7934	1
7935	0
7936	0
7937	1
7938	0
7939	0
7940	0
7941	0
7942	0
7943	0
7944	1
7945	0
7946	0
7947	0
7948	0
7949	1
7950	2
7951	1
7952	0
7953	0
7954	0
7955	0
7956	0
7957	1
7958	0
7959	1
7960	1
7961	0
7962	0
7963	2
7964	0
7965	0
7966	0
7967	0
7968	0
7969	0
7970	0
7971	0
7972	0
7973	0
7974	0
7975	0
7976	0
7977	0
7978	1
7979	0
7980	1
7981	0
7982	0
7983	0
7984	0
7985	1
7986	1
7987	1
7988	0
7989	0
7990	0
7991	1
7992	0
7993	0
7994	0
7995	1
7996	0
7997	0
7998	0
7999	0
8000	0
8001	0
8002	1
8003	1
8004	1
8005	1
8006	1
8007	1
8008	1
8009	1
8010	0
8011	1
8012	0
8013	0
8014	0
8015	0
8016	1
8017	0
8018	0
8019	0
8020	0
8021	0
8022	2
8023	0
8024	2
8025	1
8026	0
8027	0
8028	0
8029	0
8030	0
8031	0
8032	1
8033	0
8034	1
8035	1
8036	0
8037	1
8038	1
8039	0
8040	0
8041	0
8042	0
8043	0
8044	1
8045	0
8046	0
8047	1
8048	0
8049	0
8050	0
8051	0
8052	0
8053	0
8054	2
8055	0
8056	0
8057	0
8058	1
8059	0
8060	0
8061	0
8062	0
8063	1
8064	1
8065	0
8066	1
8067	0
8068	0
8069	1
8070	0
8071	1
8072	0
8073	0
8074	1
8075	0
8076	0
8077	0
8078	1
8079	1
8080	1
8081	0
8082	0
8083	0
8084	0
8085	0
8086	0
8087	0
8088	0
8089	0
8090	0
8091	0
8092	0
8093	0
8094	0
8095	0
8096	0
8097	0
8098	0
8099	0
8100	0
8101	0
8102	0
8103	0
8104	0
8105	0
8106	0
8107	0
8108	0
8109	0
8110	0
8111	0
8112	0
8113	0
8114	0
8115	0
8116	0
8117	0
8118	0
8119	0
8120	0
8121	0
8122	0
8123	0
8124	0
8125	0
8126	0
8127	0
8128	0
8129	0
8130	0
8131	0
8132	0
8133	0
8134	0
8135	0
8136	0
8137	0
8138	0
8139	0
8140	0
8141	0
8142	0
8143	0
8144	0
8145	0
8146	0
8147	0
8148	0
8149	0
8150	0
8151	0
8152	0
8153	0
8154	0
8155	0
8156	0
8157	0
8158	0
8159	0
8160	0
8161	0
8162	0
8163	0
8164	0
8165	0
8166	0
8167	0
8168	0
8169	0
8170	0
8171	0
8172	0
8173	0
8174	0
8175	0
8176	0
8177	0
8178	0
8179	0
8180	0
8181	0
8182	0
8183	0
8184	0
8185	0
8186	0
8187	0
8188	0
8189	0
8190	0
8191	0
