0	4
1	0
2	1
3	0
4	0
5	0
6	1
7	0
8	0
9	0
10	1
11	2
12	1
13	1
14	2
15	2
16	2
17	0
18	0
19	1
20	0
21	0
22	1
23	0
24	1
25	1
26	0
27	1
28	2
29	3
30	0
31	1
32	1
33	2
34	1
35	1
36	0
37	0
38	0
39	0
40	0
41	0
42	0
43	0
44	2
45	1
46	0
47	1
48	2
49	0
50	0
51	1
52	1
53	0
54	0
55	2
56	1
57	0
58	0
59	1
60	2
61	0
62	0
63	0
64	1
65	1
66	2
67	1
68	0
69	1
70	0
71	2
72	1
73	2
74	0
75	1
76	0
77	4
78	2
79	0
80	0
81	1
82	0
83	0
84	3
85	1
86	5
87	10
88	11
89	15
90	15
91	12
92	12
93	12
94	8
95	6
96	5
97	9
98	9
99	11
100	11
101	4
102	6
103	9
104	11
105	4
106	10
107	13
108	10
109	10
110	16
111	7
112	7
113	4
114	11
115	10
116	8
117	16
118	10
119	11
120	7
121	8
122	11
123	7
124	6
125	7
126	7
127	8
128	6
129	2
130	8
131	6
132	9
133	7
134	6
135	2
136	7
137	7
138	8
139	6
140	5
141	9
142	5
143	9
144	8
145	9
146	11
147	9
148	11
149	3
150	8
151	10
152	8
153	6
154	3
155	7
156	9
157	8
158	5
159	12
160	9
161	7
162	8
163	9
164	9
165	11
166	8
167	5
168	13
169	17
170	8
171	14
172	5
173	6
174	12
175	12
176	5
177	14
178	5
179	7
180	12
181	5
182	7
183	6
184	9
185	7
186	4
187	7
188	10
189	10
190	12
191	3
192	14
193	7
194	9
195	7
196	7
197	8
198	6
199	7
200	13
201	12
202	10
203	7
204	6
205	7
206	7
207	10
208	7
209	13
210	10
211	5
212	3
213	11
214	7
215	10
216	4
217	9
218	9
219	6
220	9
221	9
222	7
223	9
224	6
225	9
226	10
227	9
228	7
229	7
230	10
231	4
232	5
233	6
234	13
235	8
236	12
237	6
238	6
239	13
240	9
241	7
242	9
243	9
244	7
245	4
246	11
247	15
248	8
249	7
250	6
251	5
252	9
253	5
254	5
255	3
256	11
257	6
258	11
259	8
260	7
261	12
262	8
263	9
264	7
265	6
266	5
267	4
268	9
269	9
270	6
271	9
272	10
273	13
274	8
275	6
276	4
277	6
278	5
279	8
280	6
281	12
282	10
283	7
284	8
285	15
286	11
287	7
288	8
289	9
290	9
291	4
292	7
293	10
294	8
295	6
296	8
297	13
298	10
299	6
300	12
301	7
302	11
303	8
304	2
305	6
306	13
307	8
308	6
309	6
310	7
311	4
312	8
313	7
314	3
315	8
316	11
317	5
318	6
319	9
320	10
321	3
322	4
323	8
324	9
325	5
326	5
327	9
328	8
329	10
330	3
331	5
332	8
333	11
334	4
335	8
336	6
337	5
338	11
339	11
340	13
341	3
342	4
343	12
344	8
345	8
346	6
347	7
348	12
349	10
350	15
351	8
352	3
353	12
354	7
355	10
356	4
357	6
358	11
359	8
360	11
361	6
362	10
363	10
364	5
365	6
366	9
367	10
368	10
369	9
370	10
371	4
372	10
373	8
374	13
375	5
376	8
377	6
378	11
379	11
380	11
381	10
382	10
383	11
384	12
385	5
386	12
387	8
388	7
389	10
390	8
391	10
392	5
393	8
394	6
395	7
396	3
397	8
398	5
399	9
400	8
401	10
402	10
403	6
404	11
405	13
406	9
407	5
408	5
409	17
410	5
411	12
412	7
413	6
414	14
415	8
416	12
417	14
418	10
419	6
420	11
421	5
422	7
423	9
424	8
425	4
426	8
427	12
428	9
429	5
430	8
431	10
432	11
433	5
434	6
435	13
436	14
437	12
438	11
439	8
440	13
441	7
442	9
443	11
444	11
445	9
446	15
447	7
448	10
449	10
450	10
451	5
452	8
453	8
454	12
455	10
456	9
457	9
458	8
459	5
460	8
461	14
462	7
463	10
464	8
465	7
466	8
467	11
468	4
469	6
470	8
471	12
472	5
473	10
474	15
475	12
476	3
477	6
478	9
479	10
480	9
481	9
482	13
483	8
484	5
485	4
486	7
487	14
488	9
489	9
490	13
491	13
492	10
493	7
494	11
495	17
496	5
497	6
498	15
499	6
500	16
501	11
502	7
503	9
504	10
505	13
506	5
507	6
508	10
509	7
510	6
511	12
512	4
513	13
514	8
515	4
516	7
517	6
518	10
519	9
520	9
521	15
522	10
523	10
524	10
525	10
526	14
527	8
528	13
529	7
530	10
531	8
532	10
533	7
534	6
535	5
536	5
537	12
538	6
539	5
540	15
541	9
542	14
543	9
544	14
545	12
546	12
547	6
548	8
549	9
550	14
551	8
552	9
553	13
554	9
555	8
556	9
557	7
558	9
559	10
560	6
561	11
562	3
563	6
564	12
565	10
566	7
567	4
568	6
569	9
570	10
571	7
572	6
573	7
574	11
575	4
576	8
577	7
578	12
579	6
580	5
581	10
582	5
583	8
584	8
585	14
586	11
587	13
588	13
589	6
590	4
591	10
592	5
593	9
594	13
595	16
596	4
597	11
598	9
599	10
600	5
601	10
602	9
603	6
604	9
605	10
606	9
607	8
608	3
609	11
610	7
611	12
612	8
613	6
614	8
615	8
616	4
617	9
618	7
619	12
620	10
621	12
622	6
623	7
624	11
625	8
626	4
627	7
628	6
629	9
630	6
631	10
632	12
633	6
634	7
635	4
636	11
637	10
638	10
639	8
640	12
641	8
642	14
643	6
644	8
645	12
646	12
647	7
648	8
649	14
650	11
651	7
652	14
653	11
654	13
655	6
656	6
657	7
658	9
659	5
660	14
661	9
662	8
663	6
664	9
665	7
666	6
667	14
668	6
669	5
670	12
671	15
672	14
673	9
674	10
675	6
676	8
677	11
678	13
679	7
680	8
681	12
682	7
683	17
684	8
685	12
686	12
687	10
688	9
689	9
690	13
691	14
692	12
693	10
694	10
695	11
696	6
697	8
698	11
699	14
700	19
701	10
702	9
703	10
704	15
705	15
706	9
707	13
708	20
709	14
710	8
711	11
712	9
713	7
714	10
715	5
716	7
717	11
718	11
719	14
720	10
721	14
722	12
723	10
724	14
725	11
726	15
727	13
728	15
729	12
730	11
731	9
732	7
733	12
734	11
735	12
736	12
737	10
738	18
739	10
740	5
741	17
742	16
743	12
744	16
745	17
746	9
747	16
748	13
749	14
750	11
751	15
752	15
753	12
754	9
755	10
756	18
757	14
758	15
759	11
760	24
761	13
762	14
763	14
764	15
765	16
766	9
767	19
768	13
769	17
770	16
771	14
772	12
773	15
774	13
775	12
776	14
777	16
778	11
779	15
780	13
781	16
782	15
783	4
784	21
785	17
786	26
787	19
788	17
789	23
790	16
791	19
792	31
793	14
794	13
795	14
796	14
797	13
798	18
799	24
800	12
801	20
802	19
803	23
804	8
805	17
806	9
807	20
808	17
809	20
810	28
811	19
812	13
813	9
814	13
815	22
816	17
817	24
818	22
819	15
820	19
821	25
822	18
823	23
824	26
825	22
826	19
827	20
828	20
829	15
830	14
831	21
832	16
833	26
834	18
835	18
836	12
837	26
838	21
839	18
840	18
841	26
842	21
843	23
844	20
845	29
846	13
847	21
848	27
849	21
850	14
851	19
852	17
853	16
854	20
855	19
856	22
857	22
858	20
859	18
860	14
861	25
862	27
863	26
864	20
865	14
866	22
867	12
868	21
869	18
870	26
871	23
872	24
873	15
874	16
875	19
876	26
877	18
878	16
879	11
880	18
881	21
882	18
883	17
884	16
885	18
886	19
887	13
888	14
889	13
890	16
891	20
892	16
893	18
894	18
895	22
896	16
897	22
898	13
899	17
900	21
901	11
902	12
903	24
904	16
905	20
906	22
907	19
908	13
909	14
910	21
911	17
912	15
913	10
914	13
915	20
916	18
917	14
918	18
919	12
920	24
921	11
922	16
923	21
924	18
925	18
926	18
927	18
928	10
929	22
930	23
931	19
932	18
933	20
934	10
935	18
936	17
937	11
938	10
939	18
940	11
941	17
942	17
943	20
944	21
945	15
946	16
947	14
948	6
949	10
950	12
951	11
952	15
953	13
954	13
955	16
956	8
957	17
958	18
959	18
960	19
961	24
962	15
963	11
964	12
965	17
966	21
967	7
968	12
969	21
970	16
971	9
972	12
973	16
974	15
975	17
976	8
977	14
978	24
979	16
980	23
981	10
982	19
983	14
984	19
985	15
986	25
987	12
988	8
989	7
990	9
991	12
992	18
993	19
994	19
995	14
996	15
997	14
998	21
999	16
1000	16
1001	12
1002	17
1003	14
1004	23
1005	14
1006	20
1007	13
1008	11
1009	12
1010	16
1011	16
1012	20
1013	11
1014	19
1015	9
1016	18
1017	20
1018	14
1019	17
1020	14
1021	21
1022	14
1023	14
1024	10
1025	13
1026	19
1027	13
1028	7
1029	20
1030	11
1031	21
1032	17
1033	17
1034	15
1035	12
1036	18
1037	19
1038	19
1039	12
1040	13
1041	6
1042	19
1043	17
1044	11
1045	13
1046	13
1047	9
1048	10
1049	15
1050	19
1051	16
1052	13
1053	4
1054	23
1055	15
1056	19
1057	12
1058	9
1059	19
1060	11
1061	11
1062	15
1063	16
1064	21
1065	12
1066	15
1067	13
1068	11
1069	13
1070	13
1071	10
1072	13
1073	15
1074	13
1075	16
1076	12
1077	11
1078	14
1079	9
1080	12
1081	8
1082	18
1083	16
1084	12
1085	15
1086	17
1087	9
1088	18
1089	10
1090	9
1091	14
1092	15
1093	12
1094	12
1095	15
1096	17
1097	17
1098	13
1099	11
1100	11
1101	16
1102	12
1103	14
1104	11
1105	14
1106	9
1107	11
1108	9
1109	18
1110	17
1111	12
1112	17
1113	13
1114	18
1115	10
1116	22
1117	16
1118	13
1119	15
1120	8
1121	12
1122	17
1123	24
1124	7
1125	12
1126	13
1127	14
1128	18
1129	12
1130	23
1131	5
1132	11
1133	15
1134	11
1135	23
1136	12
1137	15
1138	10
1139	12
1140	18
1141	15
1142	10
1143	13
1144	14
1145	10
1146	15
1147	10
1148	19
1149	11
1150	13
1151	21
1152	11
1153	17
1154	14
1155	22
1156	12
1157	14
1158	14
1159	14
1160	6
1161	14
1162	7
1163	13
1164	18
1165	21
1166	10
1167	14
1168	15
1169	10
1170	17
1171	19
1172	13
1173	15
1174	17
1175	10
1176	8
1177	20
1178	17
1179	10
1180	19
1181	19
1182	12
1183	14
1184	18
1185	12
1186	15
1187	15
1188	10
1189	13
1190	16
1191	8
1192	16
1193	19
1194	9
1195	11
1196	11
1197	14
1198	14
1199	23
1200	14
1201	18
1202	12
1203	9
1204	12
1205	16
1206	14
1207	7
1208	25
1209	17
1210	13
1211	11
1212	17
1213	19
1214	9
1215	15
1216	17
1217	10
1218	15
1219	9
1220	8
1221	15
1222	21
1223	14
1224	13
1225	22
1226	22
1227	13
1228	11
1229	13
1230	15
1231	16
1232	17
1233	12
1234	18
1235	17
1236	13
1237	15
1238	15
1239	16
1240	19
1241	9
1242	11
1243	9
1244	13
1245	16
1246	15
1247	18
1248	19
1249	14
1250	11
1251	10
1252	14
1253	8
1254	17
1255	10
1256	16
1257	14
1258	11
1259	8
1260	17
1261	13
1262	12
1263	17
1264	11
1265	20
1266	15
1267	23
1268	18
1269	17
1270	18
1271	17
1272	16
1273	16
1274	12
1275	11
1276	11
1277	17
1278	10
1279	10
1280	19
1281	13
1282	12
1283	15
1284	18
1285	13
1286	11
1287	17
1288	9
1289	13
1290	18
1291	10
1292	17
1293	15
1294	7
1295	10
1296	16
1297	18
1298	19
1299	22
1300	14
1301	21
1302	11
1303	16
1304	17
1305	24
1306	13
1307	12
1308	14
1309	14
1310	16
1311	13
1312	18
1313	17
1314	18
1315	8
1316	13
1317	12
1318	13
1319	17
1320	12
1321	13
1322	13
1323	16
1324	12
1325	17
1326	18
1327	15
1328	14
1329	18
1330	8
1331	18
1332	12
1333	15
1334	21
1335	19
1336	15
1337	20
1338	14
1339	25
1340	24
1341	17
1342	17
1343	21
1344	19
1345	20
1346	17
1347	16
1348	21
1349	18
1350	18
1351	17
1352	19
1353	18
1354	15
1355	15
1356	19
1357	12
1358	21
1359	14
1360	10
1361	24
1362	20
1363	13
1364	23
1365	17
1366	16
1367	26
1368	19
1369	20
1370	12
1371	21
1372	19
1373	16
1374	18
1375	23
1376	18
1377	19
1378	14
1379	13
1380	20
1381	13
1382	14
1383	19
1384	18
1385	21
1386	16
1387	17
1388	7
1389	17
1390	17
1391	17
1392	8
1393	14
1394	16
1395	17
1396	16
1397	18
1398	21
1399	15
1400	22
1401	11
1402	18
1403	25
1404	22
1405	22
1406	23
1407	20
1408	17
1409	22
1410	7
1411	15
1412	23
1413	20
1414	18
1415	21
1416	12
1417	16
1418	21
1419	19
1420	17
1421	17
1422	13
1423	21
1424	13
1425	20
1426	18
1427	10
1428	23
1429	18
1430	16
1431	19
1432	19
1433	15
1434	14
1435	16
1436	16
1437	10
1438	18
1439	16
1440	32
1441	16
1442	21
1443	19
1444	20
1445	9
1446	17
1447	17
1448	13
1449	15
1450	21
1451	20
1452	24
1453	16
1454	14
1455	11
1456	21
1457	16
1458	12
1459	21
1460	11
1461	12
1462	15
1463	18
1464	14
1465	19
1466	18
1467	16
1468	13
1469	16
1470	12
1471	17
1472	16
1473	19
1474	9
1475	19
1476	19
1477	15
1478	23
1479	23
1480	16
1481	13
1482	12
1483	15
1484	21
1485	15
1486	20
1487	11
1488	20
1489	17
1490	16
1491	25
1492	20
1493	9
1494	23
1495	18
1496	19
1497	21
1498	21
1499	14
1500	23
1501	19
1502	23
1503	14
1504	19
1505	23
1506	17
1507	17
1508	15
1509	17
1510	19
1511	22
1512	26
1513	16
1514	24
1515	15
1516	21
1517	27
1518	21
1519	19
1520	22
1521	26
1522	17
1523	28
1524	17
1525	17
1526	26
1527	18
1528	19
1529	15
1530	15
1531	20
1532	17
1533	15
1534	24
1535	15
1536	14
1537	15
1538	12
1539	30
1540	19
1541	19
1542	22
1543	20
1544	21
1545	19
1546	18
1547	19
1548	19
1549	24
1550	16
1551	18
1552	30
1553	22
1554	21
1555	26
1556	16
1557	20
1558	22
1559	22
1560	25
1561	18
1562	15
1563	15
1564	18
1565	16
1566	20
1567	18
1568	18
1569	27
1570	13
1571	15
1572	20
1573	22
1574	26
1575	22
1576	14
1577	18
1578	27
1579	16
1580	20
1581	22
1582	32
1583	25
1584	23
1585	22
1586	12
1587	15
1588	19
1589	25
1590	16
1591	16
1592	15
1593	20
1594	18
1595	13
1596	18
1597	23
1598	26
1599	15
1600	21
1601	23
1602	19
1603	19
1604	21
1605	31
1606	18
1607	18
1608	15
1609	20
1610	28
1611	20
1612	19
1613	15
1614	19
1615	15
1616	13
1617	26
1618	19
1619	21
1620	23
1621	24
1622	18
1623	17
1624	24
1625	16
1626	22
1627	20
1628	12
1629	13
1630	11
1631	24
1632	17
1633	16
1634	13
1635	23
1636	24
1637	17
1638	22
1639	24
1640	21
1641	22
1642	17
1643	16
1644	17
1645	16
1646	26
1647	26
1648	22
1649	22
1650	15
1651	16
1652	24
1653	17
1654	22
1655	26
1656	19
1657	21
1658	22
1659	15
1660	16
1661	12
1662	23
1663	16
1664	20
1665	16
1666	23
1667	27
1668	41
1669	21
1670	19
1671	23
1672	25
1673	32
1674	20
1675	25
1676	17
1677	21
1678	24
1679	23
1680	19
1681	24
1682	21
1683	21
1684	21
1685	15
1686	18
1687	13
1688	20
1689	21
1690	20
1691	11
1692	25
1693	14
1694	20
1695	15
1696	21
1697	26
1698	13
1699	17
1700	21
1701	22
1702	25
1703	29
1704	23
1705	29
1706	19
1707	29
1708	14
1709	22
1710	17
1711	20
1712	22
1713	18
1714	23
1715	28
1716	18
1717	24
1718	19
1719	21
1720	24
1721	25
1722	24
1723	17
1724	29
1725	17
1726	18
1727	18
1728	24
1729	21
1730	24
1731	26
1732	22
1733	19
1734	19
1735	16
1736	30
1737	20
1738	20
1739	22
1740	26
1741	25
1742	25
1743	24
1744	20
1745	21
1746	22
1747	23
1748	18
1749	24
1750	27
1751	26
1752	16
1753	30
1754	21
1755	16
1756	22
1757	24
1758	19
1759	22
1760	21
1761	27
1762	14
1763	19
1764	29
1765	21
1766	25
1767	23
1768	25
1769	25
1770	17
1771	16
1772	21
1773	19
1774	21
1775	23
1776	19
1777	25
1778	13
1779	25
1780	25
1781	19
1782	23
1783	22
1784	26
1785	19
1786	19
1787	30
1788	12
1789	16
1790	16
1791	30
1792	17
1793	19
1794	19
1795	21
1796	24
1797	23
1798	20
1799	30
1800	26
1801	29
1802	29
1803	19
1804	23
1805	24
1806	18
1807	24
1808	15
1809	27
1810	29
1811	17
1812	35
1813	27
1814	17
1815	20
1816	23
1817	20
1818	26
1819	19
1820	22
1821	23
1822	18
1823	23
1824	21
1825	24
1826	14
1827	30
1828	25
1829	19
1830	33
1831	24
1832	19
1833	21
1834	18
1835	19
1836	19
1837	26
1838	33
1839	26
1840	24
1841	24
1842	23
1843	25
1844	26
1845	23
1846	20
1847	22
1848	16
1849	24
1850	18
1851	24
1852	18
1853	21
1854	23
1855	23
1856	22
1857	19
1858	25
1859	22
1860	26
1861	29
1862	19
1863	26
1864	23
1865	26
1866	33
1867	26
1868	23
1869	19
1870	14
1871	26
1872	24
1873	24
1874	26
1875	24
1876	21
1877	23
1878	30
1879	19
1880	23
1881	21
1882	19
1883	22
1884	27
1885	25
1886	21
1887	20
1888	37
1889	17
1890	23
1891	27
1892	23
1893	19
1894	19
1895	29
1896	26
1897	29
1898	18
1899	24
1900	19
1901	23
1902	24
1903	26
1904	20
1905	32
1906	32
1907	20
1908	21
1909	22
1910	23
1911	20
1912	27
1913	22
1914	26
1915	30
1916	25
1917	24
1918	21
1919	19
1920	14
1921	27
1922	22
1923	24
1924	22
1925	19
1926	29
1927	24
1928	30
1929	22
1930	15
1931	30
1932	26
1933	15
1934	28
1935	29
1936	20
1937	21
1938	16
1939	25
1940	23
1941	30
1942	16
1943	22
1944	16
1945	26
1946	21
1947	26
1948	30
1949	26
1950	22
1951	26
1952	30
1953	28
1954	22
1955	24
1956	35
1957	22
1958	21
1959	26
1960	22
1961	21
1962	31
1963	18
1964	20
1965	28
1966	16
1967	26
1968	20
1969	22
1970	22
1971	15
1972	36
1973	20
1974	28
1975	23
1976	19
1977	21
1978	26
1979	30
1980	17
1981	17
1982	19
1983	24
1984	25
1985	27
1986	25
1987	21
1988	28
1989	31
1990	28
1991	27
1992	28
1993	16
1994	28
1995	21
1996	27
1997	23
1998	25
1999	24
2000	23
2001	24
2002	28
2003	20
2004	27
2005	28
2006	24
2007	20
2008	28
2009	23
2010	35
2011	28
2012	29
2013	29
2014	29
2015	22
2016	27
2017	19
2018	27
2019	19
2020	21
2021	19
2022	33
2023	22
2024	20
2025	32
2026	19
2027	25
2028	25
2029	25
2030	24
2031	25
2032	26
2033	21
2034	29
2035	23
2036	24
2037	37
2038	29
2039	19
2040	25
2041	18
2042	30
2043	28
2044	29
2045	28
2046	29
2047	14
2048	23
2049	21
2050	27
2051	31
2052	20
2053	17
2054	17
2055	36
2056	24
2057	28
2058	24
2059	21
2060	24
2061	23
2062	18
2063	29
2064	21
2065	24
2066	25
2067	29
2068	24
2069	22
2070	18
2071	24
2072	28
2073	24
2074	27
2075	32
2076	27
2077	26
2078	20
2079	27
2080	27
2081	23
2082	26
2083	25
2084	25
2085	32
2086	22
2087	29
2088	18
2089	20
2090	25
2091	22
2092	27
2093	26
2094	15
2095	26
2096	30
2097	32
2098	16
2099	27
2100	22
2101	22
2102	19
2103	25
2104	27
2105	28
2106	29
2107	24
2108	19
2109	22
2110	19
2111	26
2112	20
2113	26
2114	28
2115	27
2116	25
2117	17
2118	24
2119	24
2120	23
2121	25
2122	34
2123	21
2124	29
2125	26
2126	25
2127	18
2128	27
2129	25
2130	27
2131	26
2132	16
2133	20
2134	27
2135	30
2136	29
2137	22
2138	29
2139	27
2140	25
2141	21
2142	27
2143	24
2144	30
2145	26
2146	32
2147	23
2148	25
2149	27
2150	23
2151	23
2152	29
2153	24
2154	26
2155	28
2156	31
2157	31
2158	20
2159	36
2160	22
2161	19
2162	28
2163	27
2164	22
2165	32
2166	30
2167	32
2168	27
2169	29
2170	28
2171	28
2172	30
2173	22
2174	30
2175	28
2176	26
2177	26
2178	28
2179	26
2180	26
2181	30
2182	38
2183	30
2184	31
2185	24
2186	29
2187	23
2188	23
2189	33
2190	39
2191	25
2192	26
2193	36
2194	30
2195	32
2196	23
2197	28
2198	31
2199	31
2200	32
2201	33
2202	29
2203	29
2204	23
2205	20
2206	27
2207	31
2208	37
2209	27
2210	33
2211	20
2212	35
2213	30
2214	37
2215	19
2216	21
2217	35
2218	33
2219	23
2220	26
2221	33
2222	26
2223	25
2224	30
2225	42
2226	45
2227	41
2228	23
2229	25
2230	33
2231	24
2232	20
2233	31
2234	25
2235	45
2236	34
2237	33
2238	30
2239	34
2240	32
2241	27
2242	39
2243	35
2244	40
2245	30
2246	29
2247	24
2248	36
2249	29
2250	25
2251	33
2252	30
2253	33
2254	34
2255	32
2256	26
2257	36
2258	31
2259	26
2260	32
2261	33
2262	30
2263	23
2264	31
2265	33
2266	37
2267	29
2268	33
2269	32
2270	35
2271	36
2272	36
2273	25
2274	29
2275	32
2276	29
2277	36
2278	28
2279	24
2280	29
2281	32
2282	35
2283	30
2284	30
2285	44
2286	40
2287	39
2288	15
2289	43
2290	31
2291	39
2292	27
2293	29
2294	35
2295	39
2296	29
2297	30
2298	31
2299	28
2300	39
2301	48
2302	35
2303	36
2304	44
2305	40
2306	38
2307	32
2308	31
2309	52
2310	30
2311	29
2312	29
2313	33
2314	38
2315	36
2316	31
2317	40
2318	38
2319	53
2320	46
2321	38
2322	29
2323	28
2324	35
2325	29
2326	40
2327	38
2328	46
2329	34
2330	37
2331	35
2332	33
2333	38
2334	30
2335	39
2336	34
2337	35
2338	35
2339	44
2340	31
2341	35
2342	46
2343	32
2344	36
2345	47
2346	31
2347	38
2348	32
2349	37
2350	41
2351	41
2352	41
2353	40
2354	30
2355	33
2356	40
2357	38
2358	37
2359	27
2360	38
2361	36
2362	40
2363	33
2364	45
2365	40
2366	38
2367	43
2368	39
2369	35
2370	32
2371	48
2372	39
2373	44
2374	42
2375	40
2376	43
2377	35
2378	26
2379	36
2380	38
2381	46
2382	44
2383	35
2384	41
2385	40
2386	33
2387	47
2388	38
2389	33
2390	41
2391	47
2392	43
2393	46
2394	34
2395	44
2396	45
2397	40
2398	33
2399	35
2400	44
2401	40
2402	39
2403	33
2404	39
2405	40
2406	37
2407	50
2408	57
2409	28
2410	42
2411	44
2412	40
2413	38
2414	51
2415	42
2416	41
2417	27
2418	34
2419	53
2420	50
2421	32
2422	40
2423	42
2424	43
2425	44
2426	39
2427	43
2428	50
2429	39
2430	34
2431	27
2432	45
2433	46
2434	34
2435	54
2436	34
2437	32
2438	37
2439	27
2440	38
2441	37
2442	43
2443	38
2444	30
2445	35
2446	26
2447	31
2448	30
2449	39
2450	41
2451	43
2452	39
2453	36
2454	44
2455	35
2456	42
2457	37
2458	53
2459	40
2460	43
2461	32
2462	37
2463	37
2464	50
2465	44
2466	38
2467	40
2468	36
2469	30
2470	45
2471	21
2472	42
2473	57
2474	37
2475	35
2476	35
2477	38
2478	35
2479	40
2480	27
2481	42
2482	48
2483	32
2484	29
2485	37
2486	43
2487	51
2488	50
2489	41
2490	50
2491	30
2492	34
2493	34
2494	35
2495	33
2496	25
2497	40
2498	44
2499	30
2500	28
2501	30
2502	29
2503	30
2504	26
2505	41
2506	40
2507	34
2508	36
2509	37
2510	45
2511	38
2512	33
2513	26
2514	26
2515	30
2516	33
2517	29
2518	38
2519	39
2520	29
2521	32
2522	36
2523	30
2524	29
2525	43
2526	33
2527	45
2528	36
2529	25
2530	39
2531	35
2532	44
2533	40
2534	39
2535	29
2536	40
2537	32
2538	32
2539	28
2540	37
2541	39
2542	37
2543	41
2544	33
2545	38
2546	38
2547	30
2548	31
2549	38
2550	38
2551	29
2552	41
2553	41
2554	40
2555	43
2556	25
2557	29
2558	37
2559	22
2560	37
2561	37
2562	36
2563	30
2564	33
2565	43
2566	26
2567	29
2568	36
2569	20
2570	31
2571	24
2572	26
2573	23
2574	30
2575	37
2576	26
2577	34
2578	39
2579	28
2580	34
2581	33
2582	34
2583	32
2584	26
2585	26
2586	35
2587	28
2588	34
2589	39
2590	30
2591	35
2592	35
2593	43
2594	22
2595	30
2596	31
2597	28
2598	20
2599	33
2600	28
2601	26
2602	24
2603	32
2604	30
2605	25
2606	29
2607	27
2608	33
2609	32
2610	26
2611	25
2612	27
2613	32
2614	27
2615	32
2616	26
2617	31
2618	30
2619	37
2620	33
2621	30
2622	32
2623	25
2624	27
2625	35
2626	33
2627	24
2628	25
2629	26
2630	25
2631	18
2632	28
2633	30
2634	22
2635	20
2636	14
2637	35
2638	30
2639	31
2640	29
2641	23
2642	24
2643	29
2644	20
2645	24
2646	19
2647	36
2648	19
2649	24
2650	19
2651	21
2652	35
2653	30
2654	27
2655	22
2656	27
2657	21
2658	21
2659	25
2660	24
2661	23
2662	21
2663	19
2664	18
2665	29
2666	34
2667	19
2668	33
2669	25
2670	26
2671	23
2672	15
2673	29
2674	18
2675	36
2676	25
2677	18
2678	21
2679	23
2680	25
2681	16
2682	22
2683	27
2684	16
2685	23
2686	22
2687	19
2688	27
2689	20
2690	21
2691	13
2692	17
2693	18
2694	19
2695	32
2696	20
2697	19
2698	22
2699	21
2700	21
2701	16
2702	12
2703	19
2704	22
2705	18
2706	32
2707	20
2708	28
2709	24
2710	19
2711	25
2712	24
2713	17
2714	22
2715	21
2716	23
2717	19
2718	24
2719	22
2720	15
2721	23
2722	26
2723	25
2724	22
2725	18
2726	28
2727	23
2728	31
2729	25
2730	15
2731	16
2732	23
2733	17
2734	20
2735	23
2736	15
2737	18
2738	24
2739	12
2740	18
2741	23
2742	28
2743	27
2744	10
2745	21
2746	15
2747	17
2748	15
2749	21
2750	23
2751	17
2752	18
2753	22
2754	21
2755	20
2756	27
2757	18
2758	11
2759	19
2760	21
2761	26
2762	26
2763	18
2764	21
2765	24
2766	24
2767	18
2768	20
2769	20
2770	20
2771	26
2772	25
2773	25
2774	18
2775	13
2776	18
2777	7
2778	10
2779	27
2780	16
2781	18
2782	15
2783	19
2784	6
2785	15
2786	13
2787	20
2788	18
2789	16
2790	19
2791	25
2792	16
2793	17
2794	21
2795	20
2796	21
2797	11
2798	19
2799	16
2800	21
2801	13
2802	10
2803	17
2804	19
2805	18
2806	24
2807	21
2808	16
2809	16
2810	20
2811	19
2812	12
2813	21
2814	16
2815	26
2816	23
2817	22
2818	20
2819	15
2820	9
2821	20
2822	20
2823	20
2824	20
2825	19
2826	18
2827	16
2828	21
2829	18
2830	19
2831	15
2832	17
2833	21
2834	17
2835	16
2836	19
2837	16
2838	16
2839	22
2840	13
2841	19
2842	10
2843	21
2844	13
2845	17
2846	12
2847	15
2848	18
2849	14
2850	27
2851	14
2852	23
2853	14
2854	20
2855	18
2856	21
2857	11
2858	15
2859	15
2860	14
2861	9
2862	14
2863	14
2864	17
2865	13
2866	21
2867	17
2868	16
2869	16
2870	12
2871	15
2872	10
2873	9
2874	18
2875	19
2876	17
2877	18
2878	14
2879	18
2880	18
2881	16
2882	12
2883	14
2884	20
2885	17
2886	12
2887	13
2888	19
2889	17
2890	15
2891	11
2892	21
2893	12
2894	16
2895	10
2896	18
2897	14
2898	13
2899	20
2900	19
2901	12
2902	14
2903	6
2904	15
2905	13
2906	11
2907	12
2908	12
2909	8
2910	7
2911	13
2912	12
2913	21
2914	21
2915	11
2916	12
2917	19
2918	14
2919	15
2920	15
2921	14
2922	13
2923	23
2924	8
2925	12
2926	15
2927	20
2928	14
2929	15
2930	15
2931	8
2932	13
2933	10
2934	7
2935	15
2936	14
2937	9
2938	15
2939	9
2940	18
2941	11
2942	10
2943	20
2944	14
2945	10
2946	9
2947	10
2948	17
2949	11
2950	7
2951	17
2952	15
2953	15
2954	16
2955	14
2956	11
2957	15
2958	10
2959	10
2960	14
2961	10
2962	12
2963	10
2964	16
2965	19
2966	14
2967	13
2968	8
2969	15
2970	11
2971	7
2972	11
2973	7
2974	17
2975	14
2976	20
2977	13
2978	20
2979	18
2980	7
2981	9
2982	16
2983	10
2984	11
2985	14
2986	8
2987	15
2988	18
2989	20
2990	15
2991	15
2992	16
2993	15
2994	12
2995	10
2996	14
2997	8
2998	12
2999	15
3000	17
3001	20
3002	6
3003	12
3004	13
3005	12
3006	8
3007	11
3008	9
3009	17
3010	8
3011	9
3012	12
3013	15
3014	12
3015	14
3016	14
3017	7
3018	11
3019	12
3020	15
3021	14
3022	7
3023	19
3024	17
3025	11
3026	13
3027	8
3028	13
3029	12
3030	16
3031	13
3032	16
3033	12
3034	10
3035	7
3036	11
3037	13
3038	15
3039	17
3040	16
3041	7
3042	16
3043	16
3044	9
3045	10
3046	16
3047	9
3048	12
3049	13
3050	11
3051	10
3052	13
3053	12
3054	15
3055	10
3056	9
3057	14
3058	15
3059	16
3060	16
3061	14
3062	15
3063	9
3064	12
3065	11
3066	16
3067	20
3068	11
3069	14
3070	12
3071	20
3072	10
3073	12
3074	16
3075	11
3076	16
3077	9
3078	16
3079	9
3080	7
3081	15
3082	12
3083	5
3084	13
3085	12
3086	10
3087	13
3088	7
3089	11
3090	11
3091	8
3092	7
3093	10
3094	12
3095	11
3096	12
3097	9
3098	10
3099	11
3100	15
3101	9
3102	11
3103	11
3104	10
3105	10
3106	10
3107	13
3108	13
3109	9
3110	14
3111	18
3112	19
3113	9
3114	12
3115	13
3116	13
3117	6
3118	12
3119	10
3120	16
3121	8
3122	7
3123	14
3124	17
3125	11
3126	13
3127	5
3128	9
3129	17
3130	9
3131	11
3132	13
3133	6
3134	11
3135	5
3136	16
3137	9
3138	8
3139	7
3140	18
3141	11
3142	10
3143	10
3144	12
3145	10
3146	8
3147	10
3148	4
3149	18
3150	14
3151	7
3152	12
3153	14
3154	10
3155	7
3156	11
3157	17
3158	14
3159	11
3160	13
3161	10
3162	9
3163	5
3164	9
3165	8
3166	7
3167	16
3168	13
3169	9
3170	19
3171	5
3172	12
3173	10
3174	12
3175	8
3176	9
3177	14
3178	5
3179	8
3180	6
3181	13
3182	6
3183	12
3184	9
3185	8
3186	11
3187	10
3188	11
3189	12
3190	10
3191	14
3192	10
3193	10
3194	11
3195	6
3196	10
3197	10
3198	7
3199	7
3200	10
3201	11
3202	12
3203	11
3204	6
3205	9
3206	6
3207	10
3208	15
3209	5
3210	12
3211	4
3212	11
3213	8
3214	9
3215	9
3216	9
3217	12
3218	12
3219	12
3220	8
3221	8
3222	16
3223	11
3224	13
3225	8
3226	8
3227	9
3228	7
3229	12
3230	10
3231	9
3232	8
3233	11
3234	12
3235	7
3236	23
3237	15
3238	6
3239	8
3240	8
3241	13
3242	16
3243	13
3244	13
3245	6
3246	8
3247	13
3248	7
3249	8
3250	10
3251	9
3252	9
3253	7
3254	16
3255	12
3256	10
3257	8
3258	14
3259	8
3260	7
3261	5
3262	11
3263	13
3264	5
3265	9
3266	13
3267	12
3268	12
3269	12
3270	11
3271	8
3272	7
3273	4
3274	13
3275	9
3276	9
3277	11
3278	14
3279	13
3280	8
3281	9
3282	8
3283	10
3284	6
3285	15
3286	13
3287	10
3288	7
3289	10
3290	7
3291	9
3292	9
3293	9
3294	5
3295	11
3296	8
3297	13
3298	14
3299	6
3300	3
3301	12
3302	6
3303	7
3304	12
3305	11
3306	12
3307	11
3308	9
3309	13
3310	6
3311	10
3312	9
3313	10
3314	13
3315	6
3316	11
3317	8
3318	9
3319	11
3320	8
3321	5
3322	6
3323	13
3324	11
3325	9
3326	11
3327	14
3328	12
3329	12
3330	11
3331	19
3332	18
3333	6
3334	15
3335	11
3336	15
3337	8
3338	12
3339	9
3340	11
3341	15
3342	6
3343	6
3344	16
3345	7
3346	8
3347	5
3348	8
3349	7
3350	9
3351	10
3352	4
3353	11
3354	7
3355	6
3356	14
3357	9
3358	11
3359	10
3360	6
3361	8
3362	8
3363	11
3364	6
3365	5
3366	9
3367	9
3368	14
3369	12
3370	6
3371	12
3372	14
3373	11
3374	7
3375	6
3376	13
3377	12
3378	9
3379	8
3380	10
3381	14
3382	7
3383	8
3384	5
3385	16
3386	15
3387	7
3388	8
3389	14
3390	2
3391	6
3392	9
3393	10
3394	18
3395	8
3396	10
3397	6
3398	5
3399	6
3400	7
3401	13
3402	13
3403	11
3404	3
3405	6
3406	12
3407	13
3408	12
3409	7
3410	6
3411	4
3412	8
3413	11
3414	8
3415	10
3416	9
3417	11
3418	9
3419	7
3420	11
3421	8
3422	7
3423	5
3424	10
3425	6
3426	12
3427	13
3428	7
3429	6
3430	8
3431	9
3432	12
3433	6
3434	11
3435	8
3436	9
3437	12
3438	6
3439	7
3440	11
3441	9
3442	8
3443	10
3444	12
3445	11
3446	10
3447	4
3448	6
3449	11
3450	10
3451	8
3452	8
3453	11
3454	7
3455	4
3456	9
3457	8
3458	12
3459	5
3460	12
3461	6
3462	10
3463	5
3464	8
3465	10
3466	4
3467	10
3468	8
3469	10
3470	16
3471	11
3472	10
3473	10
3474	8
3475	15
3476	10
3477	3
3478	14
3479	12
3480	10
3481	13
3482	14
3483	6
3484	7
3485	7
3486	8
3487	5
3488	5
3489	9
3490	13
3491	9
3492	9
3493	8
3494	11
3495	5
3496	5
3497	6
3498	14
3499	4
3500	9
3501	9
3502	7
3503	8
3504	8
3505	12
3506	11
3507	9
3508	11
3509	5
3510	8
3511	12
3512	5
3513	11
3514	8
3515	13
3516	10
3517	5
3518	6
3519	12
3520	5
3521	14
3522	12
3523	7
3524	6
3525	13
3526	6
3527	11
3528	7
3529	10
3530	12
3531	5
3532	15
3533	7
3534	7
3535	14
3536	9
3537	8
3538	8
3539	9
3540	13
3541	19
3542	5
3543	5
3544	5
3545	7
3546	6
3547	9
3548	12
3549	8
3550	11
3551	11
3552	10
3553	9
3554	8
3555	11
3556	5
3557	5
3558	8
3559	8
3560	8
3561	7
3562	10
3563	13
3564	10
3565	5
3566	11
3567	13
3568	12
3569	9
3570	7
3571	6
3572	7
3573	8
3574	10
3575	5
3576	9
3577	10
3578	11
3579	12
3580	7
3581	8
3582	6
3583	11
3584	9
3585	14
3586	15
3587	2
3588	4
3589	4
3590	3
3591	7
3592	8
3593	7
3594	7
3595	10
3596	8
3597	8
3598	3
3599	8
3600	8
3601	9
3602	3
3603	5
3604	11
3605	8
3606	3
3607	11
3608	2
3609	5
3610	7
3611	6
3612	12
3613	8
3614	11
3615	6
3616	12
3617	7
3618	7
3619	5
3620	9
3621	12
3622	9
3623	2
3624	7
3625	5
3626	3
3627	8
3628	5
3629	7
3630	8
3631	9
3632	6
3633	8
3634	9
3635	12
3636	9
3637	4
3638	7
3639	10
3640	7
3641	10
3642	4
3643	8
3644	7
3645	4
3646	9
3647	9
3648	6
3649	5
3650	7
3651	5
3652	9
3653	8
3654	10
3655	5
3656	7
3657	9
3658	6
3659	12
3660	6
3661	8
3662	8
3663	5
3664	10
3665	7
3666	7
3667	10
3668	6
3669	6
3670	10
3671	14
3672	10
3673	5
3674	11
3675	6
3676	8
3677	7
3678	6
3679	5
3680	7
3681	5
3682	6
3683	10
3684	12
3685	9
3686	10
3687	4
3688	8
3689	6
3690	5
3691	7
3692	10
3693	8
3694	6
3695	11
3696	5
3697	7
3698	5
3699	10
3700	4
3701	8
3702	7
3703	6
3704	8
3705	12
3706	9
3707	10
3708	5
3709	12
3710	3
3711	14
3712	14
3713	6
3714	6
3715	5
3716	6
3717	6
3718	7
3719	4
3720	3
3721	12
3722	7
3723	9
3724	8
3725	9
3726	9
3727	5
3728	6
3729	14
3730	7
3731	5
3732	8
3733	9
3734	3
3735	11
3736	4
3737	8
3738	8
3739	9
3740	7
3741	4
3742	9
3743	6
3744	12
3745	8
3746	7
3747	9
3748	13
3749	8
3750	12
3751	8
3752	10
3753	10
3754	5
3755	6
3756	6
3757	5
3758	8
3759	6
3760	7
3761	9
3762	10
3763	8
3764	5
3765	11
3766	7
3767	9
3768	6
3769	10
3770	10
3771	6
3772	9
3773	10
3774	9
3775	5
3776	10
3777	7
3778	13
3779	11
3780	7
3781	9
3782	11
3783	11
3784	8
3785	6
3786	9
3787	7
3788	8
3789	10
3790	13
3791	7
3792	1
3793	7
3794	4
3795	7
3796	3
3797	8
3798	10
3799	6
3800	8
3801	5
3802	2
3803	6
3804	7
3805	2
3806	8
3807	10
3808	4
3809	7
3810	7
3811	13
3812	7
3813	8
3814	10
3815	3
3816	4
3817	5
3818	6
3819	5
3820	5
3821	6
3822	9
3823	9
3824	7
3825	5
3826	7
3827	6
3828	3
3829	7
3830	4
3831	8
3832	10
3833	10
3834	9
3835	5
3836	11
3837	9
3838	6
3839	6
3840	6
3841	10
3842	6
3843	10
3844	2
3845	10
3846	8
3847	12
3848	4
3849	6
3850	11
3851	9
3852	5
3853	15
3854	5
3855	9
3856	10
3857	3
3858	10
3859	7
3860	8
3861	3
3862	5
3863	6
3864	7
3865	10
3866	11
3867	9
3868	4
3869	5
3870	4
3871	9
3872	10
3873	7
3874	4
3875	8
3876	8
3877	6
3878	8
3879	8
3880	6
3881	8
3882	9
3883	14
3884	10
3885	2
3886	4
3887	4
3888	11
3889	7
3890	4
3891	9
3892	11
3893	10
3894	8
3895	5
3896	6
3897	13
3898	9
3899	10
3900	6
3901	14
3902	6
3903	11
3904	8
3905	10
3906	10
3907	8
3908	3
3909	8
3910	6
3911	11
3912	5
3913	11
3914	18
3915	7
3916	9
3917	8
3918	8
3919	10
3920	13
3921	8
3922	13
3923	17
3924	10
3925	9
3926	10
3927	6
3928	7
3929	8
3930	4
3931	12
3932	9
3933	7
3934	5
3935	8
3936	9
3937	7
3938	15
3939	11
3940	7
3941	17
3942	12
3943	6
3944	10
3945	12
3946	7
3947	7
3948	10
3949	7
3950	6
3951	8
3952	12
3953	10
3954	9
3955	10
3956	7
3957	10
3958	7
3959	10
3960	7
3961	15
3962	12
3963	4
3964	11
3965	5
3966	7
3967	5
3968	13
3969	11
3970	11
3971	7
3972	9
3973	11
3974	10
3975	8
3976	9
3977	12
3978	3
3979	18
3980	11
3981	13
3982	12
3983	8
3984	8
3985	11
3986	14
3987	5
3988	9
3989	11
3990	9
3991	7
3992	8
3993	6
3994	9
3995	4
3996	9
3997	11
3998	10
3999	9
4000	6
4001	13
4002	12
4003	15
4004	12
4005	6
4006	12
4007	8
4008	10
4009	15
4010	8
4011	7
4012	10
4013	11
4014	12
4015	14
4016	10
4017	9
4018	8
4019	8
4020	12
4021	14
4022	12
4023	13
4024	6
4025	12
4026	6
4027	9
4028	10
4029	11
4030	15
4031	8
4032	10
4033	6
4034	13
4035	7
4036	9
4037	10
4038	10
4039	11
4040	10
4041	11
4042	11
4043	20
4044	12
4045	12
4046	12
4047	13
4048	9
4049	8
4050	13
4051	14
4052	8
4053	9
4054	9
4055	12
4056	11
4057	7
4058	12
4059	11
4060	6
4061	10
4062	8
4063	11
4064	12
4065	10
4066	11
4067	7
4068	18
4069	15
4070	16
4071	12
4072	6
4073	10
4074	12
4075	11
4076	10
4077	18
4078	7
4079	8
4080	8
4081	11
4082	6
4083	6
4084	13
4085	8
4086	11
4087	5
4088	3
4089	11
4090	15
4091	10
4092	12
4093	8
4094	17
4095	13
4096	12
4097	16
4098	8
4099	16
4100	13
4101	16
4102	11
4103	7
4104	8
4105	13
4106	14
4107	14
4108	14
4109	12
4110	16
4111	8
4112	18
4113	15
4114	12
4115	12
4116	12
4117	17
4118	9
4119	10
4120	12
4121	19
4122	16
4123	11
4124	18
4125	9
4126	13
4127	14
4128	8
4129	6
4130	10
4131	21
4132	6
4133	10
4134	17
4135	10
4136	9
4137	11
4138	14
4139	15
4140	13
4141	15
4142	7
4143	18
4144	15
4145	16
4146	11
4147	15
4148	14
4149	18
4150	18
4151	13
4152	16
4153	11
4154	13
4155	14
4156	8
4157	15
4158	9
4159	7
4160	19
4161	19
4162	17
4163	20
4164	12
4165	17
4166	15
4167	13
4168	14
4169	18
4170	12
4171	9
4172	10
4173	26
4174	9
4175	12
4176	10
4177	9
4178	18
4179	17
4180	16
4181	12
4182	16
4183	17
4184	13
4185	13
4186	16
4187	15
4188	13
4189	13
4190	13
4191	16
4192	17
4193	13
4194	16
4195	13
4196	9
4197	13
4198	11
4199	10
4200	11
4201	14
4202	9
4203	21
4204	10
4205	23
4206	9
4207	10
4208	15
4209	12
4210	12
4211	14
4212	16
4213	15
4214	10
4215	12
4216	16
4217	12
4218	10
4219	21
4220	17
4221	18
4222	15
4223	12
4224	13
4225	20
4226	20
4227	13
4228	16
4229	15
4230	17
4231	15
4232	17
4233	9
4234	20
4235	15
4236	11
4237	14
4238	15
4239	13
4240	9
4241	14
4242	11
4243	20
4244	10
4245	11
4246	20
4247	14
4248	12
4249	17
4250	20
4251	14
4252	12
4253	22
4254	17
4255	12
4256	9
4257	15
4258	19
4259	21
4260	16
4261	16
4262	15
4263	13
4264	15
4265	14
4266	13
4267	18
4268	13
4269	18
4270	19
4271	9
4272	16
4273	15
4274	14
4275	19
4276	20
4277	14
4278	17
4279	12
4280	10
4281	18
4282	26
4283	10
4284	12
4285	22
4286	16
4287	24
4288	14
4289	12
4290	19
4291	16
4292	14
4293	12
4294	19
4295	17
4296	18
4297	17
4298	20
4299	18
4300	14
4301	12
4302	19
4303	17
4304	19
4305	21
4306	14
4307	16
4308	12
4309	16
4310	6
4311	11
4312	16
4313	16
4314	22
4315	11
4316	19
4317	20
4318	14
4319	19
4320	20
4321	22
4322	11
4323	19
4324	14
4325	10
4326	24
4327	18
4328	16
4329	24
4330	20
4331	21
4332	22
4333	14
4334	13
4335	21
4336	16
4337	27
4338	20
4339	15
4340	18
4341	15
4342	12
4343	19
4344	30
4345	13
4346	19
4347	15
4348	20
4349	16
4350	20
4351	23
4352	18
4353	20
4354	15
4355	23
4356	15
4357	13
4358	22
4359	18
4360	15
4361	18
4362	21
4363	17
4364	11
4365	22
4366	15
4367	15
4368	27
4369	24
4370	14
4371	12
4372	12
4373	12
4374	14
4375	23
4376	20
4377	16
4378	21
4379	16
4380	32
4381	14
4382	22
4383	18
4384	12
4385	21
4386	23
4387	22
4388	19
4389	14
4390	27
4391	17
4392	21
4393	17
4394	21
4395	19
4396	19
4397	19
4398	25
4399	17
4400	25
4401	20
4402	24
4403	19
4404	15
4405	19
4406	24
4407	24
4408	15
4409	14
4410	16
4411	14
4412	11
4413	16
4414	22
4415	19
4416	21
4417	14
4418	17
4419	31
4420	25
4421	20
4422	19
4423	16
4424	16
4425	23
4426	16
4427	27
4428	22
4429	21
4430	19
4431	17
4432	19
4433	22
4434	17
4435	16
4436	19
4437	22
4438	22
4439	18
4440	20
4441	23
4442	22
4443	21
4444	13
4445	13
4446	17
4447	19
4448	18
4449	23
4450	26
4451	9
4452	24
4453	17
4454	17
4455	17
4456	10
4457	30
4458	11
4459	18
4460	18
4461	15
4462	7
4463	14
4464	16
4465	18
4466	17
4467	17
4468	27
4469	11
4470	19
4471	22
4472	12
4473	22
4474	21
4475	19
4476	12
4477	26
4478	14
4479	24
4480	27
4481	29
4482	21
4483	18
4484	23
4485	19
4486	25
4487	18
4488	20
4489	19
4490	23
4491	22
4492	13
4493	22
4494	28
4495	22
4496	18
4497	17
4498	19
4499	27
4500	15
4501	21
4502	20
4503	20
4504	22
4505	18
4506	21
4507	24
4508	18
4509	23
4510	14
4511	21
4512	18
4513	16
4514	19
4515	15
4516	15
4517	16
4518	24
4519	22
4520	21
4521	17
4522	17
4523	9
4524	17
4525	24
4526	13
4527	16
4528	18
4529	7
4530	20
4531	15
4532	19
4533	16
4534	12
4535	31
4536	17
4537	25
4538	22
4539	18
4540	19
4541	31
4542	26
4543	26
4544	20
4545	17
4546	17
4547	15
4548	18
4549	23
4550	24
4551	16
4552	24
4553	15
4554	18
4555	20
4556	22
4557	16
4558	16
4559	18
4560	18
4561	20
4562	17
4563	19
4564	18
4565	20
4566	19
4567	17
4568	20
4569	15
4570	17
4571	20
4572	25
4573	20
4574	22
4575	23
4576	25
4577	19
4578	19
4579	21
4580	21
4581	25
4582	15
4583	15
4584	21
4585	15
4586	13
4587	19
4588	21
4589	18
4590	16
4591	19
4592	21
4593	27
4594	30
4595	19
4596	11
4597	15
4598	12
4599	25
4600	23
4601	20
4602	12
4603	29
4604	11
4605	14
4606	20
4607	24
4608	17
4609	11
4610	26
4611	23
4612	16
4613	20
4614	22
4615	21
4616	19
4617	14
4618	16
4619	19
4620	17
4621	23
4622	17
4623	17
4624	15
4625	22
4626	25
4627	13
4628	14
4629	16
4630	21
4631	21
4632	17
4633	25
4634	19
4635	22
4636	20
4637	18
4638	14
4639	14
4640	21
4641	15
4642	14
4643	18
4644	20
4645	17
4646	20
4647	16
4648	18
4649	20
4650	18
4651	18
4652	18
4653	16
4654	20
4655	19
4656	15
4657	16
4658	13
4659	17
4660	18
4661	19
4662	16
4663	17
4664	12
4665	19
4666	15
4667	11
4668	24
4669	22
4670	15
4671	16
4672	24
4673	24
4674	14
4675	17
4676	19
4677	19
4678	13
4679	19
4680	20
4681	23
4682	18
4683	16
4684	14
4685	19
4686	11
4687	21
4688	15
4689	13
4690	13
4691	20
4692	12
4693	14
4694	18
4695	23
4696	17
4697	18
4698	17
4699	15
4700	25
4701	13
4702	22
4703	18
4704	15
4705	17
4706	18
4707	21
4708	16
4709	13
4710	27
4711	15
4712	11
4713	15
4714	12
4715	30
4716	17
4717	20
4718	16
4719	23
4720	21
4721	21
4722	20
4723	14
4724	17
4725	21
4726	16
4727	17
4728	21
4729	22
4730	14
4731	19
4732	9
4733	15
4734	21
4735	15
4736	19
4737	13
4738	10
4739	14
4740	20
4741	17
4742	16
4743	15
4744	19
4745	13
4746	18
4747	15
4748	10
4749	13
4750	17
4751	18
4752	19
4753	11
4754	17
4755	18
4756	10
4757	13
4758	18
4759	13
4760	14
4761	18
4762	13
4763	11
4764	9
4765	17
4766	19
4767	16
4768	16
4769	13
4770	13
4771	21
4772	15
4773	13
4774	11
4775	16
4776	12
4777	17
4778	12
4779	18
4780	16
4781	25
4782	11
4783	13
4784	20
4785	14
4786	13
4787	19
4788	6
4789	11
4790	11
4791	12
4792	13
4793	6
4794	12
4795	18
4796	14
4797	17
4798	9
4799	12
4800	15
4801	13
4802	14
4803	12
4804	10
4805	17
4806	14
4807	14
4808	9
4809	16
4810	12
4811	16
4812	13
4813	12
4814	14
4815	16
4816	13
4817	12
4818	10
4819	15
4820	13
4821	16
4822	16
4823	17
4824	13
4825	18
4826	18
4827	14
4828	11
4829	7
4830	17
4831	20
4832	9
4833	14
4834	8
4835	14
4836	12
4837	15
4838	9
4839	16
4840	13
4841	5
4842	8
4843	12
4844	17
4845	13
4846	14
4847	12
4848	20
4849	6
4850	13
4851	13
4852	11
4853	10
4854	11
4855	11
4856	7
4857	16
4858	9
4859	11
4860	9
4861	10
4862	11
4863	9
4864	11
4865	13
4866	21
4867	10
4868	10
4869	12
4870	19
4871	12
4872	20
4873	13
4874	10
4875	13
4876	12
4877	7
4878	14
4879	18
4880	13
4881	11
4882	10
4883	12
4884	9
4885	16
4886	10
4887	8
4888	5
4889	10
4890	12
4891	17
4892	12
4893	2
4894	9
4895	6
4896	8
4897	12
4898	12
4899	14
4900	13
4901	8
4902	8
4903	8
4904	8
4905	12
4906	8
4907	14
4908	17
4909	8
4910	13
4911	8
4912	12
4913	11
4914	9
4915	16
4916	17
4917	7
4918	11
4919	4
4920	9
4921	14
4922	7
4923	10
4924	13
4925	12
4926	18
4927	12
4928	11
4929	11
4930	5
4931	8
4932	15
4933	13
4934	19
4935	13
4936	11
4937	14
4938	8
4939	9
4940	17
4941	3
4942	9
4943	10
4944	8
4945	8
4946	11
4947	13
4948	10
4949	10
4950	8
4951	7
4952	12
4953	9
4954	12
4955	8
4956	12
4957	11
4958	10
4959	14
4960	8
4961	10
4962	3
4963	8
4964	12
4965	6
4966	12
4967	6
4968	5
4969	10
4970	6
4971	7
4972	10
4973	3
4974	8
4975	4
4976	8
4977	5
4978	8
4979	11
4980	11
4981	8
4982	8
4983	12
4984	7
4985	3
4986	8
4987	9
4988	9
4989	4
4990	7
4991	6
4992	10
4993	15
4994	9
4995	8
4996	2
4997	6
4998	9
4999	6
5000	7
5001	10
5002	5
5003	7
5004	6
5005	5
5006	6
5007	8
5008	6
5009	5
5010	4
5011	9
5012	4
5013	9
5014	8
5015	6
5016	10
5017	9
5018	12
5019	6
5020	13
5021	8
5022	10
5023	8
5024	7
5025	3
5026	6
5027	8
5028	12
5029	9
5030	7
5031	7
5032	7
5033	3
5034	4
5035	10
5036	7
5037	6
5038	7
5039	10
5040	2
5041	10
5042	7
5043	8
5044	12
5045	4
5046	15
5047	4
5048	5
5049	7
5050	9
5051	7
5052	9
5053	10
5054	14
5055	8
5056	8
5057	7
5058	5
5059	6
5060	8
5061	8
5062	5
5063	13
5064	7
5065	8
5066	4
5067	6
5068	11
5069	6
5070	6
5071	8
5072	10
5073	3
5074	1
5075	7
5076	2
5077	4
5078	7
5079	7
5080	4
5081	9
5082	8
5083	6
5084	12
5085	6
5086	8
5087	7
5088	7
5089	9
5090	5
5091	7
5092	8
5093	3
5094	7
5095	6
5096	8
5097	4
5098	8
5099	2
5100	9
5101	6
5102	3
5103	5
5104	8
5105	10
5106	6
5107	6
5108	3
5109	3
5110	6
5111	6
5112	6
5113	7
5114	4
5115	2
5116	8
5117	12
5118	5
5119	7
5120	4
5121	9
5122	8
5123	7
5124	7
5125	1
5126	5
5127	6
5128	2
5129	7
5130	10
5131	8
5132	4
5133	5
5134	3
5135	9
5136	9
5137	8
5138	5
5139	7
5140	7
5141	5
5142	8
5143	6
5144	2
5145	7
5146	7
5147	7
5148	4
5149	5
5150	3
5151	5
5152	6
5153	5
5154	3
5155	4
5156	10
5157	0
5158	8
5159	6
5160	6
5161	4
5162	5
5163	5
5164	10
5165	6
5166	4
5167	6
5168	7
5169	3
5170	5
5171	8
5172	6
5173	6
5174	4
5175	7
5176	7
5177	3
5178	8
5179	10
5180	1
5181	5
5182	6
5183	6
5184	7
5185	5
5186	5
5187	11
5188	4
5189	5
5190	7
5191	6
5192	6
5193	2
5194	8
5195	5
5196	4
5197	4
5198	5
5199	7
5200	8
5201	8
5202	10
5203	6
5204	0
5205	7
5206	9
5207	6
5208	4
5209	5
5210	6
5211	3
5212	8
5213	0
5214	5
5215	4
5216	6
5217	10
5218	6
5219	3
5220	6
5221	5
5222	3
5223	3
5224	8
5225	7
5226	1
5227	6
5228	8
5229	10
5230	6
5231	6
5232	6
5233	1
5234	5
5235	2
5236	6
5237	6
5238	10
5239	0
5240	8
5241	8
5242	5
5243	5
5244	6
5245	3
5246	8
5247	5
5248	4
5249	6
5250	5
5251	5
5252	4
5253	6
5254	3
5255	3
5256	1
5257	6
5258	2
5259	6
5260	3
5261	4
5262	4
5263	4
5264	5
5265	5
5266	3
5267	7
5268	5
5269	3
5270	6
5271	4
5272	5
5273	4
5274	3
5275	4
5276	5
5277	2
5278	9
5279	8
5280	4
5281	5
5282	8
5283	5
5284	4
5285	1
5286	0
5287	4
5288	3
5289	2
5290	4
5291	2
5292	3
5293	3
5294	8
5295	6
5296	5
5297	6
5298	5
5299	9
5300	3
5301	3
5302	7
5303	1
5304	8
5305	3
5306	10
5307	2
5308	6
5309	2
5310	1
5311	10
5312	4
5313	3
5314	4
5315	2
5316	4
5317	5
5318	5
5319	3
5320	1
5321	4
5322	2
5323	7
5324	5
5325	5
5326	3
5327	7
5328	5
5329	0
5330	5
5331	4
5332	3
5333	8
5334	1
5335	4
5336	7
5337	5
5338	4
5339	5
5340	7
5341	6
5342	6
5343	3
5344	6
5345	7
5346	9
5347	3
5348	5
5349	2
5350	7
5351	4
5352	7
5353	5
5354	1
5355	2
5356	3
5357	4
5358	9
5359	1
5360	9
5361	2
5362	2
5363	5
5364	2
5365	4
5366	1
5367	4
5368	5
5369	0
5370	5
5371	1
5372	2
5373	6
5374	4
5375	5
5376	5
5377	4
5378	6
5379	6
5380	3
5381	3
5382	5
5383	6
5384	6
5385	4
5386	5
5387	2
5388	3
5389	6
5390	6
5391	5
5392	6
5393	4
5394	4
5395	8
5396	4
5397	6
5398	3
5399	1
5400	3
5401	2
5402	4
5403	5
5404	6
5405	3
5406	2
5407	3
5408	1
5409	2
5410	4
5411	7
5412	3
5413	5
5414	2
5415	2
5416	5
5417	0
5418	5
5419	6
5420	7
5421	5
5422	3
5423	6
5424	2
5425	4
5426	3
5427	3
5428	4
5429	1
5430	2
5431	4
5432	7
5433	6
5434	7
5435	7
5436	8
5437	3
5438	6
5439	0
5440	2
5441	5
5442	1
5443	2
5444	6
5445	4
5446	6
5447	5
5448	1
5449	3
5450	7
5451	2
5452	6
5453	4
5454	4
5455	4
5456	2
5457	6
5458	3
5459	2
5460	2
5461	3
5462	4
5463	2
5464	6
5465	6
5466	4
5467	5
5468	3
5469	3
5470	1
5471	5
5472	5
5473	3
5474	5
5475	6
5476	2
5477	5
5478	4
5479	7
5480	0
5481	5
5482	3
5483	7
5484	2
5485	4
5486	4
5487	5
5488	1
5489	7
5490	3
5491	4
5492	3
5493	2
5494	2
5495	2
5496	1
5497	4
5498	0
5499	3
5500	1
5501	3
5502	7
5503	2
5504	3
5505	2
5506	3
5507	4
5508	1
5509	4
5510	4
5511	3
5512	4
5513	4
5514	6
5515	3
5516	4
5517	4
5518	1
5519	1
5520	6
5521	5
5522	4
5523	5
5524	4
5525	5
5526	4
5527	4
5528	6
5529	2
5530	1
5531	7
5532	6
5533	5
5534	1
5535	3
5536	6
5537	1
5538	3
5539	4
5540	5
5541	6
5542	7
5543	6
5544	4
5545	2
5546	2
5547	5
5548	3
5549	4
5550	4
5551	4
5552	3
5553	0
5554	6
5555	5
5556	12
5557	4
5558	3
5559	7
5560	2
5561	2
5562	3
5563	2
5564	2
5565	3
5566	4
5567	2
5568	4
5569	3
5570	5
5571	3
5572	2
5573	4
5574	1
5575	2
5576	3
5577	5
5578	8
5579	2
5580	1
5581	2
5582	3
5583	2
5584	2
5585	6
5586	4
5587	3
5588	3
5589	7
5590	5
5591	4
5592	7
5593	2
5594	2
5595	5
5596	2
5597	3
5598	5
5599	6
5600	5
5601	1
5602	4
5603	4
5604	4
5605	4
5606	1
5607	1
5608	2
5609	1
5610	0
5611	7
5612	6
5613	3
5614	2
5615	6
5616	2
5617	2
5618	2
5619	5
5620	2
5621	2
5622	2
5623	7
5624	5
5625	3
5626	5
5627	7
5628	5
5629	1
5630	3
5631	7
5632	3
5633	2
5634	3
5635	4
5636	5
5637	3
5638	3
5639	3
5640	3
5641	2
5642	5
5643	3
5644	3
5645	5
5646	4
5647	3
5648	6
5649	0
5650	3
5651	4
5652	7
5653	6
5654	2
5655	4
5656	2
5657	4
5658	5
5659	2
5660	2
5661	2
5662	4
5663	2
5664	3
5665	3
5666	6
5667	1
5668	2
5669	2
5670	4
5671	7
5672	3
5673	1
5674	4
5675	7
5676	2
5677	1
5678	5
5679	3
5680	2
5681	4
5682	1
5683	3
5684	3
5685	6
5686	8
5687	2
5688	3
5689	3
5690	1
5691	5
5692	2
5693	8
5694	3
5695	4
5696	0
5697	4
5698	6
5699	1
5700	1
5701	7
5702	10
5703	5
5704	5
5705	2
5706	6
5707	4
5708	6
5709	6
5710	4
5711	5
5712	5
5713	4
5714	7
5715	3
5716	0
5717	7
5718	5
5719	1
5720	4
5721	2
5722	2
5723	3
5724	3
5725	2
5726	5
5727	6
5728	6
5729	5
5730	7
5731	4
5732	4
5733	2
5734	6
5735	2
5736	2
5737	6
5738	4
5739	4
5740	2
5741	7
5742	5
5743	2
5744	5
5745	5
5746	2
5747	3
5748	4
5749	0
5750	2
5751	1
5752	3
5753	4
5754	3
5755	5
5756	6
5757	3
5758	3
5759	3
5760	3
5761	6
5762	1
5763	8
5764	1
5765	6
5766	1
5767	3
5768	4
5769	7
5770	4
5771	6
5772	4
5773	3
5774	3
5775	1
5776	4
5777	7
5778	9
5779	2
5780	2
5781	2
5782	4
5783	9
5784	2
5785	3
5786	1
5787	4
5788	4
5789	8
5790	2
5791	4
5792	5
5793	3
5794	6
5795	1
5796	1
5797	3
5798	5
5799	3
5800	2
5801	7
5802	5
5803	2
5804	5
5805	2
5806	7
5807	5
5808	5
5809	4
5810	3
5811	1
5812	2
5813	5
5814	0
5815	4
5816	3
5817	4
5818	2
5819	1
5820	3
5821	5
5822	3
5823	4
5824	4
5825	3
5826	2
5827	2
5828	2
5829	3
5830	4
5831	4
5832	2
5833	4
5834	4
5835	7
5836	1
5837	4
5838	4
5839	5
5840	5
5841	3
5842	1
5843	5
5844	5
5845	6
5846	3
5847	2
5848	7
5849	5
5850	4
5851	5
5852	3
5853	5
5854	5
5855	5
5856	2
5857	5
5858	5
5859	4
5860	5
5861	2
5862	4
5863	6
5864	4
5865	6
5866	1
5867	4
5868	4
5869	7
5870	2
5871	5
5872	4
5873	7
5874	2
5875	3
5876	2
5877	2
5878	3
5879	3
5880	1
5881	3
5882	5
5883	3
5884	3
5885	7
5886	7
5887	4
5888	1
5889	4
5890	4
5891	2
5892	5
5893	2
5894	2
5895	3
5896	6
5897	3
5898	3
5899	6
5900	5
5901	2
5902	2
5903	4
5904	9
5905	4
5906	2
5907	2
5908	1
5909	1
5910	7
5911	6
5912	3
5913	2
5914	4
5915	2
5916	4
5917	1
5918	1
5919	5
5920	3
5921	6
5922	6
5923	5
5924	6
5925	1
5926	7
5927	5
5928	3
5929	0
5930	3
5931	2
5932	6
5933	0
5934	7
5935	1
5936	4
5937	5
5938	3
5939	5
5940	4
5941	3
5942	4
5943	4
5944	0
5945	0
5946	4
5947	5
5948	2
5949	3
5950	4
5951	4
5952	2
5953	2
5954	3
5955	4
5956	5
5957	3
5958	5
5959	5
5960	2
5961	3
5962	2
5963	2
5964	5
5965	3
5966	6
5967	4
5968	5
5969	5
5970	5
5971	12
5972	4
5973	5
5974	2
5975	3
5976	4
5977	4
5978	1
5979	6
5980	3
5981	2
5982	2
5983	4
5984	0
5985	6
5986	4
5987	2
5988	2
5989	2
5990	1
5991	1
5992	2
5993	4
5994	0
5995	3
5996	2
5997	5
5998	5
5999	3
6000	3
6001	3
6002	3
6003	3
6004	3
6005	1
6006	4
6007	4
6008	4
6009	1
6010	6
6011	1
6012	1
6013	3
6014	0
6015	4
6016	2
6017	0
6018	7
6019	6
6020	2
6021	2
6022	3
6023	3
6024	4
6025	4
6026	1
6027	1
6028	9
6029	3
6030	4
6031	5
6032	4
6033	5
6034	3
6035	3
6036	3
6037	0
6038	6
6039	5
6040	2
6041	5
6042	2
6043	4
6044	2
6045	3
6046	3
6047	2
6048	1
6049	2
6050	3
6051	3
6052	3
6053	4
6054	1
6055	2
6056	2
6057	1
6058	1
6059	0
6060	3
6061	2
6062	1
6063	5
6064	0
6065	4
6066	2
6067	3
6068	1
6069	2
6070	0
6071	4
6072	5
6073	3
6074	4
6075	3
6076	2
6077	2
6078	4
6079	7
6080	2
6081	5
6082	1
6083	0
6084	5
6085	0
6086	4
6087	2
6088	4
6089	3
6090	5
6091	1
6092	6
6093	5
6094	7
6095	4
6096	2
6097	1
6098	5
6099	5
6100	7
6101	3
6102	4
6103	3
6104	3
6105	3
6106	4
6107	4
6108	0
6109	3
6110	4
6111	6
6112	4
6113	3
6114	5
6115	1
6116	4
6117	2
6118	4
6119	4
6120	3
6121	6
6122	2
6123	2
6124	0
6125	4
6126	0
6127	2
6128	1
6129	0
6130	2
6131	0
6132	0
6133	1
6134	5
6135	6
6136	3
6137	8
6138	5
6139	3
6140	2
6141	1
6142	2
6143	3
6144	1
6145	0
6146	5
6147	1
6148	4
6149	6
6150	4
6151	2
6152	9
6153	1
6154	4
6155	3
6156	4
6157	1
6158	5
6159	3
6160	1
6161	0
6162	2
6163	7
6164	3
6165	2
6166	3
6167	3
6168	6
6169	3
6170	4
6171	0
6172	6
6173	0
6174	2
6175	5
6176	2
6177	1
6178	3
6179	0
6180	2
6181	4
6182	0
6183	2
6184	4
6185	0
6186	1
6187	6
6188	1
6189	3
6190	1
6191	0
6192	4
6193	2
6194	2
6195	1
6196	3
6197	3
6198	1
6199	2
6200	3
6201	3
6202	4
6203	2
6204	3
6205	3
6206	1
6207	3
6208	0
6209	5
6210	0
6211	2
6212	3
6213	2
6214	2
6215	1
6216	4
6217	5
6218	4
6219	1
6220	1
6221	0
6222	0
6223	2
6224	2
6225	2
6226	1
6227	1
6228	3
6229	1
6230	3
6231	2
6232	2
6233	3
6234	1
6235	1
6236	4
6237	4
6238	4
6239	2
6240	3
6241	3
6242	3
6243	3
6244	4
6245	1
6246	1
6247	2
6248	3
6249	4
6250	1
6251	2
6252	4
6253	1
6254	4
6255	3
6256	4
6257	3
6258	1
6259	2
6260	1
6261	1
6262	2
6263	3
6264	3
6265	0
6266	5
6267	5
6268	1
6269	0
6270	3
6271	2
6272	2
6273	2
6274	1
6275	1
6276	2
6277	2
6278	3
6279	2
6280	5
6281	2
6282	3
6283	2
6284	5
6285	1
6286	3
6287	0
6288	3
6289	2
6290	1
6291	0
6292	6
6293	2
6294	0
6295	2
6296	3
6297	3
6298	0
6299	2
6300	4
6301	3
6302	0
6303	4
6304	1
6305	3
6306	1
6307	1
6308	1
6309	2
6310	3
6311	2
6312	3
6313	7
6314	1
6315	4
6316	2
6317	2
6318	1
6319	3
6320	2
6321	4
6322	2
6323	1
6324	0
6325	2
6326	0
6327	4
6328	0
6329	2
6330	3
6331	3
6332	1
6333	5
6334	0
6335	0
6336	3
6337	6
6338	2
6339	4
6340	2
6341	3
6342	4
6343	2
6344	4
6345	0
6346	1
6347	4
6348	0
6349	2
6350	1
6351	1
6352	3
6353	1
6354	0
6355	2
6356	3
6357	4
6358	2
6359	3
6360	2
6361	1
6362	3
6363	2
6364	0
6365	1
6366	2
6367	1
6368	1
6369	2
6370	3
6371	3
6372	1
6373	1
6374	0
6375	2
6376	0
6377	3
6378	1
6379	2
6380	2
6381	2
6382	7
6383	2
6384	0
6385	2
6386	3
6387	2
6388	3
6389	0
6390	3
6391	0
6392	4
6393	1
6394	4
6395	0
6396	2
6397	2
6398	1
6399	2
6400	4
6401	0
6402	4
6403	3
6404	2
6405	0
6406	0
6407	2
6408	4
6409	2
6410	0
6411	2
6412	1
6413	1
6414	1
6415	4
6416	2
6417	3
6418	1
6419	3
6420	1
6421	0
6422	6
6423	2
6424	2
6425	2
6426	1
6427	0
6428	1
6429	3
6430	4
6431	3
6432	3
6433	1
6434	0
6435	3
6436	0
6437	5
6438	2
6439	2
6440	1
6441	2
6442	1
6443	1
6444	0
6445	4
6446	3
6447	1
6448	1
6449	0
6450	1
6451	3
6452	4
6453	4
6454	1
6455	1
6456	1
6457	2
6458	2
6459	3
6460	3
6461	2
6462	4
6463	2
6464	1
6465	2
6466	1
6467	1
6468	1
6469	1
6470	1
6471	3
6472	2
6473	4
6474	1
6475	1
6476	4
6477	1
6478	6
6479	1
6480	1
6481	3
6482	2
6483	2
6484	1
6485	2
6486	2
6487	1
6488	1
6489	3
6490	3
6491	2
6492	1
6493	0
6494	4
6495	3
6496	2
6497	3
6498	0
6499	3
6500	3
6501	1
6502	0
6503	4
6504	2
6505	1
6506	0
6507	0
6508	4
6509	2
6510	1
6511	3
6512	3
6513	1
6514	1
6515	0
6516	2
6517	3
6518	1
6519	2
6520	1
6521	0
6522	2
6523	3
6524	0
6525	1
6526	2
6527	0
6528	1
6529	3
6530	1
6531	3
6532	1
6533	1
6534	3
6535	2
6536	1
6537	3
6538	1
6539	4
6540	1
6541	2
6542	3
6543	1
6544	1
6545	0
6546	1
6547	4
6548	2
6549	2
6550	0
6551	2
6552	0
6553	0
6554	3
6555	1
6556	2
6557	4
6558	3
6559	1
6560	2
6561	4
6562	1
6563	1
6564	2
6565	0
6566	0
6567	0
6568	2
6569	3
6570	2
6571	2
6572	1
6573	0
6574	2
6575	2
6576	5
6577	1
6578	1
6579	3
6580	1
6581	3
6582	3
6583	1
6584	1
6585	2
6586	3
6587	1
6588	1
6589	4
6590	6
6591	1
6592	0
6593	1
6594	3
6595	3
6596	0
6597	4
6598	1
6599	0
6600	0
6601	2
6602	2
6603	1
6604	3
6605	0
6606	1
6607	2
6608	1
6609	0
6610	0
6611	0
6612	1
6613	2
6614	0
6615	1
6616	0
6617	0
6618	2
6619	1
6620	2
6621	1
6622	1
6623	1
6624	1
6625	3
6626	1
6627	3
6628	3
6629	2
6630	4
6631	1
6632	2
6633	0
6634	0
6635	3
6636	1
6637	4
6638	1
6639	2
6640	1
6641	5
6642	2
6643	0
6644	1
6645	1
6646	0
6647	2
6648	3
6649	5
6650	3
6651	3
6652	3
6653	2
6654	1
6655	2
6656	1
6657	3
6658	2
6659	1
6660	1
6661	2
6662	0
6663	2
6664	0
6665	1
6666	0
6667	0
6668	0
6669	1
6670	2
6671	2
6672	3
6673	1
6674	0
6675	2
6676	0
6677	0
6678	2
6679	2
6680	1
6681	1
6682	2
6683	0
6684	0
6685	3
6686	0
6687	0
6688	2
6689	0
6690	1
6691	1
6692	1
6693	3
6694	2
6695	2
6696	1
6697	4
6698	1
6699	1
6700	2
6701	1
6702	1
6703	2
6704	0
6705	1
6706	2
6707	2
6708	1
6709	2
6710	0
6711	4
6712	1
6713	0
6714	1
6715	0
6716	0
6717	0
6718	1
6719	1
6720	0
6721	1
6722	0
6723	0
6724	0
6725	1
6726	1
6727	0
6728	0
6729	3
6730	2
6731	1
6732	2
6733	0
6734	2
6735	0
6736	1
6737	0
6738	5
6739	1
6740	0
6741	1
6742	1
6743	0
6744	4
6745	2
6746	1
6747	1
6748	1
6749	2
6750	2
6751	2
6752	1
6753	0
6754	1
6755	1
6756	2
6757	2
6758	0
6759	1
6760	2
6761	3
6762	4
6763	0
6764	3
6765	1
6766	2
6767	0
6768	2
6769	4
6770	1
6771	2
6772	0
6773	2
6774	2
6775	3
6776	3
6777	1
6778	0
6779	0
6780	1
6781	1
6782	1
6783	3
6784	2
6785	0
6786	1
6787	3
6788	0
6789	0
6790	0
6791	5
6792	2
6793	1
6794	0
6795	1
6796	1
6797	0
6798	3
6799	1
6800	0
6801	1
6802	2
6803	0
6804	0
6805	1
6806	0
6807	0
6808	0
6809	1
6810	0
6811	0
6812	0
6813	2
6814	0
6815	1
6816	0
6817	0
6818	0
6819	1
6820	0
6821	1
6822	0
6823	0
6824	4
6825	0
6826	0
6827	0
6828	3
6829	2
6830	0
6831	1
6832	0
6833	0
6834	4
6835	0
6836	1
6837	1
6838	0
6839	1
6840	0
6841	0
6842	0
6843	1
6844	1
6845	0
6846	0
6847	1
6848	0
6849	0
6850	1
6851	0
6852	2
6853	0
6854	0
6855	0
6856	3
6857	0
6858	3
6859	1
6860	3
6861	2
6862	1
6863	1
6864	1
6865	3
6866	1
6867	0
6868	2
6869	1
6870	1
6871	1
6872	1
6873	1
6874	0
6875	0
6876	0
6877	1
6878	0
6879	2
6880	1
6881	2
6882	1
6883	1
6884	2
6885	0
6886	1
6887	1
6888	1
6889	0
6890	0
6891	0
6892	0
6893	0
6894	1
6895	3
6896	2
6897	1
6898	1
6899	1
6900	1
6901	1
6902	2
6903	1
6904	1
6905	0
6906	2
6907	2
6908	0
6909	0
6910	0
6911	0
6912	0
6913	2
6914	0
6915	0
6916	1
6917	1
6918	1
6919	2
6920	0
6921	2
6922	0
6923	1
6924	0
6925	2
6926	0
6927	3
6928	0
6929	0
6930	1
6931	0
6932	0
6933	0
6934	1
6935	0
6936	1
6937	0
6938	1
6939	1
6940	1
6941	1
6942	1
6943	3
6944	1
6945	0
6946	0
6947	1
6948	0
6949	1
6950	1
6951	1
6952	2
6953	1
6954	2
6955	1
6956	0
6957	1
6958	1
6959	1
6960	0
6961	0
6962	1
6963	1
6964	2
6965	1
6966	1
6967	0
6968	0
6969	0
6970	1
6971	1
6972	1
6973	1
6974	0
6975	0
6976	1
6977	0
6978	0
6979	1
6980	1
6981	2
6982	0
6983	0
6984	0
6985	0
6986	1
6987	1
6988	3
6989	0
6990	0
6991	1
6992	0
6993	2
6994	1
6995	0
6996	0
6997	2
6998	0
6999	0
7000	1
7001	0
7002	0
7003	0
7004	2
7005	0
7006	1
7007	0
7008	0
7009	0
7010	0
7011	0
7012	1
7013	0
7014	0
7015	1
7016	0
7017	1
7018	1
7019	1
7020	1
7021	0
7022	0
7023	0
7024	0
7025	0
7026	1
7027	2
7028	0
7029	0
7030	1
7031	2
7032	0
7033	0
7034	1
7035	0
7036	1
7037	0
7038	0
7039	1
7040	0
7041	0
7042	0
7043	1
7044	1
7045	1
7046	0
7047	1
7048	1
7049	0
7050	0
7051	0
7052	0
7053	0
7054	2
7055	0
7056	1
7057	1
7058	0
7059	1
7060	0
7061	0
7062	1
7063	1
7064	2
7065	0
7066	2
7067	0
7068	0
7069	0
7070	0
7071	1
7072	2
7073	0
7074	0
7075	0
7076	0
7077	1
7078	1
7079	0
7080	0
7081	1
7082	1
7083	1
7084	0
7085	0
7086	1
7087	0
7088	0
7089	0
7090	0
7091	0
7092	1
7093	1
7094	0
7095	0
7096	0
7097	1
7098	0
7099	1
7100	0
7101	0
7102	0
7103	1
7104	2
7105	2
7106	0
7107	1
7108	0
7109	0
7110	0
7111	0
7112	2
7113	0
7114	0
7115	0
7116	2
7117	0
7118	0
7119	0
7120	0
7121	1
7122	1
7123	0
7124	1
7125	1
7126	1
7127	0
7128	0
7129	2
7130	1
7131	0
7132	1
7133	0
7134	1
7135	0
7136	0
7137	0
7138	1
7139	1
7140	1
7141	0
7142	1
7143	0
7144	0
7145	0
7146	1
7147	2
7148	1
7149	0
7150	1
7151	0
7152	0
7153	1
7154	0
7155	0
7156	0
7157	0
7158	0
7159	3
7160	0
7161	1
7162	0
7163	0
7164	0
7165	1
7166	0
7167	0
7168	1
7169	0
7170	0
7171	1
7172	0
7173	0
7174	1
7175	0
7176	1
7177	1
7178	1
7179	0
7180	0
7181	0
7182	2
7183	0
7184	0
7185	0
7186	0
7187	1
7188	1
7189	1
7190	0
7191	0
7192	0
7193	2
7194	1
7195	0
7196	0
7197	0
7198	0
7199	2
7200	1
7201	0
7202	0
7203	1
7204	1
7205	1
7206	0
7207	1
7208	1
7209	1
7210	2
7211	1
7212	1
7213	0
7214	2
7215	0
7216	0
7217	0
7218	0
7219	0
7220	0
7221	2
7222	1
7223	1
7224	0
7225	1
7226	0
7227	0
7228	2
7229	2
7230	0
7231	1
7232	1
7233	2
7234	0
7235	1
7236	0
7237	0
7238	3
7239	0
7240	1
7241	0
7242	0
7243	1
7244	0
7245	0
7246	0
7247	1
7248	3
7249	1
7250	0
7251	0
7252	1
7253	1
7254	1
7255	0
7256	2
7257	1
7258	0
7259	0
7260	1
7261	1
7262	0
7263	0
7264	1
7265	1
7266	0
7267	0
7268	0
7269	1
7270	2
7271	0
7272	0
7273	1
7274	0
7275	0
7276	0
7277	1
7278	0
7279	1
7280	1
7281	0
7282	2
7283	0
7284	1
7285	0
7286	1
7287	0
7288	0
7289	0
7290	0
7291	0
7292	0
7293	1
7294	1
7295	0
7296	2
7297	3
7298	0
7299	0
7300	2
7301	0
7302	1
7303	0
7304	2
7305	1
7306	0
7307	0
7308	0
7309	1
7310	0
7311	0
7312	1
7313	0
7314	0
7315	1
7316	0
7317	1
7318	0
7319	0
7320	0
7321	1
7322	0
7323	0
7324	0
7325	2
7326	1
7327	0
7328	0
7329	1
7330	1
7331	0
7332	0
7333	0
7334	0
7335	1
7336	0
7337	1
7338	0
7339	1
7340	0
7341	0
7342	1
7343	1
7344	2
7345	2
7346	0
7347	0
7348	0
7349	1
7350	1
7351	0
7352	2
7353	0
7354	1
7355	0
7356	2
7357	0
7358	1
7359	0
7360	0
7361	0
7362	0
7363	0
7364	0
7365	0
7366	2
7367	0
7368	0
7369	0
7370	0
7371	1
7372	0
7373	0
7374	0
7375	0
7376	0
7377	0
7378	0
7379	0
7380	1
7381	1
7382	0
7383	0
7384	0
7385	1
7386	2
7387	0
7388	1
7389	0
7390	0
7391	1
7392	0
7393	1
7394	1
7395	0
7396	1
7397	1
7398	0
7399	0
7400	0
7401	0
7402	0
7403	0
7404	1
7405	0
7406	1
7407	0
7408	0
7409	1
7410	1
7411	1
7412	0
7413	1
7414	1
7415	0
7416	1
7417	1
7418	1
7419	1
7420	0
7421	4
7422	1
7423	0
7424	0
7425	0
7426	0
7427	1
7428	0
7429	0
7430	0
7431	0
7432	0
7433	0
7434	0
7435	0
7436	0
7437	1
7438	0
7439	0
7440	1
7441	0
7442	0
7443	0
7444	1
7445	0
7446	0
7447	0
7448	1
7449	0
7450	0
7451	2
7452	0
7453	0
7454	0
7455	2
7456	1
7457	0
7458	0
7459	0
7460	0
7461	0
7462	1
7463	0
7464	0
7465	1
7466	0
7467	0
7468	0
7469	0
7470	1
7471	0
7472	1
7473	1
7474	0
7475	0
7476	0
7477	1
7478	0
7479	0
7480	0
7481	1
7482	0
7483	0
7484	0
7485	0
7486	1
7487	0
7488	0
7489	1
7490	0
7491	2
7492	0
7493	0
7494	1
7495	0
7496	0
7497	2
7498	0
7499	0
7500	1
7501	2
7502	0
7503	1
7504	1
7505	1
7506	0
7507	0
7508	1
7509	0
7510	0
7511	0
7512	3
7513	0
7514	0
7515	1
7516	0
7517	0
7518	0
7519	0
7520	1
7521	1
7522	1
7523	1
7524	1
7525	0
7526	1
7527	0
7528	1
7529	0
7530	0
7531	0
7532	1
7533	1
7534	0
7535	1
7536	1
7537	1
7538	0
7539	0
7540	1
7541	0
7542	1
7543	0
7544	2
7545	0
7546	0
7547	0
7548	0
7549	2
7550	0
7551	1
7552	1
7553	1
7554	0
7555	1
7556	1
7557	0
7558	0
7559	1
7560	0
7561	1
7562	0
7563	0
7564	1
7565	0
7566	0
7567	0
7568	0
7569	0
7570	0
7571	1
7572	0
7573	1
7574	1
7575	0
7576	1
7577	1
7578	1
7579	1
7580	0
7581	1
7582	1
7583	0
7584	0
7585	0
7586	1
7587	0
7588	2
7589	1
7590	0
7591	0
7592	2
7593	0
7594	0
7595	2
7596	0
7597	0
7598	0
7599	2
7600	0
7601	1
7602	1
7603	1
7604	0
7605	0
7606	1
7607	0
7608	0
7609	1
7610	0
7611	0
7612	0
7613	1
7614	2
7615	2
7616	1
7617	0
7618	0
7619	1
7620	0
7621	0
7622	0
7623	1
7624	0
7625	1
7626	1
7627	0
7628	1
7629	1
7630	0
7631	0
7632	0
7633	0
7634	0
7635	0
7636	1
7637	0
7638	0
7639	0
7640	0
7641	2
7642	1
7643	0
7644	2
7645	0
7646	0
7647	0
7648	1
7649	2
7650	1
7651	0
7652	1
7653	1
7654	2
7655	0
7656	0
7657	0
7658	2
7659	1
7660	0
7661	2
7662	0
7663	1
7664	0
7665	0
7666	1
7667	0
7668	1
7669	0
7670	0
7671	1
7672	1
7673	1
7674	1
7675	0
7676	0
7677	0
7678	0
7679	0
7680	0
7681	1
7682	1
7683	0
7684	0
7685	2
7686	0
7687	1
7688	1
7689	1
7690	1
7691	0
7692	0
7693	0
7694	1
7695	0
7696	2
7697	0
7698	0
7699	1
7700	0
7701	1
7702	0
7703	1
7704	1
7705	0
7706	0
7707	1
7708	0
7709	0
7710	0
7711	1
7712	2
7713	0
7714	0
7715	0
7716	0
7717	1
7718	0
7719	1
7720	0
7721	0
7722	1
7723	1
7724	1
7725	0
7726	0
7727	0
7728	1
7729	1
7730	1
7731	3
7732	0
7733	0
7734	0
7735	2
7736	0
7737	0
7738	1
7739	0
7740	0
7741	2
7742	0
7743	0
7744	0
7745	1
7746	0
7747	0
7748	0
7749	0
7750	0
7751	0
7752	0
7753	0
7754	0
7755	1
7756	0
7757	1
7758	1
7759	1
7760	0
7761	1
7762	1
7763	0
7764	0
7765	0
7766	1
7767	0
7768	0
7769	0
7770	1
7771	0
7772	1
7773	0
7774	1
7775	0
7776	0
7777	0
7778	0
7779	1
7780	0
7781	0
7782	0
7783	0
7784	1
7785	0
7786	0
7787	0
7788	0
7789	0
7790	0
7791	0
7792	1
7793	0
7794	0
7795	0
7796	0
7797	0
7798	0
7799	0
7800	1
7801	0
7802	2
7803	2
7804	0
7805	0
7806	2
7807	0
7808	0
7809	1
7810	0
7811	1
7812	1
7813	1
7814	0
7815	0
7816	0
7817	1
7818	0
7819	1
7820	0
7821	0
7822	0
7823	2
7824	1
7825	1
7826	1
7827	1
7828	0
7829	2
7830	1
7831	0
7832	0
7833	1
7834	0
7835	0
7836	0
7837	0
7838	1
7839	0
7840	0
7841	0
7842	0
7843	0
7844	0
7845	1
7846	2
7847	2
7848	0
7849	0
7850	0
7851	0
7852	0
7853	0
7854	0
7855	1
7856	1
7857	2
7858	1
7859	0
7860	2
7861	1
7862	1
7863	0
7864	0
7865	0
7866	1
7867	0
7868	1
7869	1
7870	0
7871	0
7872	0
7873	1
7874	1
7875	0
7876	1
7877	0
7878	0
7879	0
7880	0
7881	0
7882	0
7883	1
7884	0
7885	0
7886	0
7887	1
7888	2
7889	0
7890	1
7891	1
7892	0
7893	0
7894	0
7895	0
7896	0
7897	0
7898	0
7899	2
7900	0
7901	1
7902	0
7903	2
7904	0
7905	1
7906	0
7907	0
7908	1
7909	0
7910	1
7911	0
7912	1
7913	0
7914	0
7915	0
7916	0
7917	0
7918	0
7919	0
7920	1
7921	0
7922	1
7923	0
7924	1
7925	0
7926	1
7927	1
7928	0
7929	1
7930	0
7931	1
7932	1
7933	0
7934	0
7935	0
7936	0
7937	0
7938	1
7939	0
7940	0
7941	1
7942	0
7943	0
7944	0
7945	0
7946	0
7947	2
7948	0
7949	0
7950	0
7951	1
7952	1
7953	0
7954	0
7955	0
7956	0
7957	0
7958	0
7959	0
7960	0
7961	2
7962	0
7963	0
7964	0
7965	1
7966	0
7967	0
7968	0
7969	0
7970	1
7971	0
7972	0
7973	0
7974	0
7975	0
7976	0
7977	0
7978	1
7979	1
7980	1
7981	0
7982	1
7983	0
7984	1
7985	0
7986	0
7987	1
7988	0
7989	1
7990	0
7991	0
7992	0
7993	0
7994	0
7995	0
7996	0
7997	0
7998	0
7999	0
8000	1
8001	0
8002	0
8003	0
8004	0
8005	0
8006	0
8007	0
8008	0
8009	0
8010	0
8011	0
8012	1
8013	2
8014	1
8015	2
8016	0
8017	0
8018	0
8019	0
8020	1
8021	2
8022	1
8023	2
8024	0
8025	0
8026	0
8027	1
8028	1
8029	1
8030	0
8031	1
8032	0
8033	0
8034	0
8035	0
8036	0
8037	0
8038	0
8039	1
8040	0
8041	0
8042	0
8043	0
8044	0
8045	1
8046	2
8047	0
8048	1
8049	1
8050	0
8051	0
8052	0
8053	1
8054	2
8055	1
8056	0
8057	0
8058	0
8059	1
8060	0
8061	0
8062	1
8063	0
8064	0
8065	0
8066	0
8067	1
8068	2
8069	0
8070	0
8071	1
8072	0
8073	1
8074	1
8075	0
8076	0
8077	0
8078	0
8079	1
8080	0
8081	0
8082	1
8083	0
8084	0
8085	0
8086	0
8087	0
8088	0
8089	0
8090	0
8091	0
8092	0
8093	0
8094	0
8095	0
8096	0
8097	0
8098	0
8099	0
8100	0
8101	0
8102	0
8103	0
8104	0
8105	0
8106	0
8107	0
8108	0
8109	0
8110	0
8111	0
8112	0
8113	0
8114	0
8115	0
8116	0
8117	0
8118	0
8119	0
8120	0
8121	0
8122	0
8123	0
8124	0
8125	0
8126	0
8127	0
8128	0
8129	0
8130	0
8131	0
8132	0
8133	0
8134	0
8135	0
8136	0
8137	0
8138	0
8139	0
8140	0
8141	0
8142	0
8143	0
8144	0
8145	0
8146	0
8147	0
8148	0
8149	0
8150	0
8151	0
8152	0
8153	0
8154	0
8155	0
8156	0
8157	0
8158	0
8159	0
8160	0
8161	0
8162	0
8163	0
8164	0
8165	0
8166	0
8167	0
8168	0
8169	0
8170	0
8171	0
8172	0
8173	0
8174	0
8175	0
8176	0
8177	0
8178	0
8179	0
8180	0
8181	0
8182	0
8183	0
8184	0
8185	0
8186	0
8187	0
8188	0
8189	0
8190	0
8191	0
