0	0
1	0
2	0
3	0
4	0
5	0
6	0
7	0
8	0
9	0
10	0
11	0
12	0
13	0
14	0
15	0
16	0
17	0
18	0
19	0
20	0
21	0
22	0
23	0
24	0
25	0
26	0
27	0
28	0
29	0
30	0
31	0
32	0
33	0
34	0
35	0
36	0
37	0
38	0
39	0
40	0
41	0
42	0
43	0
44	0
45	0
46	0
47	0
48	0
49	0
50	0
51	0
52	0
53	0
54	0
55	0
56	0
57	0
58	0
59	0
60	0
61	0
62	0
63	0
64	0
65	0
66	0
67	0
68	0
69	0
70	0
71	0
72	0
73	0
74	0
75	0
76	0
77	0
78	0
79	0
80	0
81	0
82	0
83	1
84	0
85	3
86	5
87	10
88	11
89	13
90	7
91	12
92	8
93	11
94	7
95	6
96	6
97	8
98	6
99	10
100	11
101	6
102	6
103	4
104	11
105	0
106	12
107	4
108	8
109	7
110	4
111	3
112	7
113	5
114	9
115	5
116	3
117	8
118	3
119	8
120	5
121	9
122	7
123	5
124	6
125	9
126	1
127	6
128	5
129	6
130	6
131	4
132	9
133	10
134	2
135	7
136	1
137	5
138	7
139	4
140	7
141	7
142	9
143	6
144	8
145	5
146	8
147	8
148	3
149	5
150	9
151	4
152	6
153	7
154	7
155	6
156	4
157	2
158	11
159	4
160	5
161	6
162	4
163	5
164	3
165	6
166	6
167	5
168	7
169	1
170	3
171	4
172	5
173	4
174	1
175	2
176	5
177	4
178	11
179	5
180	8
181	3
182	4
183	8
184	5
185	2
186	4
187	1
188	5
189	12
190	3
191	6
192	8
193	7
194	4
195	5
196	8
197	3
198	4
199	1
200	6
201	8
202	10
203	6
204	7
205	10
206	6
207	4
208	3
209	5
210	4
211	8
212	2
213	3
214	4
215	9
216	5
217	7
218	5
219	5
220	12
221	3
222	7
223	12
224	5
225	4
226	12
227	5
228	6
229	3
230	2
231	5
232	4
233	7
234	3
235	10
236	4
237	6
238	2
239	4
240	4
241	2
242	0
243	10
244	1
245	5
246	3
247	5
248	3
249	5
250	11
251	6
252	4
253	3
254	6
255	8
256	10
257	7
258	7
259	9
260	9
261	5
262	5
263	2
264	5
265	3
266	6
267	6
268	8
269	4
270	7
271	9
272	4
273	7
274	3
275	11
276	6
277	4
278	6
279	5
280	7
281	1
282	6
283	5
284	9
285	10
286	1
287	4
288	4
289	8
290	7
291	6
292	5
293	3
294	9
295	9
296	6
297	3
298	4
299	7
300	8
301	5
302	6
303	15
304	11
305	7
306	2
307	6
308	9
309	8
310	4
311	4
312	6
313	8
314	7
315	11
316	5
317	7
318	6
319	2
320	5
321	4
322	6
323	2
324	6
325	6
326	4
327	6
328	10
329	4
330	5
331	10
332	6
333	5
334	6
335	6
336	7
337	5
338	10
339	9
340	8
341	7
342	8
343	7
344	11
345	6
346	5
347	7
348	4
349	6
350	5
351	6
352	8
353	3
354	6
355	7
356	5
357	5
358	11
359	6
360	9
361	4
362	4
363	5
364	5
365	2
366	8
367	12
368	5
369	6
370	2
371	4
372	7
373	11
374	5
375	6
376	3
377	7
378	9
379	4
380	8
381	3
382	8
383	8
384	6
385	7
386	7
387	4
388	5
389	8
390	6
391	4
392	3
393	8
394	7
395	11
396	6
397	12
398	7
399	8
400	6
401	9
402	5
403	7
404	5
405	11
406	7
407	5
408	7
409	5
410	1
411	9
412	5
413	11
414	4
415	10
416	6
417	8
418	5
419	7
420	7
421	5
422	6
423	4
424	4
425	7
426	4
427	9
428	10
429	7
430	2
431	9
432	11
433	4
434	6
435	6
436	9
437	6
438	8
439	7
440	6
441	1
442	3
443	8
444	3
445	7
446	5
447	8
448	9
449	8
450	11
451	12
452	4
453	7
454	7
455	3
456	5
457	6
458	6
459	7
460	2
461	10
462	9
463	5
464	7
465	7
466	8
467	3
468	4
469	7
470	6
471	6
472	9
473	6
474	14
475	7
476	5
477	5
478	7
479	8
480	5
481	2
482	10
483	9
484	5
485	2
486	10
487	7
488	5
489	9
490	3
491	3
492	7
493	4
494	2
495	9
496	6
497	9
498	6
499	7
500	8
501	6
502	5
503	4
504	6
505	9
506	12
507	7
508	12
509	9
510	4
511	12
512	2
513	6
514	8
515	9
516	6
517	8
518	7
519	8
520	8
521	8
522	9
523	8
524	1
525	8
526	8
527	6
528	2
529	6
530	6
531	5
532	6
533	4
534	11
535	7
536	10
537	5
538	11
539	5
540	6
541	6
542	4
543	12
544	7
545	10
546	4
547	7
548	8
549	6
550	9
551	11
552	11
553	8
554	1
555	11
556	5
557	7
558	8
559	2
560	5
561	7
562	7
563	5
564	8
565	7
566	7
567	7
568	7
569	9
570	7
571	5
572	3
573	15
574	11
575	8
576	2
577	8
578	0
579	10
580	5
581	7
582	4
583	4
584	5
585	12
586	9
587	3
588	4
589	2
590	3
591	7
592	4
593	5
594	4
595	10
596	7
597	8
598	3
599	7
600	7
601	3
602	11
603	5
604	9
605	5
606	9
607	13
608	3
609	7
610	8
611	8
612	12
613	10
614	7
615	10
616	7
617	5
618	5
619	6
620	4
621	8
622	5
623	7
624	8
625	7
626	6
627	12
628	4
629	11
630	2
631	9
632	7
633	8
634	7
635	10
636	6
637	6
638	8
639	4
640	10
641	11
642	7
643	11
644	9
645	5
646	4
647	8
648	4
649	11
650	8
651	7
652	11
653	9
654	10
655	8
656	5
657	7
658	11
659	6
660	7
661	12
662	8
663	3
664	10
665	3
666	8
667	10
668	7
669	11
670	3
671	10
672	5
673	9
674	3
675	9
676	8
677	12
678	7
679	3
680	8
681	5
682	10
683	8
684	8
685	9
686	9
687	10
688	8
689	10
690	5
691	11
692	10
693	12
694	6
695	8
696	9
697	10
698	16
699	8
700	7
701	13
702	10
703	4
704	11
705	13
706	6
707	14
708	11
709	6
710	8
711	10
712	4
713	12
714	6
715	6
716	8
717	9
718	9
719	6
720	9
721	13
722	7
723	11
724	10
725	7
726	9
727	9
728	3
729	6
730	8
731	11
732	8
733	9
734	11
735	5
736	10
737	11
738	8
739	12
740	12
741	5
742	14
743	7
744	4
745	12
746	12
747	10
748	8
749	11
750	9
751	12
752	12
753	11
754	12
755	16
756	11
757	6
758	13
759	13
760	7
761	10
762	11
763	7
764	11
765	7
766	10
767	11
768	10
769	9
770	14
771	10
772	15
773	12
774	20
775	16
776	14
777	11
778	14
779	15
780	14
781	12
782	11
783	14
784	17
785	9
786	5
787	11
788	12
789	12
790	14
791	13
792	12
793	14
794	14
795	14
796	11
797	10
798	19
799	15
800	12
801	13
802	15
803	16
804	20
805	15
806	18
807	14
808	13
809	14
810	11
811	13
812	15
813	13
814	23
815	17
816	15
817	11
818	11
819	16
820	15
821	11
822	11
823	12
824	18
825	14
826	18
827	26
828	17
829	18
830	18
831	13
832	16
833	15
834	15
835	17
836	18
837	9
838	13
839	14
840	14
841	10
842	20
843	18
844	14
845	20
846	19
847	17
848	13
849	16
850	14
851	14
852	9
853	10
854	18
855	24
856	16
857	14
858	25
859	13
860	12
861	13
862	13
863	22
864	13
865	17
866	13
867	16
868	15
869	11
870	14
871	19
872	15
873	14
874	14
875	22
876	12
877	18
878	20
879	10
880	13
881	8
882	14
883	14
884	13
885	14
886	22
887	15
888	10
889	13
890	12
891	13
892	18
893	10
894	16
895	14
896	11
897	11
898	11
899	13
900	11
901	11
902	16
903	19
904	16
905	12
906	21
907	11
908	11
909	17
910	16
911	9
912	12
913	15
914	12
915	12
916	9
917	12
918	15
919	13
920	8
921	10
922	20
923	13
924	16
925	12
926	13
927	16
928	10
929	17
930	13
931	9
932	14
933	15
934	14
935	8
936	10
937	4
938	11
939	13
940	19
941	13
942	16
943	12
944	13
945	11
946	12
947	14
948	10
949	8
950	15
951	19
952	13
953	8
954	14
955	9
956	6
957	12
958	14
959	14
960	11
961	10
962	15
963	10
964	16
965	9
966	19
967	14
968	9
969	13
970	13
971	9
972	17
973	13
974	14
975	15
976	11
977	16
978	11
979	17
980	12
981	10
982	24
983	22
984	15
985	8
986	17
987	9
988	10
989	9
990	16
991	12
992	13
993	11
994	8
995	15
996	9
997	15
998	14
999	8
1000	12
1001	12
1002	11
1003	12
1004	18
1005	9
1006	22
1007	10
1008	14
1009	10
1010	6
1011	13
1012	10
1013	9
1014	10
1015	6
1016	7
1017	14
1018	8
1019	11
1020	11
1021	6
1022	14
1023	9
1024	11
1025	23
1026	13
1027	11
1028	13
1029	6
1030	13
1031	6
1032	7
1033	11
1034	14
1035	8
1036	12
1037	8
1038	13
1039	7
1040	6
1041	9
1042	8
1043	9
1044	6
1045	6
1046	15
1047	4
1048	13
1049	11
1050	7
1051	12
1052	8
1053	10
1054	7
1055	17
1056	10
1057	8
1058	11
1059	8
1060	11
1061	9
1062	12
1063	10
1064	9
1065	10
1066	12
1067	9
1068	8
1069	4
1070	13
1071	13
1072	13
1073	12
1074	19
1075	10
1076	8
1077	12
1078	12
1079	5
1080	13
1081	12
1082	11
1083	7
1084	11
1085	8
1086	12
1087	7
1088	13
1089	11
1090	13
1091	14
1092	11
1093	10
1094	12
1095	13
1096	10
1097	15
1098	10
1099	12
1100	11
1101	9
1102	11
1103	5
1104	13
1105	10
1106	10
1107	17
1108	6
1109	20
1110	13
1111	9
1112	7
1113	10
1114	9
1115	13
1116	15
1117	15
1118	13
1119	8
1120	15
1121	15
1122	13
1123	12
1124	6
1125	11
1126	13
1127	10
1128	11
1129	11
1130	10
1131	8
1132	5
1133	8
1134	12
1135	14
1136	13
1137	12
1138	14
1139	8
1140	12
1141	18
1142	9
1143	7
1144	10
1145	12
1146	17
1147	15
1148	10
1149	16
1150	13
1151	9
1152	8
1153	10
1154	11
1155	13
1156	12
1157	10
1158	10
1159	9
1160	13
1161	11
1162	15
1163	6
1164	8
1165	9
1166	4
1167	9
1168	9
1169	8
1170	10
1171	10
1172	4
1173	10
1174	11
1175	11
1176	9
1177	13
1178	14
1179	15
1180	14
1181	9
1182	14
1183	6
1184	21
1185	9
1186	15
1187	12
1188	7
1189	15
1190	16
1191	10
1192	19
1193	13
1194	11
1195	10
1196	13
1197	9
1198	6
1199	12
1200	17
1201	6
1202	12
1203	11
1204	12
1205	9
1206	15
1207	11
1208	12
1209	5
1210	19
1211	13
1212	3
1213	10
1214	9
1215	18
1216	13
1217	11
1218	15
1219	6
1220	11
1221	17
1222	10
1223	16
1224	10
1225	6
1226	15
1227	9
1228	8
1229	13
1230	17
1231	7
1232	10
1233	9
1234	13
1235	12
1236	17
1237	13
1238	7
1239	10
1240	19
1241	18
1242	17
1243	15
1244	18
1245	13
1246	11
1247	16
1248	16
1249	17
1250	11
1251	13
1252	12
1253	16
1254	11
1255	10
1256	11
1257	11
1258	16
1259	14
1260	17
1261	10
1262	11
1263	16
1264	18
1265	14
1266	5
1267	13
1268	7
1269	11
1270	10
1271	4
1272	10
1273	8
1274	17
1275	17
1276	13
1277	11
1278	16
1279	15
1280	16
1281	12
1282	13
1283	12
1284	14
1285	16
1286	15
1287	15
1288	14
1289	13
1290	18
1291	12
1292	14
1293	9
1294	11
1295	18
1296	11
1297	10
1298	11
1299	9
1300	10
1301	7
1302	18
1303	11
1304	14
1305	14
1306	8
1307	17
1308	16
1309	20
1310	11
1311	12
1312	14
1313	16
1314	13
1315	13
1316	12
1317	16
1318	15
1319	10
1320	11
1321	8
1322	10
1323	15
1324	14
1325	15
1326	11
1327	15
1328	16
1329	9
1330	19
1331	9
1332	11
1333	15
1334	14
1335	10
1336	9
1337	13
1338	13
1339	16
1340	13
1341	14
1342	23
1343	8
1344	15
1345	18
1346	12
1347	13
1348	14
1349	12
1350	10
1351	10
1352	16
1353	12
1354	17
1355	12
1356	18
1357	16
1358	16
1359	14
1360	16
1361	14
1362	12
1363	13
1364	18
1365	19
1366	13
1367	23
1368	10
1369	11
1370	21
1371	11
1372	12
1373	12
1374	13
1375	14
1376	6
1377	13
1378	7
1379	8
1380	10
1381	17
1382	12
1383	13
1384	11
1385	15
1386	14
1387	9
1388	21
1389	15
1390	18
1391	20
1392	13
1393	21
1394	11
1395	13
1396	19
1397	21
1398	21
1399	13
1400	13
1401	19
1402	12
1403	11
1404	14
1405	8
1406	14
1407	17
1408	19
1409	17
1410	16
1411	21
1412	11
1413	17
1414	23
1415	12
1416	18
1417	14
1418	11
1419	5
1420	7
1421	13
1422	7
1423	15
1424	21
1425	10
1426	6
1427	18
1428	16
1429	14
1430	18
1431	14
1432	17
1433	11
1434	15
1435	15
1436	15
1437	12
1438	16
1439	25
1440	20
1441	17
1442	16
1443	17
1444	11
1445	13
1446	17
1447	16
1448	13
1449	18
1450	17
1451	15
1452	10
1453	7
1454	12
1455	12
1456	15
1457	19
1458	12
1459	22
1460	13
1461	14
1462	17
1463	19
1464	12
1465	5
1466	17
1467	21
1468	10
1469	12
1470	12
1471	16
1472	20
1473	11
1474	12
1475	13
1476	13
1477	16
1478	13
1479	14
1480	21
1481	17
1482	14
1483	17
1484	15
1485	16
1486	14
1487	8
1488	16
1489	17
1490	14
1491	18
1492	15
1493	16
1494	19
1495	13
1496	15
1497	19
1498	15
1499	14
1500	19
1501	15
1502	15
1503	14
1504	19
1505	16
1506	22
1507	15
1508	16
1509	17
1510	15
1511	16
1512	7
1513	17
1514	10
1515	25
1516	19
1517	17
1518	15
1519	16
1520	16
1521	19
1522	28
1523	13
1524	15
1525	19
1526	17
1527	13
1528	16
1529	15
1530	25
1531	9
1532	10
1533	13
1534	13
1535	17
1536	18
1537	12
1538	19
1539	23
1540	9
1541	16
1542	16
1543	16
1544	16
1545	11
1546	15
1547	21
1548	17
1549	26
1550	13
1551	16
1552	16
1553	18
1554	15
1555	17
1556	11
1557	13
1558	15
1559	18
1560	14
1561	22
1562	18
1563	20
1564	17
1565	12
1566	11
1567	8
1568	18
1569	19
1570	17
1571	8
1572	18
1573	18
1574	17
1575	14
1576	13
1577	14
1578	20
1579	20
1580	14
1581	15
1582	20
1583	18
1584	17
1585	18
1586	18
1587	22
1588	17
1589	21
1590	18
1591	19
1592	14
1593	13
1594	12
1595	20
1596	22
1597	13
1598	18
1599	18
1600	19
1601	14
1602	23
1603	20
1604	18
1605	21
1606	19
1607	19
1608	13
1609	18
1610	23
1611	20
1612	17
1613	12
1614	22
1615	18
1616	20
1617	16
1618	24
1619	22
1620	17
1621	25
1622	14
1623	8
1624	13
1625	22
1626	20
1627	15
1628	16
1629	16
1630	22
1631	12
1632	13
1633	13
1634	19
1635	17
1636	14
1637	11
1638	22
1639	19
1640	29
1641	12
1642	20
1643	15
1644	20
1645	18
1646	19
1647	19
1648	17
1649	19
1650	12
1651	18
1652	15
1653	19
1654	13
1655	18
1656	24
1657	19
1658	18
1659	10
1660	18
1661	10
1662	16
1663	15
1664	15
1665	23
1666	16
1667	18
1668	17
1669	16
1670	15
1671	12
1672	19
1673	23
1674	17
1675	16
1676	17
1677	23
1678	19
1679	13
1680	12
1681	17
1682	16
1683	10
1684	16
1685	17
1686	12
1687	18
1688	18
1689	20
1690	16
1691	20
1692	22
1693	19
1694	20
1695	20
1696	25
1697	16
1698	17
1699	14
1700	23
1701	17
1702	15
1703	17
1704	18
1705	19
1706	17
1707	19
1708	13
1709	21
1710	18
1711	20
1712	12
1713	11
1714	19
1715	20
1716	12
1717	11
1718	13
1719	13
1720	21
1721	14
1722	17
1723	17
1724	19
1725	15
1726	23
1727	16
1728	21
1729	18
1730	16
1731	19
1732	14
1733	17
1734	18
1735	17
1736	21
1737	17
1738	14
1739	16
1740	20
1741	19
1742	20
1743	15
1744	17
1745	17
1746	15
1747	16
1748	23
1749	19
1750	18
1751	17
1752	17
1753	22
1754	18
1755	16
1756	21
1757	20
1758	17
1759	16
1760	16
1761	19
1762	14
1763	24
1764	27
1765	12
1766	19
1767	12
1768	13
1769	19
1770	14
1771	20
1772	9
1773	20
1774	24
1775	16
1776	14
1777	16
1778	15
1779	14
1780	19
1781	21
1782	18
1783	22
1784	17
1785	13
1786	16
1787	18
1788	21
1789	15
1790	9
1791	12
1792	19
1793	18
1794	24
1795	12
1796	15
1797	20
1798	20
1799	11
1800	23
1801	12
1802	19
1803	26
1804	18
1805	18
1806	17
1807	22
1808	7
1809	20
1810	26
1811	18
1812	15
1813	21
1814	20
1815	17
1816	19
1817	19
1818	23
1819	18
1820	19
1821	16
1822	16
1823	14
1824	12
1825	18
1826	20
1827	27
1828	19
1829	12
1830	16
1831	23
1832	29
1833	13
1834	16
1835	19
1836	22
1837	17
1838	20
1839	24
1840	22
1841	23
1842	21
1843	17
1844	22
1845	20
1846	21
1847	18
1848	20
1849	24
1850	23
1851	31
1852	17
1853	25
1854	18
1855	27
1856	13
1857	17
1858	25
1859	17
1860	19
1861	20
1862	18
1863	29
1864	17
1865	14
1866	20
1867	21
1868	19
1869	27
1870	14
1871	14
1872	19
1873	21
1874	20
1875	20
1876	24
1877	20
1878	20
1879	21
1880	20
1881	12
1882	29
1883	27
1884	19
1885	19
1886	18
1887	17
1888	21
1889	20
1890	20
1891	21
1892	23
1893	24
1894	18
1895	22
1896	21
1897	22
1898	22
1899	22
1900	21
1901	19
1902	20
1903	20
1904	23
1905	21
1906	19
1907	21
1908	19
1909	12
1910	25
1911	19
1912	14
1913	23
1914	22
1915	30
1916	24
1917	15
1918	16
1919	24
1920	20
1921	13
1922	15
1923	18
1924	17
1925	22
1926	21
1927	16
1928	18
1929	16
1930	12
1931	32
1932	21
1933	13
1934	28
1935	18
1936	24
1937	24
1938	22
1939	22
1940	17
1941	29
1942	23
1943	20
1944	20
1945	24
1946	19
1947	26
1948	23
1949	26
1950	25
1951	18
1952	24
1953	31
1954	22
1955	18
1956	30
1957	20
1958	21
1959	19
1960	12
1961	21
1962	21
1963	21
1964	24
1965	18
1966	25
1967	16
1968	17
1969	19
1970	21
1971	30
1972	18
1973	27
1974	21
1975	22
1976	22
1977	22
1978	20
1979	24
1980	23
1981	29
1982	24
1983	21
1984	12
1985	16
1986	18
1987	11
1988	23
1989	15
1990	12
1991	21
1992	16
1993	25
1994	25
1995	24
1996	22
1997	14
1998	19
1999	19
2000	20
2001	34
2002	24
2003	19
2004	21
2005	31
2006	23
2007	11
2008	21
2009	17
2010	25
2011	22
2012	25
2013	24
2014	23
2015	27
2016	13
2017	24
2018	28
2019	19
2020	20
2021	19
2022	19
2023	28
2024	18
2025	21
2026	17
2027	26
2028	23
2029	16
2030	20
2031	26
2032	20
2033	15
2034	23
2035	16
2036	22
2037	24
2038	24
2039	22
2040	17
2041	23
2042	18
2043	24
2044	21
2045	18
2046	26
2047	16
2048	15
2049	28
2050	28
2051	8
2052	16
2053	17
2054	18
2055	26
2056	22
2057	19
2058	24
2059	18
2060	20
2061	14
2062	22
2063	17
2064	14
2065	17
2066	14
2067	13
2068	17
2069	20
2070	20
2071	21
2072	28
2073	27
2074	20
2075	18
2076	22
2077	26
2078	30
2079	17
2080	19
2081	29
2082	20
2083	22
2084	19
2085	22
2086	20
2087	21
2088	19
2089	15
2090	25
2091	26
2092	23
2093	32
2094	17
2095	25
2096	17
2097	22
2098	26
2099	19
2100	25
2101	29
2102	22
2103	37
2104	24
2105	30
2106	16
2107	21
2108	17
2109	40
2110	32
2111	22
2112	23
2113	19
2114	26
2115	18
2116	22
2117	29
2118	24
2119	17
2120	30
2121	16
2122	31
2123	24
2124	24
2125	21
2126	21
2127	32
2128	25
2129	26
2130	23
2131	28
2132	16
2133	26
2134	23
2135	22
2136	23
2137	20
2138	14
2139	29
2140	18
2141	17
2142	25
2143	25
2144	34
2145	24
2146	28
2147	30
2148	27
2149	26
2150	19
2151	32
2152	29
2153	22
2154	22
2155	21
2156	23
2157	29
2158	16
2159	27
2160	27
2161	25
2162	27
2163	19
2164	19
2165	22
2166	21
2167	19
2168	23
2169	25
2170	22
2171	25
2172	18
2173	20
2174	29
2175	29
2176	17
2177	25
2178	23
2179	23
2180	36
2181	24
2182	21
2183	16
2184	21
2185	17
2186	18
2187	26
2188	20
2189	21
2190	18
2191	25
2192	24
2193	23
2194	27
2195	31
2196	24
2197	23
2198	32
2199	27
2200	33
2201	40
2202	24
2203	30
2204	35
2205	24
2206	20
2207	31
2208	21
2209	26
2210	24
2211	20
2212	28
2213	30
2214	20
2215	31
2216	20
2217	29
2218	28
2219	20
2220	42
2221	34
2222	28
2223	23
2224	33
2225	25
2226	26
2227	20
2228	25
2229	25
2230	28
2231	32
2232	31
2233	25
2234	29
2235	22
2236	22
2237	16
2238	30
2239	20
2240	25
2241	30
2242	22
2243	35
2244	31
2245	22
2246	31
2247	26
2248	29
2249	29
2250	21
2251	38
2252	27
2253	32
2254	40
2255	29
2256	24
2257	32
2258	17
2259	23
2260	36
2261	35
2262	35
2263	28
2264	33
2265	31
2266	35
2267	28
2268	34
2269	31
2270	37
2271	28
2272	29
2273	40
2274	32
2275	38
2276	28
2277	30
2278	42
2279	28
2280	31
2281	25
2282	34
2283	32
2284	22
2285	30
2286	29
2287	33
2288	39
2289	32
2290	32
2291	32
2292	23
2293	26
2294	34
2295	21
2296	41
2297	28
2298	36
2299	30
2300	28
2301	16
2302	26
2303	28
2304	46
2305	37
2306	38
2307	31
2308	35
2309	32
2310	39
2311	25
2312	39
2313	29
2314	39
2315	27
2316	45
2317	34
2318	30
2319	34
2320	38
2321	29
2322	35
2323	26
2324	44
2325	40
2326	41
2327	34
2328	22
2329	37
2330	42
2331	40
2332	24
2333	35
2334	38
2335	42
2336	32
2337	36
2338	31
2339	31
2340	38
2341	29
2342	34
2343	34
2344	37
2345	36
2346	36
2347	29
2348	46
2349	35
2350	34
2351	51
2352	41
2353	37
2354	42
2355	30
2356	32
2357	22
2358	33
2359	38
2360	35
2361	41
2362	50
2363	39
2364	45
2365	43
2366	31
2367	57
2368	49
2369	43
2370	39
2371	43
2372	32
2373	36
2374	33
2375	41
2376	39
2377	39
2378	28
2379	30
2380	35
2381	30
2382	43
2383	42
2384	36
2385	38
2386	42
2387	36
2388	42
2389	39
2390	29
2391	46
2392	51
2393	43
2394	33
2395	52
2396	39
2397	31
2398	28
2399	31
2400	31
2401	33
2402	45
2403	34
2404	46
2405	39
2406	44
2407	37
2408	33
2409	34
2410	38
2411	45
2412	28
2413	28
2414	34
2415	39
2416	34
2417	43
2418	37
2419	41
2420	42
2421	35
2422	34
2423	37
2424	37
2425	37
2426	42
2427	46
2428	46
2429	45
2430	48
2431	45
2432	44
2433	43
2434	35
2435	35
2436	30
2437	38
2438	36
2439	54
2440	33
2441	42
2442	34
2443	32
2444	38
2445	31
2446	35
2447	35
2448	41
2449	23
2450	37
2451	38
2452	39
2453	33
2454	34
2455	44
2456	31
2457	38
2458	37
2459	41
2460	44
2461	30
2462	34
2463	54
2464	36
2465	46
2466	39
2467	30
2468	39
2469	48
2470	33
2471	39
2472	37
2473	37
2474	37
2475	21
2476	29
2477	41
2478	38
2479	48
2480	52
2481	28
2482	31
2483	48
2484	39
2485	36
2486	30
2487	39
2488	36
2489	35
2490	32
2491	33
2492	28
2493	39
2494	49
2495	37
2496	39
2497	36
2498	40
2499	22
2500	24
2501	35
2502	40
2503	31
2504	28
2505	30
2506	35
2507	34
2508	32
2509	27
2510	28
2511	34
2512	30
2513	32
2514	34
2515	27
2516	44
2517	38
2518	31
2519	25
2520	35
2521	38
2522	32
2523	62
2524	30
2525	33
2526	39
2527	28
2528	37
2529	40
2530	36
2531	30
2532	33
2533	30
2534	31
2535	26
2536	31
2537	25
2538	34
2539	33
2540	32
2541	45
2542	32
2543	23
2544	40
2545	23
2546	43
2547	38
2548	41
2549	24
2550	36
2551	32
2552	33
2553	45
2554	29
2555	38
2556	42
2557	27
2558	28
2559	32
2560	26
2561	21
2562	37
2563	30
2564	34
2565	39
2566	25
2567	22
2568	22
2569	28
2570	36
2571	16
2572	30
2573	28
2574	28
2575	33
2576	17
2577	27
2578	26
2579	14
2580	27
2581	23
2582	25
2583	35
2584	22
2585	41
2586	34
2587	37
2588	23
2589	31
2590	22
2591	15
2592	29
2593	28
2594	30
2595	28
2596	29
2597	28
2598	23
2599	29
2600	27
2601	27
2602	30
2603	29
2604	22
2605	27
2606	35
2607	31
2608	32
2609	22
2610	29
2611	25
2612	20
2613	29
2614	23
2615	21
2616	24
2617	21
2618	22
2619	18
2620	23
2621	27
2622	40
2623	25
2624	29
2625	30
2626	27
2627	28
2628	27
2629	27
2630	21
2631	32
2632	25
2633	24
2634	17
2635	22
2636	28
2637	28
2638	24
2639	18
2640	24
2641	33
2642	28
2643	23
2644	27
2645	15
2646	29
2647	29
2648	23
2649	26
2650	23
2651	21
2652	21
2653	28
2654	18
2655	22
2656	23
2657	23
2658	29
2659	23
2660	16
2661	26
2662	23
2663	19
2664	11
2665	25
2666	22
2667	13
2668	23
2669	19
2670	22
2671	28
2672	20
2673	16
2674	17
2675	23
2676	17
2677	29
2678	18
2679	25
2680	18
2681	26
2682	17
2683	22
2684	18
2685	23
2686	10
2687	18
2688	24
2689	14
2690	26
2691	26
2692	23
2693	27
2694	28
2695	15
2696	18
2697	10
2698	22
2699	21
2700	13
2701	23
2702	20
2703	11
2704	26
2705	24
2706	22
2707	22
2708	23
2709	11
2710	21
2711	23
2712	17
2713	19
2714	17
2715	22
2716	22
2717	19
2718	28
2719	14
2720	22
2721	15
2722	26
2723	22
2724	14
2725	21
2726	23
2727	18
2728	11
2729	16
2730	10
2731	17
2732	13
2733	26
2734	24
2735	16
2736	18
2737	20
2738	18
2739	17
2740	18
2741	20
2742	9
2743	22
2744	28
2745	20
2746	12
2747	23
2748	29
2749	21
2750	17
2751	14
2752	21
2753	18
2754	20
2755	17
2756	27
2757	24
2758	18
2759	15
2760	14
2761	17
2762	21
2763	26
2764	12
2765	15
2766	20
2767	14
2768	18
2769	14
2770	22
2771	16
2772	24
2773	15
2774	16
2775	17
2776	20
2777	21
2778	14
2779	19
2780	25
2781	16
2782	14
2783	27
2784	19
2785	21
2786	18
2787	15
2788	15
2789	12
2790	14
2791	13
2792	15
2793	18
2794	17
2795	17
2796	19
2797	18
2798	20
2799	14
2800	17
2801	22
2802	11
2803	22
2804	14
2805	13
2806	10
2807	16
2808	16
2809	13
2810	15
2811	17
2812	12
2813	16
2814	10
2815	16
2816	19
2817	12
2818	11
2819	15
2820	13
2821	13
2822	14
2823	11
2824	21
2825	18
2826	11
2827	14
2828	16
2829	13
2830	10
2831	15
2832	11
2833	17
2834	11
2835	14
2836	12
2837	17
2838	8
2839	19
2840	18
2841	13
2842	13
2843	14
2844	12
2845	17
2846	19
2847	19
2848	12
2849	8
2850	14
2851	18
2852	10
2853	15
2854	17
2855	11
2856	10
2857	8
2858	12
2859	7
2860	8
2861	11
2862	12
2863	20
2864	16
2865	11
2866	12
2867	13
2868	12
2869	15
2870	16
2871	15
2872	5
2873	10
2874	8
2875	9
2876	14
2877	11
2878	15
2879	8
2880	12
2881	12
2882	11
2883	13
2884	16
2885	6
2886	13
2887	10
2888	9
2889	12
2890	14
2891	8
2892	9
2893	16
2894	15
2895	11
2896	14
2897	12
2898	18
2899	13
2900	12
2901	5
2902	15
2903	10
2904	11
2905	15
2906	15
2907	14
2908	11
2909	21
2910	8
2911	12
2912	8
2913	13
2914	15
2915	6
2916	12
2917	11
2918	17
2919	19
2920	10
2921	17
2922	11
2923	12
2924	13
2925	11
2926	10
2927	5
2928	10
2929	8
2930	20
2931	11
2932	13
2933	12
2934	12
2935	11
2936	12
2937	9
2938	15
2939	14
2940	10
2941	15
2942	11
2943	12
2944	10
2945	16
2946	14
2947	15
2948	9
2949	14
2950	19
2951	14
2952	13
2953	4
2954	9
2955	14
2956	8
2957	12
2958	15
2959	9
2960	14
2961	9
2962	15
2963	11
2964	17
2965	12
2966	10
2967	16
2968	6
2969	15
2970	15
2971	18
2972	14
2973	12
2974	14
2975	7
2976	14
2977	13
2978	11
2979	13
2980	8
2981	3
2982	12
2983	8
2984	9
2985	15
2986	8
2987	12
2988	16
2989	9
2990	13
2991	11
2992	13
2993	14
2994	11
2995	17
2996	13
2997	12
2998	9
2999	14
3000	12
3001	11
3002	13
3003	7
3004	10
3005	7
3006	12
3007	10
3008	10
3009	16
3010	8
3011	11
3012	13
3013	4
3014	7
3015	11
3016	10
3017	12
3018	5
3019	13
3020	10
3021	8
3022	7
3023	8
3024	17
3025	12
3026	5
3027	23
3028	17
3029	10
3030	10
3031	8
3032	15
3033	10
3034	17
3035	13
3036	15
3037	8
3038	13
3039	8
3040	13
3041	16
3042	14
3043	9
3044	12
3045	15
3046	14
3047	9
3048	10
3049	5
3050	10
3051	13
3052	15
3053	9
3054	10
3055	9
3056	9
3057	10
3058	7
3059	9
3060	10
3061	5
3062	7
3063	19
3064	4
3065	16
3066	6
3067	7
3068	4
3069	11
3070	7
3071	17
3072	10
3073	6
3074	11
3075	10
3076	15
3077	16
3078	9
3079	11
3080	12
3081	9
3082	10
3083	7
3084	8
3085	9
3086	8
3087	13
3088	5
3089	12
3090	12
3091	13
3092	14
3093	17
3094	11
3095	4
3096	16
3097	10
3098	6
3099	10
3100	11
3101	9
3102	10
3103	6
3104	14
3105	13
3106	11
3107	10
3108	11
3109	11
3110	7
3111	12
3112	10
3113	13
3114	8
3115	12
3116	7
3117	12
3118	14
3119	7
3120	3
3121	9
3122	13
3123	6
3124	8
3125	15
3126	11
3127	9
3128	12
3129	10
3130	12
3131	9
3132	9
3133	13
3134	8
3135	14
3136	10
3137	12
3138	8
3139	7
3140	8
3141	7
3142	9
3143	6
3144	9
3145	8
3146	4
3147	9
3148	6
3149	7
3150	11
3151	11
3152	10
3153	6
3154	8
3155	11
3156	9
3157	10
3158	2
3159	13
3160	9
3161	15
3162	12
3163	8
3164	13
3165	9
3166	12
3167	8
3168	10
3169	9
3170	11
3171	9
3172	7
3173	7
3174	6
3175	10
3176	4
3177	5
3178	10
3179	8
3180	8
3181	9
3182	15
3183	7
3184	7
3185	13
3186	11
3187	10
3188	10
3189	9
3190	8
3191	11
3192	15
3193	6
3194	5
3195	13
3196	8
3197	8
3198	12
3199	8
3200	10
3201	3
3202	11
3203	11
3204	6
3205	10
3206	8
3207	11
3208	5
3209	6
3210	8
3211	6
3212	9
3213	8
3214	5
3215	7
3216	9
3217	8
3218	10
3219	8
3220	9
3221	9
3222	15
3223	3
3224	8
3225	6
3226	11
3227	11
3228	9
3229	5
3230	5
3231	11
3232	7
3233	15
3234	4
3235	14
3236	8
3237	15
3238	12
3239	17
3240	12
3241	6
3242	7
3243	8
3244	9
3245	7
3246	9
3247	9
3248	12
3249	10
3250	8
3251	2
3252	7
3253	9
3254	8
3255	5
3256	7
3257	8
3258	6
3259	9
3260	12
3261	7
3262	8
3263	9
3264	12
3265	9
3266	10
3267	7
3268	9
3269	5
3270	3
3271	13
3272	10
3273	11
3274	9
3275	9
3276	9
3277	9
3278	7
3279	12
3280	9
3281	6
3282	6
3283	8
3284	8
3285	8
3286	4
3287	2
3288	12
3289	7
3290	13
3291	12
3292	7
3293	15
3294	14
3295	9
3296	10
3297	8
3298	7
3299	15
3300	11
3301	10
3302	7
3303	5
3304	10
3305	7
3306	8
3307	7
3308	8
3309	7
3310	10
3311	6
3312	6
3313	13
3314	8
3315	6
3316	8
3317	10
3318	8
3319	11
3320	14
3321	10
3322	9
3323	6
3324	8
3325	8
3326	6
3327	11
3328	10
3329	7
3330	8
3331	8
3332	11
3333	7
3334	4
3335	9
3336	7
3337	5
3338	10
3339	7
3340	6
3341	9
3342	5
3343	10
3344	6
3345	11
3346	9
3347	11
3348	7
3349	4
3350	6
3351	9
3352	2
3353	10
3354	9
3355	6
3356	9
3357	3
3358	8
3359	7
3360	8
3361	6
3362	7
3363	12
3364	9
3365	9
3366	8
3367	4
3368	11
3369	7
3370	9
3371	11
3372	6
3373	11
3374	12
3375	10
3376	8
3377	6
3378	10
3379	9
3380	5
3381	10
3382	7
3383	10
3384	4
3385	6
3386	11
3387	15
3388	9
3389	17
3390	9
3391	10
3392	5
3393	8
3394	7
3395	11
3396	11
3397	11
3398	4
3399	8
3400	13
3401	3
3402	10
3403	10
3404	5
3405	5
3406	10
3407	11
3408	9
3409	6
3410	9
3411	4
3412	9
3413	5
3414	4
3415	5
3416	11
3417	8
3418	12
3419	6
3420	8
3421	8
3422	11
3423	4
3424	5
3425	11
3426	10
3427	7
3428	12
3429	5
3430	11
3431	15
3432	12
3433	5
3434	13
3435	9
3436	9
3437	11
3438	7
3439	7
3440	5
3441	7
3442	8
3443	11
3444	7
3445	7
3446	9
3447	4
3448	3
3449	5
3450	7
3451	6
3452	7
3453	3
3454	8
3455	9
3456	12
3457	10
3458	8
3459	7
3460	7
3461	8
3462	6
3463	6
3464	7
3465	6
3466	8
3467	5
3468	6
3469	12
3470	9
3471	8
3472	8
3473	3
3474	10
3475	12
3476	4
3477	6
3478	8
3479	8
3480	6
3481	4
3482	6
3483	8
3484	8
3485	5
3486	6
3487	10
3488	8
3489	8
3490	5
3491	7
3492	10
3493	10
3494	3
3495	11
3496	8
3497	6
3498	10
3499	7
3500	8
3501	6
3502	7
3503	4
3504	2
3505	8
3506	9
3507	6
3508	11
3509	7
3510	5
3511	8
3512	4
3513	7
3514	6
3515	10
3516	6
3517	9
3518	4
3519	7
3520	9
3521	5
3522	8
3523	6
3524	10
3525	6
3526	7
3527	9
3528	8
3529	7
3530	7
3531	7
3532	8
3533	7
3534	7
3535	4
3536	12
3537	8
3538	4
3539	9
3540	3
3541	7
3542	7
3543	2
3544	5
3545	14
3546	10
3547	4
3548	8
3549	10
3550	7
3551	8
3552	8
3553	3
3554	8
3555	10
3556	5
3557	5
3558	3
3559	8
3560	4
3561	8
3562	5
3563	2
3564	4
3565	3
3566	2
3567	4
3568	6
3569	1
3570	6
3571	10
3572	7
3573	14
3574	5
3575	5
3576	5
3577	8
3578	8
3579	5
3580	8
3581	6
3582	9
3583	9
3584	2
3585	2
3586	3
3587	8
3588	2
3589	8
3590	5
3591	9
3592	6
3593	8
3594	11
3595	12
3596	5
3597	7
3598	7
3599	4
3600	7
3601	9
3602	14
3603	5
3604	8
3605	9
3606	8
3607	5
3608	2
3609	6
3610	6
3611	7
3612	8
3613	4
3614	5
3615	9
3616	7
3617	6
3618	7
3619	9
3620	6
3621	9
3622	3
3623	5
3624	13
3625	6
3626	6
3627	6
3628	7
3629	6
3630	7
3631	7
3632	9
3633	4
3634	5
3635	5
3636	4
3637	8
3638	8
3639	10
3640	5
3641	8
3642	7
3643	6
3644	4
3645	3
3646	6
3647	11
3648	5
3649	6
3650	8
3651	3
3652	6
3653	9
3654	10
3655	6
3656	13
3657	10
3658	6
3659	4
3660	9
3661	7
3662	8
3663	5
3664	16
3665	8
3666	6
3667	5
3668	9
3669	7
3670	6
3671	8
3672	5
3673	7
3674	5
3675	7
3676	4
3677	9
3678	9
3679	6
3680	5
3681	9
3682	8
3683	6
3684	7
3685	9
3686	1
3687	6
3688	6
3689	9
3690	6
3691	2
3692	9
3693	11
3694	4
3695	3
3696	4
3697	3
3698	5
3699	3
3700	5
3701	4
3702	8
3703	8
3704	7
3705	12
3706	6
3707	7
3708	5
3709	3
3710	3
3711	4
3712	8
3713	4
3714	3
3715	10
3716	7
3717	9
3718	1
3719	4
3720	7
3721	10
3722	5
3723	7
3724	5
3725	11
3726	4
3727	5
3728	6
3729	3
3730	10
3731	12
3732	6
3733	3
3734	3
3735	9
3736	2
3737	6
3738	10
3739	6
3740	7
3741	2
3742	5
3743	6
3744	3
3745	2
3746	6
3747	6
3748	6
3749	4
3750	4
3751	13
3752	6
3753	6
3754	12
3755	4
3756	5
3757	5
3758	7
3759	8
3760	5
3761	10
3762	9
3763	7
3764	5
3765	2
3766	6
3767	5
3768	5
3769	1
3770	5
3771	6
3772	3
3773	11
3774	3
3775	3
3776	10
3777	6
3778	4
3779	7
3780	7
3781	4
3782	8
3783	3
3784	7
3785	6
3786	3
3787	5
3788	6
3789	6
3790	4
3791	8
3792	7
3793	8
3794	4
3795	4
3796	8
3797	7
3798	10
3799	5
3800	7
3801	3
3802	4
3803	9
3804	6
3805	1
3806	7
3807	7
3808	5
3809	3
3810	5
3811	4
3812	6
3813	6
3814	7
3815	9
3816	2
3817	11
3818	5
3819	5
3820	6
3821	5
3822	6
3823	8
3824	6
3825	7
3826	7
3827	4
3828	6
3829	4
3830	5
3831	7
3832	4
3833	1
3834	7
3835	8
3836	5
3837	8
3838	6
3839	6
3840	9
3841	5
3842	6
3843	12
3844	7
3845	3
3846	4
3847	4
3848	7
3849	7
3850	7
3851	11
3852	9
3853	9
3854	7
3855	13
3856	3
3857	5
3858	6
3859	4
3860	12
3861	2
3862	2
3863	4
3864	5
3865	8
3866	5
3867	5
3868	6
3869	4
3870	8
3871	5
3872	0
3873	6
3874	5
3875	5
3876	8
3877	5
3878	10
3879	9
3880	3
3881	2
3882	7
3883	5
3884	6
3885	10
3886	9
3887	3
3888	4
3889	6
3890	6
3891	4
3892	4
3893	7
3894	1
3895	6
3896	3
3897	3
3898	3
3899	6
3900	4
3901	6
3902	5
3903	8
3904	5
3905	10
3906	7
3907	6
3908	7
3909	4
3910	9
3911	5
3912	5
3913	9
3914	7
3915	2
3916	3
3917	10
3918	8
3919	3
3920	6
3921	12
3922	5
3923	5
3924	6
3925	5
3926	7
3927	6
3928	8
3929	9
3930	5
3931	9
3932	2
3933	3
3934	4
3935	9
3936	7
3937	2
3938	3
3939	2
3940	2
3941	3
3942	5
3943	8
3944	12
3945	3
3946	4
3947	5
3948	5
3949	5
3950	3
3951	8
3952	3
3953	6
3954	5
3955	3
3956	6
3957	10
3958	7
3959	5
3960	2
3961	7
3962	5
3963	6
3964	7
3965	2
3966	5
3967	7
3968	5
3969	11
3970	2
3971	5
3972	5
3973	6
3974	4
3975	7
3976	9
3977	6
3978	4
3979	6
3980	4
3981	8
3982	6
3983	8
3984	8
3985	2
3986	2
3987	9
3988	7
3989	5
3990	9
3991	7
3992	5
3993	3
3994	4
3995	9
3996	4
3997	5
3998	6
3999	2
4000	3
4001	6
4002	9
4003	4
4004	6
4005	5
4006	7
4007	4
4008	2
4009	6
4010	5
4011	6
4012	7
4013	10
4014	6
4015	5
4016	4
4017	9
4018	5
4019	1
4020	5
4021	1
4022	6
4023	10
4024	11
4025	5
4026	6
4027	5
4028	0
4029	6
4030	3
4031	6
4032	6
4033	11
4034	7
4035	10
4036	6
4037	3
4038	6
4039	3
4040	1
4041	5
4042	7
4043	2
4044	6
4045	4
4046	6
4047	4
4048	3
4049	4
4050	3
4051	6
4052	7
4053	7
4054	3
4055	4
4056	5
4057	4
4058	7
4059	4
4060	7
4061	7
4062	2
4063	7
4064	5
4065	7
4066	4
4067	4
4068	7
4069	7
4070	5
4071	8
4072	6
4073	3
4074	2
4075	3
4076	4
4077	5
4078	8
4079	5
4080	1
4081	4
4082	2
4083	4
4084	2
4085	5
4086	5
4087	7
4088	8
4089	9
4090	10
4091	5
4092	4
4093	7
4094	3
4095	7
4096	5
4097	3
4098	5
4099	3
4100	5
4101	4
4102	3
4103	2
4104	4
4105	3
4106	5
4107	4
4108	10
4109	5
4110	4
4111	5
4112	6
4113	2
4114	9
4115	2
4116	2
4117	5
4118	10
4119	3
4120	3
4121	5
4122	5
4123	8
4124	5
4125	4
4126	3
4127	7
4128	7
4129	4
4130	3
4131	8
4132	2
4133	3
4134	4
4135	2
4136	4
4137	6
4138	7
4139	4
4140	5
4141	13
4142	5
4143	5
4144	6
4145	4
4146	9
4147	2
4148	3
4149	1
4150	4
4151	5
4152	6
4153	3
4154	6
4155	7
4156	9
4157	7
4158	12
4159	3
4160	6
4161	3
4162	5
4163	4
4164	8
4165	3
4166	7
4167	2
4168	3
4169	4
4170	7
4171	4
4172	1
4173	3
4174	4
4175	6
4176	5
4177	6
4178	5
4179	5
4180	4
4181	6
4182	5
4183	5
4184	5
4185	9
4186	3
4187	7
4188	4
4189	7
4190	4
4191	3
4192	7
4193	5
4194	5
4195	4
4196	9
4197	5
4198	4
4199	3
4200	9
4201	4
4202	3
4203	5
4204	5
4205	4
4206	3
4207	6
4208	8
4209	1
4210	3
4211	2
4212	6
4213	3
4214	5
4215	7
4216	8
4217	5
4218	4
4219	1
4220	4
4221	3
4222	2
4223	2
4224	5
4225	5
4226	4
4227	8
4228	10
4229	5
4230	5
4231	4
4232	3
4233	4
4234	8
4235	5
4236	3
4237	4
4238	7
4239	3
4240	6
4241	8
4242	9
4243	2
4244	7
4245	5
4246	8
4247	4
4248	5
4249	7
4250	4
4251	5
4252	8
4253	10
4254	8
4255	7
4256	3
4257	13
4258	12
4259	5
4260	4
4261	5
4262	7
4263	5
4264	4
4265	4
4266	8
4267	5
4268	3
4269	5
4270	5
4271	2
4272	6
4273	6
4274	3
4275	0
4276	6
4277	6
4278	4
4279	8
4280	5
4281	6
4282	8
4283	6
4284	2
4285	4
4286	4
4287	3
4288	7
4289	5
4290	6
4291	6
4292	3
4293	4
4294	4
4295	0
4296	4
4297	10
4298	2
4299	5
4300	4
4301	6
4302	1
4303	10
4304	5
4305	1
4306	4
4307	5
4308	7
4309	6
4310	5
4311	4
4312	6
4313	3
4314	6
4315	9
4316	1
4317	6
4318	7
4319	5
4320	6
4321	2
4322	2
4323	5
4324	3
4325	10
4326	6
4327	6
4328	3
4329	5
4330	8
4331	5
4332	4
4333	6
4334	6
4335	1
4336	3
4337	7
4338	5
4339	6
4340	5
4341	6
4342	2
4343	8
4344	3
4345	7
4346	5
4347	5
4348	2
4349	3
4350	2
4351	4
4352	1
4353	3
4354	7
4355	4
4356	5
4357	8
4358	1
4359	6
4360	2
4361	6
4362	2
4363	4
4364	5
4365	7
4366	5
4367	5
4368	6
4369	2
4370	7
4371	3
4372	2
4373	7
4374	4
4375	6
4376	6
4377	4
4378	7
4379	4
4380	7
4381	5
4382	4
4383	8
4384	5
4385	7
4386	7
4387	1
4388	6
4389	4
4390	4
4391	9
4392	5
4393	5
4394	9
4395	2
4396	4
4397	7
4398	4
4399	2
4400	3
4401	11
4402	6
4403	2
4404	2
4405	2
4406	6
4407	2
4408	5
4409	7
4410	1
4411	5
4412	4
4413	2
4414	6
4415	1
4416	6
4417	4
4418	7
4419	7
4420	5
4421	4
4422	5
4423	7
4424	5
4425	8
4426	3
4427	6
4428	6
4429	3
4430	2
4431	6
4432	4
4433	10
4434	3
4435	0
4436	8
4437	2
4438	4
4439	5
4440	5
4441	3
4442	2
4443	4
4444	5
4445	8
4446	4
4447	4
4448	1
4449	4
4450	4
4451	6
4452	5
4453	5
4454	6
4455	5
4456	6
4457	5
4458	5
4459	5
4460	5
4461	9
4462	8
4463	2
4464	5
4465	4
4466	4
4467	5
4468	4
4469	11
4470	6
4471	4
4472	2
4473	7
4474	2
4475	5
4476	3
4477	3
4478	6
4479	3
4480	4
4481	6
4482	4
4483	7
4484	1
4485	4
4486	9
4487	7
4488	3
4489	8
4490	5
4491	4
4492	4
4493	6
4494	5
4495	1
4496	4
4497	5
4498	10
4499	3
4500	8
4501	8
4502	4
4503	0
4504	5
4505	3
4506	9
4507	5
4508	5
4509	4
4510	4
4511	2
4512	3
4513	8
4514	0
4515	7
4516	5
4517	3
4518	6
4519	5
4520	8
4521	3
4522	2
4523	5
4524	2
4525	6
4526	5
4527	10
4528	3
4529	3
4530	2
4531	1
4532	5
4533	5
4534	6
4535	3
4536	4
4537	5
4538	7
4539	4
4540	5
4541	4
4542	6
4543	2
4544	12
4545	2
4546	7
4547	2
4548	1
4549	4
4550	5
4551	6
4552	4
4553	2
4554	10
4555	3
4556	3
4557	7
4558	4
4559	7
4560	4
4561	4
4562	5
4563	2
4564	2
4565	7
4566	5
4567	5
4568	7
4569	7
4570	5
4571	8
4572	3
4573	6
4574	6
4575	6
4576	2
4577	3
4578	5
4579	7
4580	3
4581	7
4582	3
4583	3
4584	5
4585	3
4586	2
4587	3
4588	5
4589	8
4590	4
4591	5
4592	3
4593	3
4594	4
4595	3
4596	1
4597	3
4598	6
4599	4
4600	7
4601	6
4602	4
4603	3
4604	3
4605	4
4606	4
4607	2
4608	6
4609	3
4610	7
4611	4
4612	2
4613	1
4614	2
4615	5
4616	5
4617	7
4618	4
4619	3
4620	4
4621	6
4622	3
4623	13
4624	5
4625	4
4626	4
4627	5
4628	2
4629	6
4630	5
4631	9
4632	4
4633	3
4634	7
4635	3
4636	3
4637	5
4638	3
4639	3
4640	5
4641	0
4642	5
4643	6
4644	6
4645	5
4646	7
4647	3
4648	7
4649	5
4650	3
4651	3
4652	7
4653	7
4654	6
4655	6
4656	5
4657	8
4658	4
4659	6
4660	10
4661	2
4662	4
4663	3
4664	5
4665	5
4666	6
4667	4
4668	5
4669	8
4670	4
4671	3
4672	2
4673	3
4674	2
4675	6
4676	4
4677	6
4678	3
4679	3
4680	4
4681	2
4682	5
4683	2
4684	6
4685	3
4686	11
4687	8
4688	4
4689	6
4690	3
4691	4
4692	3
4693	2
4694	3
4695	3
4696	3
4697	3
4698	3
4699	3
4700	4
4701	1
4702	4
4703	1
4704	7
4705	5
4706	6
4707	1
4708	4
4709	6
4710	1
4711	5
4712	7
4713	6
4714	7
4715	3
4716	9
4717	5
4718	4
4719	6
4720	4
4721	2
4722	3
4723	3
4724	5
4725	3
4726	2
4727	3
4728	3
4729	6
4730	6
4731	4
4732	3
4733	3
4734	7
4735	3
4736	6
4737	4
4738	3
4739	5
4740	3
4741	4
4742	3
4743	6
4744	6
4745	2
4746	6
4747	1
4748	6
4749	4
4750	4
4751	3
4752	6
4753	4
4754	2
4755	11
4756	6
4757	5
4758	6
4759	4
4760	5
4761	6
4762	5
4763	5
4764	2
4765	3
4766	7
4767	5
4768	5
4769	8
4770	2
4771	3
4772	4
4773	4
4774	3
4775	3
4776	4
4777	4
4778	3
4779	3
4780	5
4781	5
4782	2
4783	2
4784	4
4785	2
4786	5
4787	8
4788	1
4789	7
4790	6
4791	1
4792	3
4793	4
4794	3
4795	5
4796	7
4797	3
4798	9
4799	3
4800	3
4801	1
4802	4
4803	10
4804	3
4805	3
4806	8
4807	4
4808	3
4809	4
4810	5
4811	3
4812	7
4813	7
4814	9
4815	4
4816	5
4817	4
4818	1
4819	2
4820	4
4821	2
4822	3
4823	4
4824	6
4825	6
4826	7
4827	3
4828	4
4829	5
4830	6
4831	3
4832	2
4833	6
4834	4
4835	6
4836	4
4837	5
4838	3
4839	7
4840	6
4841	3
4842	5
4843	8
4844	7
4845	4
4846	7
4847	7
4848	2
4849	1
4850	3
4851	2
4852	0
4853	3
4854	3
4855	4
4856	3
4857	7
4858	1
4859	5
4860	1
4861	4
4862	5
4863	4
4864	2
4865	3
4866	4
4867	7
4868	3
4869	6
4870	3
4871	9
4872	1
4873	4
4874	5
4875	3
4876	6
4877	1
4878	3
4879	4
4880	7
4881	3
4882	5
4883	2
4884	2
4885	6
4886	2
4887	8
4888	3
4889	4
4890	2
4891	5
4892	4
4893	4
4894	2
4895	2
4896	3
4897	3
4898	3
4899	7
4900	4
4901	3
4902	4
4903	1
4904	3
4905	5
4906	1
4907	7
4908	4
4909	5
4910	4
4911	4
4912	2
4913	1
4914	3
4915	4
4916	5
4917	6
4918	3
4919	3
4920	1
4921	2
4922	1
4923	2
4924	7
4925	5
4926	2
4927	5
4928	3
4929	4
4930	7
4931	1
4932	6
4933	2
4934	2
4935	1
4936	7
4937	6
4938	4
4939	7
4940	3
4941	3
4942	2
4943	6
4944	7
4945	3
4946	1
4947	4
4948	4
4949	7
4950	4
4951	5
4952	1
4953	11
4954	4
4955	7
4956	6
4957	5
4958	4
4959	1
4960	4
4961	2
4962	6
4963	3
4964	3
4965	5
4966	6
4967	4
4968	8
4969	4
4970	3
4971	5
4972	6
4973	4
4974	2
4975	6
4976	2
4977	7
4978	4
4979	5
4980	3
4981	7
4982	3
4983	6
4984	2
4985	5
4986	6
4987	1
4988	3
4989	2
4990	4
4991	5
4992	5
4993	2
4994	3
4995	5
4996	7
4997	4
4998	6
4999	4
5000	4
5001	4
5002	7
5003	3
5004	4
5005	3
5006	0
5007	1
5008	2
5009	8
5010	6
5011	9
5012	3
5013	5
5014	4
5015	5
5016	4
5017	2
5018	4
5019	3
5020	3
5021	5
5022	2
5023	12
5024	2
5025	4
5026	3
5027	3
5028	7
5029	2
5030	4
5031	6
5032	4
5033	5
5034	5
5035	4
5036	3
5037	4
5038	4
5039	6
5040	4
5041	4
5042	2
5043	3
5044	5
5045	2
5046	6
5047	5
5048	5
5049	2
5050	4
5051	4
5052	5
5053	2
5054	1
5055	4
5056	3
5057	3
5058	2
5059	1
5060	6
5061	6
5062	1
5063	3
5064	3
5065	3
5066	4
5067	3
5068	4
5069	2
5070	4
5071	3
5072	1
5073	4
5074	3
5075	4
5076	1
5077	2
5078	5
5079	3
5080	3
5081	4
5082	3
5083	3
5084	3
5085	2
5086	5
5087	6
5088	8
5089	8
5090	2
5091	5
5092	3
5093	4
5094	5
5095	6
5096	4
5097	1
5098	5
5099	5
5100	2
5101	6
5102	2
5103	4
5104	2
5105	2
5106	6
5107	7
5108	3
5109	6
5110	3
5111	5
5112	5
5113	4
5114	6
5115	7
5116	3
5117	5
5118	3
5119	8
5120	2
5121	2
5122	3
5123	3
5124	4
5125	4
5126	2
5127	6
5128	5
5129	3
5130	7
5131	3
5132	7
5133	4
5134	1
5135	7
5136	5
5137	4
5138	8
5139	3
5140	7
5141	4
5142	2
5143	6
5144	5
5145	4
5146	2
5147	6
5148	6
5149	2
5150	5
5151	3
5152	2
5153	2
5154	3
5155	3
5156	8
5157	2
5158	3
5159	4
5160	0
5161	3
5162	6
5163	3
5164	3
5165	6
5166	1
5167	4
5168	4
5169	5
5170	2
5171	4
5172	3
5173	4
5174	7
5175	0
5176	3
5177	3
5178	4
5179	1
5180	7
5181	2
5182	3
5183	3
5184	3
5185	2
5186	2
5187	3
5188	2
5189	2
5190	5
5191	3
5192	6
5193	3
5194	6
5195	6
5196	3
5197	1
5198	7
5199	4
5200	4
5201	3
5202	6
5203	4
5204	4
5205	6
5206	6
5207	8
5208	4
5209	1
5210	3
5211	9
5212	4
5213	2
5214	6
5215	2
5216	4
5217	5
5218	3
5219	2
5220	3
5221	3
5222	1
5223	4
5224	1
5225	5
5226	2
5227	3
5228	5
5229	6
5230	1
5231	5
5232	5
5233	1
5234	5
5235	4
5236	3
5237	4
5238	6
5239	7
5240	3
5241	2
5242	0
5243	3
5244	6
5245	2
5246	4
5247	1
5248	3
5249	8
5250	5
5251	1
5252	3
5253	1
5254	3
5255	2
5256	2
5257	5
5258	3
5259	3
5260	6
5261	3
5262	5
5263	3
5264	3
5265	3
5266	5
5267	6
5268	8
5269	5
5270	11
5271	2
5272	2
5273	3
5274	7
5275	3
5276	1
5277	3
5278	3
5279	7
5280	4
5281	4
5282	3
5283	2
5284	4
5285	3
5286	4
5287	3
5288	6
5289	5
5290	5
5291	4
5292	2
5293	2
5294	8
5295	5
5296	7
5297	3
5298	4
5299	3
5300	7
5301	4
5302	2
5303	6
5304	9
5305	4
5306	3
5307	4
5308	2
5309	4
5310	2
5311	1
5312	3
5313	6
5314	6
5315	3
5316	5
5317	4
5318	10
5319	3
5320	1
5321	4
5322	3
5323	6
5324	5
5325	6
5326	5
5327	4
5328	4
5329	3
5330	1
5331	2
5332	2
5333	1
5334	4
5335	5
5336	4
5337	5
5338	3
5339	3
5340	3
5341	4
5342	8
5343	5
5344	1
5345	1
5346	3
5347	4
5348	3
5349	4
5350	3
5351	4
5352	3
5353	5
5354	2
5355	3
5356	6
5357	4
5358	3
5359	0
5360	4
5361	2
5362	2
5363	3
5364	1
5365	2
5366	3
5367	7
5368	1
5369	3
5370	1
5371	4
5372	5
5373	4
5374	4
5375	4
5376	2
5377	5
5378	2
5379	3
5380	2
5381	4
5382	3
5383	3
5384	5
5385	1
5386	9
5387	2
5388	4
5389	2
5390	2
5391	5
5392	3
5393	5
5394	2
5395	9
5396	6
5397	3
5398	3
5399	4
5400	3
5401	4
5402	3
5403	4
5404	0
5405	3
5406	1
5407	3
5408	5
5409	4
5410	5
5411	2
5412	2
5413	4
5414	4
5415	1
5416	3
5417	6
5418	2
5419	6
5420	4
5421	4
5422	6
5423	8
5424	2
5425	7
5426	7
5427	4
5428	3
5429	2
5430	2
5431	7
5432	3
5433	5
5434	4
5435	5
5436	5
5437	3
5438	5
5439	4
5440	1
5441	4
5442	2
5443	5
5444	1
5445	3
5446	3
5447	6
5448	6
5449	6
5450	5
5451	3
5452	4
5453	1
5454	8
5455	3
5456	3
5457	0
5458	3
5459	5
5460	4
5461	4
5462	0
5463	2
5464	6
5465	8
5466	3
5467	2
5468	2
5469	3
5470	2
5471	3
5472	4
5473	1
5474	5
5475	5
5476	3
5477	3
5478	3
5479	3
5480	4
5481	1
5482	4
5483	4
5484	3
5485	7
5486	6
5487	2
5488	7
5489	4
5490	4
5491	6
5492	3
5493	3
5494	4
5495	5
5496	3
5497	3
5498	4
5499	6
5500	4
5501	4
5502	5
5503	6
5504	3
5505	9
5506	4
5507	6
5508	5
5509	2
5510	3
5511	5
5512	3
5513	2
5514	1
5515	5
5516	8
5517	7
5518	3
5519	5
5520	2
5521	3
5522	8
5523	2
5524	4
5525	3
5526	3
5527	2
5528	1
5529	3
5530	4
5531	3
5532	4
5533	2
5534	2
5535	2
5536	3
5537	2
5538	4
5539	1
5540	4
5541	6
5542	8
5543	6
5544	2
5545	6
5546	1
5547	2
5548	8
5549	9
5550	3
5551	3
5552	2
5553	6
5554	4
5555	4
5556	2
5557	0
5558	4
5559	4
5560	5
5561	3
5562	2
5563	4
5564	3
5565	2
5566	2
5567	3
5568	2
5569	6
5570	3
5571	6
5572	3
5573	3
5574	5
5575	6
5576	3
5577	2
5578	5
5579	3
5580	5
5581	2
5582	5
5583	3
5584	6
5585	6
5586	3
5587	3
5588	2
5589	2
5590	6
5591	4
5592	5
5593	5
5594	2
5595	6
5596	4
5597	2
5598	4
5599	4
5600	4
5601	3
5602	3
5603	5
5604	0
5605	5
5606	2
5607	7
5608	3
5609	3
5610	2
5611	0
5612	7
5613	4
5614	3
5615	3
5616	5
5617	5
5618	4
5619	5
5620	7
5621	5
5622	2
5623	3
5624	4
5625	6
5626	3
5627	4
5628	4
5629	3
5630	2
5631	3
5632	2
5633	3
5634	2
5635	1
5636	3
5637	2
5638	3
5639	4
5640	4
5641	3
5642	5
5643	3
5644	4
5645	4
5646	2
5647	3
5648	3
5649	5
5650	3
5651	7
5652	7
5653	7
5654	6
5655	4
5656	1
5657	4
5658	3
5659	2
5660	2
5661	5
5662	3
5663	4
5664	3
5665	6
5666	5
5667	2
5668	4
5669	2
5670	2
5671	6
5672	5
5673	8
5674	2
5675	4
5676	4
5677	5
5678	4
5679	5
5680	2
5681	0
5682	7
5683	4
5684	2
5685	4
5686	2
5687	3
5688	3
5689	3
5690	5
5691	3
5692	6
5693	5
5694	3
5695	3
5696	6
5697	2
5698	3
5699	6
5700	5
5701	2
5702	6
5703	2
5704	3
5705	2
5706	6
5707	3
5708	6
5709	2
5710	2
5711	5
5712	9
5713	3
5714	6
5715	3
5716	2
5717	3
5718	2
5719	3
5720	5
5721	3
5722	5
5723	2
5724	3
5725	5
5726	1
5727	3
5728	5
5729	3
5730	2
5731	1
5732	2
5733	2
5734	7
5735	7
5736	7
5737	5
5738	2
5739	2
5740	4
5741	2
5742	2
5743	5
5744	3
5745	7
5746	4
5747	2
5748	4
5749	3
5750	1
5751	1
5752	6
5753	1
5754	1
5755	3
5756	3
5757	5
5758	7
5759	1
5760	4
5761	1
5762	3
5763	1
5764	3
5765	2
5766	0
5767	4
5768	4
5769	0
5770	3
5771	2
5772	2
5773	3
5774	5
5775	5
5776	4
5777	1
5778	4
5779	3
5780	4
5781	8
5782	4
5783	3
5784	8
5785	1
5786	3
5787	6
5788	4
5789	4
5790	6
5791	4
5792	5
5793	5
5794	5
5795	2
5796	5
5797	2
5798	1
5799	1
5800	1
5801	4
5802	3
5803	4
5804	1
5805	1
5806	1
5807	6
5808	4
5809	4
5810	4
5811	4
5812	3
5813	4
5814	4
5815	5
5816	4
5817	1
5818	5
5819	2
5820	4
5821	4
5822	4
5823	2
5824	3
5825	5
5826	3
5827	3
5828	2
5829	5
5830	5
5831	1
5832	3
5833	2
5834	0
5835	4
5836	6
5837	4
5838	4
5839	7
5840	5
5841	5
5842	5
5843	2
5844	5
5845	6
5846	2
5847	4
5848	5
5849	4
5850	2
5851	3
5852	2
5853	3
5854	3
5855	1
5856	6
5857	4
5858	2
5859	2
5860	3
5861	4
5862	1
5863	3
5864	2
5865	1
5866	1
5867	2
5868	3
5869	3
5870	3
5871	5
5872	6
5873	6
5874	5
5875	3
5876	3
5877	1
5878	1
5879	4
5880	2
5881	4
5882	6
5883	4
5884	6
5885	0
5886	2
5887	4
5888	4
5889	4
5890	5
5891	3
5892	4
5893	2
5894	3
5895	4
5896	0
5897	3
5898	4
5899	2
5900	3
5901	3
5902	2
5903	5
5904	6
5905	6
5906	1
5907	7
5908	4
5909	5
5910	7
5911	4
5912	2
5913	0
5914	3
5915	5
5916	1
5917	3
5918	6
5919	7
5920	2
5921	0
5922	2
5923	2
5924	4
5925	5
5926	7
5927	3
5928	4
5929	4
5930	2
5931	7
5932	3
5933	8
5934	7
5935	6
5936	4
5937	2
5938	5
5939	0
5940	3
5941	2
5942	0
5943	5
5944	2
5945	3
5946	3
5947	3
5948	1
5949	2
5950	3
5951	3
5952	2
5953	5
5954	1
5955	5
5956	6
5957	0
5958	3
5959	4
5960	3
5961	4
5962	0
5963	2
5964	1
5965	5
5966	4
5967	3
5968	2
5969	1
5970	3
5971	3
5972	4
5973	3
5974	2
5975	2
5976	3
5977	1
5978	4
5979	4
5980	1
5981	1
5982	3
5983	2
5984	2
5985	4
5986	0
5987	2
5988	1
5989	4
5990	1
5991	4
5992	3
5993	4
5994	5
5995	5
5996	5
5997	3
5998	1
5999	6
6000	4
6001	6
6002	6
6003	4
6004	1
6005	2
6006	3
6007	4
6008	3
6009	0
6010	3
6011	2
6012	0
6013	2
6014	6
6015	4
6016	2
6017	1
6018	1
6019	3
6020	4
6021	3
6022	1
6023	4
6024	1
6025	1
6026	6
6027	4
6028	3
6029	2
6030	1
6031	3
6032	4
6033	1
6034	0
6035	4
6036	2
6037	1
6038	3
6039	6
6040	2
6041	0
6042	3
6043	5
6044	3
6045	2
6046	6
6047	0
6048	4
6049	7
6050	3
6051	3
6052	0
6053	2
6054	5
6055	4
6056	6
6057	2
6058	1
6059	6
6060	3
6061	1
6062	3
6063	3
6064	7
6065	2
6066	5
6067	2
6068	2
6069	3
6070	3
6071	4
6072	5
6073	3
6074	4
6075	1
6076	4
6077	2
6078	6
6079	7
6080	2
6081	1
6082	3
6083	5
6084	0
6085	0
6086	3
6087	1
6088	3
6089	2
6090	2
6091	6
6092	5
6093	3
6094	5
6095	2
6096	5
6097	3
6098	2
6099	3
6100	4
6101	1
6102	1
6103	3
6104	2
6105	3
6106	3
6107	2
6108	3
6109	3
6110	1
6111	4
6112	1
6113	1
6114	1
6115	3
6116	3
6117	1
6118	1
6119	6
6120	0
6121	1
6122	1
6123	3
6124	7
6125	2
6126	2
6127	1
6128	3
6129	4
6130	1
6131	1
6132	4
6133	1
6134	6
6135	3
6136	2
6137	2
6138	3
6139	3
6140	2
6141	4
6142	3
6143	3
6144	4
6145	0
6146	1
6147	5
6148	2
6149	3
6150	0
6151	6
6152	3
6153	2
6154	4
6155	1
6156	1
6157	3
6158	5
6159	3
6160	8
6161	4
6162	0
6163	3
6164	1
6165	2
6166	6
6167	6
6168	1
6169	4
6170	2
6171	2
6172	3
6173	2
6174	3
6175	1
6176	2
6177	2
6178	3
6179	2
6180	3
6181	1
6182	1
6183	5
6184	2
6185	4
6186	2
6187	3
6188	3
6189	3
6190	6
6191	3
6192	0
6193	5
6194	4
6195	1
6196	2
6197	2
6198	2
6199	1
6200	1
6201	0
6202	1
6203	1
6204	3
6205	4
6206	5
6207	3
6208	2
6209	1
6210	1
6211	0
6212	3
6213	2
6214	2
6215	2
6216	2
6217	2
6218	3
6219	4
6220	3
6221	4
6222	0
6223	2
6224	4
6225	2
6226	1
6227	5
6228	1
6229	0
6230	3
6231	1
6232	2
6233	4
6234	4
6235	1
6236	1
6237	2
6238	2
6239	1
6240	2
6241	2
6242	2
6243	2
6244	0
6245	1
6246	3
6247	1
6248	1
6249	4
6250	4
6251	3
6252	1
6253	4
6254	0
6255	3
6256	1
6257	2
6258	3
6259	0
6260	2
6261	2
6262	1
6263	2
6264	0
6265	3
6266	2
6267	3
6268	2
6269	3
6270	1
6271	0
6272	6
6273	3
6274	1
6275	6
6276	2
6277	1
6278	2
6279	1
6280	3
6281	3
6282	3
6283	2
6284	2
6285	5
6286	1
6287	2
6288	2
6289	1
6290	0
6291	4
6292	2
6293	2
6294	0
6295	4
6296	2
6297	1
6298	4
6299	1
6300	3
6301	0
6302	3
6303	1
6304	4
6305	4
6306	0
6307	1
6308	0
6309	1
6310	2
6311	2
6312	3
6313	2
6314	3
6315	2
6316	2
6317	2
6318	4
6319	0
6320	2
6321	3
6322	0
6323	3
6324	0
6325	1
6326	3
6327	0
6328	2
6329	1
6330	2
6331	4
6332	1
6333	3
6334	2
6335	2
6336	1
6337	2
6338	4
6339	3
6340	4
6341	1
6342	2
6343	3
6344	1
6345	1
6346	3
6347	2
6348	2
6349	0
6350	0
6351	2
6352	6
6353	5
6354	2
6355	3
6356	1
6357	4
6358	0
6359	1
6360	1
6361	3
6362	6
6363	1
6364	1
6365	2
6366	4
6367	3
6368	2
6369	0
6370	2
6371	3
6372	0
6373	2
6374	2
6375	4
6376	2
6377	2
6378	1
6379	1
6380	0
6381	2
6382	2
6383	4
6384	2
6385	5
6386	2
6387	4
6388	3
6389	3
6390	1
6391	0
6392	2
6393	3
6394	0
6395	3
6396	3
6397	0
6398	0
6399	1
6400	2
6401	4
6402	3
6403	2
6404	3
6405	1
6406	2
6407	1
6408	2
6409	2
6410	1
6411	3
6412	2
6413	6
6414	1
6415	4
6416	4
6417	3
6418	1
6419	1
6420	3
6421	1
6422	5
6423	3
6424	4
6425	0
6426	0
6427	1
6428	5
6429	2
6430	2
6431	8
6432	4
6433	5
6434	0
6435	3
6436	0
6437	1
6438	0
6439	0
6440	4
6441	3
6442	0
6443	1
6444	1
6445	2
6446	3
6447	1
6448	3
6449	5
6450	2
6451	5
6452	2
6453	3
6454	3
6455	4
6456	1
6457	0
6458	1
6459	2
6460	0
6461	3
6462	0
6463	2
6464	2
6465	3
6466	2
6467	1
6468	2
6469	2
6470	0
6471	4
6472	2
6473	0
6474	1
6475	3
6476	3
6477	0
6478	4
6479	1
6480	0
6481	2
6482	0
6483	1
6484	3
6485	3
6486	0
6487	0
6488	1
6489	4
6490	1
6491	0
6492	4
6493	1
6494	1
6495	4
6496	1
6497	1
6498	1
6499	2
6500	1
6501	1
6502	3
6503	2
6504	2
6505	1
6506	2
6507	3
6508	1
6509	3
6510	1
6511	0
6512	1
6513	1
6514	0
6515	0
6516	0
6517	4
6518	4
6519	2
6520	2
6521	0
6522	0
6523	3
6524	0
6525	1
6526	4
6527	3
6528	4
6529	2
6530	3
6531	2
6532	2
6533	4
6534	2
6535	4
6536	2
6537	1
6538	1
6539	1
6540	1
6541	1
6542	4
6543	2
6544	3
6545	0
6546	2
6547	0
6548	0
6549	4
6550	3
6551	2
6552	2
6553	0
6554	1
6555	3
6556	2
6557	1
6558	1
6559	1
6560	3
6561	0
6562	0
6563	1
6564	2
6565	0
6566	2
6567	0
6568	1
6569	2
6570	1
6571	2
6572	3
6573	2
6574	4
6575	1
6576	1
6577	2
6578	0
6579	1
6580	3
6581	1
6582	3
6583	2
6584	1
6585	1
6586	1
6587	0
6588	0
6589	2
6590	1
6591	0
6592	1
6593	1
6594	0
6595	3
6596	2
6597	1
6598	2
6599	2
6600	0
6601	2
6602	1
6603	1
6604	1
6605	2
6606	3
6607	0
6608	3
6609	2
6610	2
6611	2
6612	1
6613	3
6614	1
6615	2
6616	3
6617	4
6618	0
6619	1
6620	4
6621	4
6622	2
6623	3
6624	1
6625	2
6626	3
6627	0
6628	2
6629	0
6630	0
6631	2
6632	0
6633	2
6634	3
6635	1
6636	1
6637	2
6638	1
6639	0
6640	1
6641	1
6642	3
6643	3
6644	3
6645	3
6646	4
6647	2
6648	0
6649	2
6650	1
6651	2
6652	2
6653	2
6654	2
6655	2
6656	2
6657	0
6658	2
6659	2
6660	0
6661	1
6662	1
6663	0
6664	2
6665	2
6666	3
6667	2
6668	1
6669	3
6670	3
6671	1
6672	3
6673	2
6674	1
6675	0
6676	0
6677	2
6678	4
6679	0
6680	1
6681	1
6682	2
6683	1
6684	1
6685	0
6686	0
6687	2
6688	0
6689	1
6690	0
6691	0
6692	0
6693	1
6694	0
6695	2
6696	0
6697	1
6698	2
6699	2
6700	2
6701	1
6702	1
6703	0
6704	3
6705	0
6706	2
6707	0
6708	1
6709	0
6710	0
6711	1
6712	2
6713	1
6714	1
6715	2
6716	0
6717	1
6718	1
6719	1
6720	1
6721	1
6722	2
6723	1
6724	0
6725	3
6726	1
6727	2
6728	1
6729	1
6730	1
6731	1
6732	2
6733	2
6734	0
6735	0
6736	4
6737	2
6738	0
6739	0
6740	2
6741	1
6742	1
6743	1
6744	0
6745	0
6746	2
6747	1
6748	0
6749	2
6750	1
6751	0
6752	2
6753	1
6754	1
6755	0
6756	1
6757	1
6758	0
6759	1
6760	2
6761	1
6762	0
6763	1
6764	0
6765	0
6766	1
6767	0
6768	0
6769	1
6770	1
6771	0
6772	2
6773	1
6774	2
6775	2
6776	2
6777	0
6778	1
6779	0
6780	0
6781	2
6782	2
6783	0
6784	0
6785	1
6786	2
6787	1
6788	0
6789	1
6790	2
6791	1
6792	0
6793	2
6794	1
6795	0
6796	1
6797	2
6798	1
6799	2
6800	1
6801	0
6802	2
6803	2
6804	2
6805	0
6806	1
6807	0
6808	2
6809	1
6810	1
6811	1
6812	0
6813	1
6814	0
6815	0
6816	3
6817	2
6818	0
6819	2
6820	2
6821	1
6822	0
6823	0
6824	2
6825	3
6826	2
6827	1
6828	2
6829	2
6830	0
6831	2
6832	2
6833	0
6834	1
6835	1
6836	2
6837	0
6838	4
6839	1
6840	2
6841	2
6842	0
6843	3
6844	0
6845	0
6846	1
6847	1
6848	1
6849	2
6850	0
6851	2
6852	1
6853	1
6854	1
6855	2
6856	1
6857	2
6858	0
6859	0
6860	2
6861	4
6862	1
6863	0
6864	1
6865	0
6866	2
6867	0
6868	0
6869	2
6870	3
6871	0
6872	1
6873	2
6874	1
6875	2
6876	3
6877	0
6878	1
6879	1
6880	1
6881	1
6882	1
6883	0
6884	1
6885	3
6886	1
6887	0
6888	0
6889	0
6890	1
6891	2
6892	1
6893	1
6894	1
6895	0
6896	1
6897	3
6898	2
6899	0
6900	0
6901	0
6902	1
6903	2
6904	0
6905	0
6906	0
6907	0
6908	1
6909	0
6910	0
6911	0
6912	1
6913	0
6914	1
6915	1
6916	1
6917	0
6918	1
6919	0
6920	0
6921	0
6922	0
6923	4
6924	0
6925	1
6926	1
6927	1
6928	1
6929	1
6930	1
6931	0
6932	0
6933	0
6934	1
6935	2
6936	1
6937	0
6938	1
6939	0
6940	0
6941	0
6942	4
6943	1
6944	3
6945	0
6946	0
6947	1
6948	0
6949	1
6950	0
6951	1
6952	1
6953	0
6954	0
6955	0
6956	2
6957	3
6958	2
6959	1
6960	0
6961	0
6962	0
6963	0
6964	2
6965	0
6966	0
6967	3
6968	1
6969	0
6970	0
6971	0
6972	0
6973	0
6974	0
6975	0
6976	0
6977	2
6978	0
6979	2
6980	1
6981	1
6982	1
6983	1
6984	0
6985	1
6986	0
6987	1
6988	2
6989	0
6990	2
6991	1
6992	1
6993	1
6994	2
6995	1
6996	0
6997	1
6998	0
6999	0
7000	2
7001	1
7002	0
7003	0
7004	0
7005	0
7006	1
7007	0
7008	1
7009	0
7010	0
7011	0
7012	1
7013	0
7014	0
7015	2
7016	0
7017	1
7018	0
7019	0
7020	0
7021	1
7022	2
7023	2
7024	2
7025	0
7026	0
7027	1
7028	0
7029	1
7030	0
7031	0
7032	0
7033	1
7034	2
7035	1
7036	1
7037	0
7038	1
7039	1
7040	0
7041	0
7042	0
7043	0
7044	0
7045	0
7046	1
7047	0
7048	0
7049	0
7050	0
7051	0
7052	0
7053	1
7054	0
7055	0
7056	0
7057	1
7058	0
7059	0
7060	0
7061	2
7062	0
7063	0
7064	0
7065	0
7066	0
7067	0
7068	0
7069	0
7070	0
7071	1
7072	0
7073	0
7074	0
7075	1
7076	1
7077	0
7078	0
7079	0
7080	0
7081	0
7082	1
7083	0
7084	0
7085	0
7086	1
7087	1
7088	1
7089	0
7090	0
7091	0
7092	1
7093	0
7094	1
7095	0
7096	0
7097	0
7098	1
7099	0
7100	0
7101	0
7102	1
7103	0
7104	2
7105	0
7106	1
7107	0
7108	1
7109	1
7110	0
7111	0
7112	0
7113	0
7114	0
7115	0
7116	2
7117	0
7118	0
7119	0
7120	0
7121	0
7122	0
7123	0
7124	1
7125	1
7126	4
7127	0
7128	1
7129	0
7130	0
7131	0
7132	0
7133	1
7134	1
7135	2
7136	1
7137	2
7138	0
7139	0
7140	1
7141	1
7142	1
7143	1
7144	0
7145	0
7146	2
7147	1
7148	0
7149	1
7150	0
7151	1
7152	0
7153	0
7154	0
7155	0
7156	0
7157	0
7158	1
7159	2
7160	0
7161	1
7162	1
7163	0
7164	0
7165	1
7166	1
7167	1
7168	0
7169	0
7170	1
7171	0
7172	0
7173	0
7174	1
7175	1
7176	0
7177	0
7178	1
7179	0
7180	0
7181	0
7182	0
7183	0
7184	0
7185	1
7186	1
7187	0
7188	1
7189	0
7190	0
7191	1
7192	0
7193	0
7194	0
7195	2
7196	0
7197	0
7198	1
7199	1
7200	0
7201	0
7202	3
7203	0
7204	1
7205	0
7206	0
7207	1
7208	2
7209	1
7210	1
7211	0
7212	0
7213	0
7214	0
7215	1
7216	0
7217	0
7218	0
7219	0
7220	0
7221	1
7222	0
7223	0
7224	0
7225	0
7226	0
7227	0
7228	0
7229	0
7230	0
7231	0
7232	1
7233	0
7234	0
7235	0
7236	0
7237	0
7238	0
7239	1
7240	1
7241	0
7242	1
7243	0
7244	0
7245	0
7246	0
7247	0
7248	0
7249	1
7250	0
7251	1
7252	1
7253	0
7254	0
7255	0
7256	2
7257	0
7258	0
7259	1
7260	0
7261	1
7262	0
7263	0
7264	1
7265	1
7266	0
7267	0
7268	1
7269	0
7270	1
7271	1
7272	0
7273	1
7274	0
7275	0
7276	0
7277	2
7278	0
7279	1
7280	0
7281	0
7282	0
7283	0
7284	0
7285	0
7286	0
7287	0
7288	1
7289	0
7290	0
7291	0
7292	0
7293	0
7294	1
7295	1
7296	0
7297	0
7298	2
7299	2
7300	1
7301	1
7302	0
7303	0
7304	1
7305	1
7306	0
7307	0
7308	0
7309	0
7310	0
7311	2
7312	0
7313	0
7314	0
7315	1
7316	1
7317	0
7318	0
7319	0
7320	0
7321	2
7322	0
7323	0
7324	0
7325	1
7326	2
7327	1
7328	0
7329	0
7330	0
7331	0
7332	0
7333	0
7334	1
7335	0
7336	2
7337	0
7338	1
7339	1
7340	1
7341	0
7342	0
7343	0
7344	0
7345	0
7346	1
7347	0
7348	0
7349	1
7350	0
7351	0
7352	0
7353	0
7354	1
7355	0
7356	0
7357	1
7358	0
7359	0
7360	0
7361	0
7362	0
7363	1
7364	1
7365	0
7366	0
7367	0
7368	1
7369	1
7370	0
7371	1
7372	0
7373	0
7374	1
7375	0
7376	0
7377	1
7378	0
7379	0
7380	1
7381	0
7382	0
7383	0
7384	0
7385	0
7386	0
7387	0
7388	1
7389	1
7390	0
7391	0
7392	0
7393	0
7394	1
7395	0
7396	1
7397	0
7398	0
7399	0
7400	1
7401	2
7402	0
7403	0
7404	0
7405	2
7406	1
7407	1
7408	2
7409	1
7410	0
7411	1
7412	0
7413	0
7414	0
7415	0
7416	0
7417	1
7418	0
7419	1
7420	0
7421	0
7422	1
7423	1
7424	1
7425	1
7426	0
7427	2
7428	0
7429	0
7430	0
7431	0
7432	0
7433	1
7434	0
7435	0
7436	1
7437	0
7438	1
7439	2
7440	0
7441	0
7442	2
7443	1
7444	0
7445	1
7446	0
7447	2
7448	0
7449	0
7450	0
7451	0
7452	0
7453	0
7454	0
7455	0
7456	0
7457	0
7458	1
7459	1
7460	3
7461	0
7462	0
7463	0
7464	2
7465	1
7466	0
7467	2
7468	4
7469	0
7470	0
7471	1
7472	0
7473	0
7474	1
7475	0
7476	0
7477	2
7478	0
7479	1
7480	1
7481	0
7482	0
7483	2
7484	0
7485	0
7486	0
7487	1
7488	0
7489	1
7490	0
7491	0
7492	0
7493	0
7494	0
7495	0
7496	0
7497	0
7498	0
7499	1
7500	0
7501	3
7502	1
7503	2
7504	1
7505	0
7506	1
7507	0
7508	1
7509	1
7510	1
7511	1
7512	0
7513	1
7514	2
7515	0
7516	0
7517	0
7518	1
7519	1
7520	1
7521	0
7522	0
7523	0
7524	0
7525	0
7526	1
7527	0
7528	1
7529	0
7530	1
7531	0
7532	0
7533	0
7534	0
7535	1
7536	0
7537	0
7538	1
7539	0
7540	1
7541	0
7542	0
7543	0
7544	0
7545	0
7546	1
7547	0
7548	0
7549	1
7550	0
7551	0
7552	0
7553	0
7554	0
7555	1
7556	0
7557	0
7558	0
7559	1
7560	0
7561	0
7562	0
7563	0
7564	1
7565	0
7566	2
7567	1
7568	0
7569	0
7570	2
7571	1
7572	0
7573	1
7574	1
7575	1
7576	1
7577	0
7578	0
7579	1
7580	0
7581	0
7582	0
7583	1
7584	0
7585	0
7586	0
7587	1
7588	0
7589	2
7590	0
7591	0
7592	2
7593	0
7594	1
7595	2
7596	2
7597	0
7598	0
7599	1
7600	1
7601	0
7602	1
7603	0
7604	0
7605	1
7606	1
7607	0
7608	0
7609	0
7610	1
7611	0
7612	0
7613	0
7614	0
7615	0
7616	0
7617	0
7618	0
7619	2
7620	0
7621	0
7622	1
7623	0
7624	2
7625	1
7626	1
7627	0
7628	1
7629	1
7630	0
7631	1
7632	0
7633	0
7634	0
7635	0
7636	0
7637	0
7638	2
7639	1
7640	0
7641	1
7642	0
7643	0
7644	0
7645	1
7646	1
7647	0
7648	0
7649	1
7650	0
7651	0
7652	1
7653	0
7654	0
7655	1
7656	1
7657	1
7658	0
7659	1
7660	0
7661	0
7662	1
7663	0
7664	0
7665	1
7666	2
7667	0
7668	1
7669	0
7670	1
7671	0
7672	1
7673	0
7674	0
7675	0
7676	1
7677	1
7678	0
7679	1
7680	0
7681	0
7682	0
7683	1
7684	1
7685	1
7686	1
7687	1
7688	0
7689	0
7690	0
7691	0
7692	0
7693	0
7694	0
7695	2
7696	0
7697	1
7698	0
7699	0
7700	1
7701	0
7702	1
7703	1
7704	2
7705	1
7706	0
7707	1
7708	0
7709	0
7710	1
7711	2
7712	0
7713	0
7714	0
7715	1
7716	1
7717	0
7718	1
7719	1
7720	0
7721	1
7722	1
7723	1
7724	0
7725	2
7726	0
7727	1
7728	1
7729	0
7730	1
7731	0
7732	1
7733	0
7734	2
7735	0
7736	0
7737	1
7738	0
7739	1
7740	0
7741	2
7742	0
7743	1
7744	0
7745	2
7746	0
7747	0
7748	0
7749	0
7750	1
7751	0
7752	0
7753	1
7754	0
7755	0
7756	0
7757	0
7758	0
7759	0
7760	0
7761	0
7762	0
7763	0
7764	0
7765	1
7766	2
7767	1
7768	0
7769	1
7770	1
7771	2
7772	0
7773	1
7774	2
7775	1
7776	1
7777	0
7778	0
7779	0
7780	1
7781	2
7782	1
7783	0
7784	0
7785	0
7786	0
7787	0
7788	0
7789	0
7790	0
7791	1
7792	1
7793	0
7794	0
7795	0
7796	1
7797	0
7798	0
7799	1
7800	2
7801	1
7802	0
7803	1
7804	0
7805	1
7806	1
7807	0
7808	0
7809	0
7810	0
7811	0
7812	0
7813	0
7814	0
7815	0
7816	1
7817	0
7818	1
7819	1
7820	2
7821	0
7822	0
7823	2
7824	0
7825	0
7826	0
7827	0
7828	0
7829	0
7830	0
7831	0
7832	0
7833	1
7834	1
7835	1
7836	1
7837	0
7838	1
7839	0
7840	0
7841	0
7842	0
7843	0
7844	0
7845	0
7846	0
7847	1
7848	1
7849	1
7850	0
7851	0
7852	1
7853	1
7854	1
7855	0
7856	0
7857	1
7858	0
7859	1
7860	0
7861	2
7862	0
7863	2
7864	1
7865	0
7866	0
7867	0
7868	0
7869	0
7870	0
7871	1
7872	0
7873	2
7874	0
7875	0
7876	0
7877	1
7878	0
7879	0
7880	2
7881	0
7882	0
7883	1
7884	0
7885	0
7886	0
7887	1
7888	0
7889	0
7890	1
7891	1
7892	0
7893	0
7894	0
7895	0
7896	0
7897	1
7898	0
7899	1
7900	0
7901	0
7902	0
7903	1
7904	0
7905	1
7906	0
7907	0
7908	0
7909	0
7910	1
7911	1
7912	1
7913	0
7914	0
7915	0
7916	1
7917	1
7918	1
7919	0
7920	0
7921	0
7922	0
7923	1
7924	0
7925	1
7926	1
7927	0
7928	1
7929	0
7930	0
7931	1
7932	0
7933	0
7934	0
7935	1
7936	0
7937	0
7938	1
7939	0
7940	0
7941	2
7942	0
7943	0
7944	0
7945	1
7946	0
7947	2
7948	0
7949	0
7950	0
7951	1
7952	0
7953	0
7954	1
7955	0
7956	1
7957	0
7958	0
7959	1
7960	2
7961	1
7962	0
7963	0
7964	0
7965	0
7966	0
7967	0
7968	1
7969	1
7970	2
7971	0
7972	1
7973	1
7974	0
7975	0
7976	2
7977	0
7978	1
7979	1
7980	1
7981	0
7982	1
7983	0
7984	0
7985	1
7986	0
7987	1
7988	0
7989	1
7990	0
7991	2
7992	0
7993	1
7994	1
7995	0
7996	1
7997	0
7998	0
7999	0
8000	1
8001	1
8002	0
8003	0
8004	2
8005	0
8006	0
8007	0
8008	0
8009	0
8010	0
8011	0
8012	1
8013	0
8014	1
8015	0
8016	0
8017	0
8018	0
8019	0
8020	0
8021	1
8022	0
8023	0
8024	0
8025	0
8026	0
8027	0
8028	0
8029	0
8030	0
8031	0
8032	0
8033	1
8034	0
8035	2
8036	0
8037	0
8038	0
8039	0
8040	0
8041	0
8042	0
8043	0
8044	0
8045	0
8046	2
8047	0
8048	0
8049	0
8050	1
8051	1
8052	1
8053	0
8054	0
8055	1
8056	0
8057	0
8058	0
8059	1
8060	1
8061	0
8062	0
8063	0
8064	0
8065	0
8066	0
8067	1
8068	1
8069	0
8070	0
8071	0
8072	1
8073	0
8074	1
8075	0
8076	1
8077	0
8078	0
8079	0
8080	0
8081	1
8082	0
8083	0
8084	1
8085	0
8086	0
8087	0
8088	0
8089	0
8090	0
8091	0
8092	0
8093	0
8094	0
8095	0
8096	0
8097	0
8098	0
8099	0
8100	0
8101	0
8102	0
8103	0
8104	0
8105	0
8106	0
8107	0
8108	0
8109	0
8110	0
8111	0
8112	0
8113	0
8114	0
8115	0
8116	0
8117	0
8118	0
8119	0
8120	0
8121	0
8122	0
8123	0
8124	0
8125	0
8126	0
8127	0
8128	0
8129	0
8130	0
8131	0
8132	0
8133	0
8134	0
8135	0
8136	0
8137	0
8138	0
8139	0
8140	0
8141	0
8142	0
8143	0
8144	0
8145	0
8146	0
8147	0
8148	0
8149	0
8150	0
8151	0
8152	0
8153	0
8154	0
8155	0
8156	0
8157	0
8158	0
8159	0
8160	0
8161	0
8162	0
8163	0
8164	0
8165	0
8166	0
8167	0
8168	0
8169	0
8170	0
8171	0
8172	0
8173	0
8174	0
8175	0
8176	0
8177	0
8178	0
8179	0
8180	0
8181	0
8182	0
8183	0
8184	0
8185	0
8186	0
8187	0
8188	0
8189	0
8190	0
8191	0
