0	0
1	0
2	0
3	0
4	0
5	0
6	0
7	0
8	0
9	0
10	0
11	0
12	0
13	0
14	0
15	0
16	0
17	0
18	0
19	0
20	0
21	0
22	0
23	0
24	0
25	0
26	0
27	0
28	0
29	0
30	0
31	0
32	0
33	0
34	0
35	0
36	0
37	0
38	0
39	0
40	0
41	0
42	0
43	0
44	0
45	0
46	0
47	0
48	0
49	0
50	0
51	0
52	0
53	0
54	0
55	0
56	0
57	0
58	0
59	0
60	0
61	0
62	0
63	0
64	0
65	0
66	0
67	0
68	0
69	0
70	0
71	0
72	0
73	0
74	0
75	0
76	0
77	0
78	0
79	0
80	0
81	0
82	0
83	0
84	0
85	5
86	5
87	13
88	9
89	12
90	11
91	10
92	6
93	13
94	7
95	3
96	11
97	9
98	7
99	12
100	11
101	8
102	7
103	4
104	6
105	6
106	6
107	5
108	6
109	7
110	9
111	4
112	5
113	5
114	8
115	8
116	13
117	4
118	8
119	7
120	10
121	9
122	12
123	9
124	10
125	6
126	5
127	5
128	9
129	9
130	5
131	6
132	4
133	9
134	9
135	2
136	7
137	4
138	12
139	3
140	2
141	7
142	5
143	9
144	13
145	11
146	6
147	7
148	10
149	10
150	7
151	8
152	2
153	7
154	12
155	5
156	7
157	4
158	9
159	6
160	6
161	8
162	5
163	7
164	8
165	8
166	8
167	9
168	10
169	11
170	10
171	4
172	7
173	7
174	7
175	4
176	6
177	8
178	6
179	4
180	7
181	8
182	11
183	5
184	9
185	7
186	9
187	8
188	7
189	4
190	8
191	4
192	3
193	6
194	7
195	11
196	9
197	4
198	11
199	8
200	3
201	9
202	8
203	3
204	10
205	8
206	7
207	3
208	9
209	8
210	4
211	8
212	8
213	4
214	5
215	4
216	11
217	11
218	6
219	4
220	8
221	1
222	5
223	7
224	2
225	11
226	5
227	11
228	12
229	8
230	6
231	9
232	7
233	9
234	8
235	5
236	9
237	12
238	8
239	10
240	10
241	9
242	11
243	11
244	8
245	8
246	6
247	8
248	8
249	10
250	8
251	10
252	7
253	8
254	2
255	7
256	4
257	1
258	7
259	9
260	5
261	11
262	3
263	11
264	3
265	11
266	3
267	7
268	8
269	6
270	4
271	5
272	5
273	14
274	5
275	7
276	9
277	7
278	9
279	7
280	8
281	8
282	7
283	6
284	7
285	12
286	2
287	7
288	11
289	7
290	9
291	12
292	8
293	11
294	8
295	7
296	12
297	16
298	10
299	14
300	6
301	10
302	10
303	6
304	5
305	7
306	7
307	7
308	8
309	9
310	7
311	10
312	11
313	6
314	9
315	10
316	9
317	12
318	6
319	2
320	8
321	5
322	6
323	7
324	12
325	12
326	3
327	5
328	10
329	5
330	14
331	9
332	4
333	8
334	10
335	14
336	10
337	8
338	5
339	7
340	9
341	5
342	10
343	8
344	6
345	10
346	9
347	8
348	6
349	7
350	10
351	8
352	6
353	10
354	8
355	8
356	13
357	7
358	9
359	4
360	15
361	5
362	6
363	9
364	8
365	9
366	12
367	8
368	6
369	9
370	6
371	6
372	14
373	10
374	6
375	5
376	6
377	16
378	8
379	8
380	5
381	11
382	13
383	12
384	6
385	8
386	6
387	14
388	8
389	9
390	8
391	6
392	7
393	4
394	7
395	7
396	11
397	6
398	7
399	7
400	5
401	13
402	7
403	4
404	7
405	6
406	8
407	4
408	8
409	9
410	7
411	15
412	5
413	6
414	6
415	8
416	8
417	6
418	12
419	8
420	11
421	11
422	13
423	6
424	5
425	7
426	10
427	8
428	7
429	9
430	7
431	13
432	7
433	11
434	6
435	9
436	9
437	9
438	11
439	12
440	5
441	4
442	8
443	12
444	7
445	5
446	0
447	7
448	7
449	6
450	4
451	10
452	7
453	7
454	11
455	9
456	17
457	2
458	11
459	8
460	7
461	8
462	7
463	10
464	13
465	15
466	10
467	8
468	10
469	6
470	9
471	8
472	15
473	16
474	7
475	8
476	6
477	13
478	5
479	16
480	7
481	13
482	10
483	9
484	11
485	3
486	7
487	8
488	9
489	5
490	11
491	11
492	10
493	10
494	5
495	11
496	5
497	10
498	7
499	12
500	5
501	9
502	8
503	14
504	10
505	7
506	6
507	10
508	8
509	5
510	12
511	8
512	7
513	11
514	10
515	10
516	13
517	7
518	11
519	11
520	1
521	13
522	11
523	16
524	13
525	7
526	8
527	9
528	8
529	9
530	7
531	9
532	10
533	5
534	6
535	8
536	8
537	8
538	10
539	9
540	5
541	5
542	8
543	9
544	7
545	10
546	9
547	2
548	12
549	10
550	8
551	10
552	8
553	5
554	6
555	7
556	8
557	10
558	5
559	8
560	13
561	7
562	12
563	11
564	8
565	4
566	7
567	12
568	13
569	11
570	3
571	6
572	8
573	9
574	7
575	6
576	8
577	11
578	13
579	5
580	8
581	10
582	5
583	4
584	7
585	9
586	6
587	6
588	8
589	8
590	7
591	12
592	7
593	8
594	6
595	13
596	7
597	15
598	7
599	9
600	11
601	6
602	10
603	7
604	9
605	4
606	4
607	11
608	4
609	12
610	16
611	13
612	12
613	9
614	6
615	17
616	10
617	10
618	13
619	10
620	8
621	9
622	5
623	5
624	12
625	5
626	7
627	11
628	15
629	11
630	7
631	7
632	12
633	9
634	12
635	5
636	11
637	6
638	7
639	10
640	11
641	8
642	7
643	4
644	14
645	11
646	9
647	13
648	14
649	16
650	9
651	8
652	11
653	10
654	11
655	10
656	5
657	7
658	7
659	9
660	7
661	8
662	9
663	6
664	7
665	15
666	4
667	8
668	6
669	11
670	6
671	5
672	16
673	12
674	13
675	17
676	7
677	11
678	3
679	10
680	4
681	9
682	14
683	7
684	6
685	10
686	14
687	7
688	6
689	8
690	9
691	10
692	12
693	6
694	13
695	6
696	6
697	12
698	14
699	13
700	12
701	8
702	11
703	12
704	16
705	8
706	9
707	11
708	13
709	8
710	20
711	13
712	7
713	7
714	16
715	14
716	15
717	6
718	10
719	11
720	9
721	11
722	8
723	16
724	19
725	10
726	7
727	6
728	10
729	13
730	11
731	12
732	11
733	7
734	12
735	11
736	11
737	7
738	12
739	12
740	4
741	9
742	11
743	13
744	12
745	10
746	15
747	16
748	10
749	14
750	13
751	11
752	15
753	18
754	21
755	11
756	14
757	16
758	12
759	13
760	13
761	11
762	27
763	16
764	17
765	15
766	11
767	18
768	17
769	8
770	21
771	6
772	11
773	16
774	16
775	11
776	11
777	12
778	8
779	21
780	20
781	13
782	17
783	11
784	16
785	19
786	21
787	11
788	13
789	17
790	18
791	22
792	15
793	15
794	16
795	18
796	14
797	19
798	18
799	19
800	16
801	15
802	12
803	13
804	12
805	21
806	25
807	20
808	14
809	21
810	16
811	19
812	10
813	18
814	22
815	21
816	15
817	21
818	17
819	20
820	20
821	19
822	26
823	18
824	24
825	22
826	28
827	21
828	24
829	17
830	20
831	11
832	25
833	11
834	13
835	19
836	23
837	25
838	22
839	25
840	12
841	21
842	20
843	15
844	20
845	29
846	25
847	21
848	23
849	22
850	15
851	17
852	20
853	20
854	17
855	21
856	18
857	20
858	15
859	21
860	28
861	24
862	17
863	17
864	14
865	21
866	15
867	17
868	22
869	17
870	21
871	25
872	18
873	14
874	23
875	18
876	23
877	11
878	13
879	16
880	16
881	15
882	20
883	22
884	19
885	22
886	21
887	17
888	18
889	11
890	13
891	16
892	11
893	10
894	22
895	18
896	23
897	12
898	14
899	9
900	10
901	15
902	18
903	24
904	24
905	17
906	24
907	13
908	13
909	5
910	8
911	15
912	22
913	21
914	21
915	18
916	12
917	28
918	11
919	12
920	19
921	10
922	13
923	14
924	10
925	22
926	15
927	14
928	22
929	16
930	14
931	14
932	16
933	11
934	19
935	13
936	21
937	19
938	17
939	19
940	23
941	17
942	15
943	12
944	13
945	11
946	13
947	18
948	12
949	24
950	18
951	18
952	11
953	17
954	10
955	13
956	12
957	21
958	9
959	17
960	11
961	21
962	23
963	19
964	10
965	8
966	14
967	15
968	12
969	14
970	19
971	20
972	16
973	18
974	12
975	19
976	13
977	12
978	19
979	13
980	11
981	8
982	13
983	9
984	12
985	14
986	13
987	12
988	10
989	16
990	10
991	12
992	7
993	14
994	10
995	11
996	17
997	12
998	18
999	16
1000	18
1001	16
1002	15
1003	11
1004	17
1005	17
1006	14
1007	15
1008	10
1009	14
1010	17
1011	12
1012	20
1013	15
1014	15
1015	16
1016	15
1017	24
1018	13
1019	8
1020	10
1021	16
1022	9
1023	8
1024	17
1025	10
1026	16
1027	11
1028	22
1029	9
1030	9
1031	16
1032	10
1033	13
1034	9
1035	10
1036	11
1037	14
1038	11
1039	16
1040	18
1041	13
1042	11
1043	16
1044	16
1045	16
1046	12
1047	11
1048	13
1049	11
1050	10
1051	12
1052	17
1053	14
1054	13
1055	12
1056	6
1057	11
1058	15
1059	11
1060	16
1061	11
1062	13
1063	11
1064	18
1065	9
1066	18
1067	18
1068	12
1069	9
1070	12
1071	10
1072	10
1073	14
1074	8
1075	12
1076	11
1077	13
1078	13
1079	10
1080	17
1081	14
1082	11
1083	13
1084	14
1085	16
1086	16
1087	9
1088	13
1089	14
1090	8
1091	14
1092	11
1093	8
1094	10
1095	11
1096	13
1097	9
1098	7
1099	11
1100	12
1101	13
1102	12
1103	18
1104	18
1105	13
1106	8
1107	14
1108	7
1109	10
1110	10
1111	13
1112	15
1113	20
1114	14
1115	14
1116	15
1117	14
1118	9
1119	7
1120	15
1121	12
1122	10
1123	14
1124	5
1125	15
1126	16
1127	12
1128	20
1129	15
1130	6
1131	14
1132	11
1133	12
1134	10
1135	16
1136	12
1137	23
1138	15
1139	13
1140	14
1141	15
1142	15
1143	19
1144	16
1145	7
1146	16
1147	18
1148	16
1149	16
1150	10
1151	7
1152	17
1153	11
1154	20
1155	11
1156	14
1157	10
1158	17
1159	16
1160	11
1161	18
1162	14
1163	13
1164	18
1165	6
1166	16
1167	19
1168	18
1169	22
1170	13
1171	13
1172	14
1173	10
1174	16
1175	12
1176	16
1177	15
1178	12
1179	11
1180	13
1181	15
1182	17
1183	8
1184	15
1185	15
1186	9
1187	18
1188	8
1189	14
1190	18
1191	10
1192	15
1193	15
1194	18
1195	13
1196	20
1197	14
1198	13
1199	14
1200	21
1201	11
1202	13
1203	15
1204	8
1205	8
1206	14
1207	17
1208	13
1209	16
1210	11
1211	14
1212	14
1213	13
1214	18
1215	14
1216	19
1217	16
1218	11
1219	12
1220	11
1221	13
1222	15
1223	17
1224	12
1225	10
1226	13
1227	19
1228	11
1229	11
1230	21
1231	11
1232	11
1233	19
1234	18
1235	17
1236	10
1237	17
1238	16
1239	13
1240	11
1241	16
1242	8
1243	19
1244	8
1245	14
1246	8
1247	13
1248	12
1249	9
1250	14
1251	9
1252	16
1253	15
1254	16
1255	21
1256	12
1257	16
1258	14
1259	20
1260	20
1261	17
1262	15
1263	13
1264	14
1265	17
1266	16
1267	15
1268	9
1269	17
1270	22
1271	19
1272	11
1273	16
1274	11
1275	17
1276	16
1277	23
1278	9
1279	10
1280	26
1281	11
1282	10
1283	14
1284	11
1285	19
1286	15
1287	14
1288	17
1289	15
1290	16
1291	13
1292	13
1293	16
1294	17
1295	18
1296	14
1297	12
1298	13
1299	19
1300	17
1301	18
1302	15
1303	17
1304	8
1305	14
1306	22
1307	16
1308	20
1309	11
1310	20
1311	17
1312	18
1313	19
1314	6
1315	14
1316	11
1317	22
1318	18
1319	13
1320	16
1321	13
1322	18
1323	12
1324	12
1325	8
1326	18
1327	16
1328	23
1329	15
1330	21
1331	19
1332	13
1333	13
1334	13
1335	12
1336	16
1337	17
1338	14
1339	13
1340	13
1341	20
1342	10
1343	19
1344	22
1345	22
1346	20
1347	25
1348	17
1349	22
1350	28
1351	16
1352	19
1353	12
1354	15
1355	6
1356	8
1357	13
1358	25
1359	22
1360	15
1361	17
1362	12
1363	17
1364	20
1365	8
1366	27
1367	24
1368	12
1369	23
1370	16
1371	20
1372	22
1373	8
1374	16
1375	21
1376	19
1377	12
1378	19
1379	11
1380	21
1381	16
1382	12
1383	21
1384	18
1385	13
1386	20
1387	21
1388	17
1389	18
1390	21
1391	14
1392	18
1393	16
1394	16
1395	14
1396	27
1397	20
1398	21
1399	23
1400	16
1401	18
1402	19
1403	16
1404	18
1405	17
1406	14
1407	12
1408	17
1409	17
1410	18
1411	19
1412	22
1413	21
1414	16
1415	19
1416	17
1417	16
1418	17
1419	12
1420	22
1421	19
1422	14
1423	18
1424	18
1425	17
1426	13
1427	21
1428	26
1429	23
1430	15
1431	17
1432	18
1433	14
1434	23
1435	13
1436	16
1437	14
1438	20
1439	16
1440	23
1441	16
1442	17
1443	13
1444	22
1445	12
1446	18
1447	9
1448	18
1449	17
1450	14
1451	18
1452	9
1453	15
1454	18
1455	17
1456	23
1457	23
1458	23
1459	22
1460	13
1461	19
1462	21
1463	11
1464	16
1465	18
1466	11
1467	15
1468	16
1469	21
1470	31
1471	13
1472	18
1473	11
1474	16
1475	17
1476	18
1477	20
1478	17
1479	14
1480	15
1481	19
1482	24
1483	12
1484	15
1485	18
1486	23
1487	29
1488	28
1489	15
1490	12
1491	22
1492	9
1493	19
1494	15
1495	15
1496	12
1497	14
1498	19
1499	22
1500	25
1501	15
1502	14
1503	18
1504	19
1505	20
1506	17
1507	10
1508	14
1509	16
1510	13
1511	19
1512	17
1513	27
1514	18
1515	14
1516	22
1517	19
1518	15
1519	25
1520	20
1521	15
1522	21
1523	12
1524	20
1525	26
1526	22
1527	20
1528	15
1529	22
1530	19
1531	16
1532	18
1533	19
1534	19
1535	16
1536	21
1537	13
1538	16
1539	23
1540	18
1541	15
1542	18
1543	13
1544	22
1545	25
1546	22
1547	20
1548	17
1549	21
1550	21
1551	22
1552	19
1553	19
1554	20
1555	19
1556	20
1557	23
1558	22
1559	28
1560	27
1561	21
1562	20
1563	24
1564	21
1565	26
1566	15
1567	18
1568	24
1569	17
1570	25
1571	20
1572	15
1573	17
1574	25
1575	28
1576	22
1577	20
1578	16
1579	17
1580	22
1581	15
1582	16
1583	14
1584	11
1585	24
1586	19
1587	24
1588	21
1589	28
1590	19
1591	20
1592	20
1593	25
1594	17
1595	17
1596	21
1597	9
1598	28
1599	19
1600	22
1601	17
1602	25
1603	31
1604	21
1605	18
1606	15
1607	23
1608	18
1609	18
1610	26
1611	17
1612	13
1613	16
1614	20
1615	22
1616	21
1617	20
1618	32
1619	18
1620	14
1621	16
1622	20
1623	22
1624	8
1625	24
1626	16
1627	18
1628	19
1629	19
1630	21
1631	15
1632	23
1633	24
1634	21
1635	21
1636	32
1637	26
1638	16
1639	15
1640	18
1641	29
1642	23
1643	26
1644	22
1645	20
1646	20
1647	28
1648	19
1649	24
1650	21
1651	20
1652	27
1653	26
1654	15
1655	35
1656	21
1657	22
1658	15
1659	17
1660	16
1661	25
1662	17
1663	25
1664	22
1665	17
1666	15
1667	18
1668	24
1669	19
1670	24
1671	25
1672	23
1673	19
1674	17
1675	16
1676	13
1677	18
1678	28
1679	24
1680	27
1681	21
1682	19
1683	26
1684	15
1685	8
1686	13
1687	16
1688	23
1689	25
1690	13
1691	21
1692	19
1693	20
1694	15
1695	20
1696	22
1697	16
1698	20
1699	21
1700	24
1701	31
1702	17
1703	21
1704	13
1705	13
1706	19
1707	9
1708	21
1709	26
1710	20
1711	25
1712	23
1713	23
1714	22
1715	26
1716	28
1717	26
1718	16
1719	18
1720	19
1721	26
1722	14
1723	33
1724	18
1725	19
1726	24
1727	20
1728	18
1729	20
1730	20
1731	31
1732	17
1733	27
1734	18
1735	19
1736	20
1737	20
1738	23
1739	31
1740	16
1741	12
1742	26
1743	16
1744	22
1745	24
1746	18
1747	20
1748	28
1749	21
1750	24
1751	21
1752	23
1753	18
1754	18
1755	13
1756	20
1757	22
1758	11
1759	26
1760	16
1761	20
1762	22
1763	22
1764	33
1765	20
1766	28
1767	24
1768	19
1769	23
1770	23
1771	14
1772	19
1773	18
1774	18
1775	17
1776	27
1777	20
1778	21
1779	30
1780	18
1781	30
1782	27
1783	19
1784	24
1785	22
1786	15
1787	22
1788	33
1789	23
1790	22
1791	27
1792	19
1793	14
1794	16
1795	20
1796	21
1797	18
1798	26
1799	28
1800	28
1801	21
1802	21
1803	22
1804	27
1805	20
1806	21
1807	18
1808	25
1809	25
1810	25
1811	22
1812	31
1813	21
1814	28
1815	30
1816	17
1817	22
1818	24
1819	30
1820	12
1821	21
1822	20
1823	19
1824	29
1825	31
1826	31
1827	19
1828	26
1829	23
1830	22
1831	20
1832	22
1833	14
1834	23
1835	16
1836	21
1837	30
1838	34
1839	13
1840	23
1841	14
1842	14
1843	30
1844	27
1845	30
1846	21
1847	26
1848	26
1849	22
1850	23
1851	27
1852	21
1853	19
1854	14
1855	23
1856	20
1857	27
1858	26
1859	27
1860	25
1861	27
1862	20
1863	22
1864	18
1865	15
1866	15
1867	23
1868	28
1869	26
1870	28
1871	17
1872	21
1873	22
1874	18
1875	30
1876	21
1877	24
1878	21
1879	12
1880	29
1881	25
1882	27
1883	25
1884	15
1885	25
1886	22
1887	24
1888	30
1889	30
1890	21
1891	23
1892	20
1893	18
1894	29
1895	22
1896	23
1897	26
1898	29
1899	18
1900	25
1901	18
1902	28
1903	21
1904	33
1905	20
1906	28
1907	23
1908	29
1909	18
1910	13
1911	21
1912	15
1913	25
1914	19
1915	22
1916	23
1917	28
1918	22
1919	24
1920	23
1921	16
1922	18
1923	31
1924	33
1925	20
1926	21
1927	25
1928	23
1929	27
1930	26
1931	23
1932	30
1933	22
1934	16
1935	20
1936	21
1937	15
1938	28
1939	32
1940	14
1941	24
1942	34
1943	19
1944	30
1945	22
1946	40
1947	31
1948	21
1949	21
1950	24
1951	20
1952	13
1953	22
1954	26
1955	23
1956	22
1957	25
1958	27
1959	33
1960	22
1961	23
1962	26
1963	18
1964	27
1965	26
1966	27
1967	15
1968	28
1969	23
1970	30
1971	30
1972	24
1973	19
1974	24
1975	31
1976	22
1977	22
1978	17
1979	23
1980	24
1981	29
1982	25
1983	24
1984	21
1985	13
1986	21
1987	29
1988	21
1989	33
1990	23
1991	28
1992	19
1993	23
1994	23
1995	30
1996	11
1997	31
1998	22
1999	25
2000	17
2001	25
2002	26
2003	26
2004	22
2005	21
2006	25
2007	26
2008	25
2009	26
2010	27
2011	24
2012	20
2013	27
2014	22
2015	27
2016	21
2017	29
2018	18
2019	26
2020	27
2021	19
2022	23
2023	22
2024	20
2025	31
2026	25
2027	30
2028	26
2029	24
2030	26
2031	22
2032	21
2033	27
2034	28
2035	25
2036	29
2037	22
2038	19
2039	24
2040	17
2041	23
2042	23
2043	21
2044	29
2045	20
2046	30
2047	24
2048	20
2049	22
2050	28
2051	28
2052	20
2053	22
2054	21
2055	22
2056	24
2057	22
2058	25
2059	27
2060	23
2061	28
2062	20
2063	18
2064	26
2065	20
2066	21
2067	20
2068	24
2069	35
2070	26
2071	29
2072	16
2073	22
2074	20
2075	33
2076	31
2077	29
2078	24
2079	21
2080	24
2081	32
2082	20
2083	21
2084	22
2085	29
2086	25
2087	25
2088	25
2089	20
2090	25
2091	26
2092	24
2093	17
2094	20
2095	20
2096	15
2097	27
2098	31
2099	21
2100	31
2101	23
2102	23
2103	22
2104	21
2105	21
2106	22
2107	26
2108	20
2109	25
2110	24
2111	26
2112	33
2113	17
2114	19
2115	21
2116	27
2117	19
2118	27
2119	29
2120	18
2121	20
2122	19
2123	28
2124	19
2125	36
2126	30
2127	19
2128	22
2129	22
2130	28
2131	16
2132	25
2133	28
2134	24
2135	28
2136	26
2137	23
2138	28
2139	29
2140	28
2141	25
2142	18
2143	29
2144	26
2145	25
2146	22
2147	18
2148	30
2149	23
2150	31
2151	26
2152	24
2153	24
2154	17
2155	20
2156	17
2157	19
2158	25
2159	27
2160	15
2161	22
2162	23
2163	31
2164	31
2165	14
2166	25
2167	24
2168	29
2169	13
2170	31
2171	22
2172	19
2173	24
2174	25
2175	26
2176	31
2177	30
2178	27
2179	15
2180	26
2181	33
2182	26
2183	33
2184	20
2185	32
2186	29
2187	33
2188	23
2189	24
2190	26
2191	24
2192	23
2193	24
2194	30
2195	31
2196	24
2197	36
2198	20
2199	30
2200	33
2201	31
2202	31
2203	25
2204	25
2205	31
2206	32
2207	24
2208	31
2209	27
2210	20
2211	40
2212	31
2213	20
2214	30
2215	32
2216	18
2217	31
2218	23
2219	29
2220	43
2221	36
2222	26
2223	28
2224	21
2225	22
2226	31
2227	22
2228	23
2229	36
2230	27
2231	35
2232	31
2233	34
2234	36
2235	38
2236	36
2237	40
2238	37
2239	28
2240	27
2241	37
2242	39
2243	33
2244	34
2245	26
2246	26
2247	20
2248	31
2249	32
2250	35
2251	25
2252	25
2253	29
2254	30
2255	31
2256	43
2257	31
2258	32
2259	30
2260	30
2261	38
2262	33
2263	21
2264	35
2265	27
2266	24
2267	26
2268	33
2269	37
2270	28
2271	28
2272	37
2273	39
2274	27
2275	45
2276	24
2277	30
2278	30
2279	25
2280	31
2281	45
2282	23
2283	39
2284	33
2285	29
2286	42
2287	31
2288	28
2289	40
2290	29
2291	32
2292	36
2293	36
2294	36
2295	41
2296	40
2297	38
2298	34
2299	33
2300	39
2301	43
2302	28
2303	37
2304	28
2305	38
2306	44
2307	30
2308	34
2309	26
2310	28
2311	32
2312	26
2313	37
2314	31
2315	39
2316	33
2317	38
2318	31
2319	33
2320	42
2321	34
2322	44
2323	36
2324	33
2325	24
2326	41
2327	30
2328	44
2329	40
2330	35
2331	35
2332	27
2333	39
2334	33
2335	36
2336	32
2337	41
2338	38
2339	28
2340	27
2341	37
2342	37
2343	35
2344	34
2345	48
2346	31
2347	46
2348	37
2349	48
2350	40
2351	34
2352	28
2353	36
2354	28
2355	39
2356	39
2357	46
2358	39
2359	48
2360	37
2361	39
2362	27
2363	37
2364	39
2365	37
2366	38
2367	33
2368	35
2369	36
2370	26
2371	41
2372	26
2373	35
2374	25
2375	41
2376	41
2377	25
2378	44
2379	30
2380	33
2381	60
2382	46
2383	29
2384	34
2385	38
2386	28
2387	28
2388	37
2389	31
2390	42
2391	35
2392	39
2393	32
2394	49
2395	31
2396	34
2397	26
2398	41
2399	45
2400	37
2401	43
2402	30
2403	40
2404	39
2405	45
2406	34
2407	42
2408	32
2409	48
2410	37
2411	46
2412	31
2413	40
2414	36
2415	23
2416	34
2417	25
2418	43
2419	30
2420	30
2421	37
2422	44
2423	32
2424	48
2425	40
2426	33
2427	40
2428	43
2429	31
2430	28
2431	37
2432	34
2433	41
2434	33
2435	39
2436	32
2437	34
2438	34
2439	40
2440	34
2441	41
2442	38
2443	35
2444	32
2445	29
2446	41
2447	37
2448	41
2449	33
2450	39
2451	37
2452	36
2453	40
2454	47
2455	25
2456	29
2457	50
2458	47
2459	32
2460	26
2461	35
2462	44
2463	48
2464	36
2465	27
2466	37
2467	30
2468	36
2469	30
2470	41
2471	36
2472	37
2473	37
2474	28
2475	38
2476	30
2477	24
2478	43
2479	27
2480	25
2481	31
2482	32
2483	34
2484	18
2485	38
2486	41
2487	25
2488	28
2489	30
2490	35
2491	44
2492	29
2493	37
2494	37
2495	31
2496	41
2497	32
2498	31
2499	26
2500	35
2501	33
2502	36
2503	36
2504	28
2505	22
2506	21
2507	40
2508	33
2509	26
2510	29
2511	32
2512	43
2513	30
2514	32
2515	35
2516	33
2517	24
2518	29
2519	34
2520	25
2521	31
2522	33
2523	39
2524	29
2525	42
2526	23
2527	37
2528	23
2529	26
2530	29
2531	25
2532	31
2533	21
2534	24
2535	40
2536	25
2537	22
2538	25
2539	33
2540	28
2541	18
2542	25
2543	36
2544	22
2545	35
2546	29
2547	31
2548	24
2549	23
2550	29
2551	24
2552	31
2553	23
2554	31
2555	27
2556	34
2557	23
2558	39
2559	29
2560	22
2561	26
2562	28
2563	30
2564	26
2565	24
2566	18
2567	30
2568	25
2569	24
2570	25
2571	22
2572	35
2573	19
2574	27
2575	24
2576	21
2577	33
2578	24
2579	29
2580	20
2581	24
2582	26
2583	31
2584	26
2585	32
2586	23
2587	30
2588	25
2589	13
2590	31
2591	20
2592	24
2593	21
2594	29
2595	20
2596	16
2597	21
2598	26
2599	22
2600	27
2601	21
2602	29
2603	25
2604	21
2605	25
2606	24
2607	18
2608	25
2609	21
2610	20
2611	17
2612	22
2613	20
2614	18
2615	19
2616	17
2617	22
2618	20
2619	18
2620	24
2621	25
2622	25
2623	26
2624	18
2625	20
2626	26
2627	26
2628	20
2629	22
2630	28
2631	29
2632	12
2633	13
2634	26
2635	29
2636	19
2637	14
2638	20
2639	15
2640	22
2641	21
2642	23
2643	15
2644	16
2645	23
2646	22
2647	19
2648	17
2649	25
2650	18
2651	22
2652	23
2653	22
2654	27
2655	33
2656	23
2657	23
2658	12
2659	20
2660	15
2661	21
2662	17
2663	19
2664	27
2665	11
2666	21
2667	26
2668	24
2669	14
2670	22
2671	20
2672	20
2673	15
2674	20
2675	15
2676	20
2677	19
2678	26
2679	20
2680	16
2681	11
2682	26
2683	14
2684	19
2685	16
2686	24
2687	19
2688	19
2689	13
2690	17
2691	15
2692	21
2693	20
2694	19
2695	21
2696	18
2697	18
2698	27
2699	16
2700	12
2701	24
2702	21
2703	25
2704	19
2705	16
2706	21
2707	13
2708	23
2709	16
2710	21
2711	21
2712	17
2713	11
2714	22
2715	13
2716	18
2717	23
2718	17
2719	18
2720	15
2721	16
2722	24
2723	15
2724	15
2725	22
2726	19
2727	24
2728	12
2729	16
2730	14
2731	15
2732	15
2733	21
2734	22
2735	17
2736	13
2737	13
2738	24
2739	17
2740	16
2741	20
2742	11
2743	26
2744	19
2745	15
2746	16
2747	22
2748	10
2749	7
2750	12
2751	15
2752	19
2753	18
2754	17
2755	11
2756	16
2757	11
2758	11
2759	12
2760	16
2761	16
2762	19
2763	20
2764	10
2765	27
2766	17
2767	16
2768	15
2769	12
2770	16
2771	10
2772	10
2773	16
2774	22
2775	19
2776	18
2777	13
2778	18
2779	18
2780	18
2781	13
2782	14
2783	19
2784	20
2785	13
2786	15
2787	13
2788	21
2789	13
2790	14
2791	10
2792	16
2793	15
2794	17
2795	19
2796	15
2797	14
2798	11
2799	17
2800	13
2801	21
2802	8
2803	10
2804	17
2805	18
2806	9
2807	16
2808	24
2809	18
2810	16
2811	15
2812	15
2813	10
2814	10
2815	11
2816	17
2817	12
2818	14
2819	15
2820	18
2821	11
2822	22
2823	19
2824	13
2825	6
2826	11
2827	16
2828	12
2829	12
2830	18
2831	12
2832	12
2833	10
2834	14
2835	17
2836	16
2837	18
2838	17
2839	9
2840	11
2841	12
2842	10
2843	10
2844	13
2845	13
2846	11
2847	15
2848	15
2849	20
2850	16
2851	13
2852	14
2853	16
2854	17
2855	18
2856	11
2857	16
2858	13
2859	15
2860	8
2861	14
2862	12
2863	15
2864	17
2865	16
2866	14
2867	10
2868	9
2869	21
2870	12
2871	14
2872	14
2873	14
2874	10
2875	14
2876	18
2877	15
2878	17
2879	15
2880	16
2881	16
2882	11
2883	16
2884	21
2885	14
2886	10
2887	12
2888	13
2889	11
2890	16
2891	11
2892	17
2893	18
2894	13
2895	15
2896	11
2897	16
2898	18
2899	8
2900	15
2901	7
2902	10
2903	21
2904	15
2905	14
2906	16
2907	17
2908	10
2909	22
2910	16
2911	16
2912	12
2913	13
2914	13
2915	11
2916	8
2917	15
2918	13
2919	12
2920	14
2921	12
2922	14
2923	13
2924	11
2925	19
2926	17
2927	14
2928	14
2929	16
2930	13
2931	10
2932	14
2933	10
2934	16
2935	7
2936	14
2937	6
2938	17
2939	9
2940	12
2941	16
2942	9
2943	13
2944	5
2945	13
2946	14
2947	13
2948	15
2949	9
2950	8
2951	13
2952	13
2953	9
2954	13
2955	11
2956	12
2957	14
2958	11
2959	16
2960	14
2961	12
2962	11
2963	10
2964	9
2965	11
2966	8
2967	16
2968	12
2969	15
2970	11
2971	10
2972	12
2973	16
2974	10
2975	11
2976	6
2977	14
2978	13
2979	11
2980	10
2981	12
2982	13
2983	8
2984	11
2985	15
2986	11
2987	6
2988	12
2989	14
2990	11
2991	10
2992	10
2993	9
2994	15
2995	10
2996	9
2997	20
2998	9
2999	15
3000	9
3001	11
3002	9
3003	5
3004	15
3005	14
3006	20
3007	8
3008	5
3009	16
3010	11
3011	10
3012	11
3013	8
3014	10
3015	11
3016	13
3017	14
3018	7
3019	12
3020	13
3021	9
3022	9
3023	12
3024	13
3025	15
3026	9
3027	23
3028	11
3029	14
3030	11
3031	10
3032	9
3033	8
3034	8
3035	14
3036	14
3037	8
3038	16
3039	21
3040	8
3041	13
3042	10
3043	12
3044	14
3045	11
3046	11
3047	5
3048	13
3049	8
3050	10
3051	13
3052	8
3053	13
3054	13
3055	5
3056	11
3057	16
3058	12
3059	6
3060	9
3061	5
3062	10
3063	16
3064	12
3065	9
3066	13
3067	5
3068	8
3069	7
3070	8
3071	10
3072	14
3073	12
3074	8
3075	8
3076	12
3077	10
3078	9
3079	10
3080	13
3081	6
3082	4
3083	12
3084	15
3085	15
3086	9
3087	15
3088	8
3089	13
3090	14
3091	12
3092	8
3093	7
3094	10
3095	10
3096	10
3097	9
3098	11
3099	11
3100	15
3101	9
3102	6
3103	16
3104	8
3105	13
3106	9
3107	13
3108	10
3109	8
3110	8
3111	13
3112	15
3113	11
3114	9
3115	13
3116	14
3117	9
3118	8
3119	9
3120	13
3121	10
3122	10
3123	20
3124	13
3125	2
3126	8
3127	18
3128	13
3129	7
3130	11
3131	18
3132	9
3133	11
3134	10
3135	9
3136	8
3137	8
3138	11
3139	11
3140	11
3141	10
3142	11
3143	10
3144	10
3145	15
3146	13
3147	12
3148	10
3149	7
3150	7
3151	9
3152	9
3153	13
3154	9
3155	14
3156	5
3157	8
3158	10
3159	10
3160	11
3161	12
3162	13
3163	14
3164	12
3165	11
3166	9
3167	8
3168	10
3169	21
3170	9
3171	7
3172	9
3173	9
3174	10
3175	11
3176	5
3177	11
3178	9
3179	11
3180	10
3181	5
3182	11
3183	11
3184	9
3185	7
3186	11
3187	12
3188	6
3189	15
3190	11
3191	10
3192	10
3193	12
3194	12
3195	14
3196	10
3197	10
3198	12
3199	10
3200	12
3201	10
3202	9
3203	11
3204	9
3205	13
3206	6
3207	5
3208	8
3209	8
3210	10
3211	5
3212	11
3213	11
3214	11
3215	11
3216	13
3217	14
3218	12
3219	8
3220	12
3221	2
3222	12
3223	7
3224	9
3225	13
3226	11
3227	9
3228	4
3229	4
3230	8
3231	8
3232	7
3233	14
3234	14
3235	16
3236	10
3237	14
3238	8
3239	10
3240	10
3241	8
3242	7
3243	9
3244	8
3245	5
3246	8
3247	9
3248	17
3249	14
3250	15
3251	12
3252	7
3253	9
3254	13
3255	7
3256	17
3257	8
3258	5
3259	10
3260	10
3261	15
3262	12
3263	7
3264	11
3265	11
3266	7
3267	10
3268	16
3269	7
3270	10
3271	5
3272	12
3273	6
3274	13
3275	4
3276	10
3277	6
3278	7
3279	10
3280	8
3281	12
3282	5
3283	8
3284	9
3285	10
3286	11
3287	15
3288	10
3289	8
3290	8
3291	12
3292	9
3293	9
3294	5
3295	11
3296	7
3297	12
3298	10
3299	6
3300	6
3301	9
3302	7
3303	9
3304	2
3305	8
3306	5
3307	6
3308	9
3309	9
3310	12
3311	6
3312	9
3313	7
3314	6
3315	12
3316	6
3317	8
3318	7
3319	13
3320	9
3321	12
3322	7
3323	11
3324	9
3325	7
3326	12
3327	13
3328	8
3329	4
3330	6
3331	12
3332	5
3333	14
3334	7
3335	5
3336	7
3337	11
3338	5
3339	12
3340	6
3341	11
3342	8
3343	10
3344	9
3345	11
3346	14
3347	9
3348	11
3349	5
3350	7
3351	11
3352	9
3353	7
3354	9
3355	5
3356	10
3357	11
3358	6
3359	11
3360	7
3361	4
3362	5
3363	5
3364	9
3365	9
3366	10
3367	11
3368	7
3369	6
3370	11
3371	10
3372	11
3373	7
3374	7
3375	6
3376	6
3377	10
3378	5
3379	11
3380	9
3381	7
3382	10
3383	12
3384	7
3385	13
3386	10
3387	6
3388	7
3389	9
3390	11
3391	10
3392	9
3393	14
3394	8
3395	8
3396	9
3397	4
3398	14
3399	10
3400	7
3401	11
3402	5
3403	11
3404	9
3405	11
3406	8
3407	14
3408	12
3409	11
3410	5
3411	8
3412	9
3413	7
3414	11
3415	9
3416	8
3417	8
3418	12
3419	6
3420	10
3421	15
3422	7
3423	10
3424	6
3425	13
3426	10
3427	4
3428	11
3429	16
3430	13
3431	8
3432	12
3433	12
3434	8
3435	6
3436	11
3437	8
3438	12
3439	12
3440	6
3441	13
3442	8
3443	13
3444	8
3445	8
3446	11
3447	10
3448	11
3449	11
3450	3
3451	8
3452	8
3453	8
3454	12
3455	12
3456	9
3457	7
3458	7
3459	9
3460	5
3461	13
3462	10
3463	4
3464	5
3465	11
3466	8
3467	7
3468	11
3469	5
3470	7
3471	19
3472	5
3473	11
3474	6
3475	6
3476	5
3477	12
3478	9
3479	9
3480	11
3481	6
3482	5
3483	9
3484	10
3485	7
3486	6
3487	7
3488	4
3489	13
3490	8
3491	14
3492	9
3493	9
3494	6
3495	7
3496	5
3497	10
3498	7
3499	6
3500	6
3501	6
3502	8
3503	8
3504	11
3505	11
3506	5
3507	5
3508	10
3509	6
3510	8
3511	5
3512	9
3513	11
3514	9
3515	9
3516	6
3517	9
3518	7
3519	5
3520	7
3521	3
3522	10
3523	6
3524	6
3525	7
3526	10
3527	10
3528	2
3529	8
3530	11
3531	8
3532	17
3533	4
3534	10
3535	9
3536	16
3537	10
3538	9
3539	13
3540	7
3541	6
3542	15
3543	12
3544	11
3545	3
3546	7
3547	15
3548	5
3549	5
3550	11
3551	8
3552	6
3553	11
3554	8
3555	7
3556	8
3557	12
3558	7
3559	5
3560	15
3561	6
3562	8
3563	10
3564	9
3565	7
3566	13
3567	4
3568	4
3569	13
3570	5
3571	7
3572	10
3573	6
3574	10
3575	9
3576	4
3577	7
3578	4
3579	6
3580	8
3581	8
3582	8
3583	11
3584	13
3585	13
3586	4
3587	12
3588	8
3589	8
3590	10
3591	9
3592	7
3593	11
3594	18
3595	6
3596	7
3597	8
3598	13
3599	6
3600	9
3601	14
3602	10
3603	8
3604	7
3605	8
3606	7
3607	12
3608	8
3609	10
3610	5
3611	9
3612	5
3613	9
3614	6
3615	7
3616	5
3617	11
3618	13
3619	7
3620	8
3621	9
3622	11
3623	9
3624	15
3625	18
3626	8
3627	7
3628	4
3629	10
3630	9
3631	4
3632	6
3633	5
3634	4
3635	14
3636	7
3637	6
3638	14
3639	8
3640	6
3641	14
3642	9
3643	14
3644	11
3645	10
3646	8
3647	6
3648	9
3649	11
3650	6
3651	9
3652	3
3653	5
3654	8
3655	13
3656	9
3657	8
3658	4
3659	9
3660	9
3661	11
3662	10
3663	5
3664	3
3665	11
3666	16
3667	10
3668	11
3669	12
3670	10
3671	9
3672	12
3673	10
3674	11
3675	8
3676	14
3677	9
3678	7
3679	6
3680	11
3681	12
3682	13
3683	13
3684	12
3685	9
3686	6
3687	10
3688	4
3689	17
3690	9
3691	8
3692	14
3693	9
3694	11
3695	9
3696	7
3697	15
3698	7
3699	10
3700	12
3701	15
3702	6
3703	12
3704	11
3705	13
3706	13
3707	11
3708	9
3709	11
3710	5
3711	7
3712	8
3713	6
3714	6
3715	12
3716	16
3717	12
3718	8
3719	10
3720	12
3721	10
3722	5
3723	13
3724	10
3725	9
3726	10
3727	7
3728	9
3729	15
3730	16
3731	7
3732	9
3733	15
3734	14
3735	10
3736	9
3737	11
3738	6
3739	10
3740	8
3741	7
3742	6
3743	7
3744	8
3745	17
3746	6
3747	7
3748	9
3749	13
3750	7
3751	11
3752	6
3753	9
3754	2
3755	9
3756	6
3757	16
3758	14
3759	6
3760	12
3761	5
3762	16
3763	11
3764	10
3765	10
3766	11
3767	11
3768	21
3769	6
3770	12
3771	9
3772	14
3773	8
3774	12
3775	10
3776	12
3777	8
3778	6
3779	11
3780	11
3781	8
3782	11
3783	5
3784	14
3785	8
3786	11
3787	9
3788	9
3789	7
3790	10
3791	13
3792	9
3793	11
3794	10
3795	6
3796	9
3797	7
3798	8
3799	12
3800	7
3801	14
3802	6
3803	14
3804	10
3805	16
3806	8
3807	11
3808	10
3809	10
3810	20
3811	8
3812	9
3813	12
3814	9
3815	10
3816	6
3817	8
3818	9
3819	5
3820	9
3821	9
3822	6
3823	15
3824	13
3825	10
3826	9
3827	10
3828	17
3829	10
3830	7
3831	10
3832	11
3833	14
3834	7
3835	16
3836	19
3837	10
3838	13
3839	4
3840	19
3841	18
3842	21
3843	7
3844	9
3845	15
3846	12
3847	19
3848	12
3849	11
3850	8
3851	5
3852	10
3853	9
3854	14
3855	6
3856	9
3857	16
3858	12
3859	4
3860	17
3861	13
3862	15
3863	12
3864	14
3865	9
3866	16
3867	12
3868	15
3869	7
3870	9
3871	19
3872	11
3873	15
3874	14
3875	13
3876	11
3877	16
3878	11
3879	10
3880	18
3881	9
3882	9
3883	13
3884	9
3885	16
3886	15
3887	15
3888	18
3889	13
3890	10
3891	6
3892	18
3893	8
3894	10
3895	10
3896	14
3897	8
3898	12
3899	14
3900	16
3901	7
3902	11
3903	13
3904	15
3905	10
3906	13
3907	20
3908	13
3909	15
3910	17
3911	18
3912	16
3913	11
3914	11
3915	14
3916	20
3917	13
3918	15
3919	14
3920	6
3921	14
3922	10
3923	19
3924	12
3925	16
3926	12
3927	14
3928	10
3929	16
3930	17
3931	14
3932	11
3933	12
3934	11
3935	17
3936	15
3937	12
3938	17
3939	17
3940	11
3941	14
3942	11
3943	20
3944	18
3945	12
3946	13
3947	17
3948	12
3949	12
3950	19
3951	15
3952	8
3953	15
3954	17
3955	14
3956	12
3957	11
3958	10
3959	21
3960	12
3961	13
3962	16
3963	16
3964	13
3965	19
3966	10
3967	14
3968	19
3969	18
3970	15
3971	19
3972	14
3973	14
3974	17
3975	15
3976	12
3977	23
3978	11
3979	17
3980	15
3981	19
3982	17
3983	21
3984	14
3985	14
3986	16
3987	18
3988	15
3989	19
3990	12
3991	14
3992	8
3993	17
3994	15
3995	18
3996	10
3997	11
3998	15
3999	22
4000	17
4001	15
4002	12
4003	22
4004	13
4005	20
4006	20
4007	15
4008	10
4009	17
4010	19
4011	27
4012	21
4013	23
4014	19
4015	18
4016	20
4017	14
4018	17
4019	20
4020	24
4021	10
4022	20
4023	12
4024	24
4025	21
4026	22
4027	16
4028	22
4029	13
4030	25
4031	12
4032	18
4033	11
4034	8
4035	19
4036	17
4037	13
4038	20
4039	18
4040	16
4041	18
4042	18
4043	12
4044	14
4045	20
4046	14
4047	17
4048	16
4049	20
4050	16
4051	23
4052	19
4053	17
4054	20
4055	13
4056	17
4057	16
4058	10
4059	26
4060	17
4061	20
4062	16
4063	11
4064	14
4065	14
4066	14
4067	20
4068	23
4069	19
4070	18
4071	10
4072	20
4073	16
4074	12
4075	21
4076	18
4077	21
4078	16
4079	14
4080	22
4081	21
4082	23
4083	19
4084	16
4085	20
4086	21
4087	22
4088	18
4089	21
4090	17
4091	22
4092	18
4093	18
4094	19
4095	16
4096	16
4097	23
4098	19
4099	16
4100	17
4101	11
4102	21
4103	22
4104	12
4105	19
4106	15
4107	20
4108	23
4109	21
4110	16
4111	15
4112	27
4113	16
4114	19
4115	20
4116	20
4117	13
4118	19
4119	23
4120	13
4121	20
4122	20
4123	16
4124	18
4125	23
4126	12
4127	18
4128	10
4129	17
4130	23
4131	22
4132	24
4133	13
4134	18
4135	16
4136	18
4137	17
4138	21
4139	14
4140	16
4141	15
4142	17
4143	22
4144	18
4145	23
4146	14
4147	20
4148	25
4149	22
4150	14
4151	18
4152	15
4153	23
4154	23
4155	15
4156	25
4157	16
4158	21
4159	23
4160	18
4161	18
4162	17
4163	20
4164	21
4165	20
4166	21
4167	23
4168	14
4169	18
4170	14
4171	24
4172	18
4173	23
4174	17
4175	23
4176	19
4177	19
4178	21
4179	19
4180	14
4181	22
4182	17
4183	26
4184	20
4185	20
4186	28
4187	16
4188	16
4189	14
4190	22
4191	20
4192	19
4193	21
4194	17
4195	16
4196	14
4197	22
4198	23
4199	22
4200	11
4201	20
4202	16
4203	22
4204	18
4205	20
4206	24
4207	18
4208	16
4209	25
4210	21
4211	21
4212	21
4213	31
4214	24
4215	20
4216	23
4217	24
4218	17
4219	21
4220	26
4221	20
4222	21
4223	15
4224	16
4225	21
4226	18
4227	17
4228	24
4229	18
4230	12
4231	18
4232	21
4233	9
4234	21
4235	19
4236	19
4237	9
4238	19
4239	14
4240	22
4241	18
4242	17
4243	14
4244	24
4245	23
4246	21
4247	31
4248	19
4249	17
4250	21
4251	27
4252	18
4253	22
4254	16
4255	18
4256	12
4257	17
4258	25
4259	22
4260	26
4261	18
4262	14
4263	13
4264	22
4265	16
4266	22
4267	25
4268	16
4269	15
4270	20
4271	20
4272	24
4273	16
4274	7
4275	20
4276	23
4277	16
4278	19
4279	23
4280	19
4281	16
4282	27
4283	20
4284	18
4285	17
4286	20
4287	16
4288	25
4289	22
4290	19
4291	20
4292	20
4293	19
4294	24
4295	26
4296	18
4297	19
4298	32
4299	19
4300	28
4301	22
4302	18
4303	22
4304	17
4305	12
4306	22
4307	23
4308	16
4309	19
4310	11
4311	20
4312	17
4313	26
4314	13
4315	18
4316	28
4317	12
4318	24
4319	22
4320	13
4321	23
4322	27
4323	27
4324	17
4325	20
4326	18
4327	22
4328	16
4329	23
4330	16
4331	18
4332	19
4333	22
4334	11
4335	21
4336	14
4337	23
4338	20
4339	25
4340	25
4341	24
4342	14
4343	17
4344	27
4345	17
4346	28
4347	12
4348	25
4349	25
4350	18
4351	18
4352	13
4353	19
4354	20
4355	18
4356	18
4357	26
4358	18
4359	20
4360	28
4361	22
4362	19
4363	19
4364	21
4365	23
4366	22
4367	12
4368	30
4369	18
4370	17
4371	15
4372	26
4373	29
4374	18
4375	18
4376	19
4377	13
4378	11
4379	25
4380	12
4381	15
4382	24
4383	22
4384	12
4385	12
4386	11
4387	24
4388	16
4389	18
4390	14
4391	10
4392	17
4393	17
4394	13
4395	16
4396	17
4397	18
4398	19
4399	28
4400	18
4401	24
4402	17
4403	21
4404	19
4405	16
4406	19
4407	22
4408	25
4409	21
4410	19
4411	23
4412	22
4413	17
4414	14
4415	27
4416	17
4417	20
4418	17
4419	20
4420	17
4421	6
4422	15
4423	17
4424	12
4425	16
4426	22
4427	12
4428	19
4429	14
4430	19
4431	19
4432	22
4433	15
4434	16
4435	17
4436	20
4437	10
4438	18
4439	16
4440	20
4441	20
4442	6
4443	21
4444	14
4445	20
4446	18
4447	19
4448	19
4449	16
4450	17
4451	16
4452	18
4453	13
4454	17
4455	15
4456	24
4457	21
4458	17
4459	17
4460	20
4461	15
4462	24
4463	23
4464	13
4465	16
4466	12
4467	15
4468	23
4469	19
4470	12
4471	21
4472	18
4473	24
4474	16
4475	18
4476	10
4477	12
4478	13
4479	16
4480	22
4481	23
4482	23
4483	17
4484	24
4485	18
4486	19
4487	11
4488	24
4489	22
4490	15
4491	24
4492	23
4493	15
4494	17
4495	17
4496	14
4497	16
4498	11
4499	8
4500	19
4501	19
4502	14
4503	10
4504	21
4505	15
4506	13
4507	17
4508	21
4509	17
4510	11
4511	21
4512	16
4513	20
4514	19
4515	11
4516	16
4517	22
4518	18
4519	15
4520	9
4521	12
4522	14
4523	19
4524	8
4525	23
4526	18
4527	13
4528	21
4529	19
4530	16
4531	9
4532	6
4533	6
4534	15
4535	17
4536	18
4537	16
4538	11
4539	14
4540	20
4541	16
4542	14
4543	9
4544	12
4545	11
4546	9
4547	15
4548	14
4549	14
4550	11
4551	7
4552	14
4553	13
4554	15
4555	13
4556	9
4557	12
4558	7
4559	22
4560	18
4561	8
4562	13
4563	16
4564	7
4565	14
4566	16
4567	8
4568	15
4569	13
4570	11
4571	13
4572	14
4573	13
4574	15
4575	17
4576	6
4577	10
4578	8
4579	14
4580	12
4581	10
4582	12
4583	11
4584	18
4585	12
4586	9
4587	8
4588	15
4589	14
4590	17
4591	19
4592	9
4593	11
4594	12
4595	11
4596	9
4597	10
4598	12
4599	11
4600	13
4601	13
4602	14
4603	12
4604	17
4605	15
4606	17
4607	7
4608	15
4609	16
4610	12
4611	19
4612	8
4613	12
4614	8
4615	12
4616	14
4617	19
4618	13
4619	14
4620	13
4621	19
4622	7
4623	9
4624	10
4625	16
4626	9
4627	16
4628	18
4629	16
4630	14
4631	8
4632	5
4633	13
4634	14
4635	19
4636	14
4637	8
4638	7
4639	10
4640	11
4641	9
4642	18
4643	12
4644	10
4645	10
4646	9
4647	11
4648	12
4649	17
4650	17
4651	17
4652	15
4653	13
4654	14
4655	8
4656	9
4657	9
4658	10
4659	12
4660	12
4661	8
4662	13
4663	8
4664	8
4665	10
4666	6
4667	9
4668	5
4669	5
4670	9
4671	8
4672	6
4673	4
4674	14
4675	12
4676	10
4677	11
4678	15
4679	10
4680	3
4681	8
4682	11
4683	15
4684	8
4685	12
4686	12
4687	6
4688	10
4689	9
4690	6
4691	10
4692	6
4693	8
4694	6
4695	8
4696	8
4697	9
4698	9
4699	14
4700	10
4701	8
4702	10
4703	11
4704	13
4705	5
4706	10
4707	9
4708	11
4709	9
4710	8
4711	11
4712	11
4713	11
4714	6
4715	14
4716	14
4717	9
4718	7
4719	10
4720	9
4721	5
4722	3
4723	6
4724	6
4725	10
4726	4
4727	9
4728	12
4729	5
4730	10
4731	13
4732	10
4733	6
4734	5
4735	9
4736	8
4737	8
4738	4
4739	8
4740	10
4741	4
4742	7
4743	4
4744	7
4745	6
4746	3
4747	9
4748	7
4749	3
4750	6
4751	6
4752	7
4753	11
4754	9
4755	9
4756	4
4757	7
4758	10
4759	9
4760	6
4761	12
4762	8
4763	2
4764	2
4765	14
4766	8
4767	10
4768	6
4769	10
4770	2
4771	10
4772	5
4773	9
4774	5
4775	13
4776	5
4777	5
4778	10
4779	6
4780	7
4781	5
4782	6
4783	10
4784	11
4785	9
4786	5
4787	5
4788	10
4789	7
4790	4
4791	4
4792	6
4793	8
4794	10
4795	8
4796	4
4797	4
4798	11
4799	8
4800	3
4801	9
4802	7
4803	4
4804	5
4805	3
4806	9
4807	6
4808	9
4809	10
4810	5
4811	7
4812	7
4813	6
4814	5
4815	6
4816	4
4817	9
4818	5
4819	6
4820	2
4821	5
4822	7
4823	3
4824	7
4825	4
4826	2
4827	8
4828	6
4829	7
4830	4
4831	6
4832	6
4833	7
4834	8
4835	5
4836	5
4837	8
4838	6
4839	9
4840	3
4841	8
4842	7
4843	6
4844	3
4845	10
4846	8
4847	3
4848	9
4849	5
4850	2
4851	2
4852	2
4853	7
4854	5
4855	4
4856	4
4857	4
4858	7
4859	9
4860	10
4861	7
4862	5
4863	9
4864	7
4865	6
4866	7
4867	2
4868	5
4869	5
4870	3
4871	6
4872	9
4873	5
4874	4
4875	5
4876	4
4877	5
4878	5
4879	3
4880	3
4881	6
4882	2
4883	10
4884	3
4885	3
4886	0
4887	7
4888	2
4889	5
4890	6
4891	3
4892	7
4893	3
4894	4
4895	5
4896	6
4897	6
4898	8
4899	3
4900	3
4901	7
4902	5
4903	5
4904	3
4905	6
4906	4
4907	9
4908	6
4909	8
4910	2
4911	6
4912	8
4913	8
4914	4
4915	2
4916	4
4917	6
4918	4
4919	3
4920	6
4921	3
4922	3
4923	10
4924	2
4925	6
4926	9
4927	6
4928	5
4929	4
4930	3
4931	4
4932	5
4933	10
4934	2
4935	3
4936	6
4937	4
4938	8
4939	5
4940	3
4941	1
4942	8
4943	2
4944	5
4945	4
4946	4
4947	5
4948	4
4949	2
4950	7
4951	5
4952	6
4953	1
4954	8
4955	7
4956	5
4957	4
4958	6
4959	9
4960	1
4961	8
4962	6
4963	5
4964	5
4965	8
4966	3
4967	7
4968	7
4969	5
4970	4
4971	3
4972	6
4973	5
4974	5
4975	3
4976	4
4977	9
4978	4
4979	2
4980	1
4981	8
4982	8
4983	3
4984	5
4985	8
4986	5
4987	3
4988	6
4989	5
4990	5
4991	7
4992	6
4993	6
4994	1
4995	4
4996	3
4997	9
4998	6
4999	8
5000	4
5001	6
5002	2
5003	4
5004	5
5005	3
5006	3
5007	4
5008	4
5009	4
5010	6
5011	3
5012	6
5013	5
5014	4
5015	4
5016	3
5017	5
5018	7
5019	4
5020	3
5021	5
5022	9
5023	4
5024	6
5025	7
5026	1
5027	5
5028	1
5029	3
5030	3
5031	3
5032	3
5033	4
5034	9
5035	4
5036	5
5037	5
5038	2
5039	2
5040	9
5041	3
5042	3
5043	9
5044	4
5045	10
5046	3
5047	3
5048	4
5049	4
5050	2
5051	6
5052	4
5053	3
5054	5
5055	3
5056	6
5057	7
5058	5
5059	8
5060	4
5061	7
5062	5
5063	7
5064	3
5065	4
5066	5
5067	2
5068	2
5069	8
5070	6
5071	5
5072	2
5073	6
5074	5
5075	4
5076	5
5077	5
5078	3
5079	6
5080	3
5081	8
5082	8
5083	4
5084	6
5085	3
5086	8
5087	5
5088	10
5089	3
5090	5
5091	6
5092	8
5093	6
5094	3
5095	5
5096	4
5097	4
5098	2
5099	8
5100	7
5101	3
5102	4
5103	7
5104	4
5105	4
5106	6
5107	2
5108	5
5109	2
5110	3
5111	3
5112	3
5113	7
5114	4
5115	4
5116	3
5117	7
5118	7
5119	4
5120	4
5121	1
5122	5
5123	2
5124	6
5125	2
5126	4
5127	4
5128	5
5129	6
5130	5
5131	4
5132	7
5133	4
5134	0
5135	1
5136	9
5137	4
5138	4
5139	6
5140	3
5141	4
5142	3
5143	4
5144	7
5145	6
5146	8
5147	6
5148	3
5149	5
5150	9
5151	7
5152	3
5153	4
5154	3
5155	2
5156	2
5157	3
5158	3
5159	2
5160	4
5161	6
5162	4
5163	3
5164	4
5165	2
5166	5
5167	4
5168	4
5169	4
5170	5
5171	6
5172	5
5173	6
5174	5
5175	1
5176	4
5177	7
5178	2
5179	3
5180	2
5181	6
5182	2
5183	3
5184	4
5185	5
5186	5
5187	3
5188	10
5189	3
5190	2
5191	4
5192	6
5193	4
5194	6
5195	5
5196	5
5197	1
5198	3
5199	7
5200	3
5201	2
5202	4
5203	8
5204	0
5205	3
5206	4
5207	3
5208	6
5209	5
5210	4
5211	4
5212	2
5213	0
5214	5
5215	7
5216	3
5217	8
5218	6
5219	6
5220	1
5221	3
5222	3
5223	3
5224	7
5225	4
5226	6
5227	5
5228	4
5229	4
5230	2
5231	1
5232	3
5233	6
5234	6
5235	4
5236	7
5237	3
5238	3
5239	1
5240	2
5241	6
5242	2
5243	6
5244	8
5245	3
5246	4
5247	6
5248	4
5249	2
5250	1
5251	11
5252	3
5253	5
5254	3
5255	4
5256	4
5257	4
5258	3
5259	4
5260	9
5261	6
5262	6
5263	3
5264	3
5265	6
5266	6
5267	9
5268	3
5269	2
5270	2
5271	5
5272	4
5273	5
5274	5
5275	5
5276	2
5277	3
5278	6
5279	9
5280	7
5281	3
5282	2
5283	6
5284	5
5285	3
5286	1
5287	3
5288	3
5289	7
5290	5
5291	4
5292	4
5293	5
5294	5
5295	1
5296	3
5297	1
5298	7
5299	2
5300	3
5301	6
5302	2
5303	7
5304	3
5305	4
5306	5
5307	5
5308	2
5309	6
5310	4
5311	9
5312	8
5313	3
5314	7
5315	4
5316	7
5317	3
5318	5
5319	2
5320	5
5321	7
5322	2
5323	0
5324	3
5325	7
5326	2
5327	2
5328	3
5329	1
5330	5
5331	2
5332	4
5333	4
5334	5
5335	8
5336	6
5337	2
5338	2
5339	7
5340	3
5341	2
5342	3
5343	6
5344	2
5345	3
5346	5
5347	1
5348	4
5349	3
5350	0
5351	2
5352	4
5353	5
5354	3
5355	5
5356	2
5357	6
5358	1
5359	2
5360	2
5361	2
5362	2
5363	4
5364	7
5365	4
5366	2
5367	2
5368	4
5369	1
5370	3
5371	1
5372	4
5373	5
5374	6
5375	5
5376	3
5377	3
5378	2
5379	4
5380	1
5381	5
5382	2
5383	2
5384	1
5385	3
5386	4
5387	3
5388	4
5389	4
5390	8
5391	4
5392	5
5393	4
5394	2
5395	4
5396	1
5397	2
5398	2
5399	1
5400	0
5401	3
5402	2
5403	3
5404	1
5405	3
5406	1
5407	2
5408	1
5409	4
5410	5
5411	5
5412	1
5413	2
5414	2
5415	5
5416	5
5417	5
5418	4
5419	6
5420	3
5421	2
5422	2
5423	2
5424	3
5425	3
5426	4
5427	4
5428	3
5429	4
5430	3
5431	2
5432	3
5433	7
5434	3
5435	4
5436	5
5437	4
5438	1
5439	4
5440	1
5441	1
5442	1
5443	6
5444	4
5445	5
5446	7
5447	5
5448	4
5449	2
5450	6
5451	5
5452	5
5453	4
5454	7
5455	5
5456	3
5457	3
5458	1
5459	1
5460	8
5461	6
5462	2
5463	3
5464	1
5465	4
5466	4
5467	5
5468	3
5469	0
5470	6
5471	1
5472	5
5473	1
5474	3
5475	5
5476	6
5477	3
5478	1
5479	4
5480	8
5481	1
5482	3
5483	4
5484	5
5485	6
5486	4
5487	3
5488	4
5489	2
5490	6
5491	3
5492	5
5493	3
5494	4
5495	5
5496	6
5497	4
5498	3
5499	7
5500	7
5501	2
5502	6
5503	6
5504	4
5505	3
5506	3
5507	4
5508	10
5509	0
5510	3
5511	7
5512	6
5513	2
5514	3
5515	2
5516	1
5517	5
5518	7
5519	3
5520	5
5521	4
5522	2
5523	6
5524	0
5525	3
5526	2
5527	4
5528	2
5529	3
5530	3
5531	2
5532	3
5533	3
5534	3
5535	6
5536	4
5537	4
5538	2
5539	4
5540	6
5541	3
5542	2
5543	6
5544	5
5545	6
5546	5
5547	9
5548	7
5549	3
5550	2
5551	7
5552	4
5553	3
5554	3
5555	7
5556	1
5557	6
5558	1
5559	6
5560	5
5561	0
5562	8
5563	6
5564	2
5565	6
5566	6
5567	5
5568	2
5569	3
5570	4
5571	0
5572	2
5573	5
5574	4
5575	3
5576	1
5577	2
5578	4
5579	4
5580	1
5581	5
5582	6
5583	3
5584	1
5585	5
5586	3
5587	6
5588	2
5589	4
5590	3
5591	6
5592	1
5593	1
5594	7
5595	5
5596	2
5597	5
5598	6
5599	1
5600	6
5601	5
5602	4
5603	2
5604	0
5605	3
5606	1
5607	4
5608	4
5609	6
5610	2
5611	4
5612	2
5613	3
5614	6
5615	3
5616	5
5617	5
5618	3
5619	7
5620	1
5621	3
5622	4
5623	3
5624	5
5625	4
5626	2
5627	3
5628	8
5629	5
5630	6
5631	4
5632	6
5633	3
5634	2
5635	2
5636	9
5637	5
5638	5
5639	3
5640	2
5641	2
5642	5
5643	4
5644	3
5645	5
5646	2
5647	5
5648	2
5649	3
5650	2
5651	3
5652	5
5653	3
5654	3
5655	3
5656	1
5657	2
5658	3
5659	4
5660	3
5661	8
5662	2
5663	4
5664	0
5665	6
5666	3
5667	2
5668	5
5669	2
5670	2
5671	4
5672	4
5673	4
5674	2
5675	0
5676	3
5677	2
5678	2
5679	3
5680	7
5681	4
5682	0
5683	5
5684	5
5685	2
5686	5
5687	5
5688	3
5689	6
5690	4
5691	3
5692	0
5693	5
5694	1
5695	1
5696	2
5697	6
5698	8
5699	3
5700	1
5701	1
5702	0
5703	3
5704	5
5705	3
5706	3
5707	6
5708	6
5709	5
5710	2
5711	5
5712	8
5713	3
5714	3
5715	3
5716	3
5717	4
5718	4
5719	1
5720	5
5721	4
5722	2
5723	1
5724	0
5725	5
5726	3
5727	3
5728	2
5729	6
5730	4
5731	6
5732	1
5733	3
5734	2
5735	1
5736	3
5737	3
5738	2
5739	3
5740	3
5741	3
5742	4
5743	1
5744	2
5745	2
5746	2
5747	3
5748	1
5749	4
5750	4
5751	1
5752	3
5753	4
5754	3
5755	6
5756	4
5757	1
5758	8
5759	4
5760	5
5761	8
5762	6
5763	2
5764	7
5765	2
5766	0
5767	6
5768	1
5769	4
5770	3
5771	4
5772	3
5773	4
5774	4
5775	2
5776	4
5777	7
5778	2
5779	3
5780	8
5781	6
5782	2
5783	3
5784	5
5785	3
5786	3
5787	5
5788	3
5789	3
5790	3
5791	4
5792	4
5793	1
5794	4
5795	2
5796	3
5797	3
5798	4
5799	4
5800	3
5801	1
5802	5
5803	3
5804	3
5805	3
5806	5
5807	2
5808	5
5809	3
5810	4
5811	4
5812	4
5813	3
5814	5
5815	3
5816	2
5817	4
5818	5
5819	4
5820	2
5821	0
5822	3
5823	5
5824	2
5825	1
5826	4
5827	2
5828	4
5829	1
5830	2
5831	3
5832	1
5833	6
5834	3
5835	3
5836	1
5837	6
5838	1
5839	2
5840	3
5841	1
5842	4
5843	0
5844	3
5845	4
5846	4
5847	6
5848	7
5849	3
5850	1
5851	5
5852	6
5853	2
5854	7
5855	4
5856	5
5857	5
5858	7
5859	6
5860	4
5861	0
5862	2
5863	2
5864	4
5865	2
5866	0
5867	3
5868	5
5869	0
5870	4
5871	8
5872	3
5873	2
5874	8
5875	2
5876	2
5877	4
5878	1
5879	4
5880	3
5881	4
5882	4
5883	3
5884	4
5885	2
5886	3
5887	1
5888	4
5889	4
5890	0
5891	3
5892	0
5893	2
5894	1
5895	3
5896	5
5897	3
5898	2
5899	6
5900	3
5901	8
5902	6
5903	5
5904	2
5905	4
5906	4
5907	7
5908	3
5909	3
5910	6
5911	1
5912	2
5913	2
5914	3
5915	1
5916	2
5917	8
5918	7
5919	1
5920	4
5921	4
5922	3
5923	3
5924	4
5925	1
5926	3
5927	0
5928	4
5929	3
5930	8
5931	0
5932	4
5933	3
5934	2
5935	5
5936	2
5937	3
5938	4
5939	2
5940	3
5941	4
5942	2
5943	3
5944	3
5945	2
5946	2
5947	5
5948	1
5949	3
5950	2
5951	5
5952	4
5953	3
5954	2
5955	1
5956	3
5957	4
5958	0
5959	4
5960	2
5961	5
5962	5
5963	3
5964	4
5965	4
5966	0
5967	3
5968	2
5969	2
5970	3
5971	3
5972	6
5973	3
5974	2
5975	2
5976	6
5977	3
5978	2
5979	3
5980	3
5981	2
5982	2
5983	4
5984	5
5985	3
5986	6
5987	2
5988	3
5989	1
5990	3
5991	1
5992	3
5993	4
5994	2
5995	3
5996	8
5997	3
5998	6
5999	2
6000	1
6001	2
6002	1
6003	4
6004	2
6005	2
6006	3
6007	2
6008	3
6009	2
6010	5
6011	2
6012	5
6013	5
6014	4
6015	1
6016	5
6017	1
6018	3
6019	3
6020	1
6021	1
6022	2
6023	5
6024	3
6025	6
6026	2
6027	5
6028	4
6029	3
6030	2
6031	6
6032	3
6033	1
6034	1
6035	1
6036	4
6037	2
6038	6
6039	4
6040	3
6041	1
6042	0
6043	1
6044	1
6045	3
6046	6
6047	2
6048	3
6049	1
6050	1
6051	0
6052	3
6053	2
6054	4
6055	1
6056	6
6057	4
6058	4
6059	2
6060	4
6061	2
6062	0
6063	4
6064	4
6065	0
6066	3
6067	6
6068	5
6069	3
6070	3
6071	2
6072	4
6073	7
6074	5
6075	3
6076	1
6077	6
6078	6
6079	3
6080	2
6081	0
6082	5
6083	3
6084	2
6085	2
6086	4
6087	1
6088	1
6089	5
6090	4
6091	7
6092	2
6093	2
6094	0
6095	5
6096	2
6097	2
6098	2
6099	5
6100	2
6101	3
6102	3
6103	3
6104	1
6105	0
6106	2
6107	3
6108	4
6109	2
6110	2
6111	3
6112	5
6113	2
6114	3
6115	7
6116	4
6117	3
6118	2
6119	4
6120	0
6121	3
6122	3
6123	3
6124	3
6125	1
6126	2
6127	2
6128	2
6129	1
6130	4
6131	0
6132	3
6133	3
6134	3
6135	3
6136	7
6137	3
6138	0
6139	1
6140	6
6141	1
6142	5
6143	4
6144	5
6145	4
6146	1
6147	1
6148	2
6149	3
6150	3
6151	3
6152	2
6153	3
6154	2
6155	4
6156	2
6157	4
6158	3
6159	3
6160	3
6161	4
6162	6
6163	3
6164	7
6165	3
6166	3
6167	3
6168	2
6169	6
6170	2
6171	7
6172	1
6173	0
6174	2
6175	7
6176	3
6177	4
6178	1
6179	3
6180	1
6181	3
6182	6
6183	3
6184	5
6185	2
6186	4
6187	1
6188	0
6189	2
6190	4
6191	3
6192	1
6193	2
6194	2
6195	1
6196	6
6197	3
6198	2
6199	1
6200	6
6201	4
6202	2
6203	5
6204	4
6205	2
6206	2
6207	2
6208	5
6209	3
6210	3
6211	4
6212	2
6213	4
6214	1
6215	2
6216	9
6217	1
6218	4
6219	2
6220	1
6221	0
6222	1
6223	4
6224	3
6225	4
6226	2
6227	5
6228	2
6229	4
6230	4
6231	1
6232	1
6233	4
6234	4
6235	1
6236	5
6237	3
6238	6
6239	4
6240	4
6241	5
6242	2
6243	5
6244	4
6245	4
6246	4
6247	2
6248	4
6249	2
6250	1
6251	4
6252	2
6253	3
6254	2
6255	1
6256	0
6257	2
6258	3
6259	1
6260	3
6261	3
6262	4
6263	3
6264	5
6265	5
6266	4
6267	4
6268	2
6269	4
6270	3
6271	5
6272	1
6273	2
6274	6
6275	4
6276	1
6277	4
6278	0
6279	3
6280	1
6281	5
6282	5
6283	4
6284	3
6285	4
6286	2
6287	2
6288	2
6289	4
6290	2
6291	1
6292	3
6293	5
6294	2
6295	2
6296	1
6297	2
6298	3
6299	2
6300	5
6301	3
6302	4
6303	1
6304	3
6305	8
6306	1
6307	2
6308	6
6309	4
6310	7
6311	2
6312	5
6313	7
6314	3
6315	4
6316	3
6317	1
6318	3
6319	0
6320	5
6321	3
6322	3
6323	5
6324	1
6325	2
6326	3
6327	5
6328	3
6329	6
6330	4
6331	5
6332	1
6333	2
6334	1
6335	4
6336	2
6337	3
6338	3
6339	1
6340	2
6341	6
6342	3
6343	4
6344	3
6345	3
6346	5
6347	0
6348	0
6349	2
6350	1
6351	3
6352	4
6353	4
6354	4
6355	1
6356	5
6357	4
6358	5
6359	6
6360	1
6361	1
6362	6
6363	4
6364	3
6365	5
6366	0
6367	4
6368	3
6369	5
6370	2
6371	5
6372	2
6373	3
6374	0
6375	6
6376	3
6377	5
6378	1
6379	5
6380	4
6381	3
6382	2
6383	3
6384	2
6385	2
6386	2
6387	5
6388	3
6389	2
6390	1
6391	6
6392	4
6393	4
6394	3
6395	3
6396	4
6397	3
6398	0
6399	1
6400	5
6401	2
6402	3
6403	5
6404	3
6405	2
6406	4
6407	6
6408	3
6409	3
6410	3
6411	1
6412	6
6413	7
6414	1
6415	5
6416	5
6417	4
6418	3
6419	1
6420	1
6421	3
6422	4
6423	0
6424	9
6425	2
6426	4
6427	2
6428	3
6429	2
6430	0
6431	4
6432	3
6433	3
6434	5
6435	5
6436	1
6437	2
6438	5
6439	2
6440	4
6441	3
6442	4
6443	6
6444	4
6445	2
6446	1
6447	2
6448	5
6449	4
6450	2
6451	2
6452	5
6453	2
6454	4
6455	2
6456	3
6457	1
6458	6
6459	0
6460	4
6461	3
6462	2
6463	1
6464	4
6465	2
6466	3
6467	7
6468	6
6469	4
6470	3
6471	4
6472	3
6473	2
6474	1
6475	5
6476	2
6477	4
6478	3
6479	3
6480	1
6481	6
6482	5
6483	3
6484	0
6485	1
6486	2
6487	4
6488	2
6489	3
6490	1
6491	3
6492	2
6493	3
6494	4
6495	3
6496	0
6497	0
6498	2
6499	7
6500	2
6501	1
6502	2
6503	1
6504	5
6505	3
6506	1
6507	3
6508	1
6509	1
6510	0
6511	1
6512	2
6513	6
6514	2
6515	2
6516	1
6517	3
6518	1
6519	5
6520	4
6521	3
6522	5
6523	5
6524	3
6525	2
6526	5
6527	6
6528	4
6529	2
6530	2
6531	5
6532	4
6533	4
6534	2
6535	5
6536	5
6537	4
6538	2
6539	4
6540	2
6541	3
6542	1
6543	2
6544	1
6545	0
6546	2
6547	4
6548	2
6549	2
6550	8
6551	2
6552	3
6553	3
6554	2
6555	1
6556	0
6557	4
6558	1
6559	2
6560	2
6561	3
6562	5
6563	5
6564	5
6565	0
6566	5
6567	2
6568	4
6569	5
6570	1
6571	1
6572	4
6573	1
6574	3
6575	0
6576	4
6577	3
6578	2
6579	4
6580	2
6581	4
6582	5
6583	2
6584	4
6585	5
6586	2
6587	1
6588	4
6589	3
6590	2
6591	1
6592	4
6593	2
6594	5
6595	1
6596	4
6597	1
6598	1
6599	0
6600	4
6601	1
6602	6
6603	2
6604	5
6605	0
6606	1
6607	0
6608	2
6609	2
6610	0
6611	2
6612	2
6613	2
6614	2
6615	0
6616	2
6617	2
6618	3
6619	3
6620	3
6621	2
6622	0
6623	2
6624	3
6625	1
6626	3
6627	2
6628	1
6629	1
6630	2
6631	2
6632	1
6633	2
6634	2
6635	2
6636	1
6637	5
6638	2
6639	4
6640	2
6641	5
6642	3
6643	3
6644	5
6645	0
6646	1
6647	3
6648	5
6649	4
6650	0
6651	3
6652	3
6653	3
6654	3
6655	4
6656	3
6657	3
6658	2
6659	7
6660	5
6661	5
6662	2
6663	1
6664	1
6665	2
6666	3
6667	3
6668	0
6669	1
6670	2
6671	2
6672	1
6673	1
6674	3
6675	5
6676	2
6677	0
6678	4
6679	3
6680	3
6681	4
6682	3
6683	3
6684	2
6685	4
6686	4
6687	6
6688	1
6689	2
6690	5
6691	2
6692	1
6693	3
6694	2
6695	2
6696	1
6697	1
6698	1
6699	2
6700	3
6701	0
6702	1
6703	1
6704	3
6705	6
6706	2
6707	3
6708	0
6709	2
6710	1
6711	2
6712	2
6713	0
6714	3
6715	1
6716	1
6717	3
6718	1
6719	5
6720	3
6721	4
6722	1
6723	2
6724	0
6725	0
6726	3
6727	4
6728	4
6729	1
6730	1
6731	1
6732	1
6733	2
6734	4
6735	7
6736	2
6737	2
6738	4
6739	2
6740	0
6741	3
6742	2
6743	1
6744	3
6745	0
6746	2
6747	4
6748	1
6749	1
6750	2
6751	1
6752	3
6753	1
6754	4
6755	3
6756	3
6757	1
6758	1
6759	2
6760	2
6761	3
6762	3
6763	2
6764	2
6765	2
6766	1
6767	0
6768	2
6769	1
6770	1
6771	0
6772	4
6773	1
6774	0
6775	1
6776	2
6777	2
6778	2
6779	2
6780	2
6781	1
6782	0
6783	1
6784	3
6785	3
6786	1
6787	1
6788	0
6789	1
6790	2
6791	4
6792	1
6793	1
6794	0
6795	2
6796	1
6797	1
6798	3
6799	1
6800	2
6801	2
6802	2
6803	2
6804	2
6805	5
6806	3
6807	0
6808	3
6809	1
6810	2
6811	1
6812	0
6813	1
6814	1
6815	3
6816	2
6817	1
6818	2
6819	0
6820	2
6821	1
6822	0
6823	0
6824	2
6825	1
6826	1
6827	2
6828	2
6829	1
6830	0
6831	3
6832	0
6833	3
6834	2
6835	2
6836	0
6837	1
6838	4
6839	0
6840	1
6841	3
6842	2
6843	1
6844	1
6845	1
6846	0
6847	2
6848	3
6849	0
6850	1
6851	0
6852	2
6853	1
6854	2
6855	0
6856	3
6857	2
6858	1
6859	1
6860	1
6861	0
6862	0
6863	0
6864	1
6865	1
6866	1
6867	0
6868	0
6869	1
6870	2
6871	1
6872	0
6873	0
6874	2
6875	1
6876	1
6877	1
6878	1
6879	1
6880	0
6881	1
6882	1
6883	0
6884	0
6885	2
6886	1
6887	1
6888	1
6889	1
6890	0
6891	2
6892	1
6893	1
6894	1
6895	2
6896	2
6897	1
6898	1
6899	1
6900	1
6901	0
6902	4
6903	0
6904	0
6905	1
6906	1
6907	4
6908	1
6909	1
6910	2
6911	1
6912	2
6913	1
6914	1
6915	0
6916	2
6917	0
6918	0
6919	0
6920	0
6921	1
6922	1
6923	0
6924	0
6925	0
6926	1
6927	0
6928	4
6929	1
6930	0
6931	2
6932	1
6933	1
6934	0
6935	1
6936	1
6937	0
6938	1
6939	0
6940	1
6941	1
6942	1
6943	0
6944	1
6945	1
6946	0
6947	3
6948	0
6949	1
6950	1
6951	1
6952	1
6953	0
6954	0
6955	2
6956	1
6957	3
6958	0
6959	1
6960	0
6961	0
6962	0
6963	0
6964	1
6965	0
6966	2
6967	0
6968	0
6969	0
6970	0
6971	0
6972	1
6973	1
6974	0
6975	0
6976	2
6977	0
6978	0
6979	0
6980	2
6981	0
6982	0
6983	2
6984	2
6985	0
6986	2
6987	0
6988	2
6989	3
6990	2
6991	4
6992	0
6993	0
6994	1
6995	2
6996	0
6997	1
6998	0
6999	1
7000	1
7001	2
7002	0
7003	0
7004	0
7005	1
7006	1
7007	2
7008	2
7009	2
7010	0
7011	1
7012	0
7013	1
7014	0
7015	2
7016	0
7017	0
7018	1
7019	1
7020	0
7021	0
7022	1
7023	1
7024	0
7025	0
7026	0
7027	1
7028	1
7029	0
7030	0
7031	1
7032	0
7033	0
7034	1
7035	1
7036	0
7037	0
7038	2
7039	1
7040	0
7041	1
7042	0
7043	0
7044	1
7045	0
7046	0
7047	1
7048	1
7049	0
7050	1
7051	1
7052	0
7053	1
7054	1
7055	0
7056	0
7057	0
7058	0
7059	1
7060	1
7061	0
7062	1
7063	0
7064	0
7065	1
7066	0
7067	0
7068	1
7069	0
7070	0
7071	0
7072	0
7073	1
7074	0
7075	0
7076	0
7077	1
7078	1
7079	0
7080	0
7081	1
7082	0
7083	0
7084	1
7085	1
7086	0
7087	0
7088	0
7089	1
7090	1
7091	1
7092	0
7093	1
7094	2
7095	1
7096	1
7097	0
7098	0
7099	1
7100	2
7101	1
7102	1
7103	1
7104	0
7105	1
7106	1
7107	0
7108	0
7109	0
7110	0
7111	0
7112	0
7113	0
7114	1
7115	0
7116	0
7117	1
7118	1
7119	0
7120	1
7121	1
7122	2
7123	0
7124	0
7125	0
7126	0
7127	1
7128	0
7129	0
7130	0
7131	0
7132	0
7133	1
7134	1
7135	1
7136	0
7137	1
7138	0
7139	0
7140	2
7141	0
7142	1
7143	1
7144	1
7145	2
7146	1
7147	0
7148	1
7149	1
7150	0
7151	0
7152	0
7153	0
7154	0
7155	1
7156	2
7157	0
7158	1
7159	0
7160	2
7161	2
7162	1
7163	1
7164	1
7165	0
7166	1
7167	0
7168	2
7169	1
7170	0
7171	0
7172	1
7173	1
7174	1
7175	0
7176	2
7177	0
7178	1
7179	0
7180	1
7181	3
7182	0
7183	0
7184	2
7185	1
7186	1
7187	0
7188	0
7189	0
7190	2
7191	1
7192	0
7193	0
7194	2
7195	0
7196	1
7197	0
7198	1
7199	0
7200	1
7201	0
7202	2
7203	0
7204	1
7205	0
7206	4
7207	2
7208	2
7209	1
7210	2
7211	1
7212	0
7213	0
7214	1
7215	1
7216	1
7217	1
7218	0
7219	0
7220	0
7221	0
7222	0
7223	0
7224	0
7225	0
7226	1
7227	0
7228	0
7229	0
7230	0
7231	0
7232	0
7233	0
7234	0
7235	2
7236	0
7237	0
7238	1
7239	0
7240	0
7241	1
7242	1
7243	0
7244	1
7245	0
7246	0
7247	0
7248	0
7249	2
7250	0
7251	0
7252	1
7253	2
7254	0
7255	0
7256	0
7257	1
7258	0
7259	1
7260	1
7261	0
7262	1
7263	1
7264	0
7265	0
7266	0
7267	0
7268	2
7269	1
7270	1
7271	1
7272	0
7273	0
7274	2
7275	0
7276	1
7277	2
7278	3
7279	0
7280	0
7281	0
7282	1
7283	0
7284	0
7285	1
7286	0
7287	2
7288	2
7289	0
7290	0
7291	2
7292	0
7293	2
7294	0
7295	1
7296	1
7297	0
7298	0
7299	2
7300	0
7301	0
7302	2
7303	2
7304	0
7305	3
7306	0
7307	0
7308	0
7309	0
7310	2
7311	1
7312	1
7313	1
7314	0
7315	0
7316	1
7317	0
7318	0
7319	1
7320	0
7321	0
7322	1
7323	0
7324	1
7325	1
7326	2
7327	1
7328	1
7329	0
7330	2
7331	0
7332	0
7333	1
7334	1
7335	0
7336	0
7337	0
7338	0
7339	3
7340	2
7341	1
7342	0
7343	0
7344	0
7345	1
7346	1
7347	1
7348	0
7349	2
7350	1
7351	0
7352	0
7353	1
7354	0
7355	0
7356	0
7357	0
7358	1
7359	2
7360	0
7361	1
7362	2
7363	0
7364	1
7365	0
7366	0
7367	0
7368	0
7369	0
7370	1
7371	1
7372	0
7373	0
7374	0
7375	1
7376	1
7377	0
7378	1
7379	0
7380	1
7381	0
7382	1
7383	0
7384	1
7385	1
7386	1
7387	0
7388	1
7389	1
7390	0
7391	1
7392	0
7393	1
7394	0
7395	0
7396	0
7397	0
7398	2
7399	0
7400	2
7401	3
7402	0
7403	0
7404	1
7405	1
7406	1
7407	2
7408	1
7409	1
7410	1
7411	0
7412	0
7413	0
7414	3
7415	1
7416	2
7417	0
7418	0
7419	0
7420	0
7421	0
7422	3
7423	0
7424	0
7425	0
7426	0
7427	0
7428	0
7429	0
7430	0
7431	0
7432	0
7433	0
7434	0
7435	0
7436	0
7437	0
7438	0
7439	0
7440	0
7441	0
7442	0
7443	0
7444	0
7445	0
7446	0
7447	0
7448	0
7449	0
7450	1
7451	1
7452	0
7453	0
7454	2
7455	0
7456	1
7457	0
7458	1
7459	3
7460	1
7461	0
7462	0
7463	0
7464	0
7465	0
7466	0
7467	0
7468	0
7469	0
7470	0
7471	0
7472	0
7473	0
7474	0
7475	2
7476	0
7477	0
7478	2
7479	0
7480	0
7481	2
7482	0
7483	0
7484	1
7485	0
7486	1
7487	0
7488	0
7489	0
7490	2
7491	1
7492	0
7493	1
7494	0
7495	0
7496	1
7497	0
7498	1
7499	1
7500	2
7501	0
7502	0
7503	0
7504	0
7505	2
7506	1
7507	0
7508	1
7509	0
7510	1
7511	0
7512	0
7513	1
7514	0
7515	0
7516	2
7517	0
7518	1
7519	0
7520	1
7521	0
7522	0
7523	0
7524	0
7525	0
7526	0
7527	0
7528	1
7529	0
7530	1
7531	0
7532	0
7533	0
7534	1
7535	0
7536	1
7537	0
7538	0
7539	0
7540	0
7541	1
7542	0
7543	1
7544	1
7545	0
7546	1
7547	0
7548	0
7549	1
7550	0
7551	1
7552	0
7553	0
7554	0
7555	3
7556	0
7557	1
7558	1
7559	2
7560	0
7561	0
7562	0
7563	0
7564	0
7565	1
7566	1
7567	1
7568	0
7569	0
7570	3
7571	0
7572	1
7573	1
7574	0
7575	1
7576	1
7577	0
7578	0
7579	0
7580	0
7581	2
7582	0
7583	0
7584	1
7585	1
7586	0
7587	2
7588	2
7589	1
7590	0
7591	0
7592	1
7593	0
7594	0
7595	1
7596	0
7597	0
7598	0
7599	1
7600	1
7601	4
7602	0
7603	0
7604	0
7605	0
7606	1
7607	0
7608	0
7609	0
7610	1
7611	0
7612	3
7613	0
7614	1
7615	0
7616	1
7617	0
7618	0
7619	1
7620	1
7621	1
7622	1
7623	1
7624	0
7625	0
7626	0
7627	1
7628	1
7629	0
7630	0
7631	0
7632	0
7633	2
7634	0
7635	0
7636	0
7637	0
7638	0
7639	1
7640	2
7641	2
7642	1
7643	0
7644	0
7645	0
7646	0
7647	0
7648	0
7649	0
7650	0
7651	0
7652	0
7653	1
7654	1
7655	0
7656	0
7657	0
7658	0
7659	0
7660	0
7661	0
7662	0
7663	0
7664	0
7665	0
7666	1
7667	1
7668	1
7669	1
7670	0
7671	2
7672	1
7673	0
7674	3
7675	0
7676	1
7677	0
7678	0
7679	0
7680	1
7681	0
7682	3
7683	0
7684	0
7685	1
7686	0
7687	1
7688	0
7689	1
7690	0
7691	0
7692	0
7693	0
7694	2
7695	0
7696	0
7697	0
7698	0
7699	0
7700	1
7701	0
7702	1
7703	1
7704	2
7705	1
7706	1
7707	0
7708	1
7709	0
7710	0
7711	1
7712	0
7713	0
7714	0
7715	0
7716	0
7717	1
7718	0
7719	0
7720	0
7721	0
7722	1
7723	1
7724	2
7725	0
7726	0
7727	0
7728	0
7729	0
7730	0
7731	0
7732	1
7733	1
7734	1
7735	1
7736	0
7737	0
7738	0
7739	1
7740	0
7741	0
7742	3
7743	0
7744	0
7745	0
7746	2
7747	0
7748	1
7749	0
7750	1
7751	0
7752	0
7753	2
7754	1
7755	0
7756	0
7757	0
7758	0
7759	1
7760	0
7761	0
7762	0
7763	1
7764	0
7765	0
7766	1
7767	0
7768	0
7769	2
7770	0
7771	0
7772	2
7773	1
7774	2
7775	1
7776	0
7777	1
7778	1
7779	0
7780	0
7781	0
7782	0
7783	0
7784	1
7785	2
7786	0
7787	0
7788	0
7789	0
7790	0
7791	0
7792	0
7793	0
7794	0
7795	0
7796	1
7797	0
7798	1
7799	1
7800	0
7801	0
7802	0
7803	0
7804	1
7805	0
7806	0
7807	0
7808	0
7809	0
7810	1
7811	0
7812	1
7813	0
7814	0
7815	0
7816	1
7817	1
7818	1
7819	1
7820	1
7821	1
7822	2
7823	1
7824	0
7825	1
7826	1
7827	0
7828	0
7829	1
7830	0
7831	1
7832	0
7833	1
7834	0
7835	0
7836	0
7837	1
7838	1
7839	0
7840	0
7841	0
7842	0
7843	1
7844	1
7845	0
7846	2
7847	2
7848	1
7849	0
7850	1
7851	1
7852	0
7853	0
7854	3
7855	1
7856	0
7857	0
7858	0
7859	0
7860	0
7861	1
7862	0
7863	0
7864	0
7865	1
7866	0
7867	1
7868	0
7869	2
7870	0
7871	0
7872	1
7873	0
7874	1
7875	0
7876	0
7877	1
7878	0
7879	2
7880	1
7881	0
7882	0
7883	0
7884	1
7885	0
7886	0
7887	2
7888	0
7889	0
7890	0
7891	1
7892	1
7893	0
7894	0
7895	0
7896	0
7897	0
7898	0
7899	1
7900	1
7901	1
7902	0
7903	0
7904	0
7905	0
7906	0
7907	1
7908	4
7909	0
7910	1
7911	1
7912	0
7913	1
7914	0
7915	0
7916	0
7917	0
7918	2
7919	1
7920	0
7921	0
7922	1
7923	0
7924	0
7925	0
7926	0
7927	1
7928	2
7929	0
7930	0
7931	2
7932	0
7933	0
7934	1
7935	1
7936	0
7937	0
7938	0
7939	1
7940	0
7941	1
7942	0
7943	1
7944	1
7945	0
7946	0
7947	0
7948	1
7949	2
7950	0
7951	0
7952	1
7953	0
7954	2
7955	1
7956	1
7957	1
7958	0
7959	0
7960	0
7961	0
7962	1
7963	0
7964	0
7965	0
7966	1
7967	0
7968	0
7969	1
7970	0
7971	1
7972	0
7973	0
7974	0
7975	1
7976	0
7977	0
7978	0
7979	0
7980	1
7981	0
7982	0
7983	1
7984	0
7985	1
7986	0
7987	0
7988	0
7989	0
7990	0
7991	0
7992	1
7993	1
7994	0
7995	0
7996	0
7997	1
7998	1
7999	2
8000	0
8001	0
8002	0
8003	0
8004	1
8005	0
8006	1
8007	0
8008	1
8009	1
8010	1
8011	0
8012	0
8013	1
8014	0
8015	0
8016	1
8017	0
8018	0
8019	2
8020	0
8021	1
8022	0
8023	1
8024	0
8025	1
8026	2
8027	2
8028	2
8029	0
8030	0
8031	0
8032	0
8033	0
8034	0
8035	1
8036	0
8037	0
8038	1
8039	3
8040	0
8041	2
8042	0
8043	0
8044	1
8045	1
8046	0
8047	0
8048	0
8049	0
8050	2
8051	0
8052	0
8053	0
8054	0
8055	1
8056	1
8057	0
8058	0
8059	0
8060	1
8061	0
8062	0
8063	0
8064	0
8065	1
8066	2
8067	1
8068	1
8069	1
8070	0
8071	0
8072	1
8073	0
8074	0
8075	0
8076	0
8077	1
8078	1
8079	1
8080	0
8081	0
8082	0
8083	1
8084	0
8085	0
8086	0
8087	0
8088	0
8089	0
8090	0
8091	0
8092	0
8093	0
8094	0
8095	0
8096	0
8097	0
8098	0
8099	0
8100	0
8101	0
8102	0
8103	0
8104	0
8105	0
8106	0
8107	0
8108	0
8109	0
8110	0
8111	0
8112	0
8113	0
8114	0
8115	0
8116	0
8117	0
8118	0
8119	0
8120	0
8121	0
8122	0
8123	0
8124	0
8125	0
8126	0
8127	0
8128	0
8129	0
8130	0
8131	0
8132	0
8133	0
8134	0
8135	0
8136	0
8137	0
8138	0
8139	0
8140	0
8141	0
8142	0
8143	0
8144	0
8145	0
8146	0
8147	0
8148	0
8149	0
8150	0
8151	0
8152	0
8153	0
8154	0
8155	0
8156	0
8157	0
8158	0
8159	0
8160	0
8161	0
8162	0
8163	0
8164	0
8165	0
8166	0
8167	0
8168	0
8169	0
8170	0
8171	0
8172	0
8173	0
8174	0
8175	0
8176	0
8177	0
8178	0
8179	0
8180	0
8181	0
8182	0
8183	0
8184	0
8185	0
8186	0
8187	0
8188	0
8189	0
8190	0
8191	0
