0	0
1	0
2	0
3	0
4	0
5	0
6	0
7	0
8	0
9	0
10	0
11	0
12	0
13	0
14	0
15	0
16	0
17	0
18	0
19	0
20	0
21	0
22	0
23	0
24	0
25	0
26	0
27	0
28	0
29	0
30	0
31	0
32	0
33	0
34	0
35	0
36	0
37	0
38	0
39	0
40	0
41	1
42	0
43	0
44	0
45	0
46	0
47	0
48	0
49	0
50	0
51	0
52	0
53	0
54	0
55	0
56	0
57	0
58	0
59	0
60	0
61	1
62	0
63	0
64	0
65	0
66	0
67	0
68	0
69	0
70	0
71	0
72	0
73	0
74	0
75	0
76	0
77	0
78	0
79	0
80	0
81	0
82	0
83	0
84	0
85	4
86	6
87	6
88	9
89	12
90	11
91	4
92	13
93	10
94	3
95	6
96	12
97	7
98	10
99	4
100	8
101	4
102	5
103	1
104	5
105	8
106	6
107	3
108	7
109	9
110	2
111	5
112	8
113	4
114	5
115	3
116	5
117	5
118	4
119	4
120	7
121	5
122	6
123	5
124	5
125	6
126	7
127	3
128	6
129	6
130	6
131	3
132	6
133	6
134	8
135	3
136	2
137	5
138	7
139	9
140	3
141	2
142	2
143	3
144	0
145	3
146	8
147	7
148	4
149	5
150	6
151	3
152	3
153	10
154	3
155	5
156	4
157	4
158	7
159	3
160	4
161	10
162	5
163	3
164	5
165	4
166	3
167	8
168	8
169	5
170	4
171	5
172	3
173	6
174	6
175	6
176	3
177	6
178	8
179	6
180	6
181	4
182	6
183	7
184	8
185	5
186	4
187	4
188	3
189	6
190	8
191	3
192	8
193	3
194	10
195	4
196	5
197	7
198	5
199	3
200	5
201	4
202	5
203	3
204	5
205	5
206	3
207	7
208	5
209	6
210	4
211	2
212	3
213	12
214	5
215	6
216	5
217	3
218	5
219	2
220	7
221	5
222	10
223	7
224	6
225	3
226	4
227	3
228	6
229	12
230	3
231	3
232	4
233	6
234	6
235	10
236	7
237	7
238	3
239	6
240	5
241	5
242	9
243	3
244	10
245	7
246	8
247	3
248	5
249	7
250	10
251	5
252	8
253	11
254	4
255	7
256	7
257	3
258	6
259	6
260	5
261	10
262	3
263	5
264	6
265	9
266	7
267	2
268	9
269	4
270	2
271	3
272	3
273	10
274	8
275	6
276	7
277	6
278	5
279	8
280	7
281	8
282	13
283	0
284	6
285	6
286	4
287	12
288	7
289	5
290	8
291	1
292	1
293	7
294	5
295	5
296	8
297	5
298	10
299	3
300	7
301	5
302	3
303	9
304	5
305	4
306	5
307	6
308	4
309	5
310	6
311	11
312	3
313	5
314	3
315	5
316	8
317	7
318	6
319	7
320	9
321	5
322	7
323	6
324	9
325	8
326	5
327	8
328	10
329	2
330	3
331	9
332	2
333	5
334	6
335	4
336	3
337	7
338	3
339	6
340	7
341	6
342	6
343	4
344	9
345	7
346	10
347	6
348	7
349	3
350	6
351	6
352	7
353	6
354	7
355	10
356	6
357	10
358	2
359	7
360	2
361	6
362	3
363	7
364	9
365	4
366	8
367	6
368	10
369	10
370	5
371	1
372	8
373	4
374	10
375	5
376	4
377	6
378	3
379	6
380	8
381	7
382	5
383	7
384	2
385	7
386	4
387	9
388	9
389	3
390	3
391	8
392	2
393	7
394	6
395	8
396	5
397	5
398	5
399	5
400	6
401	4
402	5
403	3
404	4
405	2
406	4
407	10
408	7
409	7
410	6
411	8
412	10
413	5
414	10
415	5
416	10
417	8
418	4
419	6
420	6
421	3
422	3
423	5
424	3
425	3
426	5
427	5
428	8
429	9
430	7
431	5
432	3
433	5
434	6
435	6
436	4
437	5
438	7
439	5
440	5
441	5
442	6
443	9
444	10
445	8
446	3
447	6
448	5
449	8
450	5
451	7
452	8
453	6
454	7
455	10
456	3
457	8
458	8
459	6
460	7
461	6
462	2
463	11
464	7
465	8
466	2
467	6
468	7
469	7
470	10
471	7
472	5
473	5
474	8
475	8
476	12
477	13
478	8
479	7
480	12
481	6
482	3
483	6
484	9
485	11
486	5
487	10
488	5
489	4
490	6
491	7
492	4
493	10
494	8
495	7
496	3
497	7
498	4
499	7
500	5
501	8
502	7
503	4
504	7
505	8
506	5
507	8
508	9
509	11
510	6
511	12
512	6
513	10
514	4
515	9
516	5
517	10
518	6
519	10
520	1
521	10
522	14
523	6
524	4
525	8
526	7
527	4
528	5
529	6
530	8
531	6
532	11
533	3
534	4
535	8
536	7
537	6
538	7
539	8
540	5
541	4
542	11
543	7
544	10
545	6
546	8
547	7
548	6
549	5
550	7
551	5
552	6
553	6
554	4
555	8
556	7
557	6
558	6
559	7
560	12
561	11
562	11
563	7
564	3
565	7
566	8
567	6
568	7
569	7
570	5
571	7
572	5
573	9
574	12
575	5
576	5
577	5
578	4
579	6
580	3
581	7
582	4
583	7
584	6
585	4
586	3
587	7
588	5
589	8
590	8
591	7
592	4
593	7
594	6
595	4
596	6
597	8
598	7
599	8
600	3
601	4
602	4
603	7
604	6
605	11
606	7
607	4
608	11
609	6
610	1
611	7
612	6
613	11
614	9
615	12
616	5
617	5
618	10
619	10
620	2
621	4
622	6
623	7
624	8
625	8
626	5
627	7
628	7
629	6
630	7
631	5
632	8
633	12
634	10
635	9
636	5
637	5
638	5
639	8
640	12
641	6
642	4
643	6
644	7
645	7
646	9
647	8
648	14
649	8
650	5
651	3
652	6
653	6
654	5
655	7
656	4
657	8
658	3
659	6
660	7
661	4
662	8
663	5
664	15
665	10
666	7
667	11
668	6
669	5
670	12
671	11
672	5
673	7
674	6
675	11
676	8
677	8
678	13
679	8
680	13
681	5
682	9
683	7
684	1
685	9
686	7
687	4
688	6
689	8
690	11
691	7
692	4
693	3
694	5
695	11
696	7
697	12
698	8
699	11
700	4
701	4
702	6
703	10
704	12
705	8
706	8
707	2
708	6
709	11
710	7
711	5
712	7
713	9
714	7
715	7
716	5
717	8
718	2
719	7
720	10
721	5
722	11
723	7
724	11
725	13
726	10
727	9
728	13
729	10
730	12
731	10
732	12
733	8
734	15
735	8
736	9
737	14
738	11
739	7
740	15
741	8
742	17
743	10
744	11
745	10
746	8
747	11
748	5
749	8
750	14
751	8
752	5
753	17
754	9
755	8
756	8
757	11
758	10
759	8
760	11
761	7
762	11
763	12
764	13
765	16
766	7
767	7
768	7
769	8
770	11
771	17
772	6
773	11
774	7
775	10
776	12
777	13
778	11
779	8
780	12
781	13
782	16
783	8
784	10
785	18
786	22
787	14
788	14
789	12
790	10
791	17
792	12
793	15
794	14
795	14
796	8
797	11
798	16
799	14
800	18
801	5
802	16
803	11
804	16
805	19
806	15
807	12
808	13
809	12
810	15
811	24
812	13
813	19
814	12
815	13
816	17
817	16
818	18
819	10
820	14
821	10
822	15
823	14
824	18
825	11
826	10
827	16
828	15
829	9
830	15
831	16
832	21
833	14
834	16
835	13
836	14
837	22
838	17
839	15
840	15
841	19
842	14
843	16
844	13
845	21
846	19
847	16
848	9
849	15
850	16
851	16
852	21
853	9
854	20
855	17
856	12
857	13
858	9
859	17
860	7
861	7
862	15
863	17
864	20
865	15
866	21
867	19
868	14
869	16
870	14
871	18
872	17
873	18
874	12
875	14
876	14
877	14
878	16
879	16
880	12
881	15
882	13
883	13
884	10
885	14
886	17
887	9
888	19
889	20
890	13
891	10
892	12
893	14
894	14
895	12
896	12
897	15
898	22
899	12
900	12
901	17
902	16
903	13
904	13
905	11
906	13
907	13
908	15
909	18
910	10
911	11
912	11
913	18
914	8
915	14
916	13
917	22
918	21
919	11
920	13
921	11
922	16
923	12
924	10
925	14
926	15
927	10
928	10
929	14
930	8
931	22
932	7
933	9
934	12
935	15
936	8
937	16
938	12
939	20
940	15
941	10
942	9
943	6
944	9
945	10
946	14
947	17
948	7
949	17
950	11
951	11
952	14
953	12
954	13
955	17
956	8
957	9
958	13
959	14
960	5
961	9
962	19
963	17
964	13
965	9
966	3
967	10
968	9
969	15
970	5
971	14
972	8
973	14
974	10
975	8
976	8
977	19
978	7
979	20
980	16
981	12
982	10
983	15
984	10
985	21
986	8
987	4
988	10
989	11
990	15
991	9
992	13
993	16
994	14
995	9
996	10
997	10
998	15
999	14
1000	13
1001	14
1002	9
1003	10
1004	16
1005	7
1006	10
1007	6
1008	9
1009	7
1010	14
1011	16
1012	10
1013	7
1014	10
1015	14
1016	11
1017	17
1018	9
1019	11
1020	15
1021	12
1022	13
1023	11
1024	13
1025	14
1026	8
1027	12
1028	5
1029	12
1030	15
1031	5
1032	6
1033	8
1034	7
1035	6
1036	15
1037	7
1038	9
1039	9
1040	16
1041	7
1042	8
1043	9
1044	12
1045	8
1046	9
1047	14
1048	9
1049	9
1050	9
1051	8
1052	10
1053	12
1054	14
1055	13
1056	7
1057	10
1058	12
1059	13
1060	16
1061	7
1062	9
1063	16
1064	12
1065	9
1066	9
1067	7
1068	7
1069	16
1070	10
1071	10
1072	10
1073	17
1074	16
1075	20
1076	13
1077	8
1078	10
1079	8
1080	13
1081	6
1082	9
1083	13
1084	11
1085	6
1086	11
1087	11
1088	16
1089	8
1090	10
1091	4
1092	14
1093	8
1094	13
1095	7
1096	8
1097	10
1098	10
1099	9
1100	15
1101	9
1102	9
1103	16
1104	8
1105	8
1106	10
1107	12
1108	5
1109	10
1110	11
1111	10
1112	4
1113	8
1114	12
1115	6
1116	8
1117	12
1118	13
1119	12
1120	14
1121	12
1122	11
1123	16
1124	9
1125	12
1126	11
1127	11
1128	12
1129	17
1130	12
1131	13
1132	12
1133	10
1134	10
1135	10
1136	8
1137	7
1138	18
1139	11
1140	13
1141	17
1142	12
1143	14
1144	9
1145	13
1146	13
1147	18
1148	13
1149	13
1150	12
1151	6
1152	10
1153	10
1154	14
1155	5
1156	10
1157	9
1158	11
1159	12
1160	14
1161	7
1162	7
1163	19
1164	12
1165	18
1166	17
1167	9
1168	13
1169	11
1170	14
1171	7
1172	8
1173	10
1174	10
1175	12
1176	8
1177	11
1178	11
1179	11
1180	17
1181	11
1182	12
1183	21
1184	12
1185	9
1186	10
1187	15
1188	14
1189	9
1190	14
1191	14
1192	10
1193	12
1194	13
1195	6
1196	12
1197	11
1198	7
1199	6
1200	8
1201	7
1202	13
1203	9
1204	12
1205	10
1206	17
1207	13
1208	12
1209	11
1210	15
1211	10
1212	11
1213	17
1214	10
1215	7
1216	15
1217	10
1218	12
1219	10
1220	9
1221	12
1222	8
1223	13
1224	15
1225	9
1226	15
1227	11
1228	7
1229	17
1230	14
1231	11
1232	9
1233	15
1234	6
1235	12
1236	12
1237	22
1238	6
1239	10
1240	19
1241	10
1242	16
1243	14
1244	18
1245	15
1246	12
1247	14
1248	15
1249	13
1250	8
1251	13
1252	15
1253	9
1254	14
1255	16
1256	16
1257	14
1258	9
1259	4
1260	17
1261	15
1262	10
1263	14
1264	9
1265	12
1266	12
1267	12
1268	10
1269	10
1270	8
1271	9
1272	8
1273	14
1274	14
1275	11
1276	21
1277	12
1278	6
1279	17
1280	13
1281	13
1282	14
1283	22
1284	11
1285	7
1286	11
1287	18
1288	8
1289	15
1290	25
1291	13
1292	15
1293	18
1294	18
1295	11
1296	13
1297	12
1298	22
1299	22
1300	6
1301	10
1302	15
1303	14
1304	18
1305	7
1306	11
1307	19
1308	12
1309	9
1310	9
1311	12
1312	14
1313	12
1314	13
1315	25
1316	12
1317	12
1318	10
1319	15
1320	8
1321	14
1322	10
1323	13
1324	12
1325	16
1326	21
1327	15
1328	12
1329	17
1330	13
1331	13
1332	11
1333	19
1334	19
1335	22
1336	12
1337	9
1338	20
1339	15
1340	22
1341	15
1342	16
1343	11
1344	20
1345	11
1346	22
1347	11
1348	10
1349	13
1350	17
1351	7
1352	14
1353	12
1354	17
1355	18
1356	10
1357	12
1358	10
1359	13
1360	11
1361	18
1362	12
1363	11
1364	17
1365	12
1366	8
1367	14
1368	12
1369	14
1370	17
1371	13
1372	14
1373	13
1374	15
1375	6
1376	11
1377	10
1378	12
1379	13
1380	16
1381	11
1382	14
1383	11
1384	9
1385	9
1386	13
1387	16
1388	15
1389	16
1390	16
1391	10
1392	12
1393	15
1394	13
1395	11
1396	17
1397	13
1398	22
1399	15
1400	14
1401	9
1402	22
1403	14
1404	12
1405	11
1406	14
1407	15
1408	18
1409	24
1410	15
1411	13
1412	16
1413	12
1414	12
1415	11
1416	7
1417	19
1418	16
1419	20
1420	14
1421	15
1422	14
1423	15
1424	28
1425	17
1426	11
1427	16
1428	12
1429	13
1430	13
1431	12
1432	15
1433	22
1434	8
1435	11
1436	20
1437	12
1438	21
1439	27
1440	20
1441	13
1442	14
1443	12
1444	7
1445	10
1446	18
1447	16
1448	19
1449	19
1450	13
1451	20
1452	17
1453	28
1454	11
1455	6
1456	13
1457	13
1458	15
1459	18
1460	25
1461	11
1462	12
1463	14
1464	21
1465	9
1466	20
1467	19
1468	17
1469	9
1470	17
1471	14
1472	19
1473	18
1474	16
1475	14
1476	16
1477	11
1478	11
1479	11
1480	16
1481	18
1482	17
1483	12
1484	18
1485	16
1486	14
1487	14
1488	13
1489	11
1490	17
1491	19
1492	12
1493	18
1494	9
1495	8
1496	17
1497	13
1498	15
1499	6
1500	17
1501	19
1502	17
1503	13
1504	19
1505	12
1506	17
1507	16
1508	14
1509	19
1510	16
1511	15
1512	22
1513	17
1514	10
1515	12
1516	15
1517	15
1518	12
1519	26
1520	19
1521	15
1522	10
1523	11
1524	15
1525	20
1526	13
1527	13
1528	20
1529	20
1530	16
1531	15
1532	8
1533	18
1534	19
1535	7
1536	12
1537	13
1538	19
1539	11
1540	14
1541	9
1542	18
1543	20
1544	16
1545	25
1546	15
1547	28
1548	12
1549	14
1550	21
1551	10
1552	13
1553	21
1554	18
1555	12
1556	21
1557	23
1558	18
1559	21
1560	13
1561	22
1562	18
1563	16
1564	23
1565	22
1566	12
1567	17
1568	14
1569	17
1570	17
1571	21
1572	13
1573	13
1574	15
1575	22
1576	13
1577	18
1578	11
1579	13
1580	14
1581	16
1582	11
1583	14
1584	20
1585	15
1586	17
1587	15
1588	14
1589	21
1590	24
1591	18
1592	11
1593	12
1594	8
1595	19
1596	25
1597	12
1598	20
1599	17
1600	11
1601	15
1602	13
1603	13
1604	15
1605	15
1606	17
1607	20
1608	21
1609	14
1610	17
1611	18
1612	22
1613	25
1614	22
1615	12
1616	13
1617	17
1618	13
1619	14
1620	20
1621	26
1622	15
1623	16
1624	19
1625	20
1626	18
1627	17
1628	14
1629	20
1630	23
1631	18
1632	20
1633	19
1634	22
1635	21
1636	19
1637	19
1638	18
1639	17
1640	23
1641	23
1642	20
1643	15
1644	12
1645	14
1646	19
1647	15
1648	9
1649	20
1650	15
1651	16
1652	25
1653	19
1654	23
1655	25
1656	15
1657	19
1658	16
1659	25
1660	21
1661	14
1662	15
1663	23
1664	16
1665	18
1666	24
1667	23
1668	11
1669	19
1670	18
1671	18
1672	18
1673	12
1674	12
1675	17
1676	18
1677	13
1678	12
1679	22
1680	17
1681	13
1682	16
1683	17
1684	19
1685	24
1686	20
1687	24
1688	18
1689	21
1690	18
1691	13
1692	9
1693	18
1694	16
1695	23
1696	16
1697	18
1698	16
1699	25
1700	15
1701	20
1702	22
1703	15
1704	23
1705	17
1706	15
1707	17
1708	24
1709	13
1710	15
1711	29
1712	18
1713	17
1714	21
1715	14
1716	17
1717	20
1718	18
1719	17
1720	15
1721	29
1722	17
1723	25
1724	16
1725	12
1726	26
1727	21
1728	9
1729	19
1730	17
1731	17
1732	16
1733	17
1734	11
1735	18
1736	20
1737	9
1738	19
1739	15
1740	12
1741	18
1742	12
1743	19
1744	19
1745	15
1746	17
1747	14
1748	13
1749	20
1750	14
1751	17
1752	15
1753	24
1754	12
1755	9
1756	14
1757	22
1758	22
1759	15
1760	21
1761	16
1762	26
1763	20
1764	23
1765	17
1766	12
1767	18
1768	20
1769	25
1770	27
1771	11
1772	18
1773	28
1774	17
1775	15
1776	14
1777	18
1778	24
1779	22
1780	14
1781	20
1782	14
1783	18
1784	16
1785	24
1786	22
1787	18
1788	17
1789	15
1790	13
1791	17
1792	29
1793	19
1794	15
1795	20
1796	16
1797	26
1798	20
1799	17
1800	17
1801	13
1802	19
1803	12
1804	18
1805	21
1806	23
1807	15
1808	15
1809	24
1810	16
1811	29
1812	16
1813	20
1814	20
1815	21
1816	16
1817	15
1818	20
1819	15
1820	12
1821	11
1822	18
1823	21
1824	13
1825	18
1826	21
1827	18
1828	13
1829	28
1830	25
1831	18
1832	33
1833	24
1834	17
1835	16
1836	11
1837	18
1838	21
1839	30
1840	21
1841	27
1842	25
1843	22
1844	23
1845	15
1846	24
1847	24
1848	22
1849	18
1850	24
1851	25
1852	19
1853	18
1854	25
1855	23
1856	28
1857	20
1858	18
1859	26
1860	30
1861	16
1862	32
1863	16
1864	20
1865	25
1866	20
1867	21
1868	18
1869	21
1870	20
1871	19
1872	18
1873	26
1874	25
1875	14
1876	19
1877	16
1878	16
1879	24
1880	18
1881	25
1882	25
1883	19
1884	29
1885	21
1886	18
1887	27
1888	21
1889	19
1890	16
1891	21
1892	18
1893	18
1894	26
1895	25
1896	16
1897	14
1898	27
1899	17
1900	22
1901	20
1902	23
1903	17
1904	16
1905	19
1906	19
1907	20
1908	21
1909	23
1910	23
1911	27
1912	23
1913	15
1914	22
1915	16
1916	27
1917	25
1918	18
1919	23
1920	26
1921	21
1922	19
1923	14
1924	22
1925	25
1926	22
1927	16
1928	16
1929	17
1930	16
1931	24
1932	17
1933	20
1934	31
1935	17
1936	25
1937	31
1938	17
1939	21
1940	29
1941	21
1942	23
1943	18
1944	23
1945	29
1946	23
1947	25
1948	24
1949	27
1950	20
1951	26
1952	16
1953	18
1954	11
1955	23
1956	19
1957	24
1958	33
1959	25
1960	29
1961	20
1962	16
1963	16
1964	15
1965	19
1966	16
1967	17
1968	35
1969	22
1970	16
1971	25
1972	23
1973	20
1974	19
1975	15
1976	18
1977	20
1978	27
1979	24
1980	23
1981	28
1982	22
1983	19
1984	25
1985	20
1986	26
1987	18
1988	18
1989	25
1990	21
1991	21
1992	21
1993	27
1994	18
1995	24
1996	15
1997	14
1998	23
1999	23
2000	27
2001	30
2002	23
2003	18
2004	28
2005	17
2006	26
2007	20
2008	20
2009	15
2010	25
2011	25
2012	24
2013	22
2014	18
2015	13
2016	22
2017	26
2018	20
2019	25
2020	19
2021	14
2022	19
2023	22
2024	19
2025	17
2026	20
2027	20
2028	19
2029	31
2030	24
2031	27
2032	30
2033	26
2034	25
2035	24
2036	18
2037	23
2038	27
2039	28
2040	18
2041	21
2042	22
2043	20
2044	18
2045	23
2046	15
2047	18
2048	25
2049	34
2050	20
2051	24
2052	32
2053	32
2054	23
2055	23
2056	28
2057	23
2058	22
2059	18
2060	19
2061	24
2062	22
2063	17
2064	22
2065	23
2066	24
2067	12
2068	25
2069	22
2070	24
2071	22
2072	23
2073	22
2074	16
2075	21
2076	19
2077	28
2078	20
2079	27
2080	20
2081	21
2082	16
2083	20
2084	20
2085	26
2086	25
2087	22
2088	24
2089	18
2090	26
2091	20
2092	18
2093	25
2094	20
2095	17
2096	24
2097	34
2098	27
2099	25
2100	19
2101	23
2102	19
2103	19
2104	19
2105	20
2106	17
2107	23
2108	11
2109	21
2110	23
2111	22
2112	21
2113	28
2114	25
2115	13
2116	24
2117	24
2118	22
2119	30
2120	18
2121	24
2122	13
2123	25
2124	22
2125	15
2126	24
2127	34
2128	15
2129	25
2130	22
2131	26
2132	18
2133	16
2134	21
2135	24
2136	19
2137	24
2138	38
2139	28
2140	23
2141	25
2142	31
2143	30
2144	31
2145	32
2146	22
2147	28
2148	23
2149	25
2150	20
2151	29
2152	21
2153	24
2154	18
2155	24
2156	21
2157	30
2158	24
2159	30
2160	31
2161	23
2162	24
2163	19
2164	24
2165	30
2166	22
2167	20
2168	30
2169	21
2170	25
2171	23
2172	24
2173	14
2174	29
2175	27
2176	14
2177	19
2178	32
2179	28
2180	22
2181	26
2182	26
2183	26
2184	17
2185	17
2186	33
2187	22
2188	34
2189	20
2190	28
2191	30
2192	30
2193	25
2194	23
2195	19
2196	23
2197	31
2198	19
2199	26
2200	28
2201	19
2202	28
2203	30
2204	32
2205	18
2206	29
2207	27
2208	26
2209	23
2210	20
2211	26
2212	20
2213	15
2214	23
2215	21
2216	30
2217	32
2218	24
2219	28
2220	26
2221	24
2222	29
2223	29
2224	24
2225	27
2226	39
2227	18
2228	26
2229	32
2230	21
2231	23
2232	33
2233	28
2234	31
2235	19
2236	34
2237	30
2238	32
2239	30
2240	22
2241	32
2242	25
2243	29
2244	25
2245	31
2246	22
2247	38
2248	24
2249	23
2250	25
2251	31
2252	23
2253	26
2254	21
2255	28
2256	31
2257	27
2258	25
2259	33
2260	21
2261	43
2262	35
2263	21
2264	29
2265	29
2266	29
2267	30
2268	31
2269	32
2270	42
2271	26
2272	29
2273	28
2274	35
2275	34
2276	28
2277	36
2278	26
2279	34
2280	31
2281	36
2282	36
2283	21
2284	22
2285	35
2286	33
2287	28
2288	26
2289	23
2290	22
2291	27
2292	29
2293	40
2294	29
2295	40
2296	34
2297	37
2298	20
2299	30
2300	36
2301	27
2302	31
2303	32
2304	32
2305	33
2306	34
2307	36
2308	33
2309	33
2310	36
2311	27
2312	31
2313	38
2314	35
2315	28
2316	38
2317	35
2318	28
2319	31
2320	28
2321	34
2322	35
2323	27
2324	33
2325	35
2326	35
2327	34
2328	31
2329	30
2330	36
2331	28
2332	28
2333	26
2334	44
2335	35
2336	25
2337	33
2338	24
2339	34
2340	34
2341	38
2342	41
2343	35
2344	42
2345	27
2346	28
2347	44
2348	26
2349	24
2350	44
2351	37
2352	28
2353	30
2354	39
2355	24
2356	32
2357	35
2358	34
2359	29
2360	28
2361	27
2362	48
2363	38
2364	34
2365	34
2366	29
2367	35
2368	35
2369	39
2370	42
2371	31
2372	38
2373	33
2374	32
2375	45
2376	28
2377	38
2378	42
2379	42
2380	23
2381	26
2382	29
2383	26
2384	38
2385	38
2386	32
2387	28
2388	35
2389	25
2390	37
2391	28
2392	37
2393	27
2394	36
2395	37
2396	41
2397	31
2398	42
2399	26
2400	30
2401	37
2402	34
2403	35
2404	36
2405	27
2406	39
2407	40
2408	41
2409	31
2410	33
2411	24
2412	31
2413	30
2414	37
2415	31
2416	43
2417	32
2418	25
2419	28
2420	21
2421	37
2422	34
2423	46
2424	29
2425	31
2426	22
2427	41
2428	39
2429	31
2430	39
2431	46
2432	32
2433	44
2434	38
2435	34
2436	37
2437	26
2438	30
2439	40
2440	25
2441	35
2442	33
2443	33
2444	28
2445	44
2446	39
2447	24
2448	36
2449	30
2450	43
2451	29
2452	32
2453	33
2454	34
2455	26
2456	34
2457	34
2458	34
2459	48
2460	35
2461	33
2462	34
2463	28
2464	36
2465	29
2466	28
2467	32
2468	33
2469	32
2470	43
2471	30
2472	34
2473	27
2474	29
2475	37
2476	44
2477	29
2478	27
2479	34
2480	19
2481	26
2482	35
2483	28
2484	33
2485	27
2486	37
2487	27
2488	31
2489	30
2490	30
2491	33
2492	28
2493	14
2494	30
2495	24
2496	39
2497	33
2498	34
2499	30
2500	30
2501	33
2502	33
2503	35
2504	22
2505	19
2506	34
2507	24
2508	31
2509	29
2510	30
2511	29
2512	29
2513	26
2514	41
2515	34
2516	25
2517	34
2518	36
2519	37
2520	25
2521	28
2522	27
2523	21
2524	27
2525	29
2526	29
2527	32
2528	39
2529	30
2530	24
2531	24
2532	26
2533	28
2534	25
2535	26
2536	26
2537	26
2538	31
2539	26
2540	35
2541	30
2542	30
2543	21
2544	25
2545	24
2546	26
2547	34
2548	22
2549	20
2550	22
2551	27
2552	33
2553	23
2554	31
2555	21
2556	23
2557	32
2558	25
2559	30
2560	23
2561	28
2562	23
2563	24
2564	27
2565	24
2566	21
2567	33
2568	24
2569	30
2570	27
2571	25
2572	19
2573	26
2574	23
2575	22
2576	27
2577	17
2578	25
2579	20
2580	30
2581	27
2582	20
2583	23
2584	27
2585	24
2586	18
2587	17
2588	29
2589	25
2590	14
2591	29
2592	28
2593	23
2594	25
2595	21
2596	27
2597	25
2598	28
2599	18
2600	30
2601	26
2602	19
2603	22
2604	27
2605	19
2606	22
2607	20
2608	31
2609	21
2610	26
2611	20
2612	26
2613	27
2614	25
2615	25
2616	24
2617	13
2618	26
2619	21
2620	21
2621	18
2622	18
2623	21
2624	23
2625	14
2626	23
2627	20
2628	16
2629	23
2630	15
2631	19
2632	18
2633	24
2634	21
2635	20
2636	22
2637	23
2638	19
2639	22
2640	32
2641	14
2642	20
2643	23
2644	21
2645	22
2646	18
2647	26
2648	18
2649	17
2650	20
2651	8
2652	20
2653	19
2654	19
2655	28
2656	20
2657	19
2658	19
2659	18
2660	17
2661	23
2662	12
2663	15
2664	12
2665	22
2666	12
2667	28
2668	12
2669	18
2670	14
2671	27
2672	20
2673	16
2674	16
2675	14
2676	10
2677	25
2678	16
2679	12
2680	14
2681	14
2682	15
2683	20
2684	11
2685	21
2686	15
2687	18
2688	14
2689	21
2690	15
2691	26
2692	15
2693	12
2694	15
2695	16
2696	17
2697	15
2698	19
2699	24
2700	20
2701	25
2702	18
2703	20
2704	16
2705	14
2706	17
2707	22
2708	14
2709	11
2710	15
2711	12
2712	27
2713	15
2714	20
2715	16
2716	17
2717	19
2718	11
2719	9
2720	14
2721	12
2722	12
2723	24
2724	17
2725	13
2726	15
2727	15
2728	14
2729	14
2730	8
2731	13
2732	19
2733	17
2734	16
2735	13
2736	14
2737	17
2738	18
2739	19
2740	13
2741	16
2742	13
2743	12
2744	10
2745	21
2746	10
2747	13
2748	11
2749	13
2750	21
2751	13
2752	13
2753	14
2754	20
2755	13
2756	12
2757	9
2758	13
2759	14
2760	20
2761	15
2762	15
2763	17
2764	14
2765	7
2766	14
2767	21
2768	15
2769	8
2770	25
2771	11
2772	12
2773	10
2774	14
2775	11
2776	16
2777	19
2778	17
2779	15
2780	7
2781	14
2782	17
2783	13
2784	16
2785	17
2786	12
2787	10
2788	13
2789	9
2790	13
2791	11
2792	14
2793	15
2794	19
2795	16
2796	12
2797	10
2798	7
2799	21
2800	17
2801	14
2802	15
2803	16
2804	14
2805	23
2806	18
2807	10
2808	11
2809	10
2810	16
2811	12
2812	14
2813	6
2814	8
2815	13
2816	13
2817	13
2818	17
2819	11
2820	10
2821	12
2822	19
2823	8
2824	13
2825	6
2826	16
2827	13
2828	14
2829	11
2830	10
2831	11
2832	14
2833	18
2834	9
2835	8
2836	13
2837	12
2838	16
2839	12
2840	4
2841	10
2842	14
2843	9
2844	12
2845	13
2846	18
2847	15
2848	8
2849	9
2850	16
2851	19
2852	10
2853	11
2854	8
2855	9
2856	18
2857	9
2858	10
2859	11
2860	15
2861	15
2862	6
2863	14
2864	8
2865	16
2866	18
2867	12
2868	17
2869	12
2870	11
2871	13
2872	14
2873	15
2874	13
2875	11
2876	14
2877	13
2878	12
2879	14
2880	12
2881	18
2882	15
2883	14
2884	19
2885	14
2886	10
2887	24
2888	16
2889	9
2890	12
2891	12
2892	8
2893	12
2894	13
2895	11
2896	9
2897	14
2898	5
2899	16
2900	14
2901	11
2902	12
2903	14
2904	9
2905	17
2906	9
2907	6
2908	7
2909	12
2910	12
2911	9
2912	19
2913	14
2914	11
2915	8
2916	9
2917	9
2918	11
2919	14
2920	12
2921	9
2922	12
2923	13
2924	13
2925	12
2926	9
2927	8
2928	18
2929	10
2930	7
2931	9
2932	16
2933	13
2934	11
2935	12
2936	12
2937	7
2938	7
2939	13
2940	10
2941	13
2942	7
2943	10
2944	15
2945	9
2946	13
2947	10
2948	15
2949	17
2950	9
2951	15
2952	17
2953	9
2954	6
2955	6
2956	8
2957	12
2958	11
2959	20
2960	9
2961	7
2962	11
2963	11
2964	15
2965	10
2966	11
2967	14
2968	14
2969	11
2970	6
2971	9
2972	8
2973	14
2974	8
2975	9
2976	17
2977	10
2978	15
2979	13
2980	12
2981	7
2982	10
2983	10
2984	8
2985	9
2986	9
2987	10
2988	9
2989	13
2990	8
2991	9
2992	10
2993	10
2994	13
2995	9
2996	15
2997	5
2998	10
2999	12
3000	10
3001	15
3002	3
3003	12
3004	10
3005	10
3006	8
3007	11
3008	15
3009	7
3010	12
3011	12
3012	7
3013	12
3014	14
3015	11
3016	16
3017	11
3018	11
3019	5
3020	8
3021	12
3022	16
3023	6
3024	10
3025	9
3026	8
3027	11
3028	15
3029	6
3030	8
3031	9
3032	13
3033	11
3034	5
3035	13
3036	10
3037	9
3038	11
3039	6
3040	8
3041	6
3042	12
3043	12
3044	7
3045	10
3046	4
3047	11
3048	10
3049	6
3050	16
3051	10
3052	11
3053	14
3054	12
3055	20
3056	15
3057	5
3058	11
3059	9
3060	7
3061	8
3062	8
3063	11
3064	6
3065	8
3066	12
3067	9
3068	9
3069	9
3070	10
3071	9
3072	13
3073	12
3074	11
3075	11
3076	18
3077	7
3078	14
3079	8
3080	11
3081	11
3082	15
3083	11
3084	8
3085	5
3086	7
3087	6
3088	10
3089	9
3090	7
3091	11
3092	7
3093	16
3094	11
3095	9
3096	8
3097	12
3098	11
3099	6
3100	4
3101	6
3102	8
3103	12
3104	10
3105	15
3106	7
3107	10
3108	11
3109	9
3110	7
3111	7
3112	13
3113	8
3114	14
3115	15
3116	6
3117	9
3118	8
3119	11
3120	8
3121	8
3122	12
3123	6
3124	11
3125	10
3126	6
3127	15
3128	5
3129	6
3130	10
3131	13
3132	8
3133	8
3134	12
3135	11
3136	11
3137	8
3138	9
3139	10
3140	7
3141	4
3142	14
3143	9
3144	4
3145	8
3146	8
3147	11
3148	7
3149	6
3150	13
3151	4
3152	11
3153	5
3154	4
3155	14
3156	13
3157	9
3158	13
3159	7
3160	8
3161	10
3162	5
3163	15
3164	9
3165	14
3166	8
3167	8
3168	8
3169	10
3170	12
3171	8
3172	6
3173	5
3174	8
3175	7
3176	12
3177	3
3178	12
3179	10
3180	9
3181	7
3182	4
3183	8
3184	14
3185	12
3186	6
3187	9
3188	18
3189	9
3190	8
3191	7
3192	5
3193	6
3194	9
3195	7
3196	8
3197	3
3198	7
3199	6
3200	9
3201	8
3202	7
3203	13
3204	11
3205	12
3206	8
3207	13
3208	13
3209	9
3210	4
3211	14
3212	9
3213	11
3214	5
3215	10
3216	5
3217	8
3218	5
3219	11
3220	3
3221	10
3222	9
3223	4
3224	8
3225	6
3226	13
3227	13
3228	6
3229	11
3230	12
3231	10
3232	8
3233	8
3234	8
3235	13
3236	10
3237	7
3238	9
3239	6
3240	4
3241	7
3242	10
3243	5
3244	9
3245	6
3246	10
3247	9
3248	12
3249	8
3250	10
3251	8
3252	9
3253	4
3254	9
3255	11
3256	8
3257	7
3258	6
3259	5
3260	11
3261	9
3262	8
3263	11
3264	6
3265	10
3266	8
3267	6
3268	10
3269	11
3270	9
3271	5
3272	6
3273	4
3274	6
3275	9
3276	11
3277	7
3278	12
3279	7
3280	8
3281	11
3282	11
3283	11
3284	5
3285	9
3286	5
3287	16
3288	7
3289	12
3290	14
3291	9
3292	10
3293	9
3294	6
3295	11
3296	6
3297	4
3298	5
3299	8
3300	7
3301	4
3302	11
3303	7
3304	5
3305	7
3306	12
3307	11
3308	16
3309	9
3310	1
3311	13
3312	7
3313	10
3314	5
3315	8
3316	11
3317	10
3318	8
3319	5
3320	9
3321	6
3322	9
3323	9
3324	11
3325	4
3326	10
3327	10
3328	7
3329	6
3330	9
3331	7
3332	11
3333	5
3334	13
3335	10
3336	6
3337	8
3338	7
3339	9
3340	5
3341	7
3342	2
3343	7
3344	6
3345	9
3346	10
3347	11
3348	12
3349	12
3350	11
3351	7
3352	5
3353	5
3354	8
3355	7
3356	7
3357	13
3358	8
3359	8
3360	6
3361	9
3362	5
3363	9
3364	6
3365	9
3366	7
3367	5
3368	10
3369	8
3370	10
3371	7
3372	7
3373	11
3374	5
3375	10
3376	12
3377	10
3378	5
3379	10
3380	6
3381	7
3382	9
3383	9
3384	4
3385	7
3386	8
3387	10
3388	7
3389	6
3390	3
3391	5
3392	13
3393	9
3394	11
3395	8
3396	8
3397	5
3398	8
3399	6
3400	8
3401	13
3402	8
3403	10
3404	8
3405	6
3406	6
3407	9
3408	6
3409	9
3410	6
3411	5
3412	7
3413	8
3414	7
3415	9
3416	8
3417	4
3418	10
3419	12
3420	10
3421	13
3422	8
3423	10
3424	2
3425	8
3426	6
3427	7
3428	8
3429	4
3430	5
3431	7
3432	4
3433	8
3434	7
3435	7
3436	6
3437	8
3438	6
3439	13
3440	10
3441	10
3442	7
3443	3
3444	5
3445	9
3446	9
3447	11
3448	5
3449	11
3450	13
3451	6
3452	8
3453	12
3454	8
3455	7
3456	10
3457	9
3458	7
3459	8
3460	11
3461	6
3462	10
3463	7
3464	8
3465	7
3466	11
3467	6
3468	9
3469	5
3470	7
3471	8
3472	5
3473	9
3474	6
3475	11
3476	13
3477	8
3478	11
3479	6
3480	8
3481	9
3482	7
3483	5
3484	2
3485	8
3486	8
3487	7
3488	8
3489	7
3490	7
3491	9
3492	5
3493	1
3494	5
3495	8
3496	8
3497	7
3498	7
3499	7
3500	4
3501	7
3502	9
3503	5
3504	9
3505	7
3506	6
3507	5
3508	10
3509	8
3510	5
3511	4
3512	10
3513	9
3514	4
3515	11
3516	10
3517	8
3518	9
3519	10
3520	10
3521	9
3522	8
3523	10
3524	6
3525	5
3526	13
3527	6
3528	4
3529	5
3530	8
3531	5
3532	5
3533	3
3534	10
3535	6
3536	8
3537	5
3538	5
3539	8
3540	5
3541	9
3542	8
3543	8
3544	9
3545	6
3546	5
3547	6
3548	11
3549	7
3550	8
3551	7
3552	10
3553	8
3554	5
3555	8
3556	7
3557	8
3558	5
3559	6
3560	14
3561	4
3562	7
3563	6
3564	4
3565	7
3566	7
3567	6
3568	10
3569	7
3570	8
3571	7
3572	8
3573	9
3574	5
3575	5
3576	6
3577	8
3578	4
3579	6
3580	4
3581	5
3582	8
3583	6
3584	5
3585	8
3586	6
3587	6
3588	4
3589	6
3590	10
3591	11
3592	4
3593	9
3594	7
3595	9
3596	5
3597	6
3598	3
3599	13
3600	5
3601	8
3602	8
3603	7
3604	4
3605	7
3606	9
3607	10
3608	5
3609	5
3610	5
3611	5
3612	9
3613	8
3614	11
3615	9
3616	2
3617	3
3618	7
3619	15
3620	6
3621	7
3622	6
3623	8
3624	8
3625	9
3626	7
3627	4
3628	3
3629	6
3630	5
3631	10
3632	6
3633	5
3634	10
3635	8
3636	7
3637	13
3638	9
3639	7
3640	9
3641	9
3642	8
3643	6
3644	10
3645	12
3646	11
3647	6
3648	8
3649	7
3650	7
3651	5
3652	12
3653	7
3654	9
3655	11
3656	2
3657	12
3658	7
3659	8
3660	12
3661	10
3662	0
3663	8
3664	8
3665	2
3666	3
3667	11
3668	4
3669	9
3670	8
3671	10
3672	8
3673	7
3674	6
3675	9
3676	8
3677	10
3678	7
3679	5
3680	6
3681	11
3682	2
3683	6
3684	4
3685	7
3686	4
3687	5
3688	9
3689	5
3690	6
3691	8
3692	8
3693	3
3694	7
3695	7
3696	5
3697	9
3698	5
3699	7
3700	7
3701	6
3702	8
3703	3
3704	10
3705	6
3706	5
3707	4
3708	7
3709	9
3710	6
3711	6
3712	6
3713	7
3714	2
3715	7
3716	14
3717	8
3718	5
3719	7
3720	5
3721	3
3722	6
3723	6
3724	6
3725	10
3726	4
3727	7
3728	6
3729	8
3730	10
3731	7
3732	7
3733	4
3734	3
3735	8
3736	6
3737	6
3738	9
3739	11
3740	7
3741	5
3742	11
3743	4
3744	7
3745	7
3746	6
3747	0
3748	3
3749	8
3750	4
3751	2
3752	7
3753	5
3754	8
3755	6
3756	6
3757	4
3758	6
3759	5
3760	5
3761	13
3762	6
3763	11
3764	7
3765	7
3766	8
3767	7
3768	3
3769	7
3770	5
3771	7
3772	7
3773	9
3774	7
3775	4
3776	6
3777	7
3778	4
3779	6
3780	9
3781	3
3782	10
3783	6
3784	5
3785	2
3786	3
3787	6
3788	5
3789	10
3790	5
3791	6
3792	6
3793	2
3794	11
3795	5
3796	6
3797	8
3798	3
3799	8
3800	8
3801	10
3802	4
3803	4
3804	7
3805	11
3806	8
3807	8
3808	6
3809	7
3810	9
3811	10
3812	6
3813	10
3814	5
3815	4
3816	5
3817	3
3818	5
3819	11
3820	6
3821	6
3822	4
3823	5
3824	8
3825	4
3826	7
3827	4
3828	11
3829	8
3830	4
3831	6
3832	7
3833	3
3834	7
3835	8
3836	5
3837	4
3838	8
3839	8
3840	9
3841	11
3842	3
3843	7
3844	3
3845	4
3846	9
3847	4
3848	8
3849	2
3850	9
3851	8
3852	6
3853	8
3854	4
3855	6
3856	4
3857	10
3858	6
3859	9
3860	4
3861	7
3862	2
3863	8
3864	5
3865	10
3866	6
3867	3
3868	3
3869	3
3870	10
3871	4
3872	5
3873	10
3874	5
3875	9
3876	5
3877	6
3878	8
3879	9
3880	8
3881	8
3882	5
3883	5
3884	7
3885	9
3886	4
3887	10
3888	12
3889	7
3890	8
3891	3
3892	8
3893	7
3894	5
3895	6
3896	5
3897	5
3898	9
3899	4
3900	6
3901	9
3902	8
3903	6
3904	7
3905	3
3906	4
3907	5
3908	5
3909	6
3910	6
3911	5
3912	2
3913	5
3914	2
3915	4
3916	5
3917	5
3918	9
3919	3
3920	6
3921	9
3922	8
3923	9
3924	7
3925	9
3926	1
3927	9
3928	4
3929	6
3930	2
3931	8
3932	5
3933	3
3934	5
3935	3
3936	8
3937	8
3938	9
3939	6
3940	6
3941	2
3942	9
3943	6
3944	10
3945	4
3946	4
3947	3
3948	2
3949	8
3950	5
3951	7
3952	9
3953	2
3954	7
3955	9
3956	7
3957	5
3958	11
3959	5
3960	6
3961	9
3962	9
3963	6
3964	4
3965	8
3966	6
3967	8
3968	11
3969	4
3970	6
3971	6
3972	7
3973	6
3974	7
3975	9
3976	6
3977	6
3978	5
3979	7
3980	6
3981	7
3982	3
3983	4
3984	2
3985	4
3986	6
3987	6
3988	4
3989	7
3990	2
3991	5
3992	8
3993	9
3994	8
3995	3
3996	3
3997	8
3998	9
3999	3
4000	3
4001	7
4002	9
4003	6
4004	6
4005	5
4006	5
4007	7
4008	5
4009	2
4010	2
4011	3
4012	8
4013	6
4014	2
4015	2
4016	9
4017	6
4018	13
4019	4
4020	5
4021	4
4022	6
4023	5
4024	3
4025	8
4026	6
4027	6
4028	1
4029	7
4030	5
4031	12
4032	3
4033	4
4034	3
4035	4
4036	4
4037	5
4038	7
4039	4
4040	9
4041	5
4042	8
4043	5
4044	4
4045	5
4046	4
4047	9
4048	7
4049	5
4050	8
4051	3
4052	8
4053	5
4054	3
4055	4
4056	8
4057	7
4058	6
4059	4
4060	2
4061	7
4062	7
4063	7
4064	6
4065	5
4066	6
4067	8
4068	9
4069	7
4070	7
4071	3
4072	8
4073	6
4074	4
4075	5
4076	6
4077	2
4078	4
4079	5
4080	7
4081	7
4082	6
4083	5
4084	4
4085	11
4086	5
4087	3
4088	7
4089	3
4090	8
4091	9
4092	4
4093	4
4094	6
4095	2
4096	5
4097	6
4098	7
4099	4
4100	3
4101	6
4102	6
4103	8
4104	7
4105	5
4106	6
4107	9
4108	3
4109	7
4110	7
4111	5
4112	4
4113	6
4114	1
4115	3
4116	5
4117	2
4118	2
4119	9
4120	5
4121	8
4122	8
4123	10
4124	5
4125	6
4126	2
4127	8
4128	10
4129	8
4130	4
4131	7
4132	4
4133	6
4134	9
4135	8
4136	3
4137	6
4138	6
4139	3
4140	5
4141	7
4142	6
4143	2
4144	6
4145	5
4146	1
4147	4
4148	11
4149	4
4150	6
4151	11
4152	5
4153	7
4154	4
4155	5
4156	10
4157	6
4158	6
4159	4
4160	5
4161	5
4162	3
4163	5
4164	4
4165	6
4166	7
4167	4
4168	6
4169	7
4170	5
4171	3
4172	3
4173	7
4174	7
4175	2
4176	3
4177	6
4178	2
4179	9
4180	2
4181	3
4182	7
4183	5
4184	5
4185	5
4186	5
4187	4
4188	5
4189	6
4190	7
4191	5
4192	2
4193	6
4194	2
4195	4
4196	3
4197	5
4198	2
4199	3
4200	10
4201	2
4202	3
4203	12
4204	3
4205	1
4206	4
4207	11
4208	4
4209	3
4210	6
4211	3
4212	3
4213	3
4214	2
4215	6
4216	5
4217	5
4218	5
4219	4
4220	6
4221	5
4222	2
4223	6
4224	6
4225	8
4226	6
4227	8
4228	7
4229	5
4230	2
4231	9
4232	6
4233	4
4234	5
4235	5
4236	4
4237	2
4238	5
4239	8
4240	3
4241	6
4242	4
4243	3
4244	4
4245	6
4246	2
4247	5
4248	4
4249	5
4250	8
4251	6
4252	2
4253	4
4254	6
4255	4
4256	3
4257	8
4258	9
4259	8
4260	3
4261	8
4262	5
4263	5
4264	3
4265	4
4266	5
4267	3
4268	2
4269	3
4270	5
4271	6
4272	3
4273	7
4274	6
4275	5
4276	8
4277	5
4278	5
4279	6
4280	3
4281	5
4282	8
4283	3
4284	4
4285	7
4286	3
4287	3
4288	3
4289	2
4290	5
4291	9
4292	3
4293	6
4294	5
4295	4
4296	7
4297	6
4298	5
4299	7
4300	6
4301	3
4302	6
4303	9
4304	6
4305	1
4306	6
4307	1
4308	7
4309	5
4310	5
4311	5
4312	5
4313	4
4314	6
4315	7
4316	2
4317	6
4318	7
4319	2
4320	6
4321	6
4322	7
4323	6
4324	5
4325	6
4326	6
4327	3
4328	4
4329	6
4330	5
4331	4
4332	8
4333	3
4334	13
4335	4
4336	4
4337	3
4338	5
4339	6
4340	3
4341	6
4342	4
4343	6
4344	1
4345	4
4346	7
4347	7
4348	5
4349	1
4350	6
4351	4
4352	6
4353	4
4354	7
4355	8
4356	7
4357	8
4358	3
4359	2
4360	8
4361	4
4362	2
4363	3
4364	4
4365	4
4366	2
4367	4
4368	14
4369	5
4370	6
4371	2
4372	4
4373	8
4374	6
4375	4
4376	5
4377	7
4378	3
4379	10
4380	5
4381	2
4382	4
4383	8
4384	5
4385	4
4386	7
4387	6
4388	6
4389	6
4390	4
4391	4
4392	7
4393	5
4394	4
4395	4
4396	0
4397	6
4398	4
4399	14
4400	4
4401	3
4402	3
4403	2
4404	1
4405	4
4406	6
4407	9
4408	8
4409	4
4410	4
4411	2
4412	7
4413	4
4414	8
4415	3
4416	4
4417	1
4418	5
4419	5
4420	8
4421	4
4422	7
4423	5
4424	7
4425	3
4426	3
4427	6
4428	1
4429	10
4430	2
4431	5
4432	8
4433	3
4434	2
4435	3
4436	4
4437	2
4438	4
4439	4
4440	5
4441	4
4442	0
4443	2
4444	1
4445	4
4446	4
4447	4
4448	7
4449	2
4450	5
4451	5
4452	3
4453	5
4454	6
4455	3
4456	4
4457	5
4458	5
4459	3
4460	2
4461	4
4462	2
4463	4
4464	6
4465	5
4466	3
4467	2
4468	5
4469	9
4470	6
4471	5
4472	8
4473	5
4474	4
4475	4
4476	2
4477	4
4478	9
4479	4
4480	3
4481	6
4482	4
4483	2
4484	3
4485	2
4486	9
4487	7
4488	5
4489	2
4490	8
4491	7
4492	5
4493	4
4494	3
4495	5
4496	5
4497	8
4498	2
4499	4
4500	6
4501	2
4502	5
4503	2
4504	3
4505	5
4506	5
4507	4
4508	5
4509	4
4510	8
4511	9
4512	1
4513	3
4514	3
4515	7
4516	6
4517	3
4518	8
4519	7
4520	1
4521	5
4522	5
4523	5
4524	3
4525	6
4526	5
4527	3
4528	8
4529	8
4530	10
4531	7
4532	6
4533	4
4534	4
4535	8
4536	3
4537	5
4538	4
4539	4
4540	3
4541	7
4542	9
4543	6
4544	6
4545	6
4546	5
4547	7
4548	8
4549	5
4550	3
4551	2
4552	5
4553	3
4554	1
4555	7
4556	5
4557	4
4558	2
4559	4
4560	6
4561	2
4562	2
4563	6
4564	3
4565	5
4566	5
4567	5
4568	4
4569	3
4570	2
4571	7
4572	3
4573	4
4574	5
4575	8
4576	2
4577	2
4578	5
4579	6
4580	4
4581	4
4582	6
4583	2
4584	8
4585	3
4586	2
4587	7
4588	5
4589	3
4590	7
4591	6
4592	10
4593	2
4594	4
4595	5
4596	1
4597	4
4598	5
4599	5
4600	6
4601	4
4602	3
4603	3
4604	6
4605	3
4606	3
4607	4
4608	8
4609	6
4610	2
4611	2
4612	3
4613	5
4614	2
4615	7
4616	6
4617	6
4618	7
4619	5
4620	5
4621	9
4622	1
4623	1
4624	2
4625	3
4626	7
4627	5
4628	4
4629	7
4630	4
4631	7
4632	6
4633	2
4634	6
4635	4
4636	5
4637	5
4638	4
4639	4
4640	4
4641	7
4642	2
4643	8
4644	5
4645	7
4646	2
4647	3
4648	4
4649	6
4650	2
4651	3
4652	3
4653	5
4654	1
4655	8
4656	3
4657	4
4658	6
4659	2
4660	5
4661	4
4662	3
4663	3
4664	5
4665	4
4666	3
4667	5
4668	3
4669	3
4670	5
4671	4
4672	5
4673	6
4674	3
4675	3
4676	6
4677	5
4678	4
4679	3
4680	5
4681	5
4682	2
4683	4
4684	4
4685	1
4686	3
4687	0
4688	1
4689	5
4690	5
4691	5
4692	5
4693	4
4694	9
4695	3
4696	7
4697	7
4698	1
4699	2
4700	3
4701	3
4702	7
4703	5
4704	3
4705	3
4706	5
4707	6
4708	2
4709	1
4710	3
4711	4
4712	4
4713	5
4714	6
4715	7
4716	5
4717	3
4718	8
4719	8
4720	3
4721	5
4722	3
4723	2
4724	4
4725	7
4726	6
4727	2
4728	4
4729	2
4730	0
4731	3
4732	2
4733	4
4734	6
4735	5
4736	5
4737	3
4738	2
4739	4
4740	3
4741	3
4742	7
4743	6
4744	3
4745	2
4746	2
4747	4
4748	2
4749	5
4750	5
4751	4
4752	1
4753	7
4754	3
4755	4
4756	2
4757	2
4758	4
4759	6
4760	5
4761	7
4762	5
4763	5
4764	6
4765	2
4766	8
4767	3
4768	7
4769	2
4770	6
4771	5
4772	3
4773	3
4774	6
4775	6
4776	2
4777	4
4778	5
4779	1
4780	6
4781	5
4782	2
4783	5
4784	2
4785	4
4786	6
4787	7
4788	7
4789	0
4790	4
4791	3
4792	4
4793	4
4794	5
4795	7
4796	3
4797	7
4798	1
4799	4
4800	10
4801	5
4802	2
4803	9
4804	10
4805	11
4806	4
4807	4
4808	8
4809	2
4810	7
4811	1
4812	6
4813	3
4814	2
4815	6
4816	5
4817	3
4818	3
4819	5
4820	2
4821	5
4822	4
4823	3
4824	3
4825	3
4826	6
4827	6
4828	8
4829	4
4830	2
4831	5
4832	4
4833	4
4834	6
4835	6
4836	6
4837	6
4838	4
4839	6
4840	8
4841	7
4842	4
4843	3
4844	2
4845	2
4846	9
4847	5
4848	4
4849	3
4850	10
4851	3
4852	6
4853	3
4854	8
4855	3
4856	8
4857	4
4858	8
4859	7
4860	6
4861	4
4862	2
4863	2
4864	3
4865	3
4866	7
4867	2
4868	3
4869	4
4870	5
4871	4
4872	4
4873	3
4874	5
4875	3
4876	1
4877	5
4878	5
4879	8
4880	2
4881	6
4882	4
4883	1
4884	3
4885	6
4886	1
4887	3
4888	4
4889	0
4890	3
4891	1
4892	2
4893	7
4894	4
4895	1
4896	5
4897	4
4898	1
4899	2
4900	8
4901	4
4902	8
4903	2
4904	5
4905	7
4906	5
4907	5
4908	8
4909	3
4910	2
4911	4
4912	2
4913	2
4914	3
4915	2
4916	3
4917	8
4918	5
4919	7
4920	2
4921	4
4922	9
4923	5
4924	9
4925	0
4926	3
4927	5
4928	5
4929	4
4930	6
4931	4
4932	5
4933	2
4934	7
4935	3
4936	1
4937	5
4938	0
4939	4
4940	1
4941	8
4942	3
4943	3
4944	7
4945	5
4946	6
4947	2
4948	6
4949	2
4950	4
4951	5
4952	1
4953	2
4954	5
4955	6
4956	4
4957	2
4958	4
4959	5
4960	5
4961	6
4962	3
4963	1
4964	5
4965	3
4966	1
4967	5
4968	5
4969	4
4970	6
4971	5
4972	5
4973	5
4974	6
4975	3
4976	6
4977	5
4978	2
4979	5
4980	6
4981	4
4982	3
4983	6
4984	5
4985	8
4986	3
4987	4
4988	2
4989	5
4990	4
4991	0
4992	3
4993	5
4994	5
4995	2
4996	4
4997	6
4998	0
4999	7
5000	5
5001	4
5002	4
5003	3
5004	2
5005	4
5006	4
5007	8
5008	6
5009	3
5010	2
5011	5
5012	8
5013	2
5014	6
5015	1
5016	2
5017	2
5018	3
5019	2
5020	5
5021	8
5022	1
5023	3
5024	6
5025	2
5026	4
5027	3
5028	3
5029	5
5030	7
5031	3
5032	9
5033	4
5034	3
5035	3
5036	4
5037	3
5038	4
5039	2
5040	4
5041	4
5042	0
5043	7
5044	8
5045	1
5046	5
5047	6
5048	1
5049	4
5050	2
5051	4
5052	2
5053	2
5054	3
5055	3
5056	4
5057	4
5058	3
5059	5
5060	3
5061	7
5062	2
5063	2
5064	3
5065	5
5066	4
5067	3
5068	6
5069	10
5070	4
5071	5
5072	2
5073	2
5074	4
5075	5
5076	2
5077	2
5078	4
5079	1
5080	5
5081	6
5082	2
5083	5
5084	2
5085	0
5086	4
5087	6
5088	5
5089	4
5090	7
5091	5
5092	3
5093	4
5094	4
5095	4
5096	2
5097	5
5098	5
5099	3
5100	2
5101	3
5102	3
5103	5
5104	6
5105	2
5106	6
5107	6
5108	2
5109	3
5110	5
5111	3
5112	7
5113	3
5114	4
5115	4
5116	4
5117	6
5118	6
5119	1
5120	5
5121	3
5122	3
5123	2
5124	6
5125	2
5126	5
5127	7
5128	2
5129	5
5130	7
5131	4
5132	2
5133	5
5134	2
5135	3
5136	4
5137	5
5138	2
5139	2
5140	6
5141	1
5142	6
5143	2
5144	2
5145	5
5146	2
5147	2
5148	4
5149	3
5150	7
5151	5
5152	3
5153	3
5154	3
5155	9
5156	6
5157	6
5158	3
5159	5
5160	3
5161	7
5162	2
5163	5
5164	7
5165	5
5166	4
5167	2
5168	3
5169	6
5170	2
5171	2
5172	4
5173	4
5174	6
5175	3
5176	1
5177	7
5178	4
5179	3
5180	4
5181	4
5182	4
5183	6
5184	3
5185	2
5186	2
5187	4
5188	8
5189	4
5190	3
5191	0
5192	6
5193	4
5194	6
5195	0
5196	7
5197	12
5198	2
5199	5
5200	3
5201	3
5202	4
5203	7
5204	6
5205	5
5206	4
5207	4
5208	4
5209	6
5210	3
5211	2
5212	4
5213	3
5214	3
5215	4
5216	2
5217	4
5218	4
5219	5
5220	4
5221	0
5222	2
5223	7
5224	4
5225	3
5226	8
5227	3
5228	3
5229	1
5230	3
5231	3
5232	2
5233	3
5234	5
5235	2
5236	5
5237	5
5238	2
5239	4
5240	3
5241	3
5242	2
5243	5
5244	5
5245	6
5246	6
5247	6
5248	4
5249	4
5250	3
5251	5
5252	2
5253	5
5254	5
5255	3
5256	2
5257	2
5258	3
5259	2
5260	1
5261	4
5262	1
5263	9
5264	3
5265	7
5266	4
5267	3
5268	4
5269	2
5270	7
5271	7
5272	7
5273	3
5274	3
5275	4
5276	2
5277	9
5278	3
5279	3
5280	3
5281	4
5282	4
5283	4
5284	0
5285	3
5286	1
5287	4
5288	7
5289	8
5290	3
5291	2
5292	5
5293	1
5294	2
5295	5
5296	6
5297	1
5298	4
5299	2
5300	5
5301	3
5302	6
5303	5
5304	3
5305	3
5306	11
5307	7
5308	8
5309	2
5310	3
5311	1
5312	3
5313	4
5314	0
5315	3
5316	3
5317	2
5318	5
5319	2
5320	4
5321	6
5322	5
5323	5
5324	5
5325	3
5326	3
5327	6
5328	4
5329	4
5330	3
5331	3
5332	3
5333	4
5334	1
5335	3
5336	7
5337	7
5338	3
5339	2
5340	3
5341	3
5342	5
5343	4
5344	1
5345	2
5346	3
5347	5
5348	5
5349	5
5350	3
5351	4
5352	2
5353	3
5354	3
5355	3
5356	4
5357	4
5358	4
5359	3
5360	4
5361	4
5362	6
5363	3
5364	4
5365	2
5366	1
5367	3
5368	3
5369	3
5370	6
5371	3
5372	3
5373	3
5374	4
5375	3
5376	3
5377	5
5378	3
5379	2
5380	2
5381	2
5382	4
5383	2
5384	2
5385	4
5386	2
5387	6
5388	3
5389	6
5390	2
5391	5
5392	4
5393	5
5394	3
5395	0
5396	4
5397	3
5398	3
5399	5
5400	7
5401	7
5402	4
5403	3
5404	4
5405	4
5406	4
5407	1
5408	6
5409	6
5410	4
5411	3
5412	4
5413	6
5414	4
5415	7
5416	3
5417	2
5418	4
5419	6
5420	7
5421	3
5422	4
5423	3
5424	5
5425	5
5426	8
5427	4
5428	4
5429	4
5430	5
5431	2
5432	3
5433	1
5434	4
5435	5
5436	2
5437	6
5438	5
5439	4
5440	3
5441	3
5442	1
5443	6
5444	2
5445	4
5446	3
5447	1
5448	4
5449	0
5450	3
5451	2
5452	4
5453	5
5454	6
5455	3
5456	4
5457	2
5458	4
5459	6
5460	3
5461	1
5462	4
5463	5
5464	5
5465	3
5466	6
5467	8
5468	5
5469	4
5470	2
5471	6
5472	4
5473	7
5474	2
5475	7
5476	8
5477	1
5478	5
5479	6
5480	4
5481	3
5482	0
5483	2
5484	5
5485	2
5486	7
5487	3
5488	6
5489	1
5490	1
5491	2
5492	6
5493	5
5494	1
5495	3
5496	5
5497	2
5498	6
5499	6
5500	3
5501	8
5502	1
5503	5
5504	1
5505	1
5506	9
5507	2
5508	0
5509	1
5510	3
5511	2
5512	7
5513	3
5514	2
5515	6
5516	5
5517	4
5518	2
5519	5
5520	2
5521	0
5522	6
5523	4
5524	5
5525	4
5526	4
5527	6
5528	1
5529	2
5530	2
5531	4
5532	2
5533	5
5534	5
5535	4
5536	4
5537	3
5538	4
5539	4
5540	2
5541	2
5542	4
5543	1
5544	1
5545	3
5546	1
5547	5
5548	1
5549	3
5550	4
5551	4
5552	4
5553	3
5554	4
5555	2
5556	3
5557	2
5558	2
5559	5
5560	8
5561	7
5562	3
5563	4
5564	3
5565	5
5566	6
5567	3
5568	6
5569	6
5570	2
5571	2
5572	4
5573	7
5574	9
5575	2
5576	2
5577	7
5578	6
5579	3
5580	4
5581	3
5582	2
5583	5
5584	6
5585	3
5586	2
5587	4
5588	1
5589	5
5590	1
5591	3
5592	0
5593	1
5594	5
5595	3
5596	3
5597	5
5598	3
5599	3
5600	3
5601	3
5602	4
5603	7
5604	5
5605	3
5606	4
5607	1
5608	4
5609	3
5610	2
5611	2
5612	1
5613	4
5614	5
5615	3
5616	6
5617	3
5618	5
5619	6
5620	3
5621	5
5622	1
5623	1
5624	2
5625	4
5626	4
5627	3
5628	5
5629	3
5630	4
5631	8
5632	4
5633	7
5634	5
5635	3
5636	1
5637	6
5638	3
5639	6
5640	3
5641	5
5642	0
5643	6
5644	2
5645	6
5646	5
5647	4
5648	2
5649	3
5650	1
5651	6
5652	3
5653	6
5654	2
5655	2
5656	4
5657	5
5658	4
5659	2
5660	2
5661	2
5662	2
5663	2
5664	3
5665	7
5666	2
5667	1
5668	4
5669	5
5670	2
5671	4
5672	2
5673	3
5674	3
5675	3
5676	3
5677	2
5678	3
5679	2
5680	7
5681	5
5682	1
5683	3
5684	4
5685	1
5686	6
5687	3
5688	6
5689	6
5690	4
5691	0
5692	1
5693	1
5694	4
5695	2
5696	4
5697	1
5698	4
5699	6
5700	6
5701	2
5702	4
5703	4
5704	0
5705	4
5706	3
5707	3
5708	3
5709	4
5710	3
5711	2
5712	5
5713	4
5714	5
5715	2
5716	5
5717	5
5718	6
5719	6
5720	3
5721	3
5722	2
5723	5
5724	3
5725	4
5726	3
5727	3
5728	3
5729	1
5730	5
5731	3
5732	8
5733	4
5734	3
5735	1
5736	7
5737	1
5738	2
5739	2
5740	3
5741	4
5742	5
5743	7
5744	3
5745	5
5746	3
5747	3
5748	5
5749	3
5750	5
5751	3
5752	3
5753	3
5754	6
5755	4
5756	1
5757	7
5758	2
5759	2
5760	1
5761	3
5762	6
5763	0
5764	5
5765	1
5766	3
5767	7
5768	1
5769	8
5770	1
5771	3
5772	3
5773	2
5774	5
5775	0
5776	4
5777	2
5778	1
5779	3
5780	3
5781	3
5782	5
5783	4
5784	3
5785	5
5786	4
5787	4
5788	1
5789	3
5790	1
5791	3
5792	3
5793	4
5794	4
5795	2
5796	5
5797	3
5798	4
5799	2
5800	0
5801	3
5802	2
5803	0
5804	1
5805	3
5806	4
5807	2
5808	2
5809	5
5810	2
5811	4
5812	2
5813	4
5814	5
5815	6
5816	3
5817	2
5818	1
5819	5
5820	4
5821	5
5822	5
5823	2
5824	3
5825	3
5826	7
5827	4
5828	3
5829	2
5830	0
5831	1
5832	5
5833	5
5834	6
5835	5
5836	3
5837	4
5838	5
5839	4
5840	1
5841	4
5842	7
5843	3
5844	4
5845	1
5846	3
5847	3
5848	4
5849	2
5850	0
5851	3
5852	4
5853	1
5854	3
5855	1
5856	1
5857	5
5858	3
5859	0
5860	2
5861	3
5862	2
5863	3
5864	6
5865	1
5866	7
5867	1
5868	3
5869	6
5870	4
5871	2
5872	0
5873	4
5874	2
5875	4
5876	3
5877	6
5878	0
5879	5
5880	1
5881	5
5882	4
5883	4
5884	3
5885	1
5886	4
5887	2
5888	4
5889	3
5890	2
5891	3
5892	4
5893	1
5894	1
5895	7
5896	5
5897	5
5898	5
5899	4
5900	3
5901	3
5902	3
5903	4
5904	4
5905	2
5906	1
5907	3
5908	4
5909	3
5910	5
5911	1
5912	1
5913	4
5914	6
5915	1
5916	5
5917	1
5918	3
5919	7
5920	3
5921	2
5922	1
5923	6
5924	1
5925	4
5926	4
5927	4
5928	5
5929	2
5930	3
5931	4
5932	3
5933	5
5934	2
5935	1
5936	1
5937	3
5938	8
5939	2
5940	2
5941	3
5942	3
5943	1
5944	5
5945	3
5946	5
5947	3
5948	8
5949	6
5950	6
5951	2
5952	2
5953	2
5954	3
5955	3
5956	3
5957	2
5958	2
5959	5
5960	5
5961	4
5962	0
5963	1
5964	7
5965	2
5966	4
5967	6
5968	9
5969	2
5970	2
5971	2
5972	5
5973	2
5974	2
5975	4
5976	5
5977	3
5978	2
5979	4
5980	4
5981	3
5982	3
5983	4
5984	5
5985	4
5986	1
5987	0
5988	3
5989	7
5990	4
5991	4
5992	3
5993	2
5994	3
5995	4
5996	5
5997	1
5998	3
5999	5
6000	5
6001	3
6002	6
6003	1
6004	3
6005	5
6006	2
6007	6
6008	2
6009	1
6010	4
6011	5
6012	3
6013	0
6014	3
6015	4
6016	4
6017	2
6018	4
6019	2
6020	1
6021	4
6022	2
6023	4
6024	0
6025	6
6026	4
6027	4
6028	4
6029	3
6030	3
6031	3
6032	2
6033	4
6034	3
6035	2
6036	3
6037	3
6038	0
6039	2
6040	7
6041	5
6042	4
6043	1
6044	4
6045	3
6046	1
6047	0
6048	1
6049	2
6050	2
6051	1
6052	1
6053	4
6054	0
6055	3
6056	3
6057	4
6058	1
6059	3
6060	6
6061	4
6062	2
6063	3
6064	2
6065	3
6066	3
6067	3
6068	2
6069	4
6070	4
6071	3
6072	5
6073	3
6074	3
6075	6
6076	3
6077	3
6078	0
6079	3
6080	3
6081	3
6082	3
6083	1
6084	2
6085	3
6086	3
6087	5
6088	2
6089	0
6090	4
6091	2
6092	4
6093	2
6094	1
6095	3
6096	0
6097	3
6098	2
6099	2
6100	5
6101	7
6102	1
6103	1
6104	0
6105	2
6106	0
6107	4
6108	2
6109	3
6110	4
6111	4
6112	3
6113	1
6114	5
6115	3
6116	1
6117	2
6118	5
6119	3
6120	1
6121	3
6122	2
6123	7
6124	3
6125	5
6126	4
6127	3
6128	4
6129	4
6130	3
6131	2
6132	2
6133	1
6134	5
6135	2
6136	2
6137	2
6138	1
6139	1
6140	3
6141	4
6142	1
6143	2
6144	6
6145	2
6146	4
6147	4
6148	7
6149	1
6150	0
6151	3
6152	0
6153	10
6154	1
6155	3
6156	2
6157	2
6158	0
6159	1
6160	2
6161	4
6162	3
6163	2
6164	4
6165	3
6166	3
6167	2
6168	5
6169	3
6170	1
6171	6
6172	3
6173	4
6174	1
6175	4
6176	2
6177	3
6178	2
6179	1
6180	5
6181	4
6182	0
6183	1
6184	2
6185	2
6186	3
6187	3
6188	2
6189	6
6190	3
6191	2
6192	1
6193	2
6194	5
6195	3
6196	2
6197	5
6198	5
6199	3
6200	5
6201	3
6202	5
6203	2
6204	2
6205	5
6206	2
6207	1
6208	3
6209	2
6210	5
6211	2
6212	2
6213	2
6214	2
6215	3
6216	5
6217	1
6218	2
6219	2
6220	3
6221	4
6222	4
6223	4
6224	0
6225	1
6226	1
6227	4
6228	2
6229	2
6230	3
6231	2
6232	4
6233	4
6234	0
6235	1
6236	6
6237	1
6238	2
6239	4
6240	3
6241	1
6242	3
6243	4
6244	5
6245	1
6246	6
6247	3
6248	7
6249	2
6250	1
6251	3
6252	3
6253	3
6254	3
6255	4
6256	5
6257	2
6258	4
6259	2
6260	3
6261	2
6262	2
6263	1
6264	1
6265	3
6266	1
6267	1
6268	7
6269	1
6270	4
6271	1
6272	2
6273	1
6274	4
6275	2
6276	3
6277	1
6278	2
6279	1
6280	1
6281	1
6282	2
6283	3
6284	3
6285	6
6286	3
6287	2
6288	5
6289	0
6290	5
6291	1
6292	1
6293	1
6294	5
6295	4
6296	3
6297	2
6298	5
6299	4
6300	1
6301	2
6302	5
6303	9
6304	1
6305	2
6306	3
6307	1
6308	2
6309	3
6310	3
6311	5
6312	1
6313	4
6314	1
6315	4
6316	3
6317	2
6318	4
6319	3
6320	2
6321	3
6322	2
6323	6
6324	3
6325	0
6326	1
6327	9
6328	3
6329	2
6330	3
6331	5
6332	3
6333	3
6334	5
6335	3
6336	6
6337	2
6338	2
6339	4
6340	1
6341	6
6342	5
6343	5
6344	1
6345	5
6346	3
6347	5
6348	3
6349	2
6350	5
6351	7
6352	2
6353	1
6354	5
6355	5
6356	4
6357	2
6358	1
6359	3
6360	2
6361	4
6362	0
6363	2
6364	4
6365	4
6366	2
6367	0
6368	0
6369	4
6370	4
6371	3
6372	3
6373	2
6374	2
6375	5
6376	4
6377	5
6378	4
6379	2
6380	2
6381	0
6382	3
6383	4
6384	1
6385	6
6386	0
6387	4
6388	2
6389	2
6390	1
6391	4
6392	4
6393	4
6394	2
6395	3
6396	3
6397	4
6398	5
6399	1
6400	1
6401	2
6402	3
6403	4
6404	1
6405	3
6406	3
6407	2
6408	3
6409	4
6410	1
6411	2
6412	0
6413	4
6414	2
6415	5
6416	0
6417	3
6418	5
6419	6
6420	2
6421	1
6422	1
6423	0
6424	0
6425	3
6426	3
6427	4
6428	4
6429	2
6430	6
6431	5
6432	4
6433	1
6434	1
6435	1
6436	4
6437	1
6438	5
6439	3
6440	0
6441	2
6442	5
6443	3
6444	6
6445	2
6446	1
6447	3
6448	2
6449	3
6450	4
6451	3
6452	2
6453	5
6454	7
6455	2
6456	3
6457	2
6458	3
6459	4
6460	4
6461	3
6462	3
6463	0
6464	3
6465	1
6466	7
6467	1
6468	3
6469	0
6470	2
6471	3
6472	2
6473	3
6474	1
6475	3
6476	1
6477	1
6478	3
6479	3
6480	3
6481	3
6482	2
6483	4
6484	5
6485	0
6486	2
6487	5
6488	3
6489	6
6490	3
6491	3
6492	2
6493	6
6494	3
6495	6
6496	1
6497	5
6498	4
6499	3
6500	6
6501	5
6502	4
6503	1
6504	3
6505	3
6506	3
6507	2
6508	3
6509	2
6510	1
6511	6
6512	0
6513	3
6514	5
6515	4
6516	4
6517	1
6518	1
6519	2
6520	4
6521	2
6522	1
6523	1
6524	3
6525	5
6526	1
6527	1
6528	2
6529	4
6530	3
6531	1
6532	5
6533	1
6534	5
6535	3
6536	3
6537	2
6538	3
6539	3
6540	4
6541	2
6542	1
6543	4
6544	4
6545	4
6546	3
6547	3
6548	1
6549	3
6550	4
6551	0
6552	1
6553	2
6554	2
6555	3
6556	1
6557	3
6558	3
6559	2
6560	1
6561	4
6562	0
6563	0
6564	1
6565	2
6566	2
6567	3
6568	5
6569	3
6570	1
6571	0
6572	0
6573	6
6574	3
6575	3
6576	3
6577	4
6578	4
6579	1
6580	1
6581	7
6582	0
6583	1
6584	4
6585	0
6586	3
6587	3
6588	3
6589	2
6590	2
6591	1
6592	1
6593	3
6594	1
6595	2
6596	3
6597	4
6598	2
6599	5
6600	5
6601	3
6602	6
6603	4
6604	5
6605	2
6606	6
6607	4
6608	2
6609	2
6610	4
6611	3
6612	8
6613	5
6614	4
6615	1
6616	2
6617	1
6618	1
6619	4
6620	1
6621	1
6622	1
6623	3
6624	4
6625	4
6626	1
6627	1
6628	0
6629	3
6630	0
6631	3
6632	3
6633	1
6634	2
6635	1
6636	4
6637	3
6638	2
6639	5
6640	1
6641	1
6642	2
6643	2
6644	2
6645	2
6646	1
6647	3
6648	2
6649	2
6650	1
6651	4
6652	5
6653	1
6654	6
6655	0
6656	5
6657	2
6658	3
6659	4
6660	4
6661	3
6662	3
6663	1
6664	4
6665	2
6666	4
6667	2
6668	1
6669	1
6670	3
6671	2
6672	2
6673	5
6674	2
6675	2
6676	1
6677	3
6678	2
6679	3
6680	2
6681	2
6682	2
6683	5
6684	3
6685	4
6686	0
6687	3
6688	3
6689	1
6690	2
6691	0
6692	1
6693	0
6694	0
6695	2
6696	3
6697	3
6698	1
6699	0
6700	4
6701	2
6702	4
6703	1
6704	2
6705	0
6706	1
6707	3
6708	3
6709	2
6710	1
6711	3
6712	1
6713	1
6714	4
6715	1
6716	1
6717	3
6718	1
6719	0
6720	1
6721	0
6722	2
6723	2
6724	2
6725	3
6726	2
6727	0
6728	1
6729	2
6730	2
6731	3
6732	0
6733	1
6734	4
6735	4
6736	2
6737	3
6738	1
6739	2
6740	2
6741	1
6742	2
6743	0
6744	3
6745	2
6746	1
6747	2
6748	1
6749	1
6750	0
6751	3
6752	1
6753	2
6754	1
6755	1
6756	0
6757	1
6758	3
6759	1
6760	3
6761	2
6762	1
6763	1
6764	2
6765	0
6766	4
6767	2
6768	1
6769	2
6770	4
6771	2
6772	1
6773	0
6774	0
6775	3
6776	0
6777	0
6778	0
6779	2
6780	3
6781	1
6782	0
6783	1
6784	1
6785	3
6786	1
6787	1
6788	2
6789	1
6790	3
6791	4
6792	0
6793	0
6794	0
6795	0
6796	0
6797	2
6798	1
6799	0
6800	2
6801	3
6802	0
6803	0
6804	3
6805	2
6806	0
6807	2
6808	0
6809	1
6810	0
6811	0
6812	0
6813	1
6814	4
6815	0
6816	3
6817	0
6818	4
6819	0
6820	0
6821	2
6822	0
6823	1
6824	2
6825	1
6826	1
6827	1
6828	0
6829	1
6830	0
6831	0
6832	1
6833	0
6834	3
6835	1
6836	1
6837	3
6838	3
6839	2
6840	1
6841	2
6842	0
6843	0
6844	2
6845	2
6846	0
6847	2
6848	1
6849	0
6850	1
6851	3
6852	0
6853	1
6854	2
6855	1
6856	2
6857	2
6858	1
6859	1
6860	2
6861	0
6862	4
6863	1
6864	0
6865	1
6866	0
6867	1
6868	0
6869	1
6870	1
6871	0
6872	1
6873	1
6874	3
6875	1
6876	0
6877	2
6878	3
6879	1
6880	1
6881	3
6882	2
6883	0
6884	1
6885	1
6886	0
6887	1
6888	0
6889	1
6890	0
6891	1
6892	2
6893	2
6894	0
6895	3
6896	2
6897	1
6898	1
6899	0
6900	3
6901	0
6902	1
6903	1
6904	1
6905	1
6906	1
6907	3
6908	0
6909	0
6910	0
6911	3
6912	0
6913	2
6914	0
6915	0
6916	0
6917	0
6918	0
6919	0
6920	1
6921	0
6922	0
6923	2
6924	1
6925	0
6926	1
6927	1
6928	1
6929	3
6930	1
6931	1
6932	1
6933	1
6934	1
6935	1
6936	2
6937	0
6938	0
6939	1
6940	1
6941	2
6942	1
6943	1
6944	0
6945	2
6946	2
6947	0
6948	2
6949	0
6950	1
6951	0
6952	1
6953	1
6954	0
6955	1
6956	0
6957	0
6958	0
6959	0
6960	0
6961	1
6962	0
6963	0
6964	0
6965	0
6966	0
6967	1
6968	2
6969	1
6970	1
6971	0
6972	0
6973	1
6974	0
6975	0
6976	1
6977	3
6978	0
6979	0
6980	0
6981	1
6982	1
6983	1
6984	0
6985	1
6986	0
6987	1
6988	1
6989	2
6990	0
6991	1
6992	1
6993	2
6994	3
6995	4
6996	1
6997	1
6998	0
6999	0
7000	0
7001	2
7002	0
7003	0
7004	0
7005	2
7006	0
7007	1
7008	0
7009	0
7010	0
7011	2
7012	0
7013	0
7014	0
7015	1
7016	0
7017	1
7018	1
7019	0
7020	2
7021	2
7022	1
7023	1
7024	0
7025	2
7026	1
7027	2
7028	0
7029	0
7030	1
7031	1
7032	0
7033	0
7034	3
7035	1
7036	1
7037	1
7038	0
7039	1
7040	1
7041	0
7042	2
7043	1
7044	1
7045	0
7046	1
7047	1
7048	0
7049	0
7050	1
7051	0
7052	0
7053	2
7054	2
7055	0
7056	1
7057	0
7058	0
7059	0
7060	0
7061	0
7062	1
7063	0
7064	1
7065	1
7066	1
7067	0
7068	1
7069	0
7070	1
7071	1
7072	0
7073	0
7074	0
7075	1
7076	0
7077	1
7078	0
7079	0
7080	0
7081	0
7082	1
7083	0
7084	0
7085	1
7086	1
7087	1
7088	0
7089	2
7090	2
7091	1
7092	1
7093	0
7094	0
7095	0
7096	0
7097	1
7098	0
7099	1
7100	0
7101	2
7102	1
7103	0
7104	0
7105	1
7106	1
7107	2
7108	2
7109	1
7110	0
7111	0
7112	1
7113	1
7114	1
7115	1
7116	0
7117	2
7118	0
7119	0
7120	0
7121	0
7122	0
7123	1
7124	0
7125	0
7126	0
7127	0
7128	0
7129	0
7130	2
7131	1
7132	0
7133	0
7134	1
7135	0
7136	1
7137	0
7138	3
7139	1
7140	0
7141	0
7142	0
7143	3
7144	0
7145	0
7146	0
7147	0
7148	3
7149	1
7150	0
7151	1
7152	0
7153	2
7154	0
7155	1
7156	1
7157	1
7158	3
7159	1
7160	0
7161	0
7162	0
7163	0
7164	1
7165	1
7166	0
7167	0
7168	1
7169	1
7170	0
7171	0
7172	0
7173	0
7174	0
7175	0
7176	1
7177	0
7178	1
7179	1
7180	0
7181	0
7182	0
7183	1
7184	1
7185	0
7186	3
7187	1
7188	1
7189	0
7190	1
7191	1
7192	0
7193	1
7194	1
7195	0
7196	0
7197	3
7198	0
7199	0
7200	0
7201	2
7202	0
7203	1
7204	0
7205	0
7206	0
7207	0
7208	0
7209	1
7210	1
7211	1
7212	1
7213	0
7214	0
7215	2
7216	1
7217	0
7218	1
7219	0
7220	0
7221	0
7222	0
7223	0
7224	1
7225	0
7226	0
7227	0
7228	0
7229	0
7230	3
7231	0
7232	1
7233	0
7234	0
7235	1
7236	0
7237	1
7238	2
7239	0
7240	0
7241	0
7242	0
7243	1
7244	0
7245	0
7246	0
7247	1
7248	1
7249	0
7250	0
7251	0
7252	1
7253	1
7254	1
7255	0
7256	1
7257	0
7258	1
7259	3
7260	1
7261	0
7262	1
7263	1
7264	0
7265	0
7266	0
7267	0
7268	0
7269	1
7270	1
7271	0
7272	1
7273	0
7274	1
7275	0
7276	0
7277	0
7278	0
7279	0
7280	1
7281	1
7282	1
7283	0
7284	0
7285	1
7286	0
7287	0
7288	1
7289	2
7290	0
7291	0
7292	0
7293	0
7294	0
7295	1
7296	0
7297	0
7298	0
7299	0
7300	0
7301	1
7302	4
7303	1
7304	1
7305	1
7306	2
7307	2
7308	0
7309	1
7310	1
7311	0
7312	0
7313	1
7314	1
7315	1
7316	0
7317	0
7318	0
7319	0
7320	0
7321	0
7322	1
7323	0
7324	2
7325	1
7326	0
7327	1
7328	1
7329	0
7330	0
7331	1
7332	0
7333	0
7334	2
7335	0
7336	4
7337	0
7338	1
7339	0
7340	0
7341	1
7342	0
7343	0
7344	0
7345	0
7346	3
7347	0
7348	0
7349	1
7350	0
7351	0
7352	0
7353	0
7354	0
7355	0
7356	1
7357	0
7358	0
7359	0
7360	0
7361	0
7362	1
7363	1
7364	4
7365	2
7366	0
7367	0
7368	0
7369	0
7370	1
7371	0
7372	0
7373	1
7374	0
7375	1
7376	1
7377	0
7378	1
7379	0
7380	1
7381	1
7382	0
7383	2
7384	0
7385	0
7386	1
7387	0
7388	0
7389	0
7390	1
7391	2
7392	1
7393	1
7394	1
7395	0
7396	1
7397	0
7398	1
7399	0
7400	0
7401	2
7402	1
7403	1
7404	0
7405	0
7406	1
7407	2
7408	0
7409	1
7410	0
7411	1
7412	1
7413	2
7414	1
7415	1
7416	0
7417	2
7418	2
7419	0
7420	0
7421	1
7422	0
7423	0
7424	1
7425	1
7426	2
7427	1
7428	1
7429	0
7430	0
7431	1
7432	0
7433	1
7434	0
7435	1
7436	1
7437	0
7438	1
7439	0
7440	1
7441	0
7442	0
7443	0
7444	0
7445	1
7446	0
7447	0
7448	0
7449	0
7450	0
7451	2
7452	0
7453	4
7454	2
7455	0
7456	1
7457	0
7458	0
7459	1
7460	0
7461	0
7462	1
7463	1
7464	0
7465	0
7466	2
7467	0
7468	0
7469	0
7470	0
7471	0
7472	0
7473	1
7474	1
7475	2
7476	0
7477	0
7478	0
7479	1
7480	0
7481	1
7482	0
7483	1
7484	1
7485	0
7486	1
7487	0
7488	1
7489	0
7490	1
7491	1
7492	0
7493	1
7494	3
7495	2
7496	2
7497	0
7498	0
7499	1
7500	1
7501	1
7502	0
7503	1
7504	1
7505	2
7506	0
7507	0
7508	0
7509	0
7510	0
7511	1
7512	0
7513	0
7514	0
7515	0
7516	1
7517	0
7518	0
7519	2
7520	0
7521	2
7522	0
7523	0
7524	0
7525	0
7526	0
7527	0
7528	0
7529	0
7530	0
7531	2
7532	0
7533	1
7534	1
7535	0
7536	0
7537	2
7538	1
7539	1
7540	1
7541	1
7542	0
7543	0
7544	0
7545	1
7546	1
7547	1
7548	0
7549	0
7550	1
7551	1
7552	0
7553	2
7554	0
7555	1
7556	0
7557	2
7558	0
7559	0
7560	1
7561	0
7562	0
7563	0
7564	0
7565	0
7566	0
7567	2
7568	1
7569	1
7570	0
7571	0
7572	0
7573	0
7574	1
7575	1
7576	1
7577	0
7578	1
7579	1
7580	0
7581	0
7582	0
7583	1
7584	0
7585	1
7586	3
7587	1
7588	1
7589	0
7590	0
7591	0
7592	2
7593	1
7594	1
7595	0
7596	0
7597	1
7598	0
7599	1
7600	0
7601	1
7602	1
7603	2
7604	3
7605	1
7606	1
7607	0
7608	0
7609	0
7610	0
7611	0
7612	2
7613	0
7614	1
7615	1
7616	0
7617	0
7618	0
7619	1
7620	0
7621	0
7622	1
7623	1
7624	0
7625	1
7626	0
7627	0
7628	0
7629	1
7630	0
7631	1
7632	0
7633	1
7634	0
7635	0
7636	0
7637	1
7638	2
7639	1
7640	2
7641	1
7642	0
7643	0
7644	1
7645	0
7646	1
7647	0
7648	1
7649	0
7650	0
7651	1
7652	2
7653	0
7654	2
7655	0
7656	0
7657	2
7658	0
7659	1
7660	0
7661	0
7662	0
7663	1
7664	0
7665	1
7666	0
7667	1
7668	2
7669	0
7670	3
7671	0
7672	0
7673	0
7674	1
7675	1
7676	2
7677	0
7678	0
7679	1
7680	1
7681	0
7682	0
7683	2
7684	0
7685	1
7686	1
7687	1
7688	2
7689	1
7690	1
7691	1
7692	1
7693	0
7694	0
7695	1
7696	0
7697	3
7698	1
7699	0
7700	0
7701	0
7702	1
7703	1
7704	0
7705	2
7706	0
7707	1
7708	0
7709	0
7710	0
7711	1
7712	1
7713	1
7714	3
7715	0
7716	2
7717	0
7718	0
7719	0
7720	0
7721	0
7722	0
7723	2
7724	0
7725	0
7726	0
7727	0
7728	0
7729	0
7730	0
7731	0
7732	0
7733	0
7734	0
7735	0
7736	0
7737	1
7738	0
7739	0
7740	1
7741	3
7742	0
7743	0
7744	0
7745	0
7746	0
7747	0
7748	0
7749	0
7750	0
7751	2
7752	0
7753	0
7754	1
7755	0
7756	1
7757	1
7758	1
7759	0
7760	0
7761	1
7762	0
7763	1
7764	0
7765	0
7766	0
7767	0
7768	1
7769	0
7770	1
7771	0
7772	0
7773	1
7774	0
7775	0
7776	0
7777	0
7778	0
7779	0
7780	0
7781	0
7782	0
7783	1
7784	0
7785	1
7786	1
7787	0
7788	0
7789	0
7790	0
7791	1
7792	0
7793	1
7794	0
7795	2
7796	0
7797	0
7798	1
7799	1
7800	0
7801	0
7802	1
7803	0
7804	2
7805	0
7806	2
7807	0
7808	0
7809	0
7810	1
7811	0
7812	0
7813	0
7814	2
7815	0
7816	0
7817	0
7818	2
7819	0
7820	1
7821	2
7822	1
7823	1
7824	2
7825	0
7826	0
7827	2
7828	0
7829	1
7830	1
7831	1
7832	2
7833	1
7834	0
7835	2
7836	1
7837	0
7838	0
7839	1
7840	0
7841	0
7842	1
7843	0
7844	1
7845	0
7846	1
7847	1
7848	0
7849	0
7850	0
7851	1
7852	0
7853	0
7854	0
7855	0
7856	0
7857	0
7858	1
7859	0
7860	1
7861	1
7862	1
7863	1
7864	0
7865	0
7866	0
7867	1
7868	0
7869	0
7870	2
7871	0
7872	0
7873	1
7874	0
7875	0
7876	0
7877	0
7878	0
7879	1
7880	0
7881	1
7882	0
7883	0
7884	3
7885	0
7886	0
7887	0
7888	0
7889	1
7890	1
7891	0
7892	2
7893	1
7894	1
7895	0
7896	1
7897	1
7898	0
7899	0
7900	0
7901	0
7902	0
7903	0
7904	0
7905	0
7906	0
7907	0
7908	1
7909	0
7910	1
7911	0
7912	0
7913	1
7914	1
7915	1
7916	0
7917	0
7918	1
7919	0
7920	0
7921	0
7922	2
7923	0
7924	1
7925	1
7926	0
7927	0
7928	0
7929	1
7930	0
7931	1
7932	0
7933	0
7934	0
7935	2
7936	0
7937	0
7938	3
7939	0
7940	1
7941	0
7942	0
7943	0
7944	0
7945	0
7946	0
7947	1
7948	0
7949	1
7950	0
7951	2
7952	3
7953	0
7954	0
7955	1
7956	1
7957	0
7958	0
7959	0
7960	0
7961	0
7962	0
7963	0
7964	0
7965	0
7966	0
7967	1
7968	1
7969	1
7970	0
7971	2
7972	0
7973	1
7974	1
7975	1
7976	1
7977	0
7978	1
7979	0
7980	0
7981	1
7982	1
7983	0
7984	0
7985	0
7986	1
7987	2
7988	0
7989	0
7990	0
7991	1
7992	0
7993	0
7994	1
7995	0
7996	0
7997	0
7998	0
7999	1
8000	1
8001	0
8002	0
8003	0
8004	1
8005	0
8006	1
8007	1
8008	0
8009	0
8010	1
8011	0
8012	0
8013	0
8014	0
8015	0
8016	0
8017	0
8018	0
8019	0
8020	0
8021	0
8022	1
8023	1
8024	0
8025	0
8026	1
8027	2
8028	1
8029	0
8030	0
8031	0
8032	0
8033	0
8034	2
8035	0
8036	2
8037	0
8038	1
8039	0
8040	1
8041	0
8042	0
8043	0
8044	0
8045	0
8046	0
8047	0
8048	0
8049	0
8050	0
8051	0
8052	1
8053	0
8054	0
8055	1
8056	0
8057	0
8058	0
8059	0
8060	1
8061	1
8062	1
8063	0
8064	1
8065	0
8066	0
8067	0
8068	0
8069	2
8070	0
8071	1
8072	0
8073	0
8074	0
8075	0
8076	1
8077	0
8078	0
8079	0
8080	0
8081	1
8082	0
8083	0
8084	0
8085	0
8086	0
8087	0
8088	0
8089	0
8090	0
8091	0
8092	0
8093	0
8094	0
8095	0
8096	0
8097	0
8098	0
8099	0
8100	0
8101	0
8102	0
8103	0
8104	0
8105	0
8106	0
8107	0
8108	0
8109	0
8110	0
8111	0
8112	0
8113	0
8114	0
8115	0
8116	0
8117	0
8118	0
8119	0
8120	0
8121	0
8122	0
8123	0
8124	0
8125	0
8126	0
8127	0
8128	0
8129	0
8130	0
8131	0
8132	0
8133	0
8134	0
8135	0
8136	0
8137	0
8138	0
8139	0
8140	0
8141	0
8142	0
8143	0
8144	0
8145	0
8146	0
8147	0
8148	0
8149	0
8150	0
8151	0
8152	0
8153	0
8154	0
8155	0
8156	0
8157	0
8158	0
8159	0
8160	0
8161	0
8162	0
8163	0
8164	0
8165	0
8166	0
8167	0
8168	0
8169	0
8170	0
8171	0
8172	0
8173	0
8174	0
8175	0
8176	0
8177	0
8178	0
8179	0
8180	0
8181	0
8182	0
8183	0
8184	0
8185	0
8186	0
8187	0
8188	0
8189	0
8190	0
8191	0
