0	0
1	0
2	0
3	0
4	0
5	0
6	0
7	0
8	0
9	0
10	0
11	0
12	0
13	0
14	0
15	0
16	0
17	0
18	0
19	0
20	0
21	0
22	0
23	0
24	0
25	0
26	0
27	0
28	0
29	0
30	0
31	0
32	0
33	0
34	0
35	0
36	0
37	0
38	0
39	0
40	0
41	0
42	0
43	0
44	0
45	0
46	0
47	0
48	0
49	0
50	0
51	0
52	0
53	0
54	0
55	0
56	0
57	0
58	0
59	0
60	0
61	0
62	0
63	0
64	0
65	0
66	0
67	0
68	0
69	0
70	0
71	0
72	0
73	0
74	0
75	0
76	0
77	0
78	0
79	0
80	0
81	0
82	1
83	0
84	3
85	3
86	6
87	12
88	10
89	7
90	16
91	9
92	7
93	12
94	12
95	17
96	14
97	8
98	9
99	4
100	12
101	10
102	7
103	9
104	6
105	12
106	7
107	10
108	9
109	8
110	5
111	9
112	6
113	6
114	8
115	7
116	8
117	7
118	5
119	12
120	9
121	5
122	6
123	5
124	5
125	9
126	8
127	7
128	9
129	5
130	10
131	6
132	4
133	5
134	7
135	5
136	13
137	6
138	7
139	7
140	5
141	6
142	10
143	10
144	5
145	10
146	10
147	8
148	6
149	7
150	1
151	5
152	7
153	5
154	11
155	5
156	10
157	3
158	10
159	4
160	9
161	4
162	9
163	8
164	6
165	4
166	11
167	4
168	6
169	5
170	8
171	3
172	4
173	7
174	11
175	2
176	8
177	8
178	5
179	5
180	8
181	11
182	4
183	7
184	3
185	3
186	4
187	11
188	5
189	3
190	7
191	4
192	8
193	5
194	5
195	13
196	5
197	9
198	6
199	5
200	7
201	3
202	8
203	9
204	8
205	7
206	11
207	7
208	7
209	9
210	9
211	6
212	7
213	6
214	6
215	3
216	10
217	9
218	3
219	12
220	5
221	8
222	4
223	5
224	9
225	5
226	7
227	9
228	5
229	6
230	5
231	8
232	9
233	8
234	6
235	11
236	10
237	5
238	6
239	10
240	5
241	0
242	10
243	5
244	7
245	7
246	7
247	12
248	5
249	7
250	8
251	4
252	8
253	8
254	3
255	9
256	7
257	11
258	3
259	9
260	6
261	8
262	6
263	11
264	3
265	8
266	9
267	10
268	6
269	8
270	11
271	3
272	9
273	7
274	10
275	5
276	8
277	9
278	5
279	7
280	10
281	1
282	13
283	6
284	9
285	6
286	4
287	16
288	10
289	12
290	7
291	10
292	9
293	4
294	10
295	9
296	6
297	8
298	9
299	5
300	7
301	4
302	9
303	4
304	7
305	3
306	8
307	7
308	3
309	7
310	9
311	11
312	6
313	5
314	10
315	7
316	7
317	4
318	3
319	10
320	9
321	8
322	7
323	6
324	15
325	6
326	4
327	6
328	16
329	12
330	6
331	13
332	7
333	9
334	13
335	6
336	10
337	10
338	10
339	9
340	10
341	5
342	6
343	8
344	11
345	6
346	4
347	7
348	10
349	6
350	7
351	8
352	10
353	6
354	17
355	9
356	9
357	6
358	11
359	9
360	3
361	6
362	11
363	5
364	10
365	3
366	8
367	6
368	10
369	5
370	8
371	12
372	5
373	9
374	6
375	8
376	6
377	9
378	11
379	11
380	7
381	6
382	7
383	11
384	7
385	7
386	12
387	6
388	8
389	12
390	8
391	3
392	11
393	12
394	4
395	5
396	6
397	10
398	4
399	9
400	12
401	7
402	7
403	9
404	13
405	8
406	4
407	6
408	11
409	6
410	4
411	13
412	6
413	6
414	6
415	5
416	9
417	9
418	12
419	6
420	5
421	4
422	8
423	12
424	9
425	8
426	10
427	6
428	7
429	9
430	4
431	11
432	13
433	8
434	4
435	8
436	10
437	5
438	9
439	10
440	9
441	8
442	8
443	13
444	8
445	13
446	11
447	9
448	8
449	9
450	9
451	10
452	12
453	8
454	6
455	5
456	5
457	8
458	10
459	8
460	15
461	9
462	6
463	6
464	7
465	9
466	8
467	11
468	11
469	11
470	11
471	5
472	6
473	7
474	8
475	9
476	7
477	8
478	10
479	11
480	5
481	12
482	8
483	5
484	7
485	9
486	9
487	6
488	8
489	9
490	13
491	10
492	9
493	7
494	9
495	10
496	7
497	3
498	7
499	8
500	7
501	9
502	10
503	5
504	10
505	12
506	8
507	7
508	12
509	9
510	12
511	12
512	8
513	9
514	13
515	9
516	10
517	13
518	4
519	8
520	9
521	11
522	8
523	7
524	8
525	10
526	4
527	17
528	11
529	8
530	10
531	4
532	10
533	8
534	9
535	9
536	4
537	4
538	12
539	5
540	4
541	12
542	11
543	10
544	11
545	9
546	8
547	4
548	5
549	8
550	5
551	8
552	11
553	9
554	3
555	10
556	13
557	8
558	7
559	9
560	7
561	10
562	7
563	5
564	8
565	7
566	8
567	5
568	12
569	5
570	18
571	5
572	9
573	8
574	9
575	11
576	8
577	14
578	13
579	6
580	5
581	9
582	5
583	7
584	9
585	5
586	12
587	12
588	4
589	14
590	17
591	9
592	7
593	6
594	11
595	9
596	8
597	9
598	10
599	12
600	6
601	8
602	12
603	8
604	12
605	9
606	11
607	7
608	16
609	6
610	2
611	7
612	10
613	10
614	8
615	7
616	6
617	15
618	6
619	9
620	5
621	9
622	11
623	14
624	12
625	12
626	14
627	10
628	8
629	2
630	14
631	9
632	4
633	11
634	14
635	12
636	9
637	10
638	11
639	11
640	6
641	7
642	12
643	6
644	12
645	9
646	9
647	8
648	9
649	10
650	11
651	14
652	10
653	8
654	14
655	6
656	12
657	6
658	7
659	13
660	10
661	12
662	15
663	12
664	9
665	10
666	11
667	9
668	9
669	11
670	14
671	15
672	9
673	11
674	9
675	4
676	14
677	13
678	12
679	12
680	9
681	9
682	12
683	6
684	8
685	5
686	10
687	10
688	10
689	8
690	9
691	14
692	11
693	9
694	8
695	9
696	17
697	19
698	12
699	9
700	7
701	9
702	10
703	10
704	11
705	14
706	7
707	13
708	9
709	11
710	7
711	19
712	9
713	14
714	16
715	9
716	17
717	13
718	14
719	14
720	11
721	11
722	4
723	12
724	9
725	14
726	8
727	12
728	11
729	16
730	12
731	12
732	4
733	15
734	13
735	17
736	6
737	18
738	7
739	27
740	4
741	15
742	22
743	12
744	13
745	14
746	10
747	10
748	12
749	9
750	7
751	20
752	14
753	16
754	19
755	13
756	12
757	12
758	6
759	14
760	8
761	18
762	15
763	16
764	12
765	17
766	8
767	14
768	13
769	9
770	14
771	13
772	12
773	16
774	15
775	16
776	18
777	14
778	17
779	14
780	16
781	10
782	19
783	13
784	14
785	16
786	14
787	15
788	13
789	17
790	19
791	11
792	12
793	15
794	12
795	10
796	18
797	11
798	17
799	17
800	17
801	18
802	14
803	21
804	23
805	15
806	16
807	17
808	24
809	25
810	21
811	14
812	10
813	19
814	12
815	18
816	20
817	25
818	16
819	14
820	10
821	16
822	30
823	24
824	20
825	13
826	20
827	16
828	14
829	19
830	23
831	21
832	26
833	12
834	26
835	23
836	18
837	13
838	19
839	21
840	13
841	23
842	23
843	19
844	18
845	14
846	21
847	16
848	19
849	12
850	10
851	14
852	16
853	8
854	16
855	22
856	12
857	17
858	16
859	19
860	14
861	27
862	22
863	20
864	18
865	19
866	11
867	11
868	13
869	20
870	16
871	12
872	12
873	21
874	11
875	17
876	23
877	23
878	26
879	18
880	15
881	16
882	24
883	16
884	15
885	23
886	18
887	25
888	22
889	18
890	23
891	13
892	8
893	16
894	16
895	18
896	21
897	14
898	13
899	17
900	11
901	23
902	23
903	19
904	16
905	21
906	12
907	21
908	17
909	21
910	11
911	26
912	16
913	9
914	11
915	17
916	16
917	10
918	16
919	20
920	14
921	13
922	11
923	11
924	13
925	20
926	16
927	18
928	10
929	9
930	11
931	15
932	10
933	18
934	18
935	17
936	15
937	12
938	13
939	11
940	10
941	13
942	17
943	7
944	20
945	16
946	22
947	9
948	20
949	10
950	10
951	10
952	19
953	12
954	11
955	17
956	12
957	22
958	17
959	18
960	19
961	17
962	15
963	17
964	19
965	12
966	12
967	5
968	17
969	16
970	11
971	17
972	14
973	22
974	13
975	16
976	19
977	11
978	17
979	8
980	16
981	7
982	20
983	24
984	24
985	15
986	14
987	17
988	19
989	18
990	16
991	17
992	21
993	20
994	14
995	14
996	9
997	20
998	15
999	15
1000	16
1001	19
1002	19
1003	7
1004	15
1005	16
1006	10
1007	14
1008	8
1009	12
1010	17
1011	17
1012	10
1013	14
1014	19
1015	8
1016	9
1017	15
1018	17
1019	16
1020	6
1021	16
1022	16
1023	4
1024	15
1025	9
1026	12
1027	16
1028	15
1029	18
1030	19
1031	14
1032	9
1033	18
1034	21
1035	12
1036	10
1037	13
1038	11
1039	9
1040	18
1041	10
1042	16
1043	11
1044	11
1045	16
1046	12
1047	6
1048	11
1049	15
1050	17
1051	16
1052	15
1053	11
1054	16
1055	9
1056	14
1057	13
1058	15
1059	17
1060	14
1061	16
1062	13
1063	12
1064	8
1065	8
1066	16
1067	15
1068	7
1069	12
1070	13
1071	12
1072	16
1073	18
1074	15
1075	13
1076	13
1077	11
1078	13
1079	17
1080	10
1081	17
1082	17
1083	15
1084	7
1085	10
1086	16
1087	13
1088	12
1089	9
1090	13
1091	11
1092	7
1093	7
1094	10
1095	10
1096	13
1097	14
1098	15
1099	16
1100	12
1101	10
1102	11
1103	13
1104	7
1105	10
1106	19
1107	15
1108	13
1109	11
1110	15
1111	6
1112	14
1113	14
1114	17
1115	9
1116	20
1117	17
1118	9
1119	14
1120	17
1121	17
1122	9
1123	11
1124	9
1125	17
1126	13
1127	17
1128	15
1129	14
1130	15
1131	13
1132	16
1133	14
1134	15
1135	8
1136	14
1137	14
1138	18
1139	16
1140	14
1141	15
1142	8
1143	12
1144	6
1145	15
1146	16
1147	13
1148	15
1149	11
1150	11
1151	13
1152	16
1153	6
1154	9
1155	15
1156	11
1157	10
1158	13
1159	22
1160	9
1161	11
1162	12
1163	16
1164	16
1165	12
1166	17
1167	25
1168	10
1169	16
1170	12
1171	10
1172	22
1173	10
1174	19
1175	14
1176	14
1177	11
1178	11
1179	11
1180	18
1181	10
1182	13
1183	11
1184	17
1185	5
1186	22
1187	10
1188	14
1189	12
1190	13
1191	10
1192	12
1193	15
1194	15
1195	13
1196	13
1197	7
1198	14
1199	15
1200	16
1201	14
1202	9
1203	12
1204	19
1205	13
1206	15
1207	15
1208	8
1209	14
1210	15
1211	16
1212	15
1213	16
1214	10
1215	26
1216	10
1217	11
1218	11
1219	17
1220	13
1221	15
1222	12
1223	15
1224	10
1225	11
1226	18
1227	15
1228	14
1229	24
1230	14
1231	16
1232	14
1233	9
1234	22
1235	11
1236	19
1237	15
1238	12
1239	11
1240	17
1241	24
1242	11
1243	24
1244	8
1245	24
1246	14
1247	16
1248	10
1249	14
1250	13
1251	13
1252	15
1253	16
1254	16
1255	13
1256	12
1257	12
1258	10
1259	9
1260	20
1261	15
1262	23
1263	9
1264	14
1265	12
1266	18
1267	19
1268	10
1269	16
1270	9
1271	24
1272	15
1273	12
1274	13
1275	16
1276	18
1277	20
1278	14
1279	13
1280	12
1281	12
1282	18
1283	12
1284	15
1285	12
1286	17
1287	18
1288	10
1289	18
1290	15
1291	15
1292	13
1293	19
1294	14
1295	19
1296	16
1297	15
1298	14
1299	15
1300	24
1301	18
1302	17
1303	15
1304	18
1305	16
1306	10
1307	19
1308	17
1309	12
1310	15
1311	10
1312	16
1313	10
1314	14
1315	15
1316	20
1317	23
1318	11
1319	19
1320	15
1321	15
1322	8
1323	19
1324	13
1325	16
1326	11
1327	11
1328	19
1329	19
1330	20
1331	17
1332	16
1333	22
1334	17
1335	17
1336	12
1337	15
1338	17
1339	16
1340	23
1341	21
1342	13
1343	16
1344	18
1345	23
1346	14
1347	11
1348	16
1349	19
1350	13
1351	14
1352	21
1353	9
1354	17
1355	16
1356	24
1357	16
1358	14
1359	27
1360	16
1361	16
1362	12
1363	19
1364	8
1365	9
1366	21
1367	20
1368	19
1369	16
1370	27
1371	17
1372	21
1373	19
1374	12
1375	18
1376	14
1377	19
1378	18
1379	23
1380	22
1381	16
1382	12
1383	16
1384	13
1385	21
1386	16
1387	19
1388	16
1389	15
1390	15
1391	16
1392	21
1393	14
1394	19
1395	21
1396	12
1397	14
1398	10
1399	15
1400	27
1401	19
1402	23
1403	19
1404	12
1405	12
1406	13
1407	23
1408	13
1409	24
1410	19
1411	16
1412	27
1413	19
1414	18
1415	24
1416	16
1417	11
1418	17
1419	19
1420	19
1421	20
1422	12
1423	22
1424	15
1425	16
1426	28
1427	15
1428	18
1429	18
1430	21
1431	16
1432	20
1433	18
1434	17
1435	9
1436	17
1437	16
1438	22
1439	13
1440	16
1441	19
1442	16
1443	20
1444	17
1445	29
1446	20
1447	16
1448	14
1449	23
1450	22
1451	26
1452	12
1453	17
1454	13
1455	19
1456	23
1457	15
1458	6
1459	17
1460	17
1461	15
1462	17
1463	22
1464	22
1465	24
1466	18
1467	14
1468	16
1469	14
1470	24
1471	24
1472	17
1473	17
1474	18
1475	19
1476	20
1477	13
1478	15
1479	18
1480	22
1481	30
1482	22
1483	18
1484	12
1485	12
1486	25
1487	16
1488	22
1489	15
1490	18
1491	21
1492	16
1493	15
1494	24
1495	23
1496	16
1497	9
1498	13
1499	15
1500	16
1501	20
1502	20
1503	28
1504	12
1505	24
1506	17
1507	27
1508	23
1509	12
1510	8
1511	10
1512	16
1513	11
1514	20
1515	14
1516	19
1517	32
1518	22
1519	24
1520	22
1521	23
1522	24
1523	21
1524	10
1525	9
1526	15
1527	23
1528	12
1529	10
1530	19
1531	23
1532	23
1533	24
1534	18
1535	16
1536	19
1537	24
1538	19
1539	19
1540	22
1541	15
1542	14
1543	19
1544	12
1545	13
1546	28
1547	24
1548	27
1549	23
1550	21
1551	22
1552	27
1553	15
1554	14
1555	17
1556	17
1557	17
1558	13
1559	14
1560	24
1561	14
1562	16
1563	16
1564	18
1565	20
1566	32
1567	17
1568	8
1569	20
1570	23
1571	21
1572	15
1573	16
1574	26
1575	15
1576	12
1577	18
1578	24
1579	21
1580	22
1581	19
1582	23
1583	19
1584	29
1585	21
1586	15
1587	25
1588	26
1589	21
1590	17
1591	24
1592	15
1593	26
1594	32
1595	16
1596	20
1597	21
1598	18
1599	18
1600	17
1601	16
1602	27
1603	25
1604	25
1605	13
1606	27
1607	18
1608	20
1609	19
1610	22
1611	24
1612	13
1613	22
1614	20
1615	19
1616	20
1617	15
1618	19
1619	16
1620	20
1621	15
1622	19
1623	17
1624	19
1625	30
1626	28
1627	12
1628	18
1629	22
1630	19
1631	23
1632	24
1633	16
1634	18
1635	15
1636	17
1637	22
1638	20
1639	23
1640	25
1641	16
1642	14
1643	11
1644	17
1645	22
1646	19
1647	19
1648	23
1649	22
1650	20
1651	13
1652	20
1653	30
1654	18
1655	25
1656	17
1657	25
1658	22
1659	10
1660	24
1661	21
1662	15
1663	24
1664	13
1665	15
1666	17
1667	16
1668	22
1669	13
1670	27
1671	23
1672	20
1673	25
1674	12
1675	14
1676	22
1677	17
1678	19
1679	24
1680	20
1681	32
1682	17
1683	19
1684	28
1685	18
1686	22
1687	31
1688	25
1689	14
1690	24
1691	19
1692	17
1693	14
1694	33
1695	25
1696	16
1697	26
1698	20
1699	20
1700	24
1701	20
1702	23
1703	28
1704	14
1705	26
1706	19
1707	21
1708	15
1709	19
1710	23
1711	20
1712	19
1713	15
1714	24
1715	21
1716	15
1717	17
1718	28
1719	30
1720	21
1721	24
1722	27
1723	20
1724	12
1725	19
1726	24
1727	16
1728	23
1729	15
1730	19
1731	19
1732	15
1733	22
1734	28
1735	19
1736	12
1737	26
1738	17
1739	23
1740	14
1741	20
1742	24
1743	20
1744	19
1745	22
1746	23
1747	21
1748	25
1749	23
1750	21
1751	17
1752	29
1753	28
1754	23
1755	23
1756	18
1757	27
1758	25
1759	18
1760	21
1761	32
1762	22
1763	27
1764	25
1765	24
1766	20
1767	12
1768	26
1769	20
1770	19
1771	23
1772	27
1773	16
1774	17
1775	14
1776	26
1777	28
1778	21
1779	17
1780	32
1781	23
1782	22
1783	29
1784	25
1785	22
1786	19
1787	13
1788	22
1789	19
1790	20
1791	24
1792	25
1793	31
1794	15
1795	25
1796	18
1797	24
1798	25
1799	32
1800	17
1801	30
1802	19
1803	21
1804	21
1805	28
1806	28
1807	16
1808	21
1809	16
1810	18
1811	33
1812	22
1813	22
1814	30
1815	14
1816	24
1817	23
1818	27
1819	19
1820	31
1821	16
1822	31
1823	24
1824	24
1825	21
1826	26
1827	22
1828	18
1829	18
1830	16
1831	34
1832	31
1833	21
1834	27
1835	29
1836	26
1837	26
1838	26
1839	20
1840	19
1841	19
1842	24
1843	17
1844	27
1845	16
1846	20
1847	24
1848	24
1849	27
1850	20
1851	24
1852	16
1853	15
1854	24
1855	26
1856	21
1857	18
1858	27
1859	28
1860	20
1861	26
1862	26
1863	20
1864	25
1865	15
1866	16
1867	17
1868	27
1869	23
1870	25
1871	27
1872	23
1873	29
1874	22
1875	20
1876	27
1877	24
1878	20
1879	22
1880	22
1881	23
1882	14
1883	16
1884	27
1885	26
1886	26
1887	20
1888	15
1889	21
1890	18
1891	29
1892	17
1893	21
1894	21
1895	30
1896	19
1897	22
1898	29
1899	28
1900	27
1901	26
1902	23
1903	24
1904	24
1905	20
1906	25
1907	29
1908	18
1909	18
1910	17
1911	15
1912	23
1913	19
1914	24
1915	21
1916	19
1917	21
1918	19
1919	11
1920	25
1921	18
1922	25
1923	25
1924	22
1925	22
1926	29
1927	27
1928	18
1929	21
1930	27
1931	24
1932	19
1933	17
1934	32
1935	21
1936	19
1937	32
1938	26
1939	18
1940	24
1941	28
1942	19
1943	25
1944	26
1945	27
1946	26
1947	26
1948	24
1949	23
1950	28
1951	27
1952	27
1953	22
1954	16
1955	24
1956	24
1957	28
1958	25
1959	26
1960	21
1961	22
1962	19
1963	13
1964	20
1965	22
1966	26
1967	25
1968	19
1969	21
1970	18
1971	19
1972	21
1973	19
1974	18
1975	22
1976	20
1977	25
1978	27
1979	22
1980	22
1981	18
1982	25
1983	21
1984	20
1985	19
1986	17
1987	22
1988	23
1989	27
1990	22
1991	21
1992	27
1993	15
1994	19
1995	24
1996	23
1997	25
1998	28
1999	24
2000	20
2001	22
2002	24
2003	21
2004	22
2005	23
2006	21
2007	18
2008	25
2009	27
2010	21
2011	32
2012	23
2013	18
2014	21
2015	21
2016	25
2017	25
2018	21
2019	22
2020	21
2021	30
2022	19
2023	22
2024	22
2025	27
2026	25
2027	18
2028	26
2029	21
2030	18
2031	22
2032	27
2033	26
2034	22
2035	28
2036	21
2037	30
2038	21
2039	32
2040	25
2041	31
2042	27
2043	26
2044	20
2045	26
2046	23
2047	18
2048	30
2049	18
2050	28
2051	18
2052	33
2053	32
2054	27
2055	35
2056	16
2057	19
2058	27
2059	21
2060	21
2061	24
2062	17
2063	26
2064	18
2065	27
2066	28
2067	25
2068	25
2069	17
2070	25
2071	32
2072	18
2073	29
2074	24
2075	22
2076	20
2077	19
2078	27
2079	29
2080	31
2081	23
2082	23
2083	17
2084	19
2085	19
2086	23
2087	28
2088	22
2089	20
2090	15
2091	21
2092	27
2093	19
2094	23
2095	22
2096	40
2097	19
2098	22
2099	15
2100	34
2101	29
2102	27
2103	22
2104	16
2105	18
2106	24
2107	23
2108	29
2109	14
2110	24
2111	29
2112	26
2113	21
2114	20
2115	23
2116	31
2117	20
2118	22
2119	23
2120	18
2121	26
2122	27
2123	23
2124	27
2125	31
2126	26
2127	30
2128	30
2129	28
2130	27
2131	25
2132	24
2133	24
2134	27
2135	26
2136	22
2137	28
2138	28
2139	21
2140	22
2141	22
2142	16
2143	23
2144	33
2145	24
2146	23
2147	22
2148	24
2149	26
2150	21
2151	23
2152	13
2153	21
2154	24
2155	20
2156	34
2157	19
2158	30
2159	28
2160	23
2161	36
2162	27
2163	22
2164	22
2165	26
2166	24
2167	27
2168	28
2169	30
2170	30
2171	22
2172	24
2173	28
2174	34
2175	39
2176	34
2177	19
2178	24
2179	17
2180	22
2181	24
2182	28
2183	32
2184	25
2185	25
2186	32
2187	17
2188	25
2189	30
2190	20
2191	21
2192	27
2193	29
2194	35
2195	23
2196	20
2197	30
2198	21
2199	29
2200	36
2201	26
2202	34
2203	34
2204	23
2205	27
2206	19
2207	29
2208	36
2209	37
2210	21
2211	31
2212	28
2213	28
2214	31
2215	30
2216	32
2217	25
2218	38
2219	22
2220	26
2221	28
2222	33
2223	24
2224	32
2225	24
2226	30
2227	25
2228	41
2229	24
2230	29
2231	33
2232	33
2233	34
2234	36
2235	34
2236	29
2237	33
2238	33
2239	30
2240	29
2241	22
2242	22
2243	29
2244	27
2245	29
2246	32
2247	28
2248	23
2249	28
2250	25
2251	30
2252	31
2253	23
2254	37
2255	22
2256	32
2257	41
2258	33
2259	27
2260	35
2261	36
2262	32
2263	26
2264	28
2265	25
2266	37
2267	36
2268	29
2269	28
2270	23
2271	36
2272	36
2273	34
2274	26
2275	31
2276	34
2277	32
2278	32
2279	43
2280	30
2281	39
2282	37
2283	29
2284	26
2285	34
2286	28
2287	34
2288	23
2289	30
2290	32
2291	28
2292	31
2293	29
2294	37
2295	28
2296	38
2297	29
2298	27
2299	41
2300	41
2301	28
2302	32
2303	34
2304	28
2305	32
2306	38
2307	38
2308	30
2309	35
2310	31
2311	34
2312	29
2313	26
2314	43
2315	39
2316	43
2317	29
2318	31
2319	20
2320	31
2321	33
2322	42
2323	29
2324	41
2325	32
2326	33
2327	26
2328	32
2329	41
2330	35
2331	40
2332	28
2333	32
2334	39
2335	37
2336	38
2337	31
2338	33
2339	59
2340	34
2341	29
2342	35
2343	32
2344	36
2345	34
2346	32
2347	26
2348	34
2349	38
2350	28
2351	33
2352	37
2353	39
2354	31
2355	28
2356	37
2357	44
2358	29
2359	33
2360	37
2361	35
2362	37
2363	36
2364	32
2365	27
2366	29
2367	25
2368	39
2369	26
2370	32
2371	33
2372	34
2373	32
2374	31
2375	34
2376	37
2377	36
2378	36
2379	33
2380	36
2381	16
2382	30
2383	24
2384	33
2385	39
2386	35
2387	32
2388	27
2389	30
2390	37
2391	34
2392	35
2393	24
2394	29
2395	25
2396	31
2397	34
2398	23
2399	33
2400	35
2401	32
2402	33
2403	29
2404	41
2405	24
2406	32
2407	24
2408	26
2409	39
2410	31
2411	33
2412	39
2413	33
2414	38
2415	30
2416	37
2417	26
2418	24
2419	31
2420	28
2421	46
2422	30
2423	32
2424	31
2425	36
2426	29
2427	28
2428	21
2429	28
2430	33
2431	21
2432	26
2433	38
2434	29
2435	31
2436	27
2437	35
2438	28
2439	22
2440	25
2441	31
2442	30
2443	35
2444	29
2445	30
2446	25
2447	26
2448	30
2449	27
2450	27
2451	34
2452	29
2453	38
2454	39
2455	27
2456	26
2457	25
2458	35
2459	30
2460	28
2461	35
2462	25
2463	20
2464	17
2465	37
2466	22
2467	21
2468	19
2469	21
2470	24
2471	35
2472	26
2473	25
2474	31
2475	25
2476	28
2477	37
2478	37
2479	30
2480	24
2481	17
2482	22
2483	34
2484	24
2485	29
2486	25
2487	29
2488	22
2489	25
2490	30
2491	27
2492	29
2493	22
2494	25
2495	23
2496	20
2497	22
2498	29
2499	24
2500	29
2501	23
2502	31
2503	28
2504	28
2505	31
2506	30
2507	22
2508	30
2509	22
2510	20
2511	39
2512	24
2513	26
2514	21
2515	34
2516	23
2517	27
2518	29
2519	23
2520	33
2521	21
2522	29
2523	27
2524	25
2525	19
2526	21
2527	25
2528	20
2529	30
2530	21
2531	27
2532	30
2533	24
2534	27
2535	22
2536	17
2537	24
2538	21
2539	23
2540	20
2541	27
2542	21
2543	25
2544	27
2545	19
2546	23
2547	26
2548	19
2549	23
2550	24
2551	25
2552	21
2553	23
2554	23
2555	23
2556	19
2557	21
2558	15
2559	35
2560	17
2561	21
2562	20
2563	22
2564	26
2565	21
2566	21
2567	17
2568	21
2569	18
2570	23
2571	22
2572	24
2573	18
2574	16
2575	24
2576	18
2577	21
2578	23
2579	21
2580	20
2581	22
2582	22
2583	28
2584	22
2585	27
2586	23
2587	22
2588	15
2589	23
2590	23
2591	21
2592	17
2593	16
2594	15
2595	16
2596	19
2597	19
2598	28
2599	15
2600	23
2601	26
2602	22
2603	15
2604	22
2605	15
2606	16
2607	26
2608	29
2609	28
2610	23
2611	18
2612	17
2613	17
2614	24
2615	19
2616	26
2617	25
2618	12
2619	21
2620	14
2621	19
2622	16
2623	14
2624	21
2625	21
2626	20
2627	18
2628	23
2629	17
2630	13
2631	20
2632	20
2633	25
2634	11
2635	15
2636	20
2637	15
2638	19
2639	27
2640	18
2641	20
2642	14
2643	20
2644	17
2645	6
2646	10
2647	20
2648	18
2649	13
2650	14
2651	17
2652	18
2653	10
2654	19
2655	15
2656	17
2657	22
2658	16
2659	13
2660	16
2661	22
2662	26
2663	12
2664	12
2665	21
2666	20
2667	13
2668	20
2669	18
2670	10
2671	18
2672	14
2673	25
2674	18
2675	13
2676	18
2677	21
2678	13
2679	19
2680	16
2681	15
2682	17
2683	19
2684	10
2685	14
2686	19
2687	15
2688	7
2689	17
2690	21
2691	16
2692	13
2693	22
2694	8
2695	12
2696	7
2697	18
2698	19
2699	18
2700	17
2701	15
2702	6
2703	15
2704	25
2705	16
2706	14
2707	19
2708	8
2709	10
2710	13
2711	8
2712	15
2713	9
2714	16
2715	12
2716	13
2717	9
2718	9
2719	16
2720	19
2721	25
2722	12
2723	19
2724	13
2725	13
2726	12
2727	14
2728	17
2729	14
2730	11
2731	11
2732	18
2733	23
2734	16
2735	14
2736	10
2737	16
2738	17
2739	15
2740	13
2741	12
2742	15
2743	20
2744	17
2745	11
2746	18
2747	15
2748	13
2749	18
2750	21
2751	8
2752	13
2753	22
2754	14
2755	12
2756	13
2757	13
2758	9
2759	19
2760	12
2761	8
2762	16
2763	10
2764	18
2765	17
2766	11
2767	14
2768	15
2769	15
2770	21
2771	9
2772	12
2773	16
2774	16
2775	13
2776	14
2777	18
2778	11
2779	18
2780	14
2781	17
2782	13
2783	11
2784	22
2785	10
2786	24
2787	12
2788	16
2789	13
2790	17
2791	16
2792	19
2793	10
2794	13
2795	18
2796	20
2797	18
2798	14
2799	19
2800	19
2801	18
2802	11
2803	17
2804	20
2805	14
2806	20
2807	17
2808	17
2809	19
2810	18
2811	10
2812	15
2813	9
2814	8
2815	11
2816	15
2817	17
2818	11
2819	10
2820	12
2821	18
2822	17
2823	14
2824	12
2825	14
2826	17
2827	18
2828	12
2829	15
2830	12
2831	17
2832	15
2833	16
2834	24
2835	13
2836	16
2837	10
2838	13
2839	8
2840	18
2841	15
2842	17
2843	12
2844	11
2845	16
2846	14
2847	16
2848	17
2849	16
2850	13
2851	17
2852	17
2853	18
2854	16
2855	19
2856	13
2857	7
2858	16
2859	14
2860	21
2861	16
2862	12
2863	11
2864	11
2865	18
2866	15
2867	12
2868	11
2869	17
2870	16
2871	8
2872	17
2873	10
2874	17
2875	15
2876	6
2877	15
2878	11
2879	12
2880	12
2881	10
2882	17
2883	5
2884	15
2885	17
2886	10
2887	15
2888	18
2889	13
2890	15
2891	12
2892	11
2893	7
2894	16
2895	8
2896	16
2897	12
2898	13
2899	8
2900	13
2901	17
2902	14
2903	14
2904	12
2905	13
2906	12
2907	13
2908	17
2909	12
2910	16
2911	18
2912	8
2913	8
2914	16
2915	12
2916	12
2917	14
2918	14
2919	10
2920	12
2921	11
2922	18
2923	6
2924	9
2925	16
2926	10
2927	8
2928	16
2929	10
2930	23
2931	13
2932	11
2933	15
2934	9
2935	15
2936	8
2937	5
2938	10
2939	16
2940	9
2941	8
2942	12
2943	13
2944	10
2945	9
2946	12
2947	15
2948	21
2949	14
2950	13
2951	14
2952	16
2953	14
2954	13
2955	14
2956	15
2957	14
2958	10
2959	11
2960	12
2961	8
2962	11
2963	7
2964	8
2965	11
2966	10
2967	13
2968	12
2969	10
2970	18
2971	10
2972	16
2973	14
2974	16
2975	18
2976	14
2977	10
2978	17
2979	9
2980	18
2981	9
2982	14
2983	11
2984	7
2985	10
2986	15
2987	8
2988	6
2989	18
2990	14
2991	15
2992	9
2993	17
2994	10
2995	18
2996	15
2997	14
2998	9
2999	8
3000	15
3001	18
3002	13
3003	12
3004	15
3005	10
3006	8
3007	17
3008	12
3009	7
3010	13
3011	14
3012	6
3013	10
3014	12
3015	9
3016	10
3017	6
3018	7
3019	6
3020	17
3021	17
3022	9
3023	14
3024	11
3025	20
3026	13
3027	8
3028	11
3029	10
3030	11
3031	11
3032	14
3033	9
3034	13
3035	11
3036	11
3037	14
3038	7
3039	10
3040	12
3041	13
3042	10
3043	9
3044	11
3045	15
3046	14
3047	10
3048	9
3049	8
3050	12
3051	14
3052	14
3053	10
3054	7
3055	18
3056	10
3057	14
3058	6
3059	14
3060	17
3061	14
3062	10
3063	13
3064	13
3065	9
3066	5
3067	9
3068	9
3069	11
3070	8
3071	14
3072	8
3073	13
3074	15
3075	11
3076	10
3077	12
3078	15
3079	14
3080	11
3081	5
3082	11
3083	11
3084	11
3085	7
3086	11
3087	11
3088	4
3089	14
3090	13
3091	4
3092	8
3093	13
3094	13
3095	10
3096	10
3097	16
3098	8
3099	13
3100	15
3101	10
3102	13
3103	12
3104	12
3105	13
3106	16
3107	5
3108	7
3109	9
3110	14
3111	11
3112	10
3113	10
3114	20
3115	8
3116	9
3117	13
3118	16
3119	11
3120	14
3121	4
3122	16
3123	8
3124	14
3125	19
3126	14
3127	5
3128	13
3129	7
3130	5
3131	12
3132	6
3133	9
3134	12
3135	6
3136	10
3137	7
3138	12
3139	6
3140	13
3141	9
3142	10
3143	8
3144	13
3145	8
3146	14
3147	13
3148	8
3149	10
3150	5
3151	10
3152	14
3153	13
3154	18
3155	8
3156	15
3157	11
3158	11
3159	13
3160	10
3161	8
3162	10
3163	5
3164	12
3165	9
3166	4
3167	11
3168	9
3169	18
3170	8
3171	6
3172	6
3173	8
3174	7
3175	7
3176	7
3177	9
3178	10
3179	9
3180	7
3181	8
3182	13
3183	11
3184	9
3185	11
3186	9
3187	17
3188	18
3189	8
3190	9
3191	8
3192	13
3193	12
3194	7
3195	8
3196	10
3197	9
3198	8
3199	7
3200	4
3201	9
3202	8
3203	16
3204	9
3205	11
3206	10
3207	12
3208	7
3209	8
3210	14
3211	10
3212	12
3213	9
3214	12
3215	7
3216	12
3217	6
3218	11
3219	12
3220	10
3221	12
3222	10
3223	9
3224	13
3225	13
3226	11
3227	10
3228	12
3229	9
3230	8
3231	11
3232	12
3233	11
3234	12
3235	8
3236	7
3237	17
3238	7
3239	10
3240	10
3241	7
3242	10
3243	10
3244	9
3245	12
3246	9
3247	9
3248	7
3249	5
3250	6
3251	8
3252	6
3253	8
3254	5
3255	9
3256	9
3257	9
3258	9
3259	13
3260	10
3261	6
3262	13
3263	10
3264	14
3265	8
3266	12
3267	12
3268	12
3269	5
3270	8
3271	6
3272	9
3273	9
3274	6
3275	6
3276	5
3277	11
3278	8
3279	12
3280	7
3281	11
3282	14
3283	9
3284	10
3285	11
3286	10
3287	9
3288	7
3289	5
3290	10
3291	14
3292	5
3293	12
3294	8
3295	8
3296	7
3297	8
3298	14
3299	14
3300	12
3301	12
3302	10
3303	9
3304	11
3305	11
3306	5
3307	6
3308	15
3309	14
3310	7
3311	9
3312	8
3313	10
3314	8
3315	9
3316	6
3317	15
3318	9
3319	15
3320	11
3321	12
3322	5
3323	10
3324	12
3325	9
3326	13
3327	10
3328	7
3329	8
3330	12
3331	7
3332	10
3333	8
3334	12
3335	6
3336	7
3337	7
3338	7
3339	17
3340	8
3341	10
3342	14
3343	11
3344	8
3345	3
3346	12
3347	21
3348	9
3349	6
3350	9
3351	13
3352	16
3353	8
3354	6
3355	11
3356	11
3357	14
3358	8
3359	6
3360	6
3361	12
3362	11
3363	11
3364	9
3365	20
3366	7
3367	7
3368	10
3369	9
3370	12
3371	9
3372	13
3373	11
3374	10
3375	7
3376	9
3377	8
3378	14
3379	16
3380	8
3381	9
3382	12
3383	9
3384	12
3385	4
3386	9
3387	12
3388	12
3389	14
3390	7
3391	9
3392	10
3393	9
3394	7
3395	6
3396	13
3397	9
3398	8
3399	6
3400	17
3401	11
3402	7
3403	9
3404	10
3405	2
3406	6
3407	13
3408	12
3409	9
3410	13
3411	10
3412	12
3413	9
3414	4
3415	6
3416	9
3417	9
3418	14
3419	14
3420	10
3421	11
3422	10
3423	10
3424	15
3425	6
3426	2
3427	13
3428	12
3429	10
3430	13
3431	11
3432	6
3433	7
3434	13
3435	10
3436	14
3437	9
3438	14
3439	9
3440	7
3441	10
3442	12
3443	6
3444	12
3445	11
3446	12
3447	15
3448	12
3449	6
3450	8
3451	14
3452	11
3453	11
3454	13
3455	16
3456	13
3457	5
3458	5
3459	6
3460	11
3461	7
3462	4
3463	8
3464	15
3465	10
3466	7
3467	6
3468	6
3469	4
3470	9
3471	12
3472	18
3473	11
3474	10
3475	12
3476	12
3477	12
3478	8
3479	5
3480	14
3481	12
3482	9
3483	14
3484	12
3485	10
3486	8
3487	9
3488	8
3489	8
3490	13
3491	12
3492	11
3493	8
3494	8
3495	7
3496	6
3497	6
3498	10
3499	8
3500	11
3501	7
3502	13
3503	10
3504	12
3505	10
3506	13
3507	8
3508	7
3509	11
3510	6
3511	14
3512	12
3513	13
3514	14
3515	12
3516	16
3517	7
3518	10
3519	9
3520	13
3521	11
3522	8
3523	12
3524	5
3525	11
3526	10
3527	10
3528	9
3529	11
3530	10
3531	13
3532	13
3533	12
3534	10
3535	13
3536	8
3537	11
3538	9
3539	9
3540	9
3541	9
3542	9
3543	13
3544	16
3545	14
3546	11
3547	9
3548	8
3549	9
3550	13
3551	11
3552	8
3553	6
3554	11
3555	19
3556	14
3557	13
3558	13
3559	6
3560	12
3561	8
3562	11
3563	7
3564	11
3565	11
3566	12
3567	9
3568	9
3569	4
3570	13
3571	11
3572	7
3573	17
3574	8
3575	7
3576	13
3577	15
3578	13
3579	10
3580	12
3581	12
3582	11
3583	13
3584	14
3585	14
3586	7
3587	10
3588	13
3589	13
3590	8
3591	12
3592	13
3593	12
3594	14
3595	12
3596	12
3597	17
3598	14
3599	14
3600	6
3601	7
3602	10
3603	15
3604	16
3605	14
3606	10
3607	14
3608	10
3609	9
3610	20
3611	19
3612	4
3613	3
3614	8
3615	15
3616	15
3617	9
3618	7
3619	13
3620	17
3621	17
3622	16
3623	16
3624	11
3625	11
3626	8
3627	13
3628	12
3629	16
3630	12
3631	13
3632	12
3633	16
3634	8
3635	12
3636	19
3637	12
3638	21
3639	10
3640	11
3641	17
3642	16
3643	8
3644	20
3645	15
3646	15
3647	20
3648	9
3649	17
3650	17
3651	15
3652	12
3653	13
3654	12
3655	12
3656	17
3657	7
3658	6
3659	13
3660	12
3661	15
3662	10
3663	16
3664	19
3665	11
3666	11
3667	14
3668	14
3669	15
3670	19
3671	18
3672	12
3673	8
3674	12
3675	14
3676	14
3677	16
3678	15
3679	12
3680	11
3681	14
3682	13
3683	20
3684	16
3685	11
3686	21
3687	5
3688	6
3689	10
3690	10
3691	11
3692	17
3693	14
3694	11
3695	13
3696	18
3697	13
3698	10
3699	12
3700	17
3701	9
3702	10
3703	8
3704	11
3705	19
3706	13
3707	9
3708	16
3709	17
3710	24
3711	18
3712	13
3713	14
3714	11
3715	16
3716	13
3717	9
3718	17
3719	17
3720	21
3721	17
3722	12
3723	24
3724	23
3725	19
3726	18
3727	15
3728	11
3729	13
3730	12
3731	16
3732	8
3733	18
3734	12
3735	17
3736	15
3737	10
3738	16
3739	14
3740	15
3741	18
3742	15
3743	11
3744	21
3745	17
3746	18
3747	13
3748	22
3749	16
3750	14
3751	14
3752	25
3753	23
3754	10
3755	17
3756	19
3757	17
3758	13
3759	24
3760	20
3761	9
3762	15
3763	17
3764	20
3765	12
3766	20
3767	9
3768	10
3769	16
3770	18
3771	19
3772	19
3773	22
3774	20
3775	14
3776	17
3777	21
3778	11
3779	10
3780	17
3781	15
3782	20
3783	15
3784	14
3785	14
3786	18
3787	21
3788	15
3789	14
3790	13
3791	18
3792	16
3793	12
3794	12
3795	21
3796	24
3797	14
3798	12
3799	19
3800	9
3801	11
3802	20
3803	11
3804	14
3805	17
3806	18
3807	18
3808	13
3809	11
3810	19
3811	17
3812	18
3813	27
3814	14
3815	17
3816	18
3817	9
3818	22
3819	9
3820	15
3821	13
3822	12
3823	12
3824	14
3825	18
3826	19
3827	13
3828	16
3829	12
3830	17
3831	16
3832	25
3833	15
3834	22
3835	16
3836	19
3837	15
3838	17
3839	17
3840	13
3841	18
3842	22
3843	21
3844	14
3845	18
3846	12
3847	17
3848	21
3849	15
3850	16
3851	16
3852	17
3853	21
3854	14
3855	21
3856	16
3857	30
3858	15
3859	20
3860	25
3861	19
3862	22
3863	18
3864	16
3865	16
3866	12
3867	25
3868	18
3869	19
3870	23
3871	18
3872	29
3873	16
3874	24
3875	21
3876	17
3877	6
3878	11
3879	18
3880	16
3881	12
3882	19
3883	16
3884	25
3885	16
3886	25
3887	20
3888	10
3889	16
3890	15
3891	20
3892	15
3893	29
3894	24
3895	33
3896	15
3897	15
3898	20
3899	25
3900	22
3901	12
3902	14
3903	20
3904	16
3905	7
3906	25
3907	15
3908	18
3909	23
3910	14
3911	25
3912	21
3913	15
3914	19
3915	23
3916	19
3917	17
3918	26
3919	23
3920	22
3921	20
3922	27
3923	19
3924	12
3925	21
3926	16
3927	13
3928	12
3929	17
3930	22
3931	23
3932	14
3933	22
3934	22
3935	19
3936	17
3937	24
3938	16
3939	27
3940	20
3941	26
3942	28
3943	17
3944	25
3945	20
3946	21
3947	20
3948	22
3949	25
3950	19
3951	25
3952	18
3953	21
3954	21
3955	17
3956	18
3957	23
3958	21
3959	19
3960	15
3961	26
3962	13
3963	23
3964	24
3965	20
3966	20
3967	20
3968	21
3969	13
3970	16
3971	21
3972	11
3973	15
3974	19
3975	17
3976	16
3977	29
3978	19
3979	23
3980	18
3981	14
3982	24
3983	31
3984	17
3985	25
3986	25
3987	15
3988	20
3989	14
3990	17
3991	24
3992	16
3993	30
3994	20
3995	21
3996	15
3997	21
3998	27
3999	31
4000	20
4001	15
4002	22
4003	18
4004	11
4005	22
4006	16
4007	19
4008	16
4009	21
4010	21
4011	25
4012	25
4013	24
4014	19
4015	18
4016	23
4017	21
4018	21
4019	22
4020	28
4021	18
4022	32
4023	30
4024	20
4025	18
4026	17
4027	15
4028	20
4029	20
4030	26
4031	19
4032	25
4033	21
4034	28
4035	17
4036	22
4037	18
4038	32
4039	22
4040	17
4041	30
4042	18
4043	18
4044	21
4045	19
4046	7
4047	18
4048	18
4049	22
4050	25
4051	16
4052	22
4053	19
4054	25
4055	15
4056	24
4057	16
4058	8
4059	22
4060	21
4061	22
4062	25
4063	16
4064	28
4065	25
4066	16
4067	14
4068	23
4069	19
4070	18
4071	22
4072	18
4073	21
4074	19
4075	16
4076	14
4077	13
4078	25
4079	18
4080	15
4081	17
4082	20
4083	24
4084	11
4085	21
4086	21
4087	17
4088	18
4089	23
4090	21
4091	18
4092	16
4093	13
4094	28
4095	23
4096	22
4097	21
4098	29
4099	20
4100	18
4101	10
4102	21
4103	18
4104	22
4105	9
4106	18
4107	16
4108	19
4109	18
4110	19
4111	22
4112	17
4113	24
4114	17
4115	24
4116	15
4117	10
4118	18
4119	20
4120	18
4121	16
4122	23
4123	20
4124	18
4125	18
4126	24
4127	24
4128	26
4129	25
4130	16
4131	17
4132	21
4133	15
4134	17
4135	20
4136	21
4137	24
4138	19
4139	16
4140	20
4141	24
4142	21
4143	23
4144	15
4145	22
4146	15
4147	12
4148	25
4149	15
4150	19
4151	22
4152	28
4153	15
4154	17
4155	20
4156	18
4157	19
4158	29
4159	28
4160	24
4161	20
4162	32
4163	23
4164	12
4165	15
4166	17
4167	19
4168	15
4169	18
4170	21
4171	27
4172	18
4173	17
4174	11
4175	21
4176	16
4177	20
4178	28
4179	19
4180	17
4181	20
4182	18
4183	21
4184	15
4185	16
4186	16
4187	25
4188	20
4189	14
4190	16
4191	29
4192	21
4193	12
4194	14
4195	20
4196	26
4197	19
4198	27
4199	19
4200	25
4201	15
4202	12
4203	21
4204	15
4205	23
4206	16
4207	17
4208	15
4209	16
4210	20
4211	15
4212	15
4213	9
4214	17
4215	15
4216	15
4217	12
4218	27
4219	19
4220	17
4221	22
4222	21
4223	18
4224	16
4225	18
4226	15
4227	21
4228	15
4229	22
4230	15
4231	19
4232	15
4233	17
4234	18
4235	14
4236	11
4237	16
4238	17
4239	10
4240	21
4241	19
4242	16
4243	18
4244	17
4245	23
4246	19
4247	15
4248	17
4249	19
4250	20
4251	10
4252	17
4253	18
4254	12
4255	10
4256	14
4257	17
4258	18
4259	14
4260	26
4261	21
4262	20
4263	17
4264	16
4265	23
4266	12
4267	12
4268	13
4269	16
4270	18
4271	14
4272	14
4273	18
4274	19
4275	13
4276	21
4277	25
4278	7
4279	12
4280	16
4281	18
4282	20
4283	9
4284	7
4285	16
4286	15
4287	13
4288	22
4289	17
4290	11
4291	14
4292	19
4293	16
4294	19
4295	16
4296	17
4297	18
4298	17
4299	7
4300	15
4301	10
4302	15
4303	10
4304	15
4305	17
4306	18
4307	9
4308	15
4309	11
4310	18
4311	11
4312	12
4313	15
4314	16
4315	11
4316	13
4317	18
4318	16
4319	8
4320	14
4321	16
4322	12
4323	14
4324	14
4325	19
4326	10
4327	14
4328	11
4329	17
4330	16
4331	10
4332	17
4333	17
4334	11
4335	21
4336	11
4337	12
4338	11
4339	15
4340	14
4341	12
4342	18
4343	11
4344	17
4345	14
4346	15
4347	14
4348	11
4349	12
4350	14
4351	20
4352	11
4353	14
4354	17
4355	14
4356	11
4357	10
4358	22
4359	14
4360	9
4361	17
4362	12
4363	8
4364	14
4365	7
4366	12
4367	12
4368	13
4369	12
4370	14
4371	13
4372	12
4373	12
4374	8
4375	10
4376	15
4377	5
4378	12
4379	10
4380	9
4381	6
4382	11
4383	12
4384	20
4385	9
4386	9
4387	11
4388	6
4389	13
4390	12
4391	10
4392	11
4393	11
4394	10
4395	11
4396	18
4397	13
4398	18
4399	7
4400	7
4401	14
4402	14
4403	17
4404	13
4405	10
4406	12
4407	16
4408	5
4409	9
4410	18
4411	8
4412	9
4413	18
4414	18
4415	10
4416	14
4417	10
4418	10
4419	15
4420	15
4421	8
4422	8
4423	9
4424	13
4425	6
4426	13
4427	9
4428	8
4429	9
4430	13
4431	11
4432	10
4433	8
4434	9
4435	11
4436	16
4437	6
4438	13
4439	7
4440	10
4441	8
4442	11
4443	11
4444	12
4445	16
4446	9
4447	11
4448	6
4449	10
4450	10
4451	8
4452	10
4453	13
4454	6
4455	9
4456	10
4457	12
4458	6
4459	8
4460	6
4461	16
4462	10
4463	12
4464	9
4465	7
4466	11
4467	12
4468	11
4469	13
4470	13
4471	10
4472	14
4473	13
4474	2
4475	9
4476	9
4477	10
4478	5
4479	7
4480	2
4481	5
4482	4
4483	7
4484	10
4485	8
4486	11
4487	10
4488	12
4489	11
4490	6
4491	8
4492	6
4493	14
4494	12
4495	6
4496	9
4497	6
4498	6
4499	5
4500	6
4501	10
4502	10
4503	10
4504	2
4505	8
4506	8
4507	10
4508	7
4509	13
4510	7
4511	6
4512	7
4513	8
4514	4
4515	8
4516	7
4517	9
4518	7
4519	10
4520	8
4521	15
4522	9
4523	11
4524	13
4525	7
4526	4
4527	8
4528	5
4529	8
4530	5
4531	6
4532	7
4533	6
4534	7
4535	9
4536	7
4537	3
4538	10
4539	10
4540	15
4541	8
4542	9
4543	3
4544	11
4545	6
4546	5
4547	8
4548	11
4549	7
4550	7
4551	6
4552	8
4553	7
4554	5
4555	7
4556	4
4557	10
4558	4
4559	3
4560	6
4561	5
4562	6
4563	4
4564	7
4565	4
4566	10
4567	3
4568	3
4569	5
4570	8
4571	4
4572	7
4573	9
4574	9
4575	7
4576	11
4577	5
4578	5
4579	6
4580	5
4581	11
4582	4
4583	5
4584	5
4585	4
4586	8
4587	5
4588	5
4589	4
4590	6
4591	10
4592	6
4593	6
4594	7
4595	6
4596	9
4597	4
4598	7
4599	8
4600	15
4601	7
4602	3
4603	5
4604	6
4605	7
4606	2
4607	9
4608	3
4609	5
4610	2
4611	7
4612	6
4613	5
4614	10
4615	5
4616	10
4617	4
4618	3
4619	3
4620	4
4621	6
4622	2
4623	9
4624	5
4625	6
4626	3
4627	7
4628	12
4629	7
4630	6
4631	4
4632	10
4633	3
4634	6
4635	7
4636	6
4637	3
4638	5
4639	3
4640	4
4641	2
4642	8
4643	5
4644	2
4645	4
4646	6
4647	4
4648	7
4649	7
4650	6
4651	7
4652	7
4653	3
4654	8
4655	4
4656	5
4657	7
4658	5
4659	4
4660	7
4661	8
4662	4
4663	5
4664	5
4665	8
4666	6
4667	10
4668	3
4669	6
4670	7
4671	6
4672	10
4673	5
4674	3
4675	9
4676	10
4677	7
4678	5
4679	5
4680	2
4681	7
4682	8
4683	5
4684	2
4685	6
4686	5
4687	7
4688	3
4689	1
4690	4
4691	4
4692	3
4693	6
4694	2
4695	7
4696	4
4697	5
4698	4
4699	8
4700	7
4701	3
4702	3
4703	6
4704	3
4705	5
4706	7
4707	3
4708	7
4709	8
4710	8
4711	5
4712	7
4713	7
4714	3
4715	5
4716	10
4717	3
4718	4
4719	3
4720	4
4721	6
4722	6
4723	3
4724	8
4725	7
4726	5
4727	7
4728	5
4729	5
4730	4
4731	4
4732	7
4733	9
4734	1
4735	5
4736	1
4737	5
4738	8
4739	4
4740	5
4741	5
4742	4
4743	5
4744	6
4745	6
4746	6
4747	5
4748	4
4749	5
4750	4
4751	3
4752	5
4753	7
4754	8
4755	6
4756	3
4757	5
4758	7
4759	8
4760	4
4761	3
4762	3
4763	6
4764	1
4765	3
4766	5
4767	4
4768	8
4769	4
4770	5
4771	4
4772	5
4773	5
4774	3
4775	5
4776	2
4777	6
4778	6
4779	8
4780	4
4781	6
4782	5
4783	7
4784	4
4785	4
4786	6
4787	2
4788	7
4789	6
4790	11
4791	8
4792	4
4793	6
4794	4
4795	8
4796	3
4797	5
4798	2
4799	3
4800	7
4801	5
4802	1
4803	10
4804	9
4805	6
4806	0
4807	6
4808	5
4809	8
4810	7
4811	6
4812	1
4813	3
4814	4
4815	6
4816	4
4817	10
4818	6
4819	11
4820	2
4821	4
4822	7
4823	1
4824	3
4825	9
4826	6
4827	8
4828	5
4829	5
4830	5
4831	4
4832	3
4833	5
4834	7
4835	4
4836	5
4837	4
4838	6
4839	5
4840	4
4841	5
4842	4
4843	7
4844	7
4845	6
4846	5
4847	3
4848	4
4849	4
4850	5
4851	5
4852	7
4853	1
4854	4
4855	5
4856	4
4857	8
4858	6
4859	1
4860	5
4861	4
4862	5
4863	3
4864	2
4865	4
4866	4
4867	4
4868	4
4869	5
4870	2
4871	5
4872	2
4873	8
4874	8
4875	4
4876	4
4877	3
4878	7
4879	5
4880	3
4881	1
4882	5
4883	3
4884	5
4885	3
4886	6
4887	7
4888	6
4889	6
4890	4
4891	6
4892	3
4893	5
4894	8
4895	3
4896	8
4897	3
4898	3
4899	3
4900	4
4901	1
4902	5
4903	4
4904	5
4905	2
4906	2
4907	2
4908	7
4909	2
4910	6
4911	4
4912	3
4913	5
4914	6
4915	3
4916	4
4917	10
4918	7
4919	4
4920	3
4921	3
4922	5
4923	8
4924	1
4925	3
4926	5
4927	3
4928	3
4929	5
4930	6
4931	6
4932	5
4933	3
4934	6
4935	2
4936	4
4937	6
4938	5
4939	3
4940	4
4941	7
4942	7
4943	4
4944	4
4945	2
4946	5
4947	3
4948	6
4949	6
4950	3
4951	5
4952	3
4953	5
4954	1
4955	2
4956	2
4957	6
4958	7
4959	7
4960	5
4961	1
4962	5
4963	4
4964	2
4965	3
4966	4
4967	9
4968	6
4969	5
4970	5
4971	3
4972	5
4973	1
4974	4
4975	6
4976	4
4977	4
4978	7
4979	5
4980	5
4981	6
4982	4
4983	3
4984	3
4985	7
4986	4
4987	3
4988	3
4989	2
4990	5
4991	8
4992	6
4993	8
4994	3
4995	8
4996	4
4997	4
4998	4
4999	9
5000	7
5001	9
5002	2
5003	5
5004	4
5005	5
5006	5
5007	8
5008	3
5009	5
5010	3
5011	3
5012	4
5013	2
5014	1
5015	3
5016	3
5017	1
5018	5
5019	7
5020	3
5021	6
5022	3
5023	2
5024	6
5025	3
5026	4
5027	7
5028	6
5029	2
5030	5
5031	2
5032	3
5033	4
5034	4
5035	2
5036	5
5037	3
5038	3
5039	2
5040	6
5041	5
5042	6
5043	3
5044	8
5045	3
5046	3
5047	5
5048	5
5049	6
5050	6
5051	4
5052	1
5053	5
5054	5
5055	3
5056	8
5057	3
5058	7
5059	6
5060	3
5061	4
5062	5
5063	6
5064	3
5065	6
5066	5
5067	2
5068	2
5069	7
5070	8
5071	3
5072	4
5073	3
5074	5
5075	3
5076	2
5077	8
5078	3
5079	6
5080	2
5081	2
5082	5
5083	5
5084	10
5085	4
5086	5
5087	6
5088	5
5089	5
5090	1
5091	3
5092	4
5093	3
5094	9
5095	3
5096	4
5097	4
5098	2
5099	1
5100	7
5101	5
5102	3
5103	6
5104	3
5105	4
5106	6
5107	7
5108	4
5109	5
5110	8
5111	4
5112	6
5113	3
5114	3
5115	2
5116	5
5117	4
5118	5
5119	4
5120	7
5121	7
5122	7
5123	1
5124	3
5125	2
5126	8
5127	6
5128	5
5129	5
5130	3
5131	2
5132	5
5133	3
5134	4
5135	4
5136	6
5137	3
5138	6
5139	7
5140	4
5141	3
5142	5
5143	2
5144	7
5145	3
5146	2
5147	6
5148	1
5149	4
5150	5
5151	2
5152	2
5153	7
5154	5
5155	6
5156	3
5157	4
5158	4
5159	4
5160	8
5161	3
5162	8
5163	7
5164	3
5165	2
5166	7
5167	5
5168	5
5169	7
5170	3
5171	5
5172	7
5173	3
5174	3
5175	5
5176	3
5177	3
5178	2
5179	2
5180	2
5181	5
5182	6
5183	6
5184	4
5185	5
5186	5
5187	3
5188	4
5189	3
5190	2
5191	4
5192	4
5193	5
5194	2
5195	3
5196	9
5197	2
5198	5
5199	2
5200	2
5201	5
5202	7
5203	1
5204	7
5205	3
5206	4
5207	3
5208	4
5209	1
5210	1
5211	3
5212	5
5213	2
5214	6
5215	7
5216	1
5217	4
5218	3
5219	4
5220	7
5221	7
5222	4
5223	5
5224	8
5225	3
5226	3
5227	4
5228	5
5229	8
5230	6
5231	5
5232	1
5233	6
5234	5
5235	3
5236	2
5237	6
5238	5
5239	4
5240	3
5241	4
5242	2
5243	9
5244	8
5245	5
5246	2
5247	5
5248	4
5249	6
5250	5
5251	3
5252	5
5253	3
5254	5
5255	3
5256	6
5257	5
5258	3
5259	1
5260	4
5261	7
5262	4
5263	6
5264	3
5265	4
5266	2
5267	1
5268	2
5269	2
5270	6
5271	3
5272	6
5273	5
5274	2
5275	5
5276	6
5277	2
5278	3
5279	6
5280	2
5281	1
5282	2
5283	3
5284	7
5285	3
5286	6
5287	4
5288	4
5289	4
5290	5
5291	3
5292	3
5293	5
5294	6
5295	6
5296	4
5297	3
5298	2
5299	1
5300	5
5301	6
5302	1
5303	0
5304	4
5305	4
5306	3
5307	4
5308	7
5309	3
5310	2
5311	6
5312	6
5313	2
5314	3
5315	2
5316	6
5317	5
5318	5
5319	4
5320	2
5321	4
5322	3
5323	4
5324	5
5325	6
5326	3
5327	8
5328	4
5329	5
5330	4
5331	1
5332	0
5333	3
5334	1
5335	4
5336	3
5337	5
5338	4
5339	5
5340	9
5341	3
5342	5
5343	4
5344	7
5345	3
5346	5
5347	3
5348	3
5349	4
5350	5
5351	3
5352	3
5353	3
5354	7
5355	1
5356	9
5357	4
5358	3
5359	5
5360	2
5361	3
5362	3
5363	6
5364	1
5365	10
5366	9
5367	1
5368	4
5369	3
5370	3
5371	6
5372	2
5373	7
5374	4
5375	4
5376	6
5377	4
5378	6
5379	3
5380	3
5381	4
5382	5
5383	4
5384	2
5385	4
5386	7
5387	5
5388	2
5389	2
5390	10
5391	2
5392	4
5393	5
5394	7
5395	3
5396	6
5397	3
5398	3
5399	1
5400	2
5401	2
5402	11
5403	5
5404	5
5405	2
5406	7
5407	4
5408	4
5409	1
5410	2
5411	5
5412	6
5413	5
5414	3
5415	5
5416	3
5417	9
5418	4
5419	3
5420	7
5421	3
5422	8
5423	2
5424	9
5425	6
5426	4
5427	7
5428	4
5429	1
5430	1
5431	4
5432	3
5433	6
5434	10
5435	5
5436	1
5437	1
5438	3
5439	4
5440	3
5441	6
5442	5
5443	4
5444	4
5445	5
5446	5
5447	8
5448	4
5449	5
5450	4
5451	3
5452	6
5453	4
5454	1
5455	2
5456	4
5457	3
5458	4
5459	4
5460	3
5461	6
5462	6
5463	6
5464	4
5465	4
5466	3
5467	5
5468	6
5469	3
5470	6
5471	1
5472	4
5473	2
5474	6
5475	3
5476	1
5477	1
5478	6
5479	4
5480	8
5481	0
5482	6
5483	2
5484	3
5485	6
5486	4
5487	5
5488	10
5489	4
5490	4
5491	2
5492	5
5493	4
5494	5
5495	1
5496	0
5497	3
5498	5
5499	4
5500	1
5501	4
5502	4
5503	2
5504	5
5505	3
5506	2
5507	4
5508	6
5509	6
5510	1
5511	4
5512	8
5513	5
5514	8
5515	3
5516	0
5517	3
5518	2
5519	4
5520	4
5521	6
5522	1
5523	8
5524	3
5525	5
5526	3
5527	3
5528	4
5529	4
5530	4
5531	9
5532	6
5533	4
5534	6
5535	4
5536	3
5537	1
5538	2
5539	6
5540	1
5541	4
5542	3
5543	2
5544	0
5545	4
5546	3
5547	5
5548	1
5549	7
5550	3
5551	8
5552	2
5553	4
5554	6
5555	1
5556	3
5557	0
5558	4
5559	5
5560	3
5561	4
5562	4
5563	5
5564	5
5565	1
5566	5
5567	4
5568	1
5569	3
5570	4
5571	3
5572	6
5573	3
5574	7
5575	0
5576	4
5577	6
5578	8
5579	3
5580	4
5581	5
5582	4
5583	4
5584	7
5585	6
5586	4
5587	2
5588	4
5589	3
5590	7
5591	6
5592	4
5593	2
5594	1
5595	2
5596	3
5597	6
5598	5
5599	2
5600	4
5601	2
5602	3
5603	5
5604	6
5605	2
5606	2
5607	2
5608	6
5609	6
5610	4
5611	5
5612	1
5613	6
5614	2
5615	3
5616	1
5617	4
5618	3
5619	3
5620	6
5621	2
5622	6
5623	3
5624	1
5625	2
5626	5
5627	4
5628	3
5629	2
5630	4
5631	3
5632	2
5633	2
5634	3
5635	2
5636	4
5637	4
5638	2
5639	2
5640	2
5641	7
5642	4
5643	2
5644	6
5645	4
5646	4
5647	2
5648	6
5649	5
5650	2
5651	3
5652	5
5653	2
5654	6
5655	3
5656	5
5657	5
5658	1
5659	4
5660	4
5661	4
5662	3
5663	5
5664	5
5665	5
5666	2
5667	3
5668	3
5669	4
5670	4
5671	4
5672	3
5673	4
5674	6
5675	5
5676	3
5677	3
5678	4
5679	2
5680	5
5681	1
5682	9
5683	8
5684	4
5685	1
5686	5
5687	5
5688	2
5689	4
5690	4
5691	6
5692	1
5693	1
5694	5
5695	4
5696	7
5697	1
5698	2
5699	3
5700	4
5701	1
5702	1
5703	1
5704	3
5705	1
5706	5
5707	2
5708	7
5709	4
5710	0
5711	5
5712	7
5713	2
5714	3
5715	3
5716	2
5717	5
5718	4
5719	6
5720	2
5721	3
5722	4
5723	3
5724	2
5725	6
5726	6
5727	1
5728	6
5729	3
5730	4
5731	2
5732	7
5733	3
5734	3
5735	3
5736	4
5737	1
5738	2
5739	5
5740	7
5741	3
5742	8
5743	7
5744	4
5745	6
5746	7
5747	1
5748	9
5749	3
5750	4
5751	1
5752	5
5753	4
5754	4
5755	3
5756	4
5757	2
5758	4
5759	7
5760	1
5761	4
5762	7
5763	2
5764	4
5765	9
5766	3
5767	4
5768	4
5769	0
5770	4
5771	3
5772	4
5773	2
5774	2
5775	4
5776	3
5777	7
5778	3
5779	1
5780	2
5781	1
5782	8
5783	5
5784	6
5785	3
5786	4
5787	5
5788	3
5789	2
5790	4
5791	5
5792	1
5793	5
5794	7
5795	4
5796	5
5797	1
5798	7
5799	8
5800	8
5801	2
5802	2
5803	5
5804	6
5805	4
5806	2
5807	2
5808	5
5809	2
5810	2
5811	2
5812	4
5813	3
5814	4
5815	3
5816	5
5817	8
5818	5
5819	8
5820	0
5821	1
5822	2
5823	4
5824	4
5825	5
5826	2
5827	3
5828	0
5829	4
5830	7
5831	0
5832	2
5833	1
5834	6
5835	4
5836	3
5837	2
5838	5
5839	4
5840	1
5841	1
5842	3
5843	3
5844	3
5845	2
5846	1
5847	6
5848	4
5849	4
5850	6
5851	2
5852	5
5853	6
5854	5
5855	4
5856	6
5857	3
5858	2
5859	2
5860	7
5861	3
5862	5
5863	3
5864	5
5865	4
5866	4
5867	4
5868	3
5869	2
5870	0
5871	4
5872	6
5873	5
5874	2
5875	4
5876	3
5877	2
5878	0
5879	3
5880	5
5881	4
5882	3
5883	4
5884	3
5885	2
5886	5
5887	5
5888	3
5889	6
5890	5
5891	1
5892	2
5893	4
5894	2
5895	2
5896	2
5897	3
5898	4
5899	2
5900	2
5901	5
5902	3
5903	4
5904	5
5905	1
5906	4
5907	4
5908	7
5909	3
5910	3
5911	5
5912	5
5913	1
5914	5
5915	7
5916	5
5917	3
5918	3
5919	5
5920	4
5921	4
5922	5
5923	3
5924	5
5925	4
5926	4
5927	3
5928	2
5929	4
5930	8
5931	1
5932	5
5933	8
5934	3
5935	0
5936	6
5937	0
5938	7
5939	1
5940	7
5941	7
5942	3
5943	6
5944	2
5945	5
5946	4
5947	0
5948	4
5949	4
5950	4
5951	4
5952	5
5953	1
5954	6
5955	4
5956	2
5957	3
5958	8
5959	3
5960	2
5961	1
5962	5
5963	2
5964	4
5965	1
5966	3
5967	3
5968	2
5969	5
5970	11
5971	2
5972	5
5973	7
5974	2
5975	2
5976	4
5977	3
5978	4
5979	6
5980	4
5981	3
5982	2
5983	5
5984	6
5985	1
5986	3
5987	3
5988	4
5989	1
5990	2
5991	5
5992	3
5993	3
5994	6
5995	5
5996	4
5997	8
5998	5
5999	3
6000	2
6001	5
6002	4
6003	5
6004	3
6005	1
6006	2
6007	5
6008	3
6009	1
6010	4
6011	2
6012	4
6013	2
6014	4
6015	4
6016	6
6017	3
6018	3
6019	2
6020	4
6021	2
6022	5
6023	2
6024	4
6025	4
6026	8
6027	3
6028	3
6029	1
6030	2
6031	4
6032	8
6033	3
6034	5
6035	5
6036	3
6037	6
6038	3
6039	3
6040	1
6041	4
6042	4
6043	3
6044	4
6045	4
6046	2
6047	2
6048	7
6049	6
6050	3
6051	6
6052	1
6053	3
6054	2
6055	4
6056	2
6057	3
6058	6
6059	3
6060	3
6061	5
6062	1
6063	3
6064	0
6065	4
6066	2
6067	5
6068	1
6069	7
6070	1
6071	2
6072	4
6073	5
6074	4
6075	8
6076	4
6077	1
6078	5
6079	2
6080	1
6081	4
6082	5
6083	2
6084	8
6085	4
6086	7
6087	9
6088	5
6089	3
6090	2
6091	1
6092	0
6093	3
6094	6
6095	4
6096	4
6097	3
6098	2
6099	6
6100	6
6101	3
6102	1
6103	2
6104	5
6105	2
6106	9
6107	4
6108	2
6109	3
6110	1
6111	1
6112	5
6113	1
6114	4
6115	1
6116	5
6117	1
6118	5
6119	5
6120	4
6121	4
6122	4
6123	2
6124	5
6125	2
6126	4
6127	3
6128	1
6129	4
6130	1
6131	5
6132	5
6133	3
6134	2
6135	4
6136	1
6137	4
6138	9
6139	7
6140	4
6141	4
6142	4
6143	2
6144	1
6145	8
6146	5
6147	5
6148	1
6149	2
6150	6
6151	3
6152	2
6153	3
6154	1
6155	3
6156	4
6157	5
6158	4
6159	2
6160	4
6161	4
6162	7
6163	2
6164	2
6165	4
6166	5
6167	3
6168	4
6169	5
6170	4
6171	3
6172	5
6173	3
6174	7
6175	4
6176	3
6177	4
6178	2
6179	4
6180	2
6181	1
6182	5
6183	5
6184	7
6185	4
6186	4
6187	1
6188	5
6189	6
6190	3
6191	2
6192	5
6193	6
6194	6
6195	6
6196	7
6197	3
6198	5
6199	4
6200	5
6201	1
6202	2
6203	3
6204	6
6205	2
6206	2
6207	6
6208	3
6209	3
6210	6
6211	6
6212	8
6213	5
6214	2
6215	4
6216	4
6217	3
6218	4
6219	2
6220	2
6221	4
6222	0
6223	3
6224	6
6225	5
6226	2
6227	1
6228	3
6229	4
6230	6
6231	4
6232	1
6233	3
6234	4
6235	2
6236	1
6237	3
6238	6
6239	4
6240	5
6241	2
6242	2
6243	4
6244	6
6245	3
6246	3
6247	7
6248	2
6249	5
6250	4
6251	6
6252	2
6253	4
6254	3
6255	6
6256	3
6257	4
6258	7
6259	2
6260	3
6261	6
6262	5
6263	3
6264	6
6265	4
6266	4
6267	2
6268	3
6269	6
6270	2
6271	6
6272	8
6273	10
6274	8
6275	2
6276	10
6277	3
6278	3
6279	2
6280	5
6281	7
6282	3
6283	5
6284	6
6285	3
6286	3
6287	5
6288	2
6289	2
6290	3
6291	1
6292	5
6293	3
6294	4
6295	4
6296	5
6297	10
6298	7
6299	2
6300	4
6301	9
6302	4
6303	5
6304	6
6305	3
6306	1
6307	4
6308	1
6309	2
6310	6
6311	3
6312	4
6313	5
6314	3
6315	4
6316	4
6317	6
6318	4
6319	3
6320	4
6321	6
6322	5
6323	1
6324	5
6325	2
6326	7
6327	2
6328	4
6329	5
6330	3
6331	5
6332	4
6333	0
6334	6
6335	8
6336	4
6337	6
6338	2
6339	6
6340	5
6341	5
6342	3
6343	2
6344	5
6345	5
6346	3
6347	9
6348	3
6349	1
6350	6
6351	6
6352	3
6353	3
6354	2
6355	6
6356	7
6357	2
6358	6
6359	8
6360	6
6361	4
6362	1
6363	5
6364	7
6365	5
6366	2
6367	2
6368	4
6369	4
6370	6
6371	3
6372	2
6373	7
6374	6
6375	2
6376	3
6377	0
6378	2
6379	2
6380	6
6381	2
6382	11
6383	9
6384	3
6385	9
6386	6
6387	5
6388	5
6389	2
6390	5
6391	4
6392	8
6393	2
6394	2
6395	5
6396	3
6397	6
6398	3
6399	3
6400	4
6401	6
6402	6
6403	9
6404	5
6405	2
6406	0
6407	2
6408	5
6409	3
6410	5
6411	3
6412	4
6413	2
6414	5
6415	1
6416	3
6417	6
6418	7
6419	3
6420	3
6421	6
6422	7
6423	3
6424	7
6425	6
6426	5
6427	7
6428	6
6429	3
6430	5
6431	4
6432	2
6433	6
6434	5
6435	5
6436	5
6437	5
6438	4
6439	6
6440	5
6441	10
6442	5
6443	4
6444	3
6445	3
6446	3
6447	5
6448	4
6449	8
6450	1
6451	5
6452	8
6453	2
6454	3
6455	10
6456	6
6457	4
6458	5
6459	1
6460	1
6461	5
6462	2
6463	10
6464	8
6465	6
6466	3
6467	10
6468	3
6469	3
6470	1
6471	6
6472	4
6473	8
6474	3
6475	6
6476	2
6477	4
6478	5
6479	6
6480	6
6481	5
6482	4
6483	3
6484	3
6485	7
6486	1
6487	1
6488	3
6489	1
6490	7
6491	5
6492	3
6493	6
6494	6
6495	4
6496	3
6497	6
6498	7
6499	8
6500	4
6501	5
6502	5
6503	5
6504	4
6505	5
6506	7
6507	5
6508	4
6509	3
6510	4
6511	5
6512	11
6513	3
6514	7
6515	2
6516	2
6517	8
6518	1
6519	7
6520	6
6521	6
6522	8
6523	4
6524	2
6525	4
6526	7
6527	3
6528	5
6529	3
6530	5
6531	5
6532	4
6533	3
6534	8
6535	3
6536	5
6537	7
6538	7
6539	2
6540	1
6541	2
6542	1
6543	4
6544	7
6545	2
6546	3
6547	5
6548	4
6549	9
6550	2
6551	4
6552	4
6553	4
6554	5
6555	2
6556	5
6557	6
6558	5
6559	2
6560	0
6561	4
6562	3
6563	3
6564	2
6565	4
6566	2
6567	8
6568	2
6569	4
6570	6
6571	10
6572	7
6573	5
6574	5
6575	8
6576	1
6577	5
6578	3
6579	8
6580	6
6581	5
6582	3
6583	3
6584	2
6585	1
6586	2
6587	6
6588	10
6589	3
6590	3
6591	3
6592	5
6593	9
6594	3
6595	2
6596	2
6597	4
6598	8
6599	4
6600	5
6601	3
6602	5
6603	4
6604	4
6605	5
6606	5
6607	3
6608	2
6609	2
6610	3
6611	6
6612	0
6613	6
6614	7
6615	5
6616	4
6617	5
6618	2
6619	1
6620	5
6621	6
6622	0
6623	3
6624	5
6625	4
6626	4
6627	10
6628	5
6629	3
6630	6
6631	3
6632	7
6633	3
6634	3
6635	3
6636	1
6637	2
6638	5
6639	6
6640	4
6641	3
6642	4
6643	6
6644	7
6645	2
6646	0
6647	7
6648	5
6649	5
6650	5
6651	2
6652	1
6653	5
6654	5
6655	2
6656	5
6657	2
6658	4
6659	0
6660	6
6661	4
6662	3
6663	0
6664	3
6665	3
6666	1
6667	5
6668	2
6669	5
6670	3
6671	3
6672	3
6673	5
6674	3
6675	5
6676	0
6677	4
6678	2
6679	5
6680	2
6681	4
6682	4
6683	4
6684	4
6685	2
6686	3
6687	2
6688	4
6689	3
6690	4
6691	2
6692	2
6693	2
6694	4
6695	3
6696	2
6697	0
6698	4
6699	0
6700	4
6701	5
6702	4
6703	4
6704	3
6705	2
6706	2
6707	6
6708	2
6709	3
6710	4
6711	1
6712	2
6713	2
6714	2
6715	0
6716	7
6717	4
6718	4
6719	2
6720	2
6721	2
6722	1
6723	0
6724	3
6725	2
6726	4
6727	2
6728	1
6729	5
6730	0
6731	3
6732	3
6733	3
6734	6
6735	2
6736	3
6737	5
6738	4
6739	0
6740	2
6741	2
6742	3
6743	4
6744	5
6745	0
6746	7
6747	0
6748	4
6749	3
6750	4
6751	1
6752	3
6753	3
6754	5
6755	1
6756	4
6757	2
6758	2
6759	0
6760	1
6761	1
6762	1
6763	2
6764	2
6765	1
6766	5
6767	5
6768	2
6769	2
6770	3
6771	1
6772	2
6773	2
6774	3
6775	4
6776	3
6777	6
6778	4
6779	3
6780	2
6781	1
6782	3
6783	4
6784	2
6785	2
6786	0
6787	2
6788	5
6789	4
6790	4
6791	3
6792	1
6793	1
6794	3
6795	3
6796	1
6797	4
6798	1
6799	3
6800	3
6801	1
6802	4
6803	3
6804	4
6805	2
6806	1
6807	2
6808	1
6809	3
6810	3
6811	1
6812	0
6813	1
6814	2
6815	2
6816	1
6817	0
6818	2
6819	6
6820	4
6821	1
6822	2
6823	3
6824	1
6825	1
6826	2
6827	2
6828	1
6829	1
6830	2
6831	1
6832	2
6833	2
6834	1
6835	4
6836	3
6837	2
6838	3
6839	0
6840	2
6841	1
6842	0
6843	2
6844	1
6845	0
6846	2
6847	0
6848	3
6849	3
6850	0
6851	0
6852	0
6853	0
6854	2
6855	2
6856	1
6857	0
6858	2
6859	0
6860	2
6861	2
6862	0
6863	0
6864	1
6865	2
6866	3
6867	1
6868	1
6869	3
6870	0
6871	1
6872	1
6873	0
6874	1
6875	1
6876	2
6877	1
6878	1
6879	3
6880	2
6881	1
6882	2
6883	0
6884	1
6885	0
6886	0
6887	1
6888	1
6889	3
6890	1
6891	3
6892	1
6893	0
6894	1
6895	1
6896	2
6897	2
6898	1
6899	2
6900	1
6901	1
6902	1
6903	0
6904	1
6905	1
6906	1
6907	0
6908	1
6909	3
6910	0
6911	0
6912	1
6913	3
6914	2
6915	2
6916	0
6917	1
6918	0
6919	2
6920	3
6921	0
6922	0
6923	0
6924	0
6925	0
6926	0
6927	2
6928	0
6929	1
6930	2
6931	1
6932	2
6933	2
6934	3
6935	1
6936	1
6937	1
6938	1
6939	0
6940	1
6941	0
6942	0
6943	0
6944	1
6945	1
6946	3
6947	1
6948	0
6949	1
6950	2
6951	0
6952	1
6953	1
6954	0
6955	2
6956	0
6957	1
6958	1
6959	1
6960	2
6961	1
6962	2
6963	0
6964	2
6965	1
6966	1
6967	2
6968	0
6969	0
6970	0
6971	1
6972	0
6973	0
6974	0
6975	1
6976	0
6977	0
6978	0
6979	1
6980	0
6981	2
6982	2
6983	1
6984	1
6985	0
6986	0
6987	0
6988	1
6989	0
6990	3
6991	0
6992	1
6993	2
6994	0
6995	1
6996	0
6997	0
6998	1
6999	1
7000	0
7001	1
7002	0
7003	1
7004	0
7005	0
7006	2
7007	0
7008	0
7009	0
7010	0
7011	0
7012	0
7013	0
7014	0
7015	0
7016	0
7017	2
7018	0
7019	1
7020	1
7021	1
7022	0
7023	0
7024	1
7025	0
7026	1
7027	0
7028	0
7029	0
7030	1
7031	2
7032	1
7033	2
7034	0
7035	0
7036	1
7037	0
7038	2
7039	0
7040	3
7041	2
7042	1
7043	2
7044	0
7045	0
7046	2
7047	1
7048	1
7049	0
7050	0
7051	0
7052	0
7053	0
7054	0
7055	0
7056	1
7057	0
7058	0
7059	1
7060	0
7061	0
7062	0
7063	1
7064	0
7065	1
7066	0
7067	1
7068	1
7069	1
7070	0
7071	0
7072	1
7073	1
7074	1
7075	0
7076	0
7077	0
7078	0
7079	0
7080	0
7081	0
7082	0
7083	0
7084	1
7085	0
7086	1
7087	0
7088	1
7089	1
7090	1
7091	1
7092	2
7093	1
7094	0
7095	4
7096	1
7097	2
7098	2
7099	2
7100	0
7101	0
7102	0
7103	2
7104	1
7105	1
7106	1
7107	0
7108	0
7109	1
7110	2
7111	1
7112	0
7113	1
7114	0
7115	1
7116	1
7117	1
7118	1
7119	0
7120	1
7121	2
7122	1
7123	0
7124	0
7125	1
7126	1
7127	1
7128	0
7129	0
7130	0
7131	0
7132	2
7133	1
7134	0
7135	0
7136	0
7137	2
7138	1
7139	0
7140	0
7141	1
7142	1
7143	0
7144	0
7145	1
7146	3
7147	0
7148	1
7149	0
7150	1
7151	1
7152	0
7153	0
7154	1
7155	0
7156	0
7157	1
7158	1
7159	0
7160	0
7161	0
7162	0
7163	0
7164	0
7165	0
7166	0
7167	0
7168	0
7169	0
7170	0
7171	1
7172	0
7173	0
7174	0
7175	0
7176	1
7177	0
7178	0
7179	1
7180	0
7181	1
7182	2
7183	2
7184	0
7185	0
7186	0
7187	0
7188	0
7189	1
7190	2
7191	0
7192	0
7193	0
7194	0
7195	1
7196	0
7197	0
7198	0
7199	0
7200	0
7201	0
7202	2
7203	0
7204	0
7205	0
7206	2
7207	1
7208	2
7209	0
7210	0
7211	1
7212	1
7213	0
7214	0
7215	0
7216	2
7217	0
7218	0
7219	0
7220	0
7221	1
7222	1
7223	0
7224	0
7225	1
7226	0
7227	0
7228	0
7229	0
7230	2
7231	0
7232	1
7233	0
7234	0
7235	1
7236	1
7237	1
7238	1
7239	0
7240	0
7241	2
7242	0
7243	2
7244	0
7245	0
7246	0
7247	2
7248	2
7249	0
7250	0
7251	0
7252	1
7253	0
7254	0
7255	1
7256	1
7257	0
7258	1
7259	2
7260	1
7261	3
7262	1
7263	0
7264	1
7265	0
7266	1
7267	1
7268	1
7269	1
7270	0
7271	0
7272	1
7273	1
7274	0
7275	0
7276	1
7277	1
7278	1
7279	1
7280	0
7281	1
7282	0
7283	0
7284	1
7285	0
7286	0
7287	0
7288	0
7289	1
7290	0
7291	0
7292	2
7293	1
7294	0
7295	1
7296	0
7297	0
7298	1
7299	0
7300	1
7301	0
7302	1
7303	0
7304	0
7305	1
7306	1
7307	0
7308	1
7309	1
7310	0
7311	1
7312	0
7313	0
7314	2
7315	0
7316	0
7317	1
7318	2
7319	1
7320	0
7321	0
7322	0
7323	1
7324	1
7325	1
7326	0
7327	0
7328	0
7329	1
7330	0
7331	1
7332	0
7333	2
7334	1
7335	3
7336	0
7337	0
7338	1
7339	0
7340	0
7341	2
7342	0
7343	0
7344	0
7345	0
7346	1
7347	0
7348	0
7349	2
7350	1
7351	0
7352	0
7353	0
7354	3
7355	0
7356	0
7357	0
7358	0
7359	0
7360	0
7361	0
7362	2
7363	0
7364	0
7365	0
7366	2
7367	2
7368	0
7369	0
7370	1
7371	2
7372	0
7373	0
7374	0
7375	1
7376	0
7377	0
7378	2
7379	1
7380	0
7381	0
7382	2
7383	1
7384	0
7385	1
7386	1
7387	1
7388	1
7389	0
7390	1
7391	0
7392	1
7393	0
7394	0
7395	0
7396	2
7397	0
7398	1
7399	1
7400	1
7401	1
7402	0
7403	1
7404	2
7405	1
7406	0
7407	1
7408	0
7409	0
7410	1
7411	0
7412	3
7413	0
7414	1
7415	1
7416	0
7417	1
7418	0
7419	0
7420	0
7421	0
7422	0
7423	0
7424	1
7425	1
7426	1
7427	0
7428	0
7429	0
7430	1
7431	0
7432	0
7433	0
7434	0
7435	2
7436	1
7437	2
7438	0
7439	0
7440	0
7441	0
7442	1
7443	0
7444	0
7445	3
7446	0
7447	0
7448	0
7449	1
7450	0
7451	0
7452	1
7453	1
7454	0
7455	0
7456	1
7457	0
7458	0
7459	0
7460	0
7461	0
7462	2
7463	0
7464	0
7465	0
7466	2
7467	1
7468	0
7469	0
7470	0
7471	0
7472	1
7473	1
7474	1
7475	0
7476	0
7477	0
7478	1
7479	3
7480	0
7481	0
7482	0
7483	0
7484	1
7485	0
7486	0
7487	1
7488	0
7489	1
7490	2
7491	1
7492	1
7493	0
7494	0
7495	0
7496	0
7497	0
7498	1
7499	0
7500	1
7501	1
7502	0
7503	0
7504	0
7505	1
7506	0
7507	0
7508	1
7509	0
7510	1
7511	0
7512	1
7513	0
7514	0
7515	0
7516	0
7517	1
7518	0
7519	0
7520	0
7521	1
7522	0
7523	0
7524	1
7525	2
7526	2
7527	0
7528	1
7529	0
7530	0
7531	2
7532	1
7533	0
7534	0
7535	1
7536	1
7537	0
7538	2
7539	0
7540	0
7541	3
7542	0
7543	0
7544	3
7545	0
7546	0
7547	1
7548	0
7549	3
7550	2
7551	1
7552	0
7553	2
7554	0
7555	1
7556	0
7557	0
7558	1
7559	1
7560	0
7561	2
7562	1
7563	0
7564	0
7565	0
7566	0
7567	1
7568	1
7569	0
7570	1
7571	0
7572	0
7573	0
7574	0
7575	1
7576	0
7577	0
7578	0
7579	2
7580	1
7581	1
7582	0
7583	1
7584	0
7585	1
7586	0
7587	1
7588	0
7589	0
7590	1
7591	2
7592	1
7593	0
7594	0
7595	0
7596	1
7597	2
7598	2
7599	0
7600	0
7601	0
7602	1
7603	0
7604	1
7605	0
7606	0
7607	0
7608	1
7609	0
7610	0
7611	0
7612	0
7613	1
7614	0
7615	1
7616	1
7617	0
7618	0
7619	0
7620	0
7621	1
7622	1
7623	0
7624	1
7625	0
7626	0
7627	0
7628	0
7629	0
7630	1
7631	0
7632	1
7633	0
7634	1
7635	0
7636	2
7637	0
7638	0
7639	0
7640	0
7641	0
7642	1
7643	1
7644	1
7645	0
7646	1
7647	0
7648	2
7649	0
7650	1
7651	0
7652	1
7653	0
7654	0
7655	0
7656	0
7657	0
7658	0
7659	0
7660	0
7661	1
7662	1
7663	0
7664	1
7665	0
7666	0
7667	1
7668	0
7669	0
7670	0
7671	0
7672	1
7673	2
7674	1
7675	0
7676	3
7677	0
7678	1
7679	0
7680	1
7681	2
7682	1
7683	0
7684	0
7685	1
7686	1
7687	0
7688	1
7689	0
7690	2
7691	0
7692	0
7693	0
7694	0
7695	0
7696	0
7697	1
7698	1
7699	0
7700	1
7701	2
7702	2
7703	0
7704	0
7705	0
7706	0
7707	0
7708	1
7709	0
7710	0
7711	0
7712	0
7713	0
7714	1
7715	0
7716	1
7717	0
7718	1
7719	3
7720	0
7721	2
7722	0
7723	1
7724	1
7725	0
7726	1
7727	1
7728	0
7729	1
7730	0
7731	0
7732	1
7733	0
7734	1
7735	0
7736	1
7737	2
7738	1
7739	0
7740	0
7741	1
7742	1
7743	0
7744	1
7745	0
7746	0
7747	0
7748	0
7749	1
7750	1
7751	1
7752	1
7753	1
7754	2
7755	1
7756	0
7757	1
7758	0
7759	1
7760	0
7761	0
7762	1
7763	1
7764	1
7765	1
7766	0
7767	0
7768	0
7769	1
7770	0
7771	1
7772	0
7773	0
7774	1
7775	1
7776	0
7777	0
7778	1
7779	2
7780	1
7781	0
7782	1
7783	0
7784	1
7785	0
7786	0
7787	0
7788	1
7789	1
7790	0
7791	0
7792	0
7793	1
7794	0
7795	0
7796	1
7797	0
7798	0
7799	2
7800	2
7801	0
7802	2
7803	1
7804	0
7805	0
7806	0
7807	1
7808	1
7809	2
7810	1
7811	0
7812	1
7813	1
7814	1
7815	0
7816	0
7817	0
7818	1
7819	1
7820	0
7821	1
7822	0
7823	1
7824	0
7825	0
7826	0
7827	0
7828	0
7829	1
7830	0
7831	0
7832	0
7833	1
7834	0
7835	1
7836	1
7837	0
7838	2
7839	1
7840	1
7841	1
7842	2
7843	0
7844	0
7845	0
7846	2
7847	0
7848	0
7849	1
7850	1
7851	0
7852	0
7853	2
7854	0
7855	0
7856	1
7857	1
7858	0
7859	0
7860	0
7861	1
7862	1
7863	0
7864	3
7865	2
7866	0
7867	0
7868	1
7869	0
7870	0
7871	0
7872	0
7873	0
7874	1
7875	2
7876	0
7877	0
7878	1
7879	1
7880	0
7881	1
7882	0
7883	0
7884	0
7885	0
7886	0
7887	0
7888	1
7889	0
7890	0
7891	0
7892	2
7893	2
7894	0
7895	1
7896	0
7897	0
7898	0
7899	0
7900	0
7901	0
7902	0
7903	0
7904	2
7905	1
7906	1
7907	1
7908	2
7909	1
7910	0
7911	1
7912	1
7913	0
7914	0
7915	0
7916	0
7917	0
7918	0
7919	1
7920	0
7921	0
7922	0
7923	0
7924	0
7925	1
7926	0
7927	1
7928	0
7929	0
7930	0
7931	3
7932	1
7933	0
7934	2
7935	0
7936	1
7937	0
7938	1
7939	0
7940	0
7941	0
7942	1
7943	2
7944	0
7945	0
7946	0
7947	1
7948	0
7949	0
7950	1
7951	0
7952	0
7953	0
7954	0
7955	2
7956	1
7957	0
7958	3
7959	1
7960	0
7961	0
7962	1
7963	2
7964	1
7965	1
7966	1
7967	1
7968	0
7969	0
7970	0
7971	0
7972	0
7973	0
7974	0
7975	0
7976	0
7977	1
7978	0
7979	0
7980	0
7981	0
7982	1
7983	1
7984	0
7985	1
7986	1
7987	0
7988	1
7989	0
7990	0
7991	1
7992	0
7993	0
7994	1
7995	0
7996	0
7997	0
7998	0
7999	0
8000	3
8001	1
8002	0
8003	1
8004	0
8005	0
8006	0
8007	1
8008	0
8009	0
8010	1
8011	1
8012	0
8013	0
8014	0
8015	0
8016	1
8017	0
8018	0
8019	1
8020	0
8021	0
8022	2
8023	0
8024	2
8025	0
8026	0
8027	1
8028	0
8029	1
8030	2
8031	0
8032	1
8033	0
8034	0
8035	0
8036	1
8037	1
8038	0
8039	0
8040	1
8041	0
8042	0
8043	0
8044	1
8045	1
8046	0
8047	0
8048	0
8049	1
8050	1
8051	3
8052	1
8053	1
8054	1
8055	2
8056	0
8057	0
8058	1
8059	0
8060	0
8061	1
8062	1
8063	0
8064	0
8065	0
8066	1
8067	0
8068	1
8069	0
8070	0
8071	1
8072	0
8073	1
8074	0
8075	0
8076	1
8077	1
8078	1
8079	1
8080	0
8081	0
8082	0
8083	0
8084	0
8085	0
8086	0
8087	0
8088	0
8089	0
8090	0
8091	0
8092	0
8093	0
8094	0
8095	0
8096	0
8097	0
8098	0
8099	0
8100	0
8101	0
8102	0
8103	0
8104	0
8105	0
8106	0
8107	0
8108	0
8109	0
8110	0
8111	0
8112	0
8113	0
8114	0
8115	0
8116	0
8117	0
8118	0
8119	0
8120	0
8121	0
8122	0
8123	0
8124	0
8125	0
8126	0
8127	0
8128	0
8129	0
8130	0
8131	0
8132	0
8133	0
8134	0
8135	0
8136	0
8137	0
8138	0
8139	0
8140	0
8141	0
8142	0
8143	0
8144	0
8145	0
8146	0
8147	0
8148	0
8149	0
8150	0
8151	0
8152	0
8153	0
8154	0
8155	0
8156	0
8157	0
8158	0
8159	0
8160	0
8161	0
8162	0
8163	0
8164	0
8165	0
8166	0
8167	0
8168	0
8169	0
8170	0
8171	0
8172	0
8173	0
8174	0
8175	0
8176	0
8177	0
8178	0
8179	0
8180	0
8181	0
8182	0
8183	0
8184	0
8185	0
8186	0
8187	0
8188	0
8189	0
8190	0
8191	0
