0	0
1	0
2	0
3	0
4	0
5	0
6	0
7	0
8	0
9	0
10	0
11	0
12	0
13	0
14	0
15	0
16	0
17	0
18	0
19	0
20	0
21	0
22	0
23	0
24	0
25	0
26	0
27	0
28	0
29	0
30	0
31	0
32	0
33	0
34	0
35	0
36	0
37	0
38	0
39	0
40	0
41	0
42	0
43	0
44	0
45	0
46	0
47	0
48	0
49	0
50	0
51	0
52	0
53	0
54	0
55	0
56	0
57	0
58	0
59	0
60	0
61	0
62	0
63	0
64	0
65	0
66	0
67	0
68	0
69	0
70	0
71	0
72	0
73	0
74	0
75	0
76	0
77	0
78	0
79	0
80	0
81	0
82	0
83	0
84	2
85	1
86	9
87	8
88	13
89	10
90	11
91	13
92	17
93	6
94	10
95	4
96	11
97	7
98	7
99	8
100	2
101	4
102	4
103	6
104	10
105	5
106	6
107	8
108	6
109	6
110	4
111	10
112	6
113	4
114	8
115	2
116	8
117	3
118	4
119	4
120	5
121	7
122	4
123	7
124	10
125	4
126	2
127	6
128	2
129	5
130	9
131	3
132	6
133	4
134	4
135	4
136	8
137	7
138	6
139	6
140	3
141	3
142	3
143	11
144	5
145	6
146	3
147	3
148	5
149	10
150	6
151	9
152	5
153	7
154	4
155	5
156	11
157	3
158	1
159	3
160	6
161	4
162	7
163	3
164	1
165	4
166	5
167	7
168	5
169	5
170	5
171	7
172	5
173	4
174	10
175	7
176	6
177	2
178	4
179	6
180	3
181	8
182	4
183	4
184	4
185	5
186	6
187	8
188	7
189	5
190	10
191	4
192	2
193	11
194	6
195	8
196	5
197	5
198	3
199	6
200	3
201	3
202	6
203	5
204	7
205	7
206	2
207	9
208	7
209	7
210	9
211	5
212	5
213	6
214	4
215	5
216	6
217	3
218	4
219	11
220	7
221	10
222	8
223	5
224	3
225	7
226	3
227	8
228	5
229	8
230	5
231	10
232	8
233	7
234	6
235	4
236	7
237	8
238	7
239	8
240	6
241	8
242	9
243	5
244	7
245	10
246	3
247	7
248	4
249	13
250	5
251	6
252	3
253	10
254	5
255	5
256	5
257	5
258	8
259	5
260	8
261	8
262	8
263	5
264	7
265	4
266	8
267	3
268	5
269	7
270	5
271	6
272	9
273	4
274	7
275	8
276	7
277	5
278	3
279	8
280	9
281	9
282	5
283	4
284	7
285	10
286	9
287	8
288	9
289	11
290	5
291	8
292	8
293	8
294	8
295	7
296	8
297	4
298	8
299	3
300	9
301	7
302	9
303	7
304	6
305	6
306	4
307	7
308	5
309	6
310	6
311	4
312	8
313	5
314	4
315	4
316	6
317	5
318	10
319	7
320	9
321	4
322	8
323	4
324	9
325	2
326	3
327	6
328	10
329	5
330	7
331	4
332	6
333	9
334	7
335	5
336	7
337	7
338	10
339	10
340	4
341	6
342	7
343	3
344	5
345	3
346	7
347	2
348	7
349	8
350	5
351	5
352	9
353	7
354	12
355	4
356	6
357	4
358	5
359	4
360	6
361	3
362	7
363	8
364	5
365	8
366	3
367	8
368	5
369	8
370	6
371	3
372	9
373	9
374	4
375	7
376	8
377	2
378	6
379	6
380	5
381	8
382	6
383	5
384	5
385	8
386	5
387	5
388	1
389	12
390	7
391	7
392	6
393	7
394	5
395	4
396	5
397	8
398	6
399	6
400	5
401	7
402	2
403	6
404	5
405	5
406	8
407	7
408	8
409	6
410	5
411	6
412	5
413	5
414	9
415	9
416	7
417	9
418	5
419	9
420	6
421	2
422	6
423	6
424	4
425	7
426	2
427	2
428	7
429	5
430	3
431	7
432	7
433	3
434	8
435	11
436	7
437	6
438	10
439	7
440	11
441	8
442	16
443	3
444	7
445	5
446	13
447	8
448	5
449	6
450	9
451	7
452	9
453	5
454	7
455	4
456	7
457	3
458	8
459	5
460	6
461	5
462	4
463	4
464	6
465	11
466	8
467	10
468	3
469	9
470	6
471	4
472	10
473	10
474	6
475	4
476	8
477	6
478	5
479	6
480	8
481	8
482	5
483	7
484	3
485	7
486	11
487	10
488	8
489	8
490	8
491	6
492	8
493	8
494	7
495	5
496	3
497	9
498	10
499	3
500	11
501	8
502	6
503	6
504	4
505	10
506	9
507	10
508	4
509	6
510	3
511	7
512	6
513	6
514	7
515	5
516	10
517	7
518	9
519	6
520	5
521	7
522	8
523	11
524	7
525	7
526	5
527	6
528	8
529	6
530	7
531	6
532	1
533	8
534	5
535	9
536	3
537	8
538	13
539	6
540	6
541	12
542	4
543	3
544	7
545	9
546	7
547	11
548	2
549	8
550	9
551	5
552	6
553	5
554	11
555	8
556	9
557	10
558	8
559	5
560	6
561	8
562	3
563	2
564	11
565	6
566	7
567	5
568	6
569	4
570	11
571	8
572	8
573	12
574	7
575	8
576	11
577	8
578	9
579	13
580	7
581	6
582	10
583	9
584	8
585	9
586	6
587	5
588	8
589	8
590	6
591	6
592	7
593	3
594	5
595	5
596	4
597	5
598	3
599	6
600	7
601	12
602	10
603	7
604	9
605	8
606	8
607	5
608	8
609	7
610	11
611	4
612	10
613	11
614	6
615	3
616	12
617	9
618	10
619	10
620	6
621	6
622	7
623	4
624	10
625	6
626	4
627	14
628	7
629	6
630	12
631	5
632	5
633	5
634	5
635	5
636	9
637	8
638	6
639	5
640	9
641	9
642	6
643	8
644	12
645	5
646	7
647	7
648	8
649	10
650	4
651	5
652	6
653	9
654	6
655	10
656	12
657	5
658	4
659	9
660	6
661	8
662	8
663	6
664	5
665	8
666	7
667	7
668	7
669	4
670	8
671	8
672	5
673	5
674	4
675	7
676	12
677	2
678	6
679	4
680	9
681	10
682	9
683	9
684	8
685	6
686	11
687	6
688	7
689	8
690	16
691	11
692	12
693	7
694	8
695	10
696	14
697	7
698	10
699	6
700	9
701	6
702	10
703	6
704	18
705	6
706	5
707	6
708	13
709	12
710	8
711	7
712	11
713	6
714	11
715	9
716	1
717	9
718	6
719	14
720	7
721	5
722	9
723	7
724	3
725	8
726	12
727	9
728	11
729	13
730	5
731	8
732	7
733	4
734	5
735	9
736	7
737	9
738	11
739	13
740	9
741	11
742	10
743	13
744	17
745	9
746	11
747	9
748	6
749	14
750	7
751	6
752	10
753	13
754	11
755	14
756	6
757	14
758	9
759	8
760	11
761	12
762	9
763	9
764	7
765	7
766	12
767	11
768	8
769	13
770	10
771	15
772	10
773	12
774	16
775	11
776	7
777	12
778	14
779	14
780	11
781	15
782	12
783	14
784	16
785	13
786	12
787	9
788	10
789	7
790	10
791	12
792	6
793	16
794	16
795	14
796	9
797	14
798	9
799	16
800	12
801	21
802	17
803	18
804	12
805	11
806	23
807	18
808	14
809	15
810	10
811	8
812	21
813	8
814	15
815	13
816	14
817	21
818	18
819	14
820	15
821	17
822	12
823	14
824	18
825	16
826	17
827	14
828	21
829	7
830	5
831	14
832	16
833	21
834	12
835	21
836	12
837	18
838	11
839	18
840	15
841	19
842	14
843	17
844	11
845	10
846	11
847	10
848	12
849	15
850	14
851	9
852	13
853	15
854	17
855	19
856	17
857	10
858	15
859	15
860	10
861	12
862	17
863	16
864	19
865	10
866	16
867	15
868	16
869	15
870	16
871	13
872	14
873	14
874	17
875	14
876	12
877	19
878	18
879	12
880	25
881	10
882	17
883	12
884	20
885	16
886	14
887	15
888	14
889	13
890	5
891	12
892	12
893	11
894	10
895	14
896	14
897	8
898	13
899	23
900	14
901	15
902	12
903	20
904	12
905	9
906	16
907	12
908	8
909	8
910	15
911	14
912	17
913	8
914	12
915	10
916	10
917	11
918	19
919	12
920	13
921	8
922	16
923	12
924	11
925	10
926	21
927	11
928	8
929	12
930	7
931	12
932	8
933	16
934	17
935	12
936	6
937	12
938	13
939	17
940	9
941	15
942	14
943	14
944	15
945	11
946	12
947	13
948	16
949	8
950	19
951	15
952	9
953	10
954	7
955	7
956	13
957	19
958	15
959	14
960	14
961	15
962	16
963	8
964	10
965	20
966	12
967	13
968	12
969	9
970	6
971	14
972	12
973	5
974	13
975	13
976	11
977	9
978	11
979	14
980	14
981	10
982	19
983	11
984	10
985	9
986	8
987	10
988	11
989	13
990	15
991	10
992	10
993	13
994	18
995	13
996	16
997	10
998	9
999	17
1000	13
1001	11
1002	11
1003	7
1004	9
1005	7
1006	11
1007	15
1008	6
1009	11
1010	13
1011	12
1012	17
1013	9
1014	5
1015	13
1016	9
1017	9
1018	8
1019	11
1020	7
1021	16
1022	10
1023	8
1024	13
1025	18
1026	12
1027	9
1028	17
1029	6
1030	7
1031	11
1032	20
1033	13
1034	11
1035	10
1036	9
1037	11
1038	10
1039	6
1040	13
1041	12
1042	12
1043	13
1044	10
1045	10
1046	10
1047	11
1048	16
1049	12
1050	8
1051	9
1052	13
1053	8
1054	6
1055	9
1056	10
1057	6
1058	11
1059	7
1060	12
1061	11
1062	9
1063	9
1064	10
1065	6
1066	10
1067	11
1068	10
1069	10
1070	15
1071	14
1072	8
1073	13
1074	10
1075	14
1076	9
1077	8
1078	10
1079	15
1080	11
1081	12
1082	11
1083	10
1084	10
1085	17
1086	13
1087	15
1088	12
1089	8
1090	7
1091	12
1092	11
1093	14
1094	7
1095	7
1096	4
1097	13
1098	10
1099	9
1100	6
1101	13
1102	10
1103	10
1104	7
1105	22
1106	13
1107	10
1108	14
1109	11
1110	16
1111	10
1112	14
1113	13
1114	10
1115	11
1116	10
1117	9
1118	10
1119	11
1120	10
1121	12
1122	15
1123	15
1124	11
1125	8
1126	14
1127	9
1128	18
1129	13
1130	8
1131	10
1132	14
1133	9
1134	6
1135	9
1136	11
1137	11
1138	12
1139	12
1140	10
1141	9
1142	7
1143	16
1144	13
1145	13
1146	13
1147	9
1148	11
1149	14
1150	13
1151	17
1152	10
1153	14
1154	11
1155	10
1156	10
1157	11
1158	16
1159	14
1160	7
1161	15
1162	12
1163	8
1164	7
1165	11
1166	16
1167	17
1168	12
1169	10
1170	5
1171	6
1172	9
1173	15
1174	11
1175	13
1176	13
1177	14
1178	10
1179	6
1180	16
1181	8
1182	18
1183	15
1184	11
1185	15
1186	13
1187	19
1188	11
1189	13
1190	9
1191	19
1192	9
1193	16
1194	11
1195	10
1196	21
1197	15
1198	11
1199	15
1200	11
1201	13
1202	12
1203	17
1204	13
1205	11
1206	12
1207	13
1208	15
1209	12
1210	13
1211	18
1212	10
1213	9
1214	19
1215	17
1216	12
1217	11
1218	9
1219	12
1220	14
1221	9
1222	15
1223	14
1224	12
1225	12
1226	18
1227	6
1228	12
1229	9
1230	10
1231	10
1232	13
1233	9
1234	10
1235	15
1236	13
1237	22
1238	12
1239	21
1240	15
1241	21
1242	10
1243	15
1244	7
1245	12
1246	10
1247	7
1248	15
1249	13
1250	14
1251	10
1252	14
1253	9
1254	7
1255	10
1256	21
1257	20
1258	16
1259	12
1260	11
1261	18
1262	7
1263	12
1264	18
1265	12
1266	6
1267	19
1268	12
1269	18
1270	12
1271	15
1272	12
1273	12
1274	21
1275	14
1276	12
1277	13
1278	14
1279	15
1280	14
1281	21
1282	16
1283	11
1284	12
1285	15
1286	13
1287	16
1288	13
1289	20
1290	16
1291	8
1292	17
1293	11
1294	16
1295	14
1296	8
1297	16
1298	14
1299	18
1300	14
1301	10
1302	13
1303	19
1304	11
1305	13
1306	14
1307	18
1308	16
1309	16
1310	10
1311	15
1312	14
1313	10
1314	10
1315	15
1316	20
1317	13
1318	19
1319	14
1320	11
1321	17
1322	13
1323	15
1324	11
1325	11
1326	13
1327	12
1328	6
1329	15
1330	17
1331	14
1332	11
1333	16
1334	16
1335	13
1336	14
1337	19
1338	18
1339	14
1340	11
1341	15
1342	19
1343	21
1344	14
1345	17
1346	20
1347	16
1348	12
1349	11
1350	16
1351	6
1352	23
1353	13
1354	20
1355	20
1356	13
1357	23
1358	10
1359	32
1360	14
1361	21
1362	22
1363	18
1364	15
1365	10
1366	12
1367	12
1368	18
1369	19
1370	11
1371	18
1372	12
1373	20
1374	10
1375	12
1376	17
1377	10
1378	21
1379	14
1380	13
1381	14
1382	23
1383	18
1384	8
1385	20
1386	14
1387	15
1388	11
1389	13
1390	15
1391	12
1392	12
1393	16
1394	23
1395	15
1396	17
1397	16
1398	15
1399	12
1400	16
1401	15
1402	18
1403	16
1404	18
1405	17
1406	9
1407	11
1408	11
1409	16
1410	12
1411	14
1412	13
1413	18
1414	15
1415	11
1416	14
1417	13
1418	15
1419	19
1420	20
1421	14
1422	6
1423	16
1424	15
1425	21
1426	20
1427	23
1428	22
1429	17
1430	20
1431	13
1432	10
1433	15
1434	13
1435	20
1436	18
1437	18
1438	18
1439	18
1440	25
1441	16
1442	15
1443	14
1444	11
1445	11
1446	15
1447	12
1448	19
1449	12
1450	21
1451	19
1452	15
1453	17
1454	17
1455	21
1456	16
1457	11
1458	23
1459	13
1460	27
1461	15
1462	14
1463	6
1464	12
1465	9
1466	18
1467	15
1468	20
1469	17
1470	14
1471	17
1472	11
1473	19
1474	13
1475	21
1476	15
1477	11
1478	17
1479	16
1480	15
1481	17
1482	11
1483	22
1484	11
1485	17
1486	17
1487	18
1488	18
1489	19
1490	13
1491	21
1492	18
1493	16
1494	18
1495	13
1496	15
1497	20
1498	20
1499	11
1500	22
1501	14
1502	13
1503	17
1504	20
1505	21
1506	18
1507	19
1508	22
1509	19
1510	17
1511	20
1512	18
1513	23
1514	20
1515	21
1516	23
1517	20
1518	15
1519	14
1520	14
1521	11
1522	9
1523	18
1524	19
1525	18
1526	14
1527	18
1528	18
1529	17
1530	13
1531	17
1532	15
1533	9
1534	16
1535	17
1536	19
1537	17
1538	11
1539	17
1540	18
1541	13
1542	18
1543	20
1544	20
1545	14
1546	19
1547	17
1548	14
1549	12
1550	18
1551	16
1552	16
1553	11
1554	10
1555	15
1556	26
1557	21
1558	14
1559	11
1560	19
1561	21
1562	20
1563	19
1564	16
1565	33
1566	15
1567	22
1568	14
1569	22
1570	17
1571	17
1572	21
1573	27
1574	13
1575	15
1576	18
1577	12
1578	23
1579	13
1580	17
1581	16
1582	10
1583	18
1584	15
1585	22
1586	21
1587	19
1588	19
1589	19
1590	20
1591	13
1592	9
1593	19
1594	19
1595	18
1596	19
1597	19
1598	16
1599	20
1600	11
1601	23
1602	16
1603	7
1604	17
1605	22
1606	12
1607	16
1608	13
1609	13
1610	20
1611	19
1612	14
1613	25
1614	14
1615	19
1616	12
1617	21
1618	18
1619	19
1620	26
1621	15
1622	15
1623	13
1624	18
1625	12
1626	19
1627	16
1628	13
1629	17
1630	19
1631	14
1632	10
1633	15
1634	12
1635	14
1636	8
1637	17
1638	21
1639	10
1640	20
1641	14
1642	13
1643	15
1644	21
1645	17
1646	22
1647	12
1648	17
1649	12
1650	17
1651	25
1652	20
1653	14
1654	17
1655	17
1656	15
1657	23
1658	23
1659	18
1660	25
1661	23
1662	9
1663	22
1664	18
1665	27
1666	11
1667	20
1668	19
1669	26
1670	15
1671	20
1672	14
1673	17
1674	25
1675	22
1676	17
1677	17
1678	17
1679	17
1680	15
1681	10
1682	30
1683	20
1684	14
1685	16
1686	18
1687	17
1688	20
1689	11
1690	22
1691	16
1692	16
1693	24
1694	12
1695	22
1696	11
1697	10
1698	26
1699	22
1700	19
1701	19
1702	19
1703	10
1704	26
1705	13
1706	27
1707	22
1708	15
1709	27
1710	15
1711	18
1712	19
1713	10
1714	24
1715	23
1716	19
1717	20
1718	23
1719	13
1720	16
1721	19
1722	27
1723	20
1724	24
1725	32
1726	22
1727	18
1728	14
1729	17
1730	24
1731	15
1732	18
1733	18
1734	19
1735	26
1736	20
1737	14
1738	16
1739	14
1740	26
1741	25
1742	14
1743	18
1744	27
1745	16
1746	17
1747	20
1748	17
1749	18
1750	19
1751	20
1752	14
1753	23
1754	20
1755	14
1756	18
1757	17
1758	22
1759	27
1760	18
1761	23
1762	18
1763	12
1764	14
1765	16
1766	26
1767	14
1768	20
1769	30
1770	19
1771	21
1772	17
1773	14
1774	27
1775	19
1776	12
1777	15
1778	25
1779	15
1780	13
1781	15
1782	11
1783	17
1784	17
1785	21
1786	24
1787	19
1788	16
1789	15
1790	18
1791	17
1792	18
1793	18
1794	25
1795	18
1796	20
1797	19
1798	16
1799	16
1800	19
1801	22
1802	21
1803	20
1804	20
1805	21
1806	13
1807	26
1808	20
1809	18
1810	22
1811	23
1812	17
1813	24
1814	22
1815	19
1816	19
1817	23
1818	26
1819	25
1820	17
1821	14
1822	32
1823	20
1824	17
1825	22
1826	17
1827	14
1828	15
1829	16
1830	31
1831	24
1832	20
1833	17
1834	20
1835	16
1836	22
1837	24
1838	19
1839	13
1840	22
1841	19
1842	20
1843	20
1844	20
1845	21
1846	21
1847	25
1848	19
1849	23
1850	16
1851	14
1852	16
1853	15
1854	22
1855	17
1856	16
1857	19
1858	18
1859	24
1860	29
1861	17
1862	29
1863	13
1864	31
1865	17
1866	21
1867	23
1868	14
1869	30
1870	27
1871	17
1872	19
1873	19
1874	25
1875	29
1876	30
1877	17
1878	19
1879	19
1880	24
1881	14
1882	31
1883	18
1884	24
1885	27
1886	18
1887	24
1888	25
1889	19
1890	17
1891	19
1892	11
1893	18
1894	16
1895	20
1896	17
1897	16
1898	20
1899	24
1900	21
1901	25
1902	21
1903	28
1904	28
1905	18
1906	21
1907	16
1908	24
1909	20
1910	15
1911	22
1912	21
1913	13
1914	18
1915	19
1916	25
1917	16
1918	18
1919	24
1920	20
1921	28
1922	18
1923	16
1924	19
1925	14
1926	21
1927	22
1928	27
1929	26
1930	28
1931	27
1932	18
1933	24
1934	25
1935	24
1936	20
1937	20
1938	19
1939	27
1940	22
1941	26
1942	25
1943	19
1944	25
1945	26
1946	16
1947	14
1948	25
1949	18
1950	37
1951	21
1952	26
1953	26
1954	14
1955	27
1956	26
1957	17
1958	14
1959	20
1960	19
1961	28
1962	26
1963	26
1964	16
1965	27
1966	35
1967	25
1968	18
1969	18
1970	23
1971	18
1972	18
1973	14
1974	20
1975	18
1976	26
1977	20
1978	18
1979	15
1980	23
1981	18
1982	20
1983	15
1984	23
1985	19
1986	23
1987	29
1988	26
1989	26
1990	23
1991	24
1992	26
1993	20
1994	20
1995	34
1996	21
1997	22
1998	14
1999	22
2000	17
2001	28
2002	19
2003	17
2004	27
2005	24
2006	27
2007	23
2008	28
2009	28
2010	33
2011	19
2012	24
2013	32
2014	27
2015	15
2016	24
2017	19
2018	17
2019	26
2020	14
2021	15
2022	22
2023	19
2024	14
2025	25
2026	21
2027	28
2028	24
2029	18
2030	20
2031	24
2032	36
2033	21
2034	22
2035	19
2036	30
2037	24
2038	22
2039	26
2040	24
2041	27
2042	16
2043	17
2044	20
2045	20
2046	24
2047	17
2048	30
2049	17
2050	18
2051	19
2052	18
2053	14
2054	20
2055	20
2056	16
2057	25
2058	25
2059	21
2060	19
2061	37
2062	28
2063	22
2064	16
2065	17
2066	28
2067	17
2068	24
2069	21
2070	23
2071	25
2072	21
2073	20
2074	20
2075	23
2076	23
2077	17
2078	21
2079	18
2080	24
2081	22
2082	30
2083	18
2084	19
2085	22
2086	21
2087	17
2088	25
2089	19
2090	30
2091	23
2092	30
2093	25
2094	26
2095	29
2096	21
2097	21
2098	24
2099	14
2100	25
2101	24
2102	19
2103	23
2104	10
2105	31
2106	20
2107	15
2108	29
2109	18
2110	19
2111	10
2112	24
2113	28
2114	22
2115	15
2116	22
2117	30
2118	26
2119	21
2120	24
2121	23
2122	36
2123	19
2124	30
2125	21
2126	12
2127	22
2128	32
2129	22
2130	20
2131	25
2132	30
2133	23
2134	23
2135	24
2136	29
2137	25
2138	21
2139	24
2140	26
2141	11
2142	30
2143	29
2144	25
2145	23
2146	23
2147	24
2148	20
2149	26
2150	25
2151	19
2152	25
2153	26
2154	23
2155	18
2156	29
2157	25
2158	26
2159	22
2160	29
2161	19
2162	28
2163	21
2164	23
2165	26
2166	18
2167	28
2168	26
2169	18
2170	23
2171	18
2172	26
2173	21
2174	18
2175	26
2176	20
2177	31
2178	18
2179	27
2180	24
2181	31
2182	24
2183	19
2184	33
2185	23
2186	25
2187	23
2188	32
2189	32
2190	30
2191	24
2192	33
2193	27
2194	19
2195	29
2196	22
2197	31
2198	23
2199	29
2200	20
2201	38
2202	23
2203	23
2204	25
2205	27
2206	26
2207	20
2208	26
2209	32
2210	31
2211	23
2212	21
2213	28
2214	28
2215	28
2216	23
2217	40
2218	27
2219	30
2220	32
2221	23
2222	28
2223	25
2224	24
2225	28
2226	25
2227	40
2228	27
2229	28
2230	33
2231	29
2232	23
2233	20
2234	25
2235	27
2236	34
2237	33
2238	28
2239	32
2240	26
2241	22
2242	24
2243	23
2244	26
2245	25
2246	26
2247	25
2248	29
2249	30
2250	24
2251	28
2252	19
2253	25
2254	35
2255	29
2256	36
2257	25
2258	33
2259	23
2260	25
2261	30
2262	26
2263	23
2264	30
2265	28
2266	26
2267	30
2268	27
2269	28
2270	34
2271	28
2272	27
2273	27
2274	30
2275	26
2276	29
2277	22
2278	25
2279	35
2280	30
2281	35
2282	23
2283	25
2284	31
2285	30
2286	33
2287	31
2288	39
2289	25
2290	24
2291	43
2292	27
2293	22
2294	33
2295	31
2296	30
2297	35
2298	27
2299	23
2300	30
2301	26
2302	41
2303	32
2304	32
2305	29
2306	35
2307	36
2308	38
2309	33
2310	26
2311	37
2312	34
2313	26
2314	38
2315	31
2316	34
2317	25
2318	25
2319	25
2320	31
2321	40
2322	27
2323	39
2324	37
2325	32
2326	23
2327	31
2328	40
2329	35
2330	27
2331	38
2332	33
2333	36
2334	32
2335	35
2336	37
2337	29
2338	39
2339	37
2340	32
2341	38
2342	32
2343	24
2344	36
2345	32
2346	29
2347	33
2348	29
2349	36
2350	26
2351	33
2352	33
2353	37
2354	36
2355	33
2356	48
2357	36
2358	36
2359	38
2360	24
2361	36
2362	30
2363	36
2364	29
2365	29
2366	31
2367	40
2368	27
2369	37
2370	29
2371	31
2372	33
2373	39
2374	36
2375	40
2376	45
2377	32
2378	34
2379	39
2380	30
2381	40
2382	30
2383	27
2384	34
2385	48
2386	40
2387	30
2388	32
2389	30
2390	27
2391	34
2392	35
2393	36
2394	34
2395	24
2396	25
2397	28
2398	30
2399	37
2400	35
2401	30
2402	35
2403	30
2404	36
2405	31
2406	25
2407	26
2408	38
2409	36
2410	36
2411	25
2412	34
2413	38
2414	25
2415	19
2416	27
2417	18
2418	28
2419	32
2420	31
2421	26
2422	20
2423	38
2424	23
2425	26
2426	30
2427	18
2428	24
2429	30
2430	27
2431	41
2432	28
2433	29
2434	30
2435	19
2436	31
2437	34
2438	35
2439	28
2440	21
2441	27
2442	33
2443	32
2444	34
2445	28
2446	24
2447	23
2448	29
2449	23
2450	27
2451	31
2452	31
2453	40
2454	35
2455	31
2456	23
2457	23
2458	33
2459	28
2460	34
2461	21
2462	20
2463	34
2464	20
2465	30
2466	38
2467	28
2468	26
2469	30
2470	37
2471	26
2472	31
2473	28
2474	32
2475	26
2476	24
2477	40
2478	33
2479	21
2480	25
2481	34
2482	22
2483	19
2484	25
2485	22
2486	24
2487	24
2488	17
2489	27
2490	24
2491	17
2492	25
2493	27
2494	23
2495	38
2496	24
2497	24
2498	24
2499	23
2500	27
2501	28
2502	26
2503	23
2504	25
2505	21
2506	24
2507	27
2508	23
2509	24
2510	26
2511	25
2512	28
2513	21
2514	24
2515	21
2516	25
2517	19
2518	14
2519	25
2520	21
2521	20
2522	20
2523	19
2524	19
2525	25
2526	25
2527	27
2528	27
2529	23
2530	27
2531	14
2532	23
2533	20
2534	23
2535	18
2536	29
2537	24
2538	20
2539	14
2540	16
2541	23
2542	10
2543	26
2544	23
2545	15
2546	12
2547	23
2548	23
2549	23
2550	18
2551	23
2552	23
2553	23
2554	25
2555	19
2556	25
2557	20
2558	25
2559	22
2560	29
2561	24
2562	19
2563	13
2564	27
2565	20
2566	22
2567	12
2568	21
2569	16
2570	22
2571	22
2572	21
2573	19
2574	22
2575	16
2576	24
2577	19
2578	15
2579	17
2580	20
2581	23
2582	20
2583	17
2584	26
2585	23
2586	17
2587	20
2588	23
2589	19
2590	23
2591	17
2592	29
2593	20
2594	23
2595	19
2596	26
2597	12
2598	17
2599	19
2600	22
2601	21
2602	16
2603	20
2604	20
2605	17
2606	19
2607	16
2608	13
2609	18
2610	24
2611	12
2612	20
2613	14
2614	22
2615	20
2616	16
2617	17
2618	13
2619	18
2620	14
2621	17
2622	21
2623	22
2624	17
2625	15
2626	16
2627	14
2628	18
2629	18
2630	17
2631	15
2632	22
2633	19
2634	14
2635	16
2636	13
2637	14
2638	17
2639	16
2640	20
2641	19
2642	13
2643	16
2644	22
2645	22
2646	12
2647	20
2648	11
2649	21
2650	14
2651	11
2652	22
2653	18
2654	21
2655	15
2656	16
2657	22
2658	17
2659	14
2660	7
2661	23
2662	19
2663	19
2664	15
2665	20
2666	15
2667	13
2668	19
2669	14
2670	18
2671	20
2672	17
2673	15
2674	12
2675	16
2676	19
2677	22
2678	14
2679	14
2680	19
2681	19
2682	13
2683	18
2684	13
2685	9
2686	19
2687	30
2688	18
2689	14
2690	21
2691	12
2692	16
2693	12
2694	11
2695	15
2696	10
2697	17
2698	15
2699	18
2700	20
2701	19
2702	18
2703	16
2704	12
2705	17
2706	16
2707	17
2708	17
2709	22
2710	14
2711	12
2712	15
2713	17
2714	14
2715	14
2716	14
2717	27
2718	21
2719	14
2720	18
2721	13
2722	14
2723	13
2724	10
2725	14
2726	22
2727	15
2728	19
2729	14
2730	16
2731	18
2732	14
2733	14
2734	13
2735	20
2736	15
2737	11
2738	13
2739	15
2740	11
2741	14
2742	17
2743	18
2744	13
2745	18
2746	9
2747	16
2748	16
2749	18
2750	16
2751	15
2752	18
2753	17
2754	17
2755	10
2756	15
2757	16
2758	12
2759	12
2760	15
2761	11
2762	17
2763	16
2764	13
2765	10
2766	16
2767	12
2768	10
2769	15
2770	17
2771	14
2772	11
2773	11
2774	20
2775	13
2776	10
2777	12
2778	17
2779	7
2780	11
2781	21
2782	9
2783	9
2784	9
2785	16
2786	13
2787	15
2788	19
2789	13
2790	15
2791	11
2792	6
2793	13
2794	10
2795	15
2796	11
2797	14
2798	12
2799	15
2800	7
2801	22
2802	10
2803	19
2804	15
2805	13
2806	16
2807	9
2808	9
2809	12
2810	10
2811	17
2812	15
2813	16
2814	12
2815	6
2816	16
2817	19
2818	16
2819	13
2820	15
2821	12
2822	9
2823	9
2824	11
2825	15
2826	17
2827	8
2828	15
2829	11
2830	14
2831	14
2832	17
2833	13
2834	13
2835	9
2836	13
2837	18
2838	15
2839	23
2840	12
2841	8
2842	19
2843	15
2844	20
2845	7
2846	15
2847	12
2848	9
2849	7
2850	14
2851	13
2852	12
2853	15
2854	12
2855	7
2856	12
2857	11
2858	19
2859	12
2860	11
2861	12
2862	7
2863	10
2864	12
2865	15
2866	8
2867	12
2868	10
2869	8
2870	15
2871	8
2872	7
2873	11
2874	20
2875	13
2876	9
2877	8
2878	26
2879	13
2880	17
2881	15
2882	13
2883	15
2884	12
2885	18
2886	11
2887	17
2888	7
2889	14
2890	13
2891	9
2892	12
2893	17
2894	11
2895	5
2896	8
2897	10
2898	14
2899	12
2900	7
2901	12
2902	10
2903	13
2904	6
2905	11
2906	11
2907	13
2908	8
2909	13
2910	11
2911	14
2912	17
2913	9
2914	12
2915	9
2916	12
2917	9
2918	12
2919	11
2920	11
2921	11
2922	17
2923	11
2924	12
2925	13
2926	7
2927	12
2928	8
2929	13
2930	8
2931	18
2932	12
2933	9
2934	7
2935	9
2936	10
2937	10
2938	12
2939	19
2940	11
2941	10
2942	17
2943	14
2944	13
2945	9
2946	10
2947	7
2948	10
2949	7
2950	8
2951	9
2952	9
2953	9
2954	9
2955	11
2956	8
2957	7
2958	9
2959	9
2960	13
2961	16
2962	7
2963	9
2964	10
2965	11
2966	11
2967	18
2968	14
2969	14
2970	8
2971	6
2972	13
2973	11
2974	11
2975	11
2976	15
2977	7
2978	16
2979	13
2980	9
2981	5
2982	11
2983	11
2984	11
2985	13
2986	12
2987	10
2988	8
2989	14
2990	6
2991	8
2992	17
2993	8
2994	9
2995	13
2996	7
2997	13
2998	13
2999	10
3000	9
3001	9
3002	13
3003	10
3004	13
3005	10
3006	14
3007	8
3008	11
3009	7
3010	7
3011	11
3012	19
3013	11
3014	11
3015	7
3016	11
3017	10
3018	11
3019	12
3020	9
3021	6
3022	4
3023	9
3024	9
3025	10
3026	15
3027	8
3028	6
3029	9
3030	13
3031	5
3032	6
3033	9
3034	9
3035	7
3036	8
3037	15
3038	6
3039	4
3040	7
3041	6
3042	7
3043	15
3044	9
3045	11
3046	11
3047	14
3048	17
3049	12
3050	13
3051	13
3052	8
3053	10
3054	14
3055	10
3056	10
3057	8
3058	12
3059	19
3060	6
3061	13
3062	4
3063	7
3064	5
3065	6
3066	9
3067	12
3068	14
3069	8
3070	7
3071	7
3072	9
3073	9
3074	8
3075	12
3076	4
3077	7
3078	14
3079	11
3080	10
3081	9
3082	10
3083	10
3084	12
3085	10
3086	14
3087	11
3088	7
3089	10
3090	11
3091	15
3092	13
3093	9
3094	16
3095	12
3096	8
3097	9
3098	10
3099	13
3100	13
3101	8
3102	10
3103	13
3104	12
3105	10
3106	13
3107	10
3108	7
3109	12
3110	10
3111	5
3112	9
3113	13
3114	5
3115	9
3116	9
3117	6
3118	6
3119	4
3120	12
3121	8
3122	9
3123	6
3124	6
3125	13
3126	12
3127	12
3128	11
3129	11
3130	8
3131	4
3132	11
3133	11
3134	13
3135	4
3136	7
3137	12
3138	7
3139	15
3140	8
3141	12
3142	4
3143	12
3144	10
3145	12
3146	12
3147	12
3148	8
3149	9
3150	8
3151	7
3152	11
3153	7
3154	14
3155	10
3156	12
3157	16
3158	14
3159	14
3160	17
3161	12
3162	5
3163	8
3164	7
3165	9
3166	7
3167	10
3168	11
3169	7
3170	3
3171	9
3172	7
3173	6
3174	10
3175	21
3176	4
3177	7
3178	9
3179	12
3180	13
3181	7
3182	8
3183	17
3184	9
3185	9
3186	9
3187	10
3188	11
3189	12
3190	12
3191	14
3192	4
3193	11
3194	13
3195	10
3196	8
3197	6
3198	10
3199	9
3200	19
3201	15
3202	10
3203	12
3204	7
3205	9
3206	11
3207	9
3208	9
3209	12
3210	10
3211	9
3212	11
3213	10
3214	12
3215	10
3216	7
3217	5
3218	11
3219	6
3220	10
3221	12
3222	6
3223	10
3224	15
3225	5
3226	11
3227	11
3228	6
3229	7
3230	6
3231	13
3232	6
3233	8
3234	10
3235	8
3236	9
3237	10
3238	9
3239	7
3240	8
3241	9
3242	5
3243	9
3244	8
3245	9
3246	3
3247	8
3248	10
3249	10
3250	9
3251	5
3252	8
3253	11
3254	9
3255	5
3256	2
3257	6
3258	13
3259	11
3260	18
3261	9
3262	8
3263	10
3264	8
3265	12
3266	5
3267	9
3268	7
3269	1
3270	11
3271	12
3272	10
3273	9
3274	8
3275	5
3276	10
3277	7
3278	8
3279	12
3280	11
3281	10
3282	6
3283	10
3284	11
3285	6
3286	8
3287	6
3288	10
3289	8
3290	11
3291	10
3292	17
3293	5
3294	6
3295	14
3296	5
3297	9
3298	6
3299	9
3300	7
3301	8
3302	8
3303	6
3304	5
3305	10
3306	6
3307	12
3308	5
3309	5
3310	14
3311	9
3312	12
3313	9
3314	11
3315	6
3316	11
3317	6
3318	5
3319	3
3320	9
3321	2
3322	6
3323	11
3324	7
3325	10
3326	11
3327	11
3328	11
3329	6
3330	7
3331	7
3332	9
3333	9
3334	8
3335	10
3336	7
3337	10
3338	11
3339	7
3340	9
3341	8
3342	8
3343	8
3344	13
3345	8
3346	5
3347	10
3348	6
3349	9
3350	10
3351	8
3352	5
3353	12
3354	6
3355	13
3356	5
3357	10
3358	6
3359	10
3360	3
3361	9
3362	8
3363	10
3364	6
3365	3
3366	5
3367	12
3368	11
3369	9
3370	11
3371	9
3372	8
3373	5
3374	13
3375	16
3376	9
3377	8
3378	6
3379	10
3380	7
3381	11
3382	9
3383	5
3384	9
3385	8
3386	9
3387	4
3388	4
3389	12
3390	13
3391	13
3392	8
3393	2
3394	10
3395	12
3396	11
3397	11
3398	11
3399	9
3400	6
3401	11
3402	4
3403	6
3404	11
3405	11
3406	7
3407	12
3408	11
3409	9
3410	8
3411	6
3412	5
3413	10
3414	7
3415	9
3416	3
3417	12
3418	11
3419	4
3420	11
3421	11
3422	8
3423	7
3424	7
3425	12
3426	8
3427	7
3428	6
3429	10
3430	8
3431	9
3432	7
3433	13
3434	3
3435	9
3436	7
3437	5
3438	8
3439	9
3440	6
3441	11
3442	7
3443	4
3444	11
3445	10
3446	10
3447	10
3448	10
3449	8
3450	10
3451	7
3452	5
3453	12
3454	8
3455	8
3456	6
3457	2
3458	6
3459	7
3460	8
3461	4
3462	9
3463	8
3464	6
3465	10
3466	6
3467	10
3468	9
3469	13
3470	3
3471	9
3472	9
3473	9
3474	9
3475	7
3476	8
3477	8
3478	6
3479	6
3480	2
3481	15
3482	8
3483	7
3484	9
3485	5
3486	6
3487	8
3488	6
3489	8
3490	7
3491	9
3492	6
3493	7
3494	5
3495	8
3496	11
3497	8
3498	9
3499	13
3500	8
3501	2
3502	10
3503	7
3504	4
3505	5
3506	11
3507	4
3508	5
3509	10
3510	2
3511	6
3512	7
3513	5
3514	10
3515	7
3516	11
3517	11
3518	10
3519	8
3520	5
3521	6
3522	7
3523	9
3524	9
3525	9
3526	5
3527	7
3528	11
3529	6
3530	8
3531	7
3532	7
3533	9
3534	12
3535	3
3536	5
3537	13
3538	2
3539	10
3540	11
3541	5
3542	9
3543	9
3544	12
3545	6
3546	10
3547	7
3548	5
3549	6
3550	8
3551	4
3552	6
3553	9
3554	6
3555	10
3556	11
3557	2
3558	6
3559	7
3560	12
3561	5
3562	6
3563	9
3564	12
3565	7
3566	9
3567	10
3568	7
3569	10
3570	3
3571	9
3572	12
3573	5
3574	10
3575	8
3576	14
3577	8
3578	10
3579	8
3580	4
3581	5
3582	6
3583	6
3584	8
3585	10
3586	5
3587	6
3588	4
3589	9
3590	3
3591	7
3592	8
3593	12
3594	7
3595	9
3596	6
3597	12
3598	4
3599	13
3600	6
3601	11
3602	8
3603	7
3604	5
3605	4
3606	9
3607	4
3608	8
3609	4
3610	8
3611	6
3612	6
3613	4
3614	7
3615	8
3616	11
3617	13
3618	3
3619	7
3620	7
3621	9
3622	5
3623	7
3624	10
3625	5
3626	8
3627	12
3628	5
3629	14
3630	8
3631	4
3632	8
3633	2
3634	14
3635	10
3636	9
3637	8
3638	10
3639	6
3640	10
3641	8
3642	4
3643	10
3644	9
3645	13
3646	3
3647	6
3648	7
3649	1
3650	4
3651	13
3652	6
3653	8
3654	10
3655	6
3656	4
3657	10
3658	4
3659	9
3660	9
3661	6
3662	5
3663	3
3664	7
3665	10
3666	9
3667	8
3668	5
3669	7
3670	4
3671	6
3672	3
3673	2
3674	4
3675	6
3676	12
3677	6
3678	6
3679	9
3680	6
3681	8
3682	8
3683	6
3684	9
3685	5
3686	6
3687	8
3688	8
3689	7
3690	7
3691	3
3692	4
3693	6
3694	9
3695	7
3696	8
3697	8
3698	8
3699	6
3700	4
3701	13
3702	4
3703	12
3704	9
3705	12
3706	5
3707	8
3708	6
3709	8
3710	5
3711	6
3712	8
3713	5
3714	6
3715	6
3716	7
3717	6
3718	4
3719	7
3720	14
3721	11
3722	8
3723	7
3724	11
3725	5
3726	2
3727	11
3728	6
3729	9
3730	7
3731	8
3732	6
3733	8
3734	8
3735	9
3736	4
3737	9
3738	5
3739	5
3740	8
3741	8
3742	3
3743	4
3744	11
3745	7
3746	4
3747	4
3748	9
3749	9
3750	5
3751	10
3752	14
3753	8
3754	9
3755	18
3756	6
3757	11
3758	7
3759	7
3760	6
3761	8
3762	5
3763	6
3764	5
3765	6
3766	6
3767	7
3768	9
3769	5
3770	7
3771	7
3772	8
3773	9
3774	8
3775	5
3776	6
3777	12
3778	10
3779	3
3780	11
3781	7
3782	13
3783	8
3784	7
3785	11
3786	6
3787	13
3788	8
3789	5
3790	9
3791	6
3792	5
3793	7
3794	10
3795	8
3796	15
3797	10
3798	3
3799	5
3800	6
3801	6
3802	3
3803	4
3804	6
3805	6
3806	6
3807	4
3808	6
3809	7
3810	9
3811	4
3812	4
3813	2
3814	5
3815	6
3816	8
3817	4
3818	7
3819	6
3820	6
3821	2
3822	2
3823	5
3824	2
3825	11
3826	8
3827	7
3828	6
3829	7
3830	3
3831	6
3832	16
3833	3
3834	9
3835	6
3836	4
3837	6
3838	6
3839	6
3840	8
3841	6
3842	7
3843	8
3844	5
3845	8
3846	4
3847	4
3848	2
3849	7
3850	4
3851	7
3852	9
3853	8
3854	6
3855	5
3856	3
3857	6
3858	5
3859	7
3860	12
3861	7
3862	8
3863	8
3864	8
3865	6
3866	6
3867	6
3868	13
3869	7
3870	6
3871	7
3872	6
3873	4
3874	5
3875	5
3876	12
3877	6
3878	7
3879	9
3880	8
3881	5
3882	7
3883	4
3884	8
3885	9
3886	4
3887	5
3888	7
3889	5
3890	6
3891	7
3892	8
3893	6
3894	4
3895	3
3896	5
3897	9
3898	10
3899	3
3900	8
3901	4
3902	5
3903	5
3904	7
3905	5
3906	4
3907	1
3908	8
3909	6
3910	6
3911	11
3912	7
3913	5
3914	2
3915	5
3916	4
3917	9
3918	6
3919	7
3920	5
3921	5
3922	7
3923	7
3924	8
3925	6
3926	4
3927	5
3928	8
3929	6
3930	4
3931	5
3932	6
3933	10
3934	10
3935	5
3936	6
3937	6
3938	5
3939	4
3940	2
3941	8
3942	6
3943	7
3944	4
3945	5
3946	7
3947	4
3948	5
3949	4
3950	2
3951	4
3952	2
3953	4
3954	3
3955	6
3956	6
3957	7
3958	8
3959	2
3960	14
3961	7
3962	11
3963	4
3964	6
3965	3
3966	10
3967	4
3968	9
3969	1
3970	5
3971	4
3972	5
3973	10
3974	7
3975	4
3976	9
3977	5
3978	6
3979	4
3980	4
3981	7
3982	5
3983	6
3984	8
3985	4
3986	6
3987	7
3988	3
3989	4
3990	3
3991	5
3992	6
3993	5
3994	5
3995	7
3996	4
3997	2
3998	7
3999	5
4000	10
4001	3
4002	6
4003	5
4004	7
4005	5
4006	13
4007	2
4008	3
4009	10
4010	3
4011	6
4012	9
4013	3
4014	10
4015	8
4016	2
4017	4
4018	6
4019	6
4020	11
4021	7
4022	5
4023	3
4024	4
4025	4
4026	5
4027	4
4028	7
4029	4
4030	9
4031	7
4032	10
4033	4
4034	4
4035	4
4036	4
4037	5
4038	2
4039	6
4040	6
4041	9
4042	7
4043	4
4044	1
4045	4
4046	5
4047	6
4048	7
4049	6
4050	6
4051	7
4052	11
4053	9
4054	9
4055	1
4056	8
4057	5
4058	7
4059	5
4060	3
4061	4
4062	4
4063	2
4064	8
4065	12
4066	6
4067	6
4068	6
4069	4
4070	11
4071	6
4072	4
4073	3
4074	3
4075	8
4076	8
4077	4
4078	9
4079	4
4080	6
4081	5
4082	5
4083	6
4084	9
4085	2
4086	4
4087	9
4088	2
4089	2
4090	5
4091	5
4092	11
4093	8
4094	6
4095	6
4096	7
4097	8
4098	5
4099	8
4100	6
4101	7
4102	8
4103	5
4104	11
4105	4
4106	3
4107	8
4108	8
4109	5
4110	6
4111	8
4112	10
4113	6
4114	6
4115	3
4116	6
4117	11
4118	10
4119	6
4120	4
4121	7
4122	8
4123	6
4124	3
4125	7
4126	5
4127	5
4128	3
4129	8
4130	5
4131	4
4132	4
4133	4
4134	4
4135	6
4136	3
4137	8
4138	4
4139	12
4140	10
4141	14
4142	5
4143	11
4144	3
4145	8
4146	6
4147	6
4148	8
4149	4
4150	8
4151	7
4152	11
4153	5
4154	5
4155	6
4156	4
4157	7
4158	6
4159	7
4160	3
4161	4
4162	4
4163	6
4164	8
4165	4
4166	7
4167	6
4168	5
4169	5
4170	6
4171	7
4172	5
4173	2
4174	6
4175	12
4176	5
4177	7
4178	3
4179	7
4180	10
4181	7
4182	7
4183	7
4184	12
4185	4
4186	3
4187	3
4188	4
4189	9
4190	4
4191	4
4192	2
4193	7
4194	6
4195	5
4196	9
4197	6
4198	4
4199	8
4200	5
4201	7
4202	7
4203	4
4204	4
4205	7
4206	4
4207	5
4208	1
4209	6
4210	4
4211	7
4212	6
4213	8
4214	7
4215	5
4216	8
4217	6
4218	7
4219	5
4220	7
4221	8
4222	5
4223	3
4224	6
4225	4
4226	5
4227	2
4228	3
4229	8
4230	5
4231	2
4232	6
4233	1
4234	6
4235	7
4236	6
4237	8
4238	6
4239	5
4240	9
4241	4
4242	3
4243	6
4244	5
4245	6
4246	4
4247	11
4248	4
4249	6
4250	5
4251	7
4252	7
4253	3
4254	11
4255	3
4256	4
4257	5
4258	6
4259	7
4260	4
4261	7
4262	2
4263	7
4264	5
4265	6
4266	5
4267	8
4268	16
4269	6
4270	3
4271	11
4272	4
4273	2
4274	7
4275	9
4276	3
4277	9
4278	4
4279	3
4280	4
4281	4
4282	8
4283	9
4284	9
4285	4
4286	3
4287	9
4288	10
4289	3
4290	6
4291	8
4292	5
4293	5
4294	8
4295	3
4296	4
4297	5
4298	4
4299	9
4300	9
4301	5
4302	6
4303	9
4304	5
4305	6
4306	2
4307	6
4308	6
4309	8
4310	6
4311	8
4312	4
4313	5
4314	6
4315	10
4316	3
4317	1
4318	4
4319	6
4320	7
4321	8
4322	11
4323	6
4324	4
4325	5
4326	7
4327	3
4328	6
4329	5
4330	3
4331	3
4332	3
4333	5
4334	8
4335	9
4336	7
4337	4
4338	3
4339	5
4340	4
4341	4
4342	5
4343	3
4344	2
4345	7
4346	3
4347	4
4348	7
4349	7
4350	6
4351	5
4352	7
4353	8
4354	9
4355	5
4356	6
4357	6
4358	6
4359	5
4360	10
4361	7
4362	6
4363	3
4364	4
4365	3
4366	12
4367	10
4368	4
4369	6
4370	2
4371	4
4372	6
4373	5
4374	4
4375	5
4376	1
4377	2
4378	2
4379	8
4380	5
4381	5
4382	5
4383	4
4384	2
4385	4
4386	11
4387	12
4388	4
4389	5
4390	1
4391	4
4392	5
4393	4
4394	7
4395	5
4396	5
4397	10
4398	3
4399	6
4400	7
4401	6
4402	7
4403	1
4404	5
4405	4
4406	3
4407	4
4408	6
4409	2
4410	7
4411	8
4412	6
4413	4
4414	5
4415	3
4416	2
4417	11
4418	3
4419	6
4420	3
4421	5
4422	3
4423	3
4424	4
4425	5
4426	4
4427	11
4428	7
4429	6
4430	2
4431	7
4432	4
4433	5
4434	3
4435	4
4436	4
4437	6
4438	4
4439	5
4440	6
4441	4
4442	4
4443	6
4444	3
4445	8
4446	9
4447	6
4448	5
4449	6
4450	7
4451	5
4452	3
4453	8
4454	2
4455	11
4456	4
4457	7
4458	6
4459	5
4460	7
4461	3
4462	1
4463	6
4464	2
4465	9
4466	3
4467	7
4468	7
4469	4
4470	7
4471	5
4472	1
4473	6
4474	6
4475	5
4476	10
4477	5
4478	1
4479	6
4480	9
4481	3
4482	4
4483	5
4484	4
4485	8
4486	5
4487	1
4488	5
4489	4
4490	4
4491	6
4492	3
4493	12
4494	3
4495	7
4496	7
4497	7
4498	4
4499	6
4500	6
4501	5
4502	3
4503	5
4504	6
4505	4
4506	7
4507	7
4508	9
4509	10
4510	5
4511	5
4512	5
4513	3
4514	3
4515	3
4516	4
4517	5
4518	8
4519	5
4520	7
4521	10
4522	8
4523	7
4524	6
4525	5
4526	5
4527	2
4528	4
4529	6
4530	2
4531	4
4532	8
4533	3
4534	3
4535	6
4536	5
4537	9
4538	3
4539	9
4540	6
4541	7
4542	2
4543	4
4544	6
4545	3
4546	1
4547	7
4548	3
4549	7
4550	9
4551	3
4552	8
4553	7
4554	5
4555	11
4556	6
4557	9
4558	7
4559	2
4560	5
4561	5
4562	7
4563	3
4564	2
4565	3
4566	5
4567	7
4568	6
4569	6
4570	3
4571	5
4572	3
4573	4
4574	4
4575	3
4576	2
4577	7
4578	3
4579	5
4580	11
4581	2
4582	6
4583	4
4584	7
4585	3
4586	7
4587	8
4588	8
4589	7
4590	3
4591	4
4592	9
4593	9
4594	5
4595	7
4596	4
4597	5
4598	5
4599	4
4600	4
4601	6
4602	7
4603	4
4604	3
4605	6
4606	3
4607	5
4608	11
4609	4
4610	5
4611	7
4612	5
4613	5
4614	6
4615	5
4616	6
4617	6
4618	6
4619	3
4620	5
4621	4
4622	10
4623	5
4624	4
4625	3
4626	5
4627	3
4628	6
4629	4
4630	3
4631	3
4632	6
4633	5
4634	5
4635	5
4636	5
4637	7
4638	2
4639	6
4640	7
4641	4
4642	6
4643	5
4644	2
4645	10
4646	5
4647	6
4648	4
4649	7
4650	4
4651	5
4652	0
4653	4
4654	7
4655	6
4656	8
4657	5
4658	3
4659	5
4660	5
4661	5
4662	2
4663	6
4664	6
4665	5
4666	5
4667	5
4668	3
4669	3
4670	2
4671	11
4672	8
4673	7
4674	3
4675	6
4676	3
4677	4
4678	11
4679	0
4680	1
4681	5
4682	8
4683	3
4684	4
4685	5
4686	5
4687	2
4688	2
4689	9
4690	2
4691	6
4692	1
4693	6
4694	4
4695	5
4696	6
4697	5
4698	5
4699	10
4700	10
4701	6
4702	10
4703	9
4704	5
4705	3
4706	5
4707	3
4708	6
4709	6
4710	3
4711	3
4712	4
4713	6
4714	4
4715	8
4716	4
4717	5
4718	4
4719	2
4720	9
4721	8
4722	5
4723	8
4724	5
4725	9
4726	4
4727	7
4728	7
4729	4
4730	3
4731	6
4732	4
4733	5
4734	8
4735	4
4736	1
4737	4
4738	2
4739	3
4740	4
4741	3
4742	4
4743	2
4744	5
4745	4
4746	4
4747	2
4748	3
4749	8
4750	1
4751	4
4752	3
4753	2
4754	5
4755	8
4756	3
4757	3
4758	4
4759	4
4760	4
4761	6
4762	4
4763	5
4764	3
4765	4
4766	5
4767	4
4768	4
4769	8
4770	5
4771	6
4772	5
4773	4
4774	5
4775	1
4776	6
4777	3
4778	13
4779	3
4780	8
4781	0
4782	3
4783	9
4784	1
4785	5
4786	3
4787	5
4788	5
4789	5
4790	4
4791	6
4792	5
4793	5
4794	5
4795	5
4796	6
4797	2
4798	5
4799	6
4800	4
4801	6
4802	5
4803	8
4804	6
4805	3
4806	3
4807	4
4808	6
4809	3
4810	9
4811	5
4812	4
4813	10
4814	7
4815	4
4816	6
4817	2
4818	5
4819	4
4820	6
4821	4
4822	4
4823	8
4824	6
4825	7
4826	5
4827	5
4828	1
4829	9
4830	3
4831	7
4832	2
4833	3
4834	8
4835	5
4836	3
4837	2
4838	9
4839	4
4840	3
4841	3
4842	5
4843	2
4844	4
4845	7
4846	6
4847	6
4848	3
4849	6
4850	3
4851	5
4852	4
4853	5
4854	5
4855	6
4856	4
4857	6
4858	6
4859	3
4860	5
4861	2
4862	3
4863	4
4864	5
4865	6
4866	1
4867	4
4868	3
4869	5
4870	5
4871	6
4872	8
4873	3
4874	1
4875	5
4876	3
4877	5
4878	4
4879	5
4880	4
4881	3
4882	3
4883	5
4884	4
4885	6
4886	2
4887	2
4888	4
4889	4
4890	7
4891	7
4892	5
4893	3
4894	6
4895	4
4896	7
4897	5
4898	3
4899	5
4900	4
4901	2
4902	5
4903	5
4904	2
4905	6
4906	5
4907	1
4908	4
4909	3
4910	1
4911	7
4912	1
4913	3
4914	2
4915	5
4916	4
4917	2
4918	3
4919	4
4920	2
4921	6
4922	4
4923	2
4924	4
4925	11
4926	2
4927	0
4928	3
4929	4
4930	6
4931	6
4932	6
4933	7
4934	7
4935	8
4936	5
4937	4
4938	6
4939	4
4940	5
4941	6
4942	2
4943	7
4944	8
4945	4
4946	1
4947	4
4948	0
4949	6
4950	6
4951	6
4952	2
4953	4
4954	2
4955	3
4956	5
4957	3
4958	3
4959	6
4960	6
4961	5
4962	3
4963	5
4964	8
4965	3
4966	5
4967	8
4968	1
4969	4
4970	5
4971	6
4972	5
4973	2
4974	5
4975	1
4976	4
4977	7
4978	0
4979	5
4980	5
4981	2
4982	6
4983	6
4984	6
4985	3
4986	5
4987	3
4988	8
4989	6
4990	6
4991	8
4992	4
4993	2
4994	4
4995	2
4996	3
4997	3
4998	2
4999	8
5000	7
5001	6
5002	7
5003	5
5004	3
5005	5
5006	4
5007	4
5008	3
5009	4
5010	3
5011	6
5012	0
5013	8
5014	4
5015	2
5016	5
5017	6
5018	3
5019	7
5020	4
5021	3
5022	6
5023	4
5024	2
5025	4
5026	5
5027	7
5028	6
5029	5
5030	2
5031	4
5032	3
5033	6
5034	6
5035	5
5036	2
5037	3
5038	5
5039	9
5040	6
5041	5
5042	2
5043	9
5044	4
5045	8
5046	4
5047	3
5048	2
5049	2
5050	5
5051	7
5052	1
5053	2
5054	6
5055	4
5056	2
5057	7
5058	3
5059	3
5060	4
5061	4
5062	0
5063	5
5064	4
5065	6
5066	10
5067	5
5068	4
5069	5
5070	2
5071	6
5072	7
5073	4
5074	5
5075	1
5076	3
5077	4
5078	5
5079	1
5080	3
5081	5
5082	5
5083	6
5084	2
5085	1
5086	6
5087	6
5088	7
5089	1
5090	5
5091	1
5092	5
5093	10
5094	5
5095	5
5096	7
5097	7
5098	2
5099	5
5100	2
5101	7
5102	3
5103	2
5104	8
5105	3
5106	3
5107	4
5108	1
5109	3
5110	5
5111	3
5112	2
5113	5
5114	1
5115	5
5116	4
5117	4
5118	5
5119	9
5120	4
5121	8
5122	5
5123	9
5124	11
5125	3
5126	2
5127	5
5128	4
5129	6
5130	1
5131	4
5132	5
5133	4
5134	7
5135	6
5136	3
5137	6
5138	4
5139	3
5140	3
5141	4
5142	4
5143	4
5144	3
5145	5
5146	3
5147	3
5148	3
5149	4
5150	6
5151	6
5152	4
5153	5
5154	3
5155	1
5156	4
5157	5
5158	6
5159	1
5160	4
5161	4
5162	2
5163	7
5164	2
5165	2
5166	6
5167	4
5168	6
5169	4
5170	1
5171	5
5172	1
5173	6
5174	2
5175	2
5176	6
5177	4
5178	4
5179	3
5180	3
5181	1
5182	0
5183	4
5184	6
5185	2
5186	2
5187	3
5188	1
5189	2
5190	5
5191	3
5192	2
5193	5
5194	5
5195	1
5196	4
5197	4
5198	6
5199	5
5200	4
5201	0
5202	3
5203	3
5204	7
5205	6
5206	3
5207	1
5208	3
5209	3
5210	3
5211	4
5212	5
5213	3
5214	6
5215	7
5216	3
5217	2
5218	6
5219	8
5220	5
5221	4
5222	5
5223	3
5224	5
5225	2
5226	2
5227	2
5228	5
5229	2
5230	1
5231	2
5232	2
5233	7
5234	3
5235	5
5236	2
5237	3
5238	3
5239	5
5240	4
5241	6
5242	5
5243	5
5244	7
5245	6
5246	6
5247	3
5248	1
5249	3
5250	4
5251	3
5252	1
5253	6
5254	2
5255	4
5256	4
5257	4
5258	4
5259	2
5260	5
5261	7
5262	2
5263	2
5264	7
5265	1
5266	3
5267	1
5268	6
5269	3
5270	3
5271	3
5272	3
5273	6
5274	3
5275	3
5276	4
5277	3
5278	1
5279	4
5280	6
5281	1
5282	6
5283	3
5284	6
5285	5
5286	6
5287	4
5288	1
5289	4
5290	2
5291	2
5292	1
5293	3
5294	5
5295	4
5296	2
5297	1
5298	7
5299	10
5300	6
5301	4
5302	3
5303	10
5304	6
5305	8
5306	6
5307	1
5308	4
5309	5
5310	3
5311	1
5312	2
5313	5
5314	4
5315	6
5316	4
5317	5
5318	4
5319	5
5320	3
5321	5
5322	10
5323	5
5324	3
5325	2
5326	0
5327	6
5328	5
5329	2
5330	1
5331	7
5332	3
5333	2
5334	6
5335	5
5336	0
5337	2
5338	2
5339	1
5340	5
5341	5
5342	5
5343	5
5344	3
5345	0
5346	3
5347	4
5348	4
5349	5
5350	5
5351	0
5352	3
5353	5
5354	4
5355	4
5356	5
5357	5
5358	4
5359	5
5360	3
5361	2
5362	6
5363	4
5364	5
5365	5
5366	8
5367	2
5368	3
5369	3
5370	6
5371	1
5372	3
5373	1
5374	1
5375	7
5376	8
5377	5
5378	9
5379	6
5380	3
5381	2
5382	5
5383	6
5384	4
5385	3
5386	4
5387	1
5388	2
5389	5
5390	10
5391	4
5392	2
5393	5
5394	4
5395	4
5396	5
5397	2
5398	5
5399	4
5400	3
5401	4
5402	4
5403	4
5404	5
5405	1
5406	1
5407	3
5408	5
5409	3
5410	0
5411	8
5412	3
5413	3
5414	4
5415	3
5416	1
5417	7
5418	6
5419	3
5420	4
5421	2
5422	8
5423	5
5424	8
5425	3
5426	5
5427	7
5428	2
5429	2
5430	1
5431	3
5432	5
5433	4
5434	3
5435	2
5436	5
5437	2
5438	4
5439	4
5440	4
5441	9
5442	6
5443	6
5444	2
5445	4
5446	2
5447	2
5448	3
5449	7
5450	1
5451	3
5452	6
5453	2
5454	5
5455	4
5456	5
5457	5
5458	5
5459	4
5460	4
5461	5
5462	5
5463	2
5464	0
5465	4
5466	5
5467	4
5468	4
5469	2
5470	3
5471	4
5472	5
5473	5
5474	4
5475	1
5476	3
5477	2
5478	7
5479	4
5480	5
5481	4
5482	5
5483	4
5484	4
5485	2
5486	4
5487	2
5488	1
5489	4
5490	3
5491	2
5492	4
5493	6
5494	5
5495	4
5496	0
5497	6
5498	3
5499	3
5500	4
5501	5
5502	3
5503	2
5504	3
5505	2
5506	5
5507	4
5508	6
5509	4
5510	5
5511	6
5512	7
5513	6
5514	5
5515	4
5516	1
5517	4
5518	1
5519	3
5520	9
5521	4
5522	1
5523	3
5524	7
5525	5
5526	3
5527	0
5528	3
5529	2
5530	1
5531	4
5532	4
5533	3
5534	1
5535	2
5536	3
5537	0
5538	5
5539	5
5540	2
5541	7
5542	2
5543	4
5544	1
5545	5
5546	5
5547	5
5548	7
5549	2
5550	4
5551	3
5552	8
5553	2
5554	3
5555	3
5556	4
5557	5
5558	0
5559	2
5560	6
5561	4
5562	3
5563	4
5564	4
5565	7
5566	5
5567	11
5568	10
5569	3
5570	6
5571	3
5572	3
5573	1
5574	3
5575	8
5576	2
5577	5
5578	4
5579	4
5580	4
5581	7
5582	3
5583	8
5584	2
5585	2
5586	3
5587	3
5588	5
5589	2
5590	5
5591	3
5592	5
5593	7
5594	3
5595	0
5596	3
5597	0
5598	5
5599	5
5600	3
5601	2
5602	3
5603	4
5604	5
5605	5
5606	8
5607	1
5608	2
5609	4
5610	6
5611	5
5612	2
5613	2
5614	1
5615	3
5616	2
5617	4
5618	5
5619	3
5620	1
5621	2
5622	4
5623	3
5624	3
5625	10
5626	8
5627	4
5628	4
5629	5
5630	2
5631	3
5632	3
5633	6
5634	4
5635	2
5636	1
5637	2
5638	7
5639	5
5640	5
5641	4
5642	6
5643	2
5644	6
5645	3
5646	3
5647	4
5648	3
5649	2
5650	4
5651	4
5652	5
5653	2
5654	2
5655	3
5656	2
5657	3
5658	3
5659	2
5660	8
5661	7
5662	5
5663	8
5664	2
5665	9
5666	3
5667	4
5668	3
5669	3
5670	2
5671	2
5672	7
5673	4
5674	2
5675	8
5676	1
5677	2
5678	5
5679	3
5680	4
5681	3
5682	3
5683	2
5684	2
5685	4
5686	3
5687	6
5688	10
5689	4
5690	4
5691	2
5692	3
5693	5
5694	1
5695	6
5696	4
5697	3
5698	0
5699	5
5700	7
5701	3
5702	5
5703	7
5704	4
5705	7
5706	6
5707	4
5708	5
5709	2
5710	5
5711	3
5712	5
5713	6
5714	2
5715	4
5716	3
5717	5
5718	8
5719	5
5720	7
5721	2
5722	0
5723	3
5724	2
5725	4
5726	4
5727	3
5728	3
5729	3
5730	2
5731	3
5732	4
5733	2
5734	1
5735	2
5736	2
5737	2
5738	5
5739	4
5740	4
5741	5
5742	3
5743	1
5744	3
5745	2
5746	1
5747	4
5748	4
5749	2
5750	1
5751	0
5752	3
5753	2
5754	2
5755	4
5756	7
5757	1
5758	3
5759	3
5760	3
5761	3
5762	2
5763	6
5764	4
5765	2
5766	3
5767	6
5768	5
5769	5
5770	6
5771	6
5772	2
5773	5
5774	1
5775	4
5776	2
5777	5
5778	5
5779	4
5780	1
5781	2
5782	4
5783	3
5784	2
5785	6
5786	6
5787	3
5788	4
5789	6
5790	4
5791	3
5792	3
5793	1
5794	4
5795	0
5796	5
5797	6
5798	2
5799	5
5800	2
5801	6
5802	1
5803	2
5804	7
5805	3
5806	1
5807	5
5808	2
5809	4
5810	4
5811	7
5812	4
5813	3
5814	2
5815	3
5816	3
5817	0
5818	2
5819	1
5820	2
5821	2
5822	5
5823	6
5824	5
5825	2
5826	2
5827	0
5828	5
5829	6
5830	4
5831	1
5832	0
5833	5
5834	5
5835	0
5836	3
5837	6
5838	6
5839	4
5840	4
5841	1
5842	5
5843	2
5844	3
5845	3
5846	6
5847	2
5848	7
5849	4
5850	5
5851	2
5852	2
5853	2
5854	4
5855	5
5856	6
5857	3
5858	1
5859	4
5860	2
5861	6
5862	4
5863	2
5864	4
5865	3
5866	2
5867	4
5868	2
5869	4
5870	7
5871	3
5872	4
5873	3
5874	4
5875	3
5876	1
5877	4
5878	3
5879	4
5880	5
5881	4
5882	3
5883	7
5884	7
5885	4
5886	6
5887	5
5888	6
5889	2
5890	3
5891	5
5892	4
5893	3
5894	4
5895	4
5896	5
5897	7
5898	4
5899	6
5900	5
5901	4
5902	0
5903	1
5904	8
5905	3
5906	4
5907	5
5908	5
5909	0
5910	2
5911	2
5912	3
5913	7
5914	1
5915	4
5916	4
5917	5
5918	3
5919	4
5920	1
5921	2
5922	2
5923	2
5924	4
5925	4
5926	1
5927	4
5928	0
5929	5
5930	5
5931	2
5932	4
5933	7
5934	2
5935	2
5936	2
5937	3
5938	4
5939	4
5940	2
5941	5
5942	5
5943	4
5944	3
5945	3
5946	3
5947	5
5948	3
5949	5
5950	5
5951	2
5952	4
5953	3
5954	6
5955	1
5956	4
5957	2
5958	2
5959	6
5960	2
5961	5
5962	5
5963	5
5964	2
5965	0
5966	2
5967	4
5968	4
5969	4
5970	1
5971	3
5972	5
5973	7
5974	1
5975	3
5976	8
5977	2
5978	6
5979	5
5980	1
5981	3
5982	2
5983	5
5984	3
5985	3
5986	2
5987	2
5988	0
5989	7
5990	1
5991	5
5992	2
5993	2
5994	2
5995	4
5996	2
5997	1
5998	4
5999	4
6000	2
6001	2
6002	3
6003	5
6004	3
6005	4
6006	7
6007	6
6008	6
6009	5
6010	3
6011	6
6012	1
6013	2
6014	2
6015	1
6016	2
6017	2
6018	4
6019	3
6020	2
6021	4
6022	3
6023	4
6024	2
6025	5
6026	5
6027	3
6028	5
6029	6
6030	5
6031	4
6032	1
6033	3
6034	4
6035	3
6036	3
6037	3
6038	3
6039	3
6040	4
6041	4
6042	4
6043	3
6044	3
6045	2
6046	4
6047	1
6048	3
6049	3
6050	2
6051	3
6052	0
6053	4
6054	3
6055	4
6056	0
6057	4
6058	3
6059	3
6060	4
6061	3
6062	2
6063	2
6064	5
6065	4
6066	3
6067	3
6068	2
6069	5
6070	3
6071	7
6072	5
6073	1
6074	2
6075	1
6076	4
6077	5
6078	4
6079	5
6080	5
6081	2
6082	7
6083	1
6084	3
6085	6
6086	1
6087	1
6088	1
6089	5
6090	5
6091	6
6092	2
6093	5
6094	3
6095	4
6096	4
6097	4
6098	3
6099	6
6100	4
6101	6
6102	1
6103	4
6104	1
6105	3
6106	6
6107	6
6108	8
6109	3
6110	2
6111	4
6112	6
6113	3
6114	1
6115	2
6116	3
6117	6
6118	1
6119	5
6120	5
6121	5
6122	4
6123	3
6124	4
6125	4
6126	5
6127	4
6128	2
6129	4
6130	3
6131	0
6132	0
6133	3
6134	9
6135	3
6136	4
6137	4
6138	3
6139	2
6140	5
6141	3
6142	6
6143	4
6144	4
6145	2
6146	2
6147	2
6148	2
6149	2
6150	3
6151	2
6152	7
6153	2
6154	6
6155	6
6156	3
6157	5
6158	1
6159	6
6160	1
6161	5
6162	3
6163	4
6164	3
6165	4
6166	4
6167	0
6168	6
6169	1
6170	2
6171	3
6172	1
6173	4
6174	3
6175	3
6176	6
6177	4
6178	0
6179	4
6180	4
6181	3
6182	2
6183	6
6184	9
6185	4
6186	3
6187	3
6188	4
6189	1
6190	2
6191	8
6192	4
6193	3
6194	2
6195	4
6196	3
6197	7
6198	6
6199	3
6200	1
6201	5
6202	2
6203	3
6204	3
6205	8
6206	1
6207	5
6208	3
6209	7
6210	4
6211	3
6212	1
6213	0
6214	4
6215	4
6216	2
6217	1
6218	0
6219	3
6220	3
6221	4
6222	6
6223	3
6224	4
6225	6
6226	2
6227	6
6228	5
6229	1
6230	3
6231	5
6232	3
6233	5
6234	2
6235	3
6236	7
6237	3
6238	4
6239	1
6240	2
6241	1
6242	4
6243	4
6244	5
6245	8
6246	2
6247	5
6248	6
6249	2
6250	4
6251	3
6252	2
6253	6
6254	6
6255	5
6256	5
6257	5
6258	6
6259	3
6260	4
6261	4
6262	3
6263	6
6264	2
6265	2
6266	4
6267	5
6268	4
6269	6
6270	5
6271	10
6272	3
6273	2
6274	6
6275	2
6276	4
6277	5
6278	2
6279	0
6280	5
6281	5
6282	8
6283	11
6284	7
6285	5
6286	3
6287	3
6288	1
6289	7
6290	1
6291	1
6292	3
6293	2
6294	4
6295	6
6296	3
6297	7
6298	7
6299	6
6300	5
6301	4
6302	3
6303	2
6304	3
6305	2
6306	1
6307	3
6308	6
6309	2
6310	4
6311	4
6312	5
6313	3
6314	3
6315	4
6316	9
6317	1
6318	7
6319	1
6320	2
6321	4
6322	4
6323	3
6324	5
6325	5
6326	2
6327	4
6328	2
6329	10
6330	5
6331	7
6332	4
6333	6
6334	6
6335	2
6336	4
6337	1
6338	5
6339	3
6340	2
6341	8
6342	3
6343	6
6344	6
6345	3
6346	3
6347	6
6348	1
6349	2
6350	5
6351	2
6352	11
6353	3
6354	6
6355	3
6356	4
6357	5
6358	5
6359	3
6360	6
6361	8
6362	5
6363	4
6364	4
6365	4
6366	4
6367	4
6368	5
6369	3
6370	6
6371	2
6372	1
6373	12
6374	4
6375	4
6376	6
6377	6
6378	2
6379	5
6380	0
6381	4
6382	6
6383	4
6384	3
6385	2
6386	5
6387	7
6388	4
6389	12
6390	4
6391	7
6392	3
6393	3
6394	7
6395	2
6396	2
6397	6
6398	4
6399	2
6400	6
6401	3
6402	3
6403	7
6404	3
6405	6
6406	6
6407	3
6408	4
6409	5
6410	3
6411	3
6412	2
6413	9
6414	6
6415	8
6416	3
6417	6
6418	8
6419	8
6420	6
6421	5
6422	2
6423	5
6424	6
6425	3
6426	6
6427	3
6428	7
6429	7
6430	4
6431	5
6432	1
6433	3
6434	3
6435	2
6436	3
6437	3
6438	4
6439	5
6440	3
6441	6
6442	8
6443	5
6444	4
6445	5
6446	5
6447	1
6448	5
6449	1
6450	4
6451	4
6452	3
6453	6
6454	6
6455	4
6456	4
6457	5
6458	3
6459	5
6460	3
6461	2
6462	7
6463	3
6464	4
6465	8
6466	4
6467	3
6468	5
6469	5
6470	6
6471	2
6472	6
6473	6
6474	4
6475	7
6476	5
6477	5
6478	4
6479	1
6480	4
6481	3
6482	6
6483	2
6484	4
6485	6
6486	7
6487	10
6488	7
6489	1
6490	8
6491	3
6492	4
6493	6
6494	5
6495	4
6496	4
6497	6
6498	7
6499	4
6500	2
6501	4
6502	4
6503	7
6504	2
6505	3
6506	4
6507	3
6508	4
6509	1
6510	4
6511	6
6512	3
6513	3
6514	4
6515	1
6516	3
6517	6
6518	2
6519	8
6520	7
6521	2
6522	9
6523	5
6524	3
6525	5
6526	3
6527	4
6528	5
6529	5
6530	3
6531	5
6532	5
6533	0
6534	5
6535	2
6536	3
6537	5
6538	4
6539	5
6540	5
6541	3
6542	7
6543	2
6544	3
6545	4
6546	2
6547	4
6548	6
6549	4
6550	6
6551	7
6552	3
6553	8
6554	1
6555	2
6556	3
6557	5
6558	5
6559	6
6560	6
6561	4
6562	4
6563	4
6564	4
6565	8
6566	6
6567	1
6568	3
6569	4
6570	4
6571	5
6572	4
6573	6
6574	8
6575	6
6576	5
6577	2
6578	6
6579	5
6580	7
6581	2
6582	2
6583	4
6584	4
6585	6
6586	6
6587	5
6588	6
6589	2
6590	5
6591	7
6592	4
6593	2
6594	4
6595	3
6596	5
6597	3
6598	8
6599	1
6600	5
6601	3
6602	4
6603	2
6604	3
6605	5
6606	1
6607	5
6608	3
6609	4
6610	4
6611	5
6612	3
6613	5
6614	5
6615	5
6616	6
6617	3
6618	6
6619	3
6620	5
6621	6
6622	7
6623	5
6624	6
6625	3
6626	5
6627	1
6628	4
6629	4
6630	4
6631	2
6632	1
6633	2
6634	3
6635	2
6636	6
6637	3
6638	2
6639	3
6640	5
6641	3
6642	2
6643	6
6644	6
6645	1
6646	5
6647	5
6648	5
6649	3
6650	4
6651	8
6652	5
6653	7
6654	3
6655	5
6656	5
6657	1
6658	3
6659	1
6660	3
6661	3
6662	5
6663	4
6664	3
6665	3
6666	4
6667	6
6668	1
6669	7
6670	5
6671	3
6672	3
6673	6
6674	0
6675	4
6676	2
6677	4
6678	3
6679	3
6680	7
6681	3
6682	0
6683	3
6684	3
6685	4
6686	3
6687	3
6688	2
6689	2
6690	7
6691	7
6692	2
6693	2
6694	0
6695	8
6696	1
6697	2
6698	0
6699	4
6700	2
6701	1
6702	3
6703	3
6704	2
6705	4
6706	4
6707	5
6708	3
6709	4
6710	3
6711	4
6712	3
6713	1
6714	4
6715	2
6716	4
6717	3
6718	3
6719	2
6720	7
6721	2
6722	0
6723	1
6724	5
6725	5
6726	4
6727	2
6728	3
6729	5
6730	2
6731	9
6732	2
6733	1
6734	4
6735	2
6736	2
6737	4
6738	2
6739	2
6740	5
6741	3
6742	6
6743	3
6744	2
6745	1
6746	6
6747	1
6748	1
6749	3
6750	1
6751	2
6752	5
6753	2
6754	3
6755	3
6756	3
6757	3
6758	1
6759	2
6760	3
6761	1
6762	2
6763	5
6764	4
6765	3
6766	4
6767	3
6768	1
6769	3
6770	1
6771	3
6772	2
6773	1
6774	4
6775	1
6776	3
6777	3
6778	3
6779	0
6780	4
6781	2
6782	6
6783	3
6784	0
6785	5
6786	1
6787	1
6788	4
6789	2
6790	1
6791	4
6792	1
6793	1
6794	4
6795	5
6796	0
6797	3
6798	2
6799	1
6800	6
6801	4
6802	3
6803	3
6804	1
6805	2
6806	0
6807	1
6808	3
6809	3
6810	2
6811	2
6812	5
6813	3
6814	3
6815	1
6816	4
6817	5
6818	1
6819	3
6820	3
6821	3
6822	1
6823	2
6824	0
6825	2
6826	2
6827	4
6828	2
6829	1
6830	2
6831	2
6832	4
6833	1
6834	2
6835	2
6836	1
6837	0
6838	0
6839	3
6840	2
6841	4
6842	3
6843	3
6844	0
6845	0
6846	0
6847	3
6848	2
6849	1
6850	3
6851	1
6852	1
6853	2
6854	0
6855	3
6856	2
6857	2
6858	1
6859	0
6860	2
6861	1
6862	2
6863	4
6864	3
6865	1
6866	2
6867	0
6868	4
6869	2
6870	1
6871	0
6872	2
6873	2
6874	2
6875	2
6876	0
6877	2
6878	2
6879	2
6880	1
6881	2
6882	0
6883	1
6884	1
6885	1
6886	2
6887	3
6888	0
6889	1
6890	0
6891	7
6892	0
6893	1
6894	1
6895	0
6896	1
6897	0
6898	2
6899	0
6900	3
6901	0
6902	2
6903	2
6904	3
6905	1
6906	1
6907	2
6908	0
6909	1
6910	1
6911	0
6912	1
6913	1
6914	1
6915	0
6916	1
6917	1
6918	1
6919	1
6920	1
6921	0
6922	2
6923	1
6924	0
6925	1
6926	1
6927	2
6928	0
6929	1
6930	0
6931	1
6932	2
6933	2
6934	0
6935	0
6936	1
6937	0
6938	0
6939	1
6940	1
6941	3
6942	2
6943	1
6944	1
6945	0
6946	0
6947	4
6948	0
6949	2
6950	3
6951	3
6952	4
6953	1
6954	0
6955	3
6956	0
6957	1
6958	2
6959	1
6960	1
6961	2
6962	0
6963	3
6964	0
6965	0
6966	0
6967	0
6968	2
6969	0
6970	1
6971	1
6972	0
6973	0
6974	3
6975	1
6976	0
6977	0
6978	2
6979	0
6980	1
6981	0
6982	0
6983	0
6984	0
6985	1
6986	1
6987	3
6988	2
6989	0
6990	1
6991	2
6992	1
6993	0
6994	0
6995	2
6996	1
6997	1
6998	2
6999	0
7000	0
7001	0
7002	0
7003	2
7004	1
7005	4
7006	2
7007	1
7008	1
7009	1
7010	2
7011	0
7012	0
7013	1
7014	1
7015	1
7016	0
7017	2
7018	0
7019	1
7020	1
7021	0
7022	1
7023	0
7024	2
7025	0
7026	0
7027	0
7028	1
7029	1
7030	0
7031	0
7032	0
7033	1
7034	0
7035	1
7036	0
7037	1
7038	0
7039	1
7040	1
7041	1
7042	2
7043	0
7044	1
7045	1
7046	1
7047	1
7048	0
7049	1
7050	1
7051	0
7052	0
7053	0
7054	1
7055	1
7056	0
7057	0
7058	1
7059	0
7060	3
7061	0
7062	0
7063	0
7064	2
7065	0
7066	1
7067	1
7068	0
7069	1
7070	0
7071	0
7072	1
7073	0
7074	1
7075	1
7076	0
7077	0
7078	2
7079	1
7080	0
7081	0
7082	0
7083	0
7084	0
7085	0
7086	0
7087	0
7088	0
7089	4
7090	0
7091	0
7092	1
7093	0
7094	1
7095	1
7096	1
7097	2
7098	0
7099	1
7100	0
7101	1
7102	0
7103	2
7104	1
7105	1
7106	0
7107	1
7108	0
7109	0
7110	0
7111	0
7112	0
7113	1
7114	0
7115	0
7116	1
7117	0
7118	1
7119	0
7120	1
7121	1
7122	0
7123	1
7124	2
7125	1
7126	0
7127	0
7128	0
7129	1
7130	2
7131	2
7132	0
7133	0
7134	0
7135	1
7136	0
7137	0
7138	1
7139	0
7140	0
7141	1
7142	0
7143	1
7144	0
7145	1
7146	0
7147	0
7148	0
7149	2
7150	2
7151	0
7152	0
7153	0
7154	0
7155	1
7156	0
7157	0
7158	0
7159	0
7160	0
7161	2
7162	1
7163	1
7164	0
7165	2
7166	0
7167	2
7168	1
7169	0
7170	0
7171	1
7172	0
7173	1
7174	0
7175	0
7176	1
7177	0
7178	0
7179	0
7180	0
7181	0
7182	0
7183	0
7184	0
7185	2
7186	3
7187	2
7188	1
7189	2
7190	2
7191	0
7192	0
7193	1
7194	0
7195	0
7196	0
7197	0
7198	1
7199	2
7200	3
7201	0
7202	0
7203	1
7204	1
7205	0
7206	1
7207	0
7208	2
7209	0
7210	0
7211	1
7212	1
7213	0
7214	0
7215	0
7216	0
7217	1
7218	0
7219	0
7220	1
7221	0
7222	0
7223	1
7224	0
7225	1
7226	0
7227	1
7228	0
7229	0
7230	2
7231	1
7232	0
7233	0
7234	0
7235	0
7236	0
7237	2
7238	0
7239	0
7240	1
7241	1
7242	0
7243	2
7244	1
7245	0
7246	1
7247	0
7248	0
7249	1
7250	1
7251	0
7252	1
7253	0
7254	1
7255	0
7256	3
7257	0
7258	0
7259	0
7260	0
7261	1
7262	0
7263	0
7264	0
7265	1
7266	0
7267	0
7268	0
7269	2
7270	0
7271	1
7272	1
7273	0
7274	0
7275	2
7276	0
7277	1
7278	0
7279	0
7280	0
7281	1
7282	1
7283	1
7284	1
7285	1
7286	1
7287	1
7288	0
7289	3
7290	3
7291	1
7292	0
7293	1
7294	0
7295	1
7296	1
7297	0
7298	1
7299	0
7300	0
7301	0
7302	0
7303	0
7304	1
7305	1
7306	1
7307	0
7308	0
7309	0
7310	1
7311	0
7312	0
7313	0
7314	0
7315	0
7316	1
7317	0
7318	0
7319	2
7320	0
7321	0
7322	2
7323	0
7324	0
7325	1
7326	0
7327	0
7328	0
7329	0
7330	0
7331	1
7332	0
7333	2
7334	0
7335	0
7336	1
7337	1
7338	1
7339	2
7340	2
7341	0
7342	0
7343	2
7344	0
7345	0
7346	2
7347	1
7348	0
7349	1
7350	3
7351	1
7352	0
7353	0
7354	4
7355	0
7356	0
7357	0
7358	0
7359	0
7360	1
7361	1
7362	0
7363	1
7364	1
7365	0
7366	1
7367	0
7368	1
7369	0
7370	1
7371	0
7372	0
7373	0
7374	1
7375	0
7376	0
7377	1
7378	0
7379	1
7380	0
7381	1
7382	1
7383	0
7384	0
7385	0
7386	0
7387	0
7388	0
7389	1
7390	1
7391	0
7392	0
7393	1
7394	0
7395	1
7396	0
7397	0
7398	1
7399	0
7400	1
7401	0
7402	0
7403	0
7404	0
7405	0
7406	0
7407	0
7408	0
7409	1
7410	0
7411	0
7412	1
7413	2
7414	0
7415	0
7416	1
7417	0
7418	1
7419	3
7420	1
7421	0
7422	0
7423	1
7424	0
7425	0
7426	2
7427	2
7428	1
7429	3
7430	0
7431	3
7432	0
7433	0
7434	1
7435	0
7436	0
7437	1
7438	0
7439	0
7440	0
7441	0
7442	0
7443	0
7444	0
7445	0
7446	1
7447	1
7448	1
7449	1
7450	0
7451	3
7452	2
7453	0
7454	0
7455	0
7456	1
7457	1
7458	2
7459	0
7460	1
7461	1
7462	0
7463	0
7464	0
7465	1
7466	0
7467	1
7468	2
7469	0
7470	0
7471	1
7472	2
7473	1
7474	0
7475	0
7476	1
7477	1
7478	0
7479	0
7480	0
7481	1
7482	1
7483	0
7484	0
7485	1
7486	2
7487	1
7488	0
7489	1
7490	0
7491	0
7492	0
7493	1
7494	2
7495	2
7496	0
7497	0
7498	0
7499	0
7500	0
7501	0
7502	3
7503	0
7504	0
7505	1
7506	0
7507	1
7508	0
7509	0
7510	3
7511	2
7512	0
7513	1
7514	0
7515	0
7516	1
7517	2
7518	1
7519	1
7520	1
7521	0
7522	0
7523	1
7524	0
7525	1
7526	0
7527	0
7528	0
7529	1
7530	1
7531	1
7532	0
7533	0
7534	0
7535	0
7536	0
7537	1
7538	0
7539	1
7540	0
7541	0
7542	0
7543	0
7544	0
7545	0
7546	0
7547	0
7548	0
7549	0
7550	2
7551	0
7552	1
7553	0
7554	1
7555	0
7556	1
7557	1
7558	0
7559	0
7560	1
7561	0
7562	0
7563	1
7564	2
7565	0
7566	0
7567	0
7568	1
7569	0
7570	1
7571	0
7572	1
7573	0
7574	0
7575	2
7576	0
7577	0
7578	0
7579	0
7580	1
7581	0
7582	0
7583	0
7584	0
7585	0
7586	0
7587	0
7588	1
7589	3
7590	1
7591	1
7592	0
7593	1
7594	1
7595	1
7596	0
7597	0
7598	0
7599	0
7600	2
7601	0
7602	0
7603	0
7604	1
7605	1
7606	1
7607	0
7608	1
7609	1
7610	1
7611	0
7612	1
7613	1
7614	0
7615	1
7616	0
7617	0
7618	0
7619	0
7620	0
7621	0
7622	0
7623	0
7624	0
7625	0
7626	1
7627	0
7628	0
7629	0
7630	1
7631	0
7632	0
7633	0
7634	1
7635	0
7636	0
7637	0
7638	1
7639	0
7640	1
7641	0
7642	1
7643	0
7644	1
7645	1
7646	0
7647	0
7648	1
7649	0
7650	0
7651	1
7652	0
7653	0
7654	1
7655	0
7656	1
7657	0
7658	2
7659	1
7660	1
7661	1
7662	0
7663	2
7664	0
7665	0
7666	2
7667	0
7668	0
7669	1
7670	1
7671	0
7672	2
7673	1
7674	2
7675	2
7676	0
7677	1
7678	0
7679	1
7680	0
7681	2
7682	1
7683	0
7684	0
7685	0
7686	0
7687	0
7688	0
7689	0
7690	1
7691	3
7692	1
7693	1
7694	0
7695	0
7696	0
7697	1
7698	0
7699	0
7700	1
7701	2
7702	0
7703	1
7704	2
7705	2
7706	0
7707	0
7708	1
7709	0
7710	0
7711	0
7712	0
7713	0
7714	0
7715	2
7716	0
7717	0
7718	0
7719	1
7720	0
7721	0
7722	0
7723	0
7724	0
7725	0
7726	1
7727	0
7728	1
7729	0
7730	0
7731	2
7732	1
7733	0
7734	1
7735	1
7736	1
7737	1
7738	0
7739	1
7740	0
7741	0
7742	0
7743	1
7744	0
7745	0
7746	0
7747	1
7748	1
7749	0
7750	0
7751	1
7752	0
7753	2
7754	0
7755	1
7756	1
7757	0
7758	0
7759	0
7760	0
7761	0
7762	1
7763	0
7764	0
7765	0
7766	1
7767	0
7768	1
7769	1
7770	0
7771	0
7772	1
7773	0
7774	2
7775	0
7776	0
7777	0
7778	0
7779	0
7780	0
7781	1
7782	0
7783	1
7784	0
7785	1
7786	0
7787	0
7788	0
7789	1
7790	1
7791	0
7792	0
7793	1
7794	0
7795	0
7796	1
7797	1
7798	0
7799	1
7800	2
7801	1
7802	1
7803	0
7804	0
7805	0
7806	1
7807	0
7808	0
7809	0
7810	0
7811	0
7812	1
7813	0
7814	0
7815	0
7816	1
7817	2
7818	0
7819	0
7820	1
7821	0
7822	0
7823	1
7824	1
7825	0
7826	0
7827	0
7828	1
7829	2
7830	1
7831	0
7832	0
7833	1
7834	1
7835	2
7836	1
7837	0
7838	1
7839	0
7840	0
7841	0
7842	0
7843	0
7844	0
7845	0
7846	0
7847	0
7848	1
7849	1
7850	0
7851	0
7852	2
7853	0
7854	1
7855	2
7856	1
7857	1
7858	1
7859	0
7860	0
7861	0
7862	1
7863	1
7864	0
7865	1
7866	1
7867	3
7868	0
7869	0
7870	2
7871	0
7872	0
7873	0
7874	1
7875	0
7876	0
7877	0
7878	0
7879	0
7880	0
7881	0
7882	0
7883	2
7884	1
7885	0
7886	0
7887	0
7888	3
7889	1
7890	0
7891	0
7892	1
7893	0
7894	0
7895	0
7896	2
7897	1
7898	0
7899	1
7900	0
7901	0
7902	3
7903	0
7904	1
7905	0
7906	1
7907	1
7908	0
7909	2
7910	0
7911	1
7912	2
7913	0
7914	0
7915	0
7916	1
7917	0
7918	1
7919	0
7920	3
7921	1
7922	1
7923	1
7924	0
7925	0
7926	1
7927	0
7928	0
7929	1
7930	1
7931	1
7932	0
7933	0
7934	0
7935	0
7936	0
7937	2
7938	0
7939	0
7940	1
7941	1
7942	0
7943	2
7944	0
7945	0
7946	1
7947	1
7948	0
7949	0
7950	1
7951	0
7952	1
7953	1
7954	1
7955	0
7956	1
7957	0
7958	0
7959	1
7960	0
7961	0
7962	1
7963	1
7964	0
7965	0
7966	2
7967	0
7968	1
7969	0
7970	1
7971	0
7972	0
7973	3
7974	0
7975	0
7976	1
7977	2
7978	0
7979	2
7980	0
7981	0
7982	0
7983	0
7984	2
7985	2
7986	1
7987	1
7988	1
7989	0
7990	1
7991	0
7992	0
7993	0
7994	2
7995	0
7996	0
7997	1
7998	2
7999	0
8000	0
8001	0
8002	0
8003	1
8004	0
8005	0
8006	1
8007	0
8008	0
8009	0
8010	0
8011	3
8012	0
8013	1
8014	1
8015	2
8016	0
8017	0
8018	1
8019	0
8020	0
8021	0
8022	1
8023	0
8024	0
8025	0
8026	1
8027	2
8028	1
8029	0
8030	1
8031	0
8032	0
8033	1
8034	1
8035	0
8036	0
8037	0
8038	0
8039	1
8040	0
8041	0
8042	0
8043	0
8044	2
8045	0
8046	1
8047	0
8048	0
8049	0
8050	0
8051	1
8052	0
8053	0
8054	1
8055	1
8056	0
8057	0
8058	0
8059	0
8060	0
8061	2
8062	2
8063	1
8064	0
8065	0
8066	0
8067	0
8068	0
8069	0
8070	0
8071	0
8072	1
8073	2
8074	1
8075	0
8076	0
8077	0
8078	1
8079	0
8080	0
8081	0
8082	0
8083	0
8084	0
8085	0
8086	0
8087	0
8088	0
8089	0
8090	0
8091	0
8092	0
8093	0
8094	0
8095	0
8096	0
8097	0
8098	0
8099	0
8100	0
8101	0
8102	0
8103	0
8104	0
8105	0
8106	0
8107	0
8108	0
8109	0
8110	0
8111	0
8112	0
8113	0
8114	0
8115	0
8116	0
8117	0
8118	0
8119	0
8120	0
8121	0
8122	0
8123	0
8124	0
8125	0
8126	0
8127	0
8128	0
8129	0
8130	0
8131	0
8132	0
8133	0
8134	0
8135	0
8136	0
8137	0
8138	0
8139	0
8140	0
8141	0
8142	0
8143	0
8144	0
8145	0
8146	0
8147	0
8148	0
8149	0
8150	0
8151	0
8152	0
8153	0
8154	0
8155	0
8156	0
8157	0
8158	0
8159	0
8160	0
8161	0
8162	0
8163	0
8164	0
8165	0
8166	0
8167	0
8168	0
8169	0
8170	0
8171	0
8172	0
8173	0
8174	0
8175	0
8176	0
8177	0
8178	0
8179	0
8180	0
8181	0
8182	0
8183	0
8184	0
8185	0
8186	0
8187	0
8188	0
8189	0
8190	0
8191	0
