0	15
1	0
2	0
3	0
4	3
5	1
6	0
7	1
8	2
9	1
10	2
11	1
12	2
13	0
14	3
15	0
16	0
17	0
18	0
19	0
20	0
21	0
22	1
23	1
24	0
25	0
26	0
27	0
28	0
29	0
30	1
31	0
32	0
33	0
34	0
35	0
36	0
37	0
38	0
39	0
40	0
41	0
42	0
43	0
44	0
45	0
46	0
47	0
48	0
49	0
50	0
51	0
52	0
53	0
54	0
55	0
56	1
57	0
58	1
59	0
60	1
61	0
62	0
63	0
64	0
65	0
66	0
67	0
68	1
69	0
70	1
71	0
72	0
73	0
74	1
75	0
76	0
77	0
78	1
79	0
80	0
81	0
82	0
83	0
84	1
85	3
86	6
87	14
88	14
89	9
90	12
91	11
92	6
93	10
94	5
95	4
96	7
97	11
98	8
99	10
100	4
101	14
102	14
103	16
104	5
105	5
106	10
107	10
108	5
109	6
110	7
111	9
112	8
113	10
114	8
115	7
116	5
117	5
118	8
119	8
120	4
121	2
122	9
123	10
124	9
125	9
126	5
127	11
128	10
129	11
130	10
131	10
132	11
133	5
134	10
135	3
136	2
137	10
138	12
139	1
140	4
141	13
142	14
143	14
144	7
145	9
146	5
147	11
148	5
149	6
150	9
151	7
152	5
153	10
154	8
155	4
156	4
157	13
158	5
159	6
160	9
161	5
162	7
163	4
164	3
165	11
166	11
167	4
168	7
169	5
170	8
171	10
172	10
173	8
174	8
175	10
176	8
177	10
178	8
179	4
180	6
181	7
182	8
183	6
184	8
185	6
186	4
187	7
188	5
189	6
190	11
191	9
192	9
193	6
194	5
195	5
196	6
197	8
198	7
199	7
200	5
201	7
202	9
203	8
204	5
205	8
206	4
207	6
208	7
209	8
210	4
211	11
212	8
213	12
214	8
215	6
216	6
217	5
218	11
219	10
220	9
221	7
222	10
223	3
224	4
225	9
226	4
227	7
228	6
229	7
230	8
231	7
232	8
233	7
234	9
235	4
236	9
237	9
238	5
239	12
240	7
241	4
242	13
243	4
244	6
245	6
246	5
247	8
248	11
249	12
250	12
251	7
252	6
253	5
254	6
255	8
256	7
257	4
258	6
259	10
260	6
261	10
262	2
263	9
264	5
265	9
266	11
267	6
268	8
269	15
270	8
271	9
272	13
273	4
274	9
275	6
276	6
277	7
278	12
279	8
280	5
281	7
282	14
283	6
284	12
285	7
286	11
287	9
288	12
289	7
290	6
291	8
292	6
293	9
294	6
295	7
296	10
297	5
298	7
299	7
300	13
301	16
302	8
303	14
304	12
305	6
306	6
307	8
308	8
309	6
310	10
311	2
312	5
313	7
314	8
315	6
316	6
317	11
318	10
319	5
320	3
321	4
322	8
323	4
324	13
325	8
326	8
327	11
328	8
329	10
330	10
331	9
332	11
333	12
334	5
335	5
336	14
337	8
338	8
339	6
340	7
341	10
342	8
343	4
344	7
345	8
346	5
347	9
348	6
349	3
350	5
351	12
352	6
353	8
354	9
355	7
356	9
357	8
358	8
359	10
360	10
361	8
362	12
363	7
364	9
365	7
366	11
367	9
368	7
369	10
370	10
371	8
372	10
373	10
374	12
375	8
376	3
377	15
378	11
379	12
380	5
381	12
382	9
383	8
384	3
385	6
386	12
387	12
388	8
389	6
390	9
391	11
392	2
393	8
394	4
395	9
396	9
397	7
398	6
399	5
400	7
401	8
402	9
403	6
404	9
405	11
406	11
407	9
408	4
409	6
410	6
411	7
412	7
413	6
414	8
415	12
416	4
417	12
418	9
419	9
420	5
421	12
422	12
423	11
424	6
425	8
426	9
427	3
428	10
429	6
430	6
431	8
432	9
433	8
434	10
435	8
436	4
437	6
438	6
439	8
440	6
441	12
442	6
443	11
444	2
445	5
446	6
447	12
448	10
449	6
450	11
451	6
452	7
453	9
454	7
455	6
456	6
457	8
458	8
459	5
460	7
461	6
462	11
463	9
464	11
465	12
466	6
467	9
468	6
469	8
470	13
471	6
472	9
473	7
474	12
475	11
476	5
477	5
478	7
479	5
480	6
481	9
482	10
483	5
484	7
485	11
486	9
487	10
488	9
489	17
490	11
491	7
492	11
493	5
494	6
495	5
496	15
497	10
498	7
499	18
500	6
501	11
502	8
503	8
504	11
505	7
506	7
507	8
508	10
509	7
510	12
511	14
512	7
513	8
514	12
515	13
516	17
517	10
518	6
519	11
520	10
521	7
522	9
523	10
524	9
525	10
526	11
527	15
528	4
529	7
530	5
531	8
532	12
533	8
534	5
535	9
536	11
537	9
538	7
539	11
540	12
541	9
542	7
543	16
544	7
545	6
546	9
547	15
548	5
549	13
550	12
551	5
552	9
553	8
554	7
555	9
556	9
557	6
558	8
559	7
560	8
561	13
562	6
563	7
564	4
565	7
566	10
567	5
568	9
569	8
570	12
571	9
572	8
573	11
574	11
575	14
576	9
577	5
578	8
579	6
580	8
581	5
582	9
583	11
584	8
585	7
586	9
587	9
588	9
589	6
590	7
591	15
592	6
593	11
594	13
595	10
596	7
597	12
598	10
599	6
600	8
601	11
602	6
603	6
604	7
605	15
606	9
607	6
608	10
609	9
610	12
611	8
612	10
613	12
614	8
615	8
616	11
617	10
618	9
619	10
620	15
621	8
622	8
623	6
624	11
625	16
626	13
627	9
628	12
629	15
630	10
631	12
632	7
633	11
634	12
635	6
636	7
637	11
638	17
639	9
640	9
641	6
642	7
643	4
644	14
645	8
646	14
647	17
648	12
649	17
650	9
651	6
652	8
653	10
654	11
655	6
656	8
657	14
658	8
659	11
660	10
661	9
662	11
663	7
664	7
665	10
666	10
667	11
668	12
669	15
670	5
671	15
672	7
673	11
674	15
675	6
676	7
677	7
678	8
679	12
680	8
681	12
682	7
683	13
684	7
685	8
686	4
687	11
688	15
689	9
690	12
691	7
692	8
693	13
694	7
695	8
696	12
697	6
698	13
699	7
700	9
701	11
702	9
703	7
704	7
705	15
706	16
707	15
708	11
709	14
710	8
711	13
712	13
713	11
714	9
715	7
716	14
717	6
718	15
719	14
720	16
721	12
722	8
723	15
724	10
725	10
726	15
727	8
728	13
729	16
730	8
731	12
732	12
733	8
734	16
735	11
736	13
737	7
738	11
739	11
740	9
741	9
742	12
743	9
744	13
745	19
746	13
747	11
748	12
749	10
750	7
751	19
752	16
753	13
754	12
755	12
756	13
757	16
758	17
759	16
760	16
761	10
762	18
763	13
764	13
765	13
766	14
767	15
768	15
769	13
770	7
771	17
772	10
773	18
774	9
775	16
776	11
777	20
778	19
779	16
780	20
781	15
782	17
783	16
784	22
785	11
786	13
787	15
788	11
789	16
790	17
791	17
792	13
793	12
794	25
795	14
796	17
797	17
798	12
799	26
800	17
801	22
802	17
803	21
804	15
805	16
806	10
807	14
808	13
809	15
810	19
811	19
812	16
813	14
814	30
815	18
816	21
817	24
818	13
819	13
820	15
821	11
822	17
823	16
824	21
825	21
826	19
827	26
828	17
829	23
830	22
831	24
832	28
833	14
834	22
835	8
836	18
837	6
838	17
839	19
840	18
841	23
842	16
843	22
844	20
845	20
846	23
847	17
848	19
849	22
850	22
851	17
852	24
853	12
854	13
855	16
856	16
857	13
858	18
859	19
860	18
861	15
862	22
863	13
864	8
865	16
866	24
867	20
868	18
869	19
870	21
871	12
872	20
873	12
874	17
875	21
876	18
877	13
878	19
879	18
880	17
881	16
882	22
883	14
884	16
885	17
886	20
887	19
888	16
889	19
890	13
891	17
892	9
893	14
894	17
895	10
896	11
897	18
898	17
899	15
900	22
901	13
902	6
903	12
904	19
905	22
906	12
907	19
908	11
909	16
910	15
911	10
912	12
913	10
914	12
915	12
916	15
917	18
918	14
919	18
920	28
921	14
922	15
923	21
924	9
925	19
926	11
927	23
928	12
929	18
930	18
931	15
932	12
933	24
934	22
935	16
936	15
937	13
938	13
939	14
940	13
941	19
942	12
943	12
944	12
945	12
946	8
947	13
948	18
949	15
950	19
951	21
952	10
953	14
954	15
955	12
956	19
957	14
958	16
959	17
960	14
961	17
962	20
963	15
964	20
965	24
966	10
967	18
968	14
969	16
970	16
971	10
972	13
973	19
974	13
975	9
976	19
977	17
978	12
979	14
980	16
981	16
982	17
983	12
984	12
985	19
986	14
987	14
988	11
989	19
990	17
991	14
992	18
993	19
994	19
995	14
996	18
997	13
998	15
999	11
1000	10
1001	20
1002	16
1003	17
1004	11
1005	15
1006	11
1007	12
1008	10
1009	10
1010	24
1011	8
1012	10
1013	10
1014	16
1015	20
1016	10
1017	12
1018	16
1019	15
1020	8
1021	19
1022	16
1023	14
1024	6
1025	9
1026	17
1027	11
1028	9
1029	12
1030	9
1031	22
1032	17
1033	14
1034	11
1035	11
1036	10
1037	13
1038	13
1039	13
1040	14
1041	13
1042	15
1043	16
1044	15
1045	20
1046	15
1047	15
1048	9
1049	9
1050	13
1051	7
1052	16
1053	14
1054	13
1055	9
1056	13
1057	15
1058	13
1059	12
1060	21
1061	12
1062	11
1063	15
1064	9
1065	13
1066	14
1067	7
1068	16
1069	19
1070	14
1071	4
1072	12
1073	24
1074	19
1075	9
1076	7
1077	7
1078	13
1079	10
1080	11
1081	15
1082	10
1083	11
1084	12
1085	13
1086	18
1087	13
1088	16
1089	13
1090	12
1091	12
1092	18
1093	10
1094	19
1095	14
1096	14
1097	12
1098	10
1099	16
1100	17
1101	16
1102	11
1103	12
1104	15
1105	16
1106	8
1107	13
1108	8
1109	14
1110	17
1111	14
1112	8
1113	18
1114	11
1115	12
1116	16
1117	11
1118	11
1119	8
1120	11
1121	12
1122	14
1123	13
1124	21
1125	13
1126	15
1127	22
1128	10
1129	9
1130	12
1131	16
1132	10
1133	13
1134	9
1135	12
1136	14
1137	15
1138	19
1139	15
1140	16
1141	16
1142	11
1143	13
1144	11
1145	9
1146	17
1147	19
1148	20
1149	15
1150	21
1151	15
1152	10
1153	9
1154	13
1155	14
1156	10
1157	17
1158	8
1159	22
1160	11
1161	12
1162	11
1163	8
1164	14
1165	16
1166	12
1167	13
1168	7
1169	18
1170	12
1171	10
1172	10
1173	15
1174	18
1175	17
1176	17
1177	11
1178	10
1179	13
1180	7
1181	21
1182	11
1183	10
1184	9
1185	11
1186	13
1187	19
1188	14
1189	15
1190	20
1191	25
1192	13
1193	16
1194	14
1195	14
1196	14
1197	15
1198	13
1199	19
1200	12
1201	15
1202	13
1203	13
1204	20
1205	12
1206	17
1207	15
1208	11
1209	23
1210	13
1211	10
1212	8
1213	15
1214	15
1215	18
1216	20
1217	17
1218	20
1219	16
1220	15
1221	14
1222	23
1223	10
1224	14
1225	20
1226	11
1227	21
1228	9
1229	13
1230	17
1231	7
1232	19
1233	8
1234	16
1235	14
1236	8
1237	11
1238	16
1239	22
1240	14
1241	16
1242	22
1243	18
1244	9
1245	20
1246	18
1247	11
1248	18
1249	16
1250	13
1251	8
1252	12
1253	13
1254	15
1255	22
1256	15
1257	16
1258	18
1259	16
1260	17
1261	11
1262	17
1263	14
1264	10
1265	15
1266	18
1267	14
1268	15
1269	13
1270	13
1271	17
1272	21
1273	14
1274	14
1275	17
1276	17
1277	25
1278	16
1279	13
1280	16
1281	13
1282	15
1283	17
1284	14
1285	18
1286	18
1287	13
1288	12
1289	18
1290	17
1291	21
1292	10
1293	16
1294	11
1295	19
1296	21
1297	13
1298	20
1299	18
1300	14
1301	17
1302	15
1303	21
1304	15
1305	21
1306	16
1307	20
1308	21
1309	13
1310	13
1311	28
1312	22
1313	20
1314	21
1315	18
1316	9
1317	19
1318	25
1319	20
1320	22
1321	29
1322	17
1323	20
1324	19
1325	15
1326	14
1327	17
1328	22
1329	17
1330	18
1331	14
1332	12
1333	24
1334	15
1335	11
1336	10
1337	14
1338	23
1339	18
1340	12
1341	13
1342	12
1343	14
1344	21
1345	18
1346	15
1347	22
1348	15
1349	17
1350	15
1351	12
1352	11
1353	24
1354	18
1355	11
1356	16
1357	18
1358	17
1359	17
1360	16
1361	18
1362	16
1363	22
1364	15
1365	21
1366	22
1367	14
1368	18
1369	25
1370	21
1371	22
1372	25
1373	12
1374	21
1375	18
1376	19
1377	18
1378	17
1379	22
1380	19
1381	22
1382	9
1383	15
1384	25
1385	15
1386	17
1387	15
1388	24
1389	11
1390	19
1391	13
1392	13
1393	24
1394	18
1395	10
1396	19
1397	13
1398	12
1399	13
1400	18
1401	15
1402	19
1403	15
1404	12
1405	21
1406	16
1407	16
1408	14
1409	22
1410	18
1411	14
1412	23
1413	18
1414	21
1415	19
1416	23
1417	19
1418	18
1419	20
1420	18
1421	16
1422	14
1423	16
1424	16
1425	18
1426	16
1427	17
1428	23
1429	16
1430	13
1431	16
1432	15
1433	18
1434	20
1435	19
1436	18
1437	21
1438	12
1439	15
1440	21
1441	13
1442	17
1443	17
1444	25
1445	23
1446	14
1447	20
1448	22
1449	15
1450	18
1451	21
1452	16
1453	27
1454	8
1455	19
1456	22
1457	15
1458	18
1459	18
1460	23
1461	22
1462	13
1463	24
1464	18
1465	20
1466	32
1467	14
1468	21
1469	21
1470	25
1471	19
1472	25
1473	11
1474	22
1475	17
1476	19
1477	17
1478	8
1479	18
1480	10
1481	20
1482	21
1483	22
1484	14
1485	23
1486	24
1487	26
1488	22
1489	13
1490	14
1491	21
1492	16
1493	22
1494	18
1495	23
1496	21
1497	17
1498	19
1499	23
1500	20
1501	13
1502	19
1503	23
1504	23
1505	14
1506	21
1507	17
1508	27
1509	16
1510	27
1511	22
1512	22
1513	12
1514	16
1515	20
1516	23
1517	24
1518	14
1519	22
1520	15
1521	20
1522	16
1523	19
1524	21
1525	14
1526	20
1527	16
1528	29
1529	13
1530	24
1531	31
1532	24
1533	21
1534	23
1535	19
1536	23
1537	22
1538	21
1539	12
1540	26
1541	15
1542	15
1543	20
1544	15
1545	19
1546	17
1547	17
1548	19
1549	19
1550	18
1551	19
1552	14
1553	22
1554	17
1555	17
1556	20
1557	11
1558	16
1559	27
1560	17
1561	14
1562	17
1563	22
1564	19
1565	15
1566	28
1567	20
1568	30
1569	32
1570	20
1571	23
1572	17
1573	31
1574	21
1575	18
1576	16
1577	28
1578	19
1579	23
1580	20
1581	23
1582	19
1583	20
1584	19
1585	17
1586	31
1587	21
1588	28
1589	21
1590	15
1591	17
1592	20
1593	19
1594	9
1595	25
1596	25
1597	20
1598	19
1599	21
1600	28
1601	19
1602	19
1603	23
1604	17
1605	22
1606	24
1607	25
1608	26
1609	19
1610	26
1611	21
1612	24
1613	25
1614	18
1615	25
1616	19
1617	16
1618	22
1619	16
1620	19
1621	27
1622	19
1623	17
1624	34
1625	17
1626	14
1627	27
1628	23
1629	27
1630	23
1631	15
1632	25
1633	16
1634	21
1635	25
1636	25
1637	17
1638	15
1639	23
1640	30
1641	16
1642	18
1643	25
1644	22
1645	22
1646	15
1647	22
1648	16
1649	21
1650	18
1651	30
1652	24
1653	30
1654	21
1655	26
1656	12
1657	23
1658	23
1659	26
1660	16
1661	21
1662	27
1663	26
1664	30
1665	21
1666	24
1667	25
1668	35
1669	18
1670	22
1671	23
1672	25
1673	21
1674	26
1675	24
1676	21
1677	17
1678	18
1679	15
1680	22
1681	14
1682	26
1683	20
1684	21
1685	20
1686	26
1687	18
1688	27
1689	29
1690	12
1691	29
1692	18
1693	12
1694	17
1695	28
1696	25
1697	20
1698	21
1699	23
1700	13
1701	19
1702	18
1703	20
1704	26
1705	22
1706	18
1707	20
1708	19
1709	19
1710	22
1711	16
1712	23
1713	24
1714	22
1715	23
1716	29
1717	24
1718	22
1719	19
1720	15
1721	18
1722	33
1723	28
1724	24
1725	19
1726	26
1727	21
1728	24
1729	27
1730	20
1731	28
1732	20
1733	28
1734	29
1735	18
1736	19
1737	21
1738	15
1739	14
1740	17
1741	21
1742	17
1743	20
1744	24
1745	22
1746	17
1747	24
1748	18
1749	25
1750	19
1751	18
1752	18
1753	18
1754	24
1755	21
1756	19
1757	30
1758	29
1759	24
1760	28
1761	27
1762	21
1763	20
1764	31
1765	27
1766	19
1767	24
1768	18
1769	20
1770	28
1771	27
1772	20
1773	16
1774	14
1775	20
1776	23
1777	20
1778	18
1779	19
1780	22
1781	23
1782	29
1783	25
1784	25
1785	25
1786	18
1787	29
1788	19
1789	28
1790	25
1791	26
1792	22
1793	24
1794	15
1795	28
1796	19
1797	23
1798	25
1799	22
1800	22
1801	26
1802	24
1803	24
1804	21
1805	18
1806	25
1807	26
1808	19
1809	19
1810	21
1811	18
1812	12
1813	27
1814	20
1815	22
1816	27
1817	28
1818	22
1819	15
1820	15
1821	26
1822	28
1823	23
1824	23
1825	17
1826	20
1827	27
1828	24
1829	18
1830	24
1831	27
1832	16
1833	15
1834	27
1835	34
1836	22
1837	28
1838	25
1839	20
1840	27
1841	28
1842	18
1843	14
1844	23
1845	27
1846	23
1847	23
1848	21
1849	26
1850	20
1851	17
1852	21
1853	18
1854	28
1855	22
1856	23
1857	19
1858	29
1859	21
1860	16
1861	25
1862	17
1863	21
1864	28
1865	23
1866	27
1867	18
1868	22
1869	25
1870	27
1871	29
1872	25
1873	16
1874	25
1875	20
1876	24
1877	15
1878	31
1879	21
1880	29
1881	30
1882	24
1883	29
1884	17
1885	22
1886	26
1887	20
1888	19
1889	20
1890	22
1891	24
1892	21
1893	24
1894	22
1895	28
1896	23
1897	29
1898	29
1899	18
1900	22
1901	33
1902	18
1903	27
1904	33
1905	25
1906	25
1907	19
1908	34
1909	17
1910	24
1911	28
1912	23
1913	28
1914	21
1915	30
1916	20
1917	19
1918	24
1919	25
1920	15
1921	19
1922	28
1923	20
1924	17
1925	18
1926	30
1927	19
1928	31
1929	20
1930	32
1931	18
1932	29
1933	27
1934	26
1935	26
1936	27
1937	22
1938	18
1939	25
1940	12
1941	28
1942	20
1943	14
1944	32
1945	27
1946	34
1947	15
1948	19
1949	22
1950	22
1951	32
1952	22
1953	27
1954	13
1955	17
1956	20
1957	29
1958	25
1959	27
1960	21
1961	32
1962	24
1963	28
1964	23
1965	18
1966	21
1967	21
1968	30
1969	19
1970	23
1971	21
1972	28
1973	27
1974	24
1975	18
1976	21
1977	18
1978	15
1979	30
1980	21
1981	32
1982	20
1983	27
1984	12
1985	13
1986	21
1987	16
1988	20
1989	24
1990	25
1991	23
1992	9
1993	17
1994	22
1995	19
1996	21
1997	20
1998	16
1999	25
2000	30
2001	28
2002	21
2003	36
2004	24
2005	33
2006	16
2007	27
2008	22
2009	28
2010	30
2011	22
2012	23
2013	32
2014	17
2015	19
2016	32
2017	25
2018	27
2019	19
2020	26
2021	22
2022	16
2023	21
2024	22
2025	26
2026	21
2027	25
2028	27
2029	21
2030	21
2031	19
2032	26
2033	19
2034	25
2035	28
2036	30
2037	18
2038	21
2039	24
2040	33
2041	25
2042	28
2043	24
2044	15
2045	18
2046	22
2047	29
2048	26
2049	22
2050	19
2051	23
2052	29
2053	28
2054	28
2055	35
2056	27
2057	33
2058	26
2059	23
2060	14
2061	26
2062	23
2063	27
2064	22
2065	24
2066	17
2067	28
2068	16
2069	26
2070	29
2071	31
2072	12
2073	21
2074	17
2075	21
2076	23
2077	22
2078	28
2079	28
2080	23
2081	31
2082	28
2083	25
2084	31
2085	23
2086	22
2087	18
2088	22
2089	24
2090	22
2091	25
2092	24
2093	14
2094	25
2095	32
2096	19
2097	16
2098	26
2099	22
2100	24
2101	25
2102	38
2103	28
2104	24
2105	21
2106	29
2107	25
2108	26
2109	18
2110	26
2111	22
2112	22
2113	25
2114	23
2115	28
2116	32
2117	23
2118	28
2119	24
2120	28
2121	18
2122	20
2123	12
2124	27
2125	31
2126	15
2127	29
2128	26
2129	19
2130	23
2131	22
2132	30
2133	19
2134	41
2135	26
2136	30
2137	27
2138	20
2139	27
2140	26
2141	25
2142	22
2143	42
2144	25
2145	22
2146	27
2147	21
2148	22
2149	23
2150	25
2151	20
2152	29
2153	26
2154	28
2155	18
2156	31
2157	22
2158	22
2159	25
2160	23
2161	22
2162	17
2163	22
2164	35
2165	26
2166	32
2167	30
2168	22
2169	26
2170	38
2171	28
2172	26
2173	29
2174	21
2175	21
2176	30
2177	30
2178	24
2179	32
2180	23
2181	24
2182	28
2183	31
2184	32
2185	29
2186	28
2187	37
2188	31
2189	23
2190	21
2191	29
2192	31
2193	24
2194	27
2195	29
2196	32
2197	29
2198	21
2199	31
2200	21
2201	27
2202	34
2203	25
2204	25
2205	36
2206	34
2207	28
2208	28
2209	34
2210	33
2211	39
2212	30
2213	42
2214	24
2215	17
2216	24
2217	36
2218	30
2219	42
2220	27
2221	25
2222	33
2223	29
2224	25
2225	32
2226	28
2227	25
2228	27
2229	27
2230	24
2231	39
2232	30
2233	28
2234	31
2235	44
2236	20
2237	24
2238	29
2239	25
2240	27
2241	27
2242	36
2243	34
2244	37
2245	35
2246	27
2247	43
2248	24
2249	31
2250	46
2251	38
2252	30
2253	22
2254	27
2255	42
2256	26
2257	27
2258	30
2259	27
2260	32
2261	31
2262	24
2263	39
2264	35
2265	33
2266	25
2267	26
2268	33
2269	31
2270	27
2271	30
2272	34
2273	33
2274	41
2275	26
2276	30
2277	36
2278	31
2279	27
2280	31
2281	34
2282	28
2283	32
2284	31
2285	30
2286	31
2287	36
2288	31
2289	29
2290	31
2291	33
2292	20
2293	34
2294	35
2295	29
2296	31
2297	26
2298	24
2299	31
2300	32
2301	31
2302	25
2303	25
2304	32
2305	27
2306	28
2307	21
2308	34
2309	33
2310	32
2311	36
2312	34
2313	25
2314	21
2315	47
2316	29
2317	28
2318	33
2319	29
2320	21
2321	27
2322	30
2323	27
2324	19
2325	32
2326	27
2327	30
2328	29
2329	33
2330	24
2331	29
2332	26
2333	27
2334	39
2335	30
2336	33
2337	31
2338	33
2339	29
2340	27
2341	34
2342	39
2343	27
2344	31
2345	37
2346	34
2347	38
2348	27
2349	28
2350	36
2351	32
2352	29
2353	24
2354	34
2355	31
2356	20
2357	24
2358	34
2359	21
2360	33
2361	28
2362	18
2363	40
2364	21
2365	34
2366	24
2367	26
2368	30
2369	30
2370	36
2371	31
2372	35
2373	24
2374	30
2375	37
2376	37
2377	39
2378	32
2379	31
2380	26
2381	34
2382	39
2383	35
2384	26
2385	25
2386	38
2387	35
2388	29
2389	33
2390	31
2391	28
2392	30
2393	32
2394	29
2395	25
2396	23
2397	30
2398	28
2399	29
2400	23
2401	22
2402	22
2403	31
2404	21
2405	36
2406	28
2407	31
2408	42
2409	28
2410	34
2411	22
2412	23
2413	28
2414	28
2415	25
2416	29
2417	23
2418	29
2419	33
2420	29
2421	23
2422	40
2423	19
2424	22
2425	23
2426	23
2427	27
2428	23
2429	25
2430	35
2431	31
2432	24
2433	23
2434	29
2435	25
2436	28
2437	31
2438	27
2439	27
2440	24
2441	20
2442	25
2443	23
2444	22
2445	20
2446	21
2447	29
2448	25
2449	26
2450	23
2451	34
2452	34
2453	24
2454	18
2455	27
2456	27
2457	27
2458	29
2459	20
2460	24
2461	22
2462	24
2463	27
2464	23
2465	22
2466	27
2467	27
2468	26
2469	33
2470	33
2471	26
2472	22
2473	24
2474	32
2475	26
2476	18
2477	27
2478	24
2479	22
2480	25
2481	26
2482	22
2483	25
2484	20
2485	23
2486	25
2487	23
2488	21
2489	19
2490	21
2491	17
2492	27
2493	31
2494	28
2495	19
2496	30
2497	26
2498	25
2499	21
2500	15
2501	22
2502	22
2503	28
2504	27
2505	22
2506	19
2507	16
2508	21
2509	25
2510	24
2511	34
2512	25
2513	21
2514	22
2515	30
2516	25
2517	24
2518	15
2519	14
2520	22
2521	24
2522	33
2523	20
2524	23
2525	18
2526	12
2527	14
2528	16
2529	18
2530	17
2531	20
2532	22
2533	31
2534	19
2535	22
2536	18
2537	25
2538	27
2539	17
2540	23
2541	31
2542	24
2543	15
2544	25
2545	18
2546	24
2547	21
2548	26
2549	20
2550	19
2551	29
2552	24
2553	15
2554	20
2555	21
2556	16
2557	22
2558	21
2559	17
2560	29
2561	22
2562	18
2563	20
2564	21
2565	24
2566	17
2567	24
2568	19
2569	12
2570	22
2571	26
2572	21
2573	15
2574	17
2575	26
2576	25
2577	14
2578	27
2579	23
2580	14
2581	12
2582	18
2583	20
2584	17
2585	18
2586	22
2587	17
2588	16
2589	23
2590	21
2591	19
2592	20
2593	23
2594	17
2595	15
2596	16
2597	14
2598	23
2599	25
2600	22
2601	17
2602	19
2603	21
2604	20
2605	19
2606	22
2607	19
2608	21
2609	18
2610	15
2611	10
2612	13
2613	20
2614	5
2615	24
2616	8
2617	16
2618	24
2619	20
2620	19
2621	14
2622	16
2623	25
2624	16
2625	15
2626	15
2627	15
2628	18
2629	11
2630	11
2631	18
2632	17
2633	25
2634	15
2635	13
2636	16
2637	13
2638	16
2639	11
2640	15
2641	17
2642	18
2643	14
2644	22
2645	14
2646	21
2647	21
2648	20
2649	10
2650	14
2651	17
2652	17
2653	14
2654	19
2655	20
2656	11
2657	20
2658	16
2659	17
2660	19
2661	17
2662	14
2663	23
2664	12
2665	17
2666	15
2667	14
2668	24
2669	12
2670	15
2671	14
2672	22
2673	20
2674	25
2675	14
2676	8
2677	9
2678	14
2679	12
2680	15
2681	15
2682	17
2683	11
2684	14
2685	14
2686	14
2687	14
2688	16
2689	11
2690	12
2691	17
2692	17
2693	15
2694	19
2695	9
2696	14
2697	13
2698	19
2699	11
2700	24
2701	19
2702	19
2703	19
2704	13
2705	15
2706	17
2707	16
2708	13
2709	13
2710	17
2711	12
2712	20
2713	15
2714	18
2715	10
2716	7
2717	23
2718	11
2719	16
2720	14
2721	19
2722	10
2723	15
2724	15
2725	17
2726	13
2727	15
2728	19
2729	15
2730	17
2731	15
2732	15
2733	15
2734	10
2735	11
2736	12
2737	17
2738	13
2739	15
2740	7
2741	16
2742	16
2743	11
2744	17
2745	12
2746	12
2747	16
2748	13
2749	24
2750	11
2751	15
2752	18
2753	16
2754	12
2755	14
2756	21
2757	13
2758	14
2759	20
2760	14
2761	23
2762	15
2763	14
2764	21
2765	8
2766	18
2767	13
2768	17
2769	15
2770	19
2771	12
2772	9
2773	14
2774	15
2775	15
2776	25
2777	7
2778	7
2779	12
2780	18
2781	16
2782	14
2783	13
2784	10
2785	21
2786	19
2787	9
2788	16
2789	20
2790	18
2791	18
2792	16
2793	10
2794	18
2795	16
2796	12
2797	13
2798	21
2799	13
2800	6
2801	14
2802	15
2803	17
2804	14
2805	10
2806	9
2807	16
2808	17
2809	13
2810	15
2811	6
2812	12
2813	11
2814	13
2815	9
2816	13
2817	8
2818	8
2819	13
2820	15
2821	17
2822	8
2823	14
2824	12
2825	8
2826	7
2827	18
2828	14
2829	14
2830	12
2831	14
2832	18
2833	10
2834	11
2835	11
2836	10
2837	17
2838	14
2839	11
2840	10
2841	11
2842	16
2843	13
2844	14
2845	10
2846	11
2847	14
2848	11
2849	8
2850	11
2851	19
2852	9
2853	15
2854	13
2855	24
2856	11
2857	11
2858	16
2859	16
2860	17
2861	17
2862	19
2863	14
2864	14
2865	16
2866	21
2867	11
2868	18
2869	14
2870	14
2871	15
2872	10
2873	15
2874	9
2875	6
2876	13
2877	20
2878	14
2879	17
2880	13
2881	12
2882	15
2883	19
2884	14
2885	11
2886	15
2887	19
2888	18
2889	15
2890	14
2891	15
2892	10
2893	15
2894	10
2895	13
2896	18
2897	17
2898	17
2899	11
2900	19
2901	17
2902	15
2903	17
2904	14
2905	15
2906	13
2907	10
2908	15
2909	8
2910	9
2911	10
2912	11
2913	9
2914	6
2915	10
2916	13
2917	14
2918	15
2919	14
2920	14
2921	10
2922	16
2923	9
2924	10
2925	12
2926	12
2927	11
2928	19
2929	11
2930	14
2931	9
2932	12
2933	13
2934	13
2935	9
2936	9
2937	14
2938	11
2939	10
2940	12
2941	18
2942	10
2943	8
2944	14
2945	12
2946	13
2947	11
2948	11
2949	15
2950	15
2951	9
2952	10
2953	15
2954	13
2955	15
2956	13
2957	12
2958	14
2959	16
2960	9
2961	15
2962	10
2963	13
2964	8
2965	13
2966	8
2967	10
2968	12
2969	13
2970	13
2971	14
2972	5
2973	8
2974	15
2975	10
2976	16
2977	8
2978	5
2979	14
2980	14
2981	7
2982	14
2983	10
2984	16
2985	8
2986	16
2987	11
2988	14
2989	8
2990	10
2991	12
2992	8
2993	14
2994	13
2995	16
2996	11
2997	8
2998	12
2999	13
3000	9
3001	11
3002	10
3003	18
3004	9
3005	13
3006	11
3007	8
3008	18
3009	11
3010	12
3011	20
3012	19
3013	11
3014	9
3015	14
3016	11
3017	13
3018	13
3019	9
3020	10
3021	14
3022	11
3023	11
3024	13
3025	7
3026	11
3027	9
3028	10
3029	16
3030	16
3031	13
3032	17
3033	8
3034	9
3035	11
3036	13
3037	11
3038	15
3039	17
3040	8
3041	14
3042	6
3043	6
3044	21
3045	9
3046	11
3047	13
3048	12
3049	13
3050	9
3051	8
3052	10
3053	5
3054	15
3055	18
3056	13
3057	15
3058	12
3059	12
3060	14
3061	15
3062	9
3063	16
3064	12
3065	10
3066	11
3067	13
3068	10
3069	22
3070	13
3071	11
3072	10
3073	14
3074	14
3075	12
3076	11
3077	15
3078	13
3079	13
3080	15
3081	10
3082	12
3083	8
3084	12
3085	6
3086	11
3087	16
3088	14
3089	8
3090	10
3091	10
3092	18
3093	5
3094	10
3095	7
3096	10
3097	12
3098	8
3099	15
3100	12
3101	8
3102	13
3103	11
3104	10
3105	11
3106	13
3107	9
3108	8
3109	12
3110	12
3111	15
3112	10
3113	6
3114	11
3115	11
3116	17
3117	10
3118	6
3119	14
3120	12
3121	9
3122	12
3123	10
3124	6
3125	20
3126	13
3127	4
3128	8
3129	12
3130	8
3131	16
3132	15
3133	11
3134	12
3135	9
3136	12
3137	8
3138	15
3139	11
3140	15
3141	13
3142	12
3143	9
3144	15
3145	10
3146	11
3147	9
3148	12
3149	13
3150	11
3151	9
3152	22
3153	11
3154	6
3155	6
3156	9
3157	15
3158	14
3159	12
3160	14
3161	8
3162	11
3163	11
3164	14
3165	12
3166	10
3167	10
3168	10
3169	17
3170	11
3171	7
3172	8
3173	12
3174	10
3175	8
3176	15
3177	6
3178	14
3179	9
3180	3
3181	8
3182	10
3183	17
3184	7
3185	11
3186	7
3187	12
3188	10
3189	12
3190	10
3191	11
3192	15
3193	13
3194	13
3195	15
3196	9
3197	15
3198	8
3199	17
3200	15
3201	13
3202	6
3203	9
3204	11
3205	9
3206	9
3207	14
3208	21
3209	12
3210	13
3211	10
3212	9
3213	16
3214	12
3215	15
3216	7
3217	11
3218	13
3219	9
3220	14
3221	10
3222	8
3223	12
3224	9
3225	17
3226	5
3227	10
3228	10
3229	11
3230	9
3231	19
3232	13
3233	11
3234	12
3235	17
3236	10
3237	11
3238	7
3239	7
3240	9
3241	6
3242	13
3243	12
3244	12
3245	19
3246	13
3247	10
3248	8
3249	10
3250	9
3251	12
3252	11
3253	7
3254	12
3255	10
3256	13
3257	11
3258	14
3259	15
3260	7
3261	9
3262	12
3263	11
3264	9
3265	15
3266	10
3267	10
3268	7
3269	12
3270	15
3271	7
3272	12
3273	14
3274	16
3275	14
3276	10
3277	15
3278	16
3279	11
3280	15
3281	14
3282	11
3283	17
3284	9
3285	9
3286	11
3287	19
3288	7
3289	16
3290	13
3291	14
3292	14
3293	8
3294	16
3295	11
3296	17
3297	11
3298	6
3299	15
3300	11
3301	11
3302	13
3303	13
3304	9
3305	12
3306	14
3307	10
3308	12
3309	15
3310	6
3311	17
3312	14
3313	10
3314	12
3315	5
3316	11
3317	16
3318	16
3319	13
3320	9
3321	18
3322	8
3323	13
3324	8
3325	13
3326	13
3327	13
3328	7
3329	8
3330	10
3331	11
3332	22
3333	11
3334	10
3335	8
3336	10
3337	7
3338	17
3339	14
3340	10
3341	16
3342	12
3343	9
3344	10
3345	15
3346	18
3347	14
3348	14
3349	15
3350	16
3351	8
3352	10
3353	6
3354	8
3355	17
3356	11
3357	15
3358	11
3359	14
3360	10
3361	10
3362	13
3363	19
3364	13
3365	21
3366	10
3367	12
3368	11
3369	20
3370	17
3371	18
3372	12
3373	11
3374	16
3375	16
3376	11
3377	6
3378	15
3379	13
3380	11
3381	12
3382	12
3383	15
3384	14
3385	12
3386	13
3387	10
3388	14
3389	14
3390	11
3391	11
3392	14
3393	15
3394	13
3395	12
3396	10
3397	13
3398	12
3399	18
3400	10
3401	9
3402	10
3403	12
3404	17
3405	9
3406	8
3407	16
3408	16
3409	13
3410	19
3411	11
3412	13
3413	16
3414	19
3415	12
3416	11
3417	10
3418	12
3419	15
3420	11
3421	14
3422	6
3423	8
3424	12
3425	20
3426	12
3427	8
3428	12
3429	16
3430	17
3431	9
3432	15
3433	10
3434	14
3435	10
3436	17
3437	12
3438	14
3439	10
3440	20
3441	12
3442	14
3443	17
3444	12
3445	10
3446	17
3447	13
3448	16
3449	8
3450	11
3451	17
3452	14
3453	20
3454	18
3455	10
3456	15
3457	11
3458	13
3459	15
3460	12
3461	11
3462	11
3463	11
3464	19
3465	19
3466	5
3467	12
3468	20
3469	14
3470	20
3471	17
3472	11
3473	15
3474	17
3475	13
3476	10
3477	5
3478	17
3479	20
3480	23
3481	16
3482	14
3483	6
3484	17
3485	8
3486	14
3487	13
3488	11
3489	15
3490	16
3491	11
3492	10
3493	12
3494	10
3495	18
3496	17
3497	11
3498	12
3499	18
3500	18
3501	11
3502	16
3503	13
3504	17
3505	20
3506	19
3507	18
3508	24
3509	20
3510	14
3511	14
3512	16
3513	18
3514	15
3515	13
3516	14
3517	12
3518	12
3519	12
3520	19
3521	12
3522	8
3523	23
3524	17
3525	17
3526	13
3527	16
3528	16
3529	12
3530	17
3531	31
3532	8
3533	23
3534	15
3535	22
3536	15
3537	15
3538	20
3539	18
3540	15
3541	14
3542	15
3543	18
3544	28
3545	14
3546	22
3547	14
3548	15
3549	12
3550	13
3551	17
3552	21
3553	18
3554	15
3555	21
3556	18
3557	24
3558	11
3559	14
3560	19
3561	17
3562	14
3563	12
3564	18
3565	26
3566	16
3567	16
3568	17
3569	24
3570	23
3571	22
3572	22
3573	12
3574	22
3575	22
3576	16
3577	22
3578	18
3579	18
3580	16
3581	15
3582	15
3583	17
3584	19
3585	17
3586	24
3587	19
3588	16
3589	25
3590	13
3591	11
3592	13
3593	22
3594	22
3595	26
3596	20
3597	17
3598	15
3599	16
3600	16
3601	13
3602	14
3603	14
3604	20
3605	24
3606	23
3607	16
3608	9
3609	21
3610	19
3611	18
3612	22
3613	13
3614	25
3615	15
3616	17
3617	9
3618	16
3619	22
3620	17
3621	19
3622	17
3623	23
3624	26
3625	21
3626	23
3627	30
3628	17
3629	21
3630	26
3631	23
3632	23
3633	18
3634	21
3635	13
3636	25
3637	20
3638	18
3639	17
3640	15
3641	12
3642	19
3643	16
3644	24
3645	20
3646	18
3647	28
3648	12
3649	15
3650	22
3651	14
3652	21
3653	22
3654	21
3655	28
3656	23
3657	24
3658	12
3659	20
3660	19
3661	22
3662	23
3663	13
3664	21
3665	19
3666	14
3667	24
3668	24
3669	30
3670	20
3671	19
3672	21
3673	19
3674	27
3675	23
3676	17
3677	20
3678	19
3679	21
3680	15
3681	19
3682	23
3683	26
3684	11
3685	12
3686	21
3687	22
3688	20
3689	27
3690	20
3691	21
3692	17
3693	20
3694	24
3695	25
3696	22
3697	17
3698	32
3699	25
3700	20
3701	16
3702	12
3703	14
3704	27
3705	20
3706	20
3707	19
3708	18
3709	25
3710	22
3711	21
3712	27
3713	17
3714	23
3715	20
3716	21
3717	17
3718	16
3719	12
3720	27
3721	18
3722	27
3723	17
3724	20
3725	17
3726	11
3727	9
3728	26
3729	28
3730	23
3731	15
3732	16
3733	26
3734	19
3735	24
3736	19
3737	27
3738	18
3739	20
3740	20
3741	25
3742	21
3743	28
3744	19
3745	18
3746	20
3747	22
3748	31
3749	17
3750	23
3751	21
3752	26
3753	31
3754	19
3755	27
3756	21
3757	22
3758	25
3759	24
3760	19
3761	25
3762	29
3763	14
3764	22
3765	20
3766	27
3767	23
3768	23
3769	26
3770	15
3771	27
3772	23
3773	19
3774	10
3775	21
3776	23
3777	20
3778	24
3779	18
3780	28
3781	20
3782	22
3783	19
3784	21
3785	28
3786	17
3787	18
3788	18
3789	22
3790	20
3791	18
3792	23
3793	19
3794	23
3795	20
3796	21
3797	18
3798	19
3799	24
3800	22
3801	26
3802	21
3803	16
3804	26
3805	18
3806	32
3807	26
3808	26
3809	29
3810	18
3811	16
3812	18
3813	29
3814	18
3815	24
3816	18
3817	19
3818	28
3819	26
3820	19
3821	23
3822	20
3823	17
3824	14
3825	25
3826	15
3827	25
3828	26
3829	16
3830	20
3831	18
3832	24
3833	22
3834	12
3835	18
3836	22
3837	23
3838	21
3839	26
3840	20
3841	23
3842	18
3843	16
3844	19
3845	21
3846	22
3847	20
3848	34
3849	15
3850	21
3851	30
3852	22
3853	14
3854	21
3855	19
3856	21
3857	21
3858	19
3859	21
3860	22
3861	17
3862	24
3863	23
3864	20
3865	19
3866	23
3867	19
3868	18
3869	20
3870	18
3871	21
3872	17
3873	29
3874	20
3875	15
3876	20
3877	26
3878	25
3879	22
3880	29
3881	24
3882	21
3883	21
3884	16
3885	20
3886	10
3887	20
3888	19
3889	13
3890	16
3891	14
3892	23
3893	21
3894	23
3895	16
3896	27
3897	22
3898	20
3899	17
3900	23
3901	18
3902	22
3903	15
3904	21
3905	20
3906	21
3907	20
3908	25
3909	16
3910	18
3911	21
3912	16
3913	19
3914	19
3915	14
3916	14
3917	18
3918	15
3919	20
3920	28
3921	19
3922	14
3923	16
3924	24
3925	21
3926	17
3927	16
3928	15
3929	22
3930	20
3931	21
3932	18
3933	14
3934	24
3935	15
3936	20
3937	22
3938	15
3939	22
3940	23
3941	22
3942	18
3943	19
3944	18
3945	15
3946	17
3947	18
3948	23
3949	19
3950	19
3951	27
3952	23
3953	14
3954	17
3955	28
3956	14
3957	24
3958	11
3959	14
3960	7
3961	17
3962	22
3963	20
3964	15
3965	13
3966	15
3967	27
3968	20
3969	13
3970	20
3971	16
3972	16
3973	16
3974	14
3975	16
3976	24
3977	12
3978	15
3979	23
3980	11
3981	19
3982	19
3983	20
3984	15
3985	19
3986	20
3987	21
3988	16
3989	16
3990	20
3991	20
3992	16
3993	17
3994	20
3995	12
3996	19
3997	14
3998	14
3999	18
4000	21
4001	17
4002	12
4003	19
4004	20
4005	28
4006	22
4007	13
4008	16
4009	21
4010	25
4011	22
4012	19
4013	26
4014	19
4015	19
4016	14
4017	13
4018	16
4019	15
4020	18
4021	22
4022	22
4023	11
4024	11
4025	21
4026	23
4027	13
4028	17
4029	17
4030	13
4031	17
4032	22
4033	18
4034	12
4035	10
4036	23
4037	19
4038	14
4039	10
4040	19
4041	15
4042	19
4043	19
4044	26
4045	15
4046	13
4047	17
4048	22
4049	7
4050	18
4051	16
4052	16
4053	11
4054	14
4055	12
4056	25
4057	19
4058	12
4059	20
4060	16
4061	16
4062	14
4063	21
4064	11
4065	9
4066	15
4067	18
4068	13
4069	14
4070	14
4071	18
4072	19
4073	9
4074	11
4075	16
4076	12
4077	14
4078	15
4079	20
4080	17
4081	16
4082	18
4083	15
4084	12
4085	16
4086	24
4087	15
4088	23
4089	12
4090	11
4091	13
4092	17
4093	15
4094	11
4095	18
4096	6
4097	14
4098	13
4099	16
4100	20
4101	9
4102	17
4103	13
4104	15
4105	18
4106	16
4107	13
4108	13
4109	14
4110	12
4111	16
4112	6
4113	19
4114	20
4115	12
4116	7
4117	12
4118	15
4119	20
4120	17
4121	9
4122	14
4123	15
4124	10
4125	9
4126	16
4127	13
4128	11
4129	5
4130	11
4131	14
4132	17
4133	13
4134	7
4135	13
4136	14
4137	6
4138	14
4139	9
4140	8
4141	17
4142	14
4143	16
4144	11
4145	13
4146	12
4147	5
4148	16
4149	14
4150	12
4151	11
4152	19
4153	10
4154	7
4155	7
4156	13
4157	9
4158	7
4159	10
4160	14
4161	11
4162	14
4163	14
4164	14
4165	8
4166	14
4167	9
4168	11
4169	16
4170	11
4171	9
4172	13
4173	14
4174	10
4175	14
4176	8
4177	12
4178	8
4179	10
4180	17
4181	9
4182	10
4183	14
4184	13
4185	9
4186	16
4187	4
4188	12
4189	5
4190	10
4191	10
4192	12
4193	10
4194	16
4195	17
4196	13
4197	19
4198	12
4199	10
4200	9
4201	13
4202	18
4203	7
4204	5
4205	10
4206	6
4207	12
4208	9
4209	11
4210	13
4211	12
4212	13
4213	9
4214	8
4215	10
4216	10
4217	11
4218	9
4219	6
4220	14
4221	10
4222	7
4223	10
4224	5
4225	20
4226	8
4227	7
4228	11
4229	10
4230	9
4231	9
4232	12
4233	13
4234	8
4235	11
4236	18
4237	12
4238	10
4239	9
4240	12
4241	6
4242	8
4243	5
4244	13
4245	7
4246	4
4247	9
4248	15
4249	7
4250	10
4251	6
4252	8
4253	13
4254	11
4255	8
4256	16
4257	6
4258	10
4259	6
4260	8
4261	7
4262	7
4263	8
4264	13
4265	8
4266	7
4267	4
4268	6
4269	8
4270	11
4271	7
4272	7
4273	15
4274	12
4275	11
4276	9
4277	9
4278	9
4279	9
4280	6
4281	7
4282	10
4283	5
4284	7
4285	11
4286	9
4287	9
4288	4
4289	6
4290	14
4291	3
4292	8
4293	16
4294	9
4295	6
4296	12
4297	8
4298	9
4299	4
4300	12
4301	8
4302	3
4303	5
4304	6
4305	9
4306	8
4307	8
4308	9
4309	4
4310	7
4311	8
4312	9
4313	6
4314	7
4315	4
4316	11
4317	10
4318	8
4319	8
4320	9
4321	10
4322	9
4323	7
4324	6
4325	10
4326	5
4327	7
4328	2
4329	11
4330	8
4331	4
4332	8
4333	5
4334	3
4335	8
4336	13
4337	12
4338	7
4339	4
4340	6
4341	5
4342	9
4343	6
4344	8
4345	4
4346	6
4347	6
4348	4
4349	7
4350	7
4351	7
4352	11
4353	3
4354	6
4355	3
4356	6
4357	6
4358	13
4359	10
4360	5
4361	3
4362	6
4363	4
4364	6
4365	6
4366	12
4367	5
4368	11
4369	5
4370	9
4371	7
4372	8
4373	5
4374	5
4375	3
4376	6
4377	7
4378	4
4379	4
4380	2
4381	3
4382	9
4383	13
4384	6
4385	3
4386	11
4387	4
4388	6
4389	5
4390	5
4391	5
4392	5
4393	8
4394	7
4395	9
4396	10
4397	13
4398	12
4399	3
4400	6
4401	9
4402	6
4403	3
4404	9
4405	6
4406	3
4407	7
4408	7
4409	9
4410	6
4411	6
4412	7
4413	6
4414	9
4415	6
4416	9
4417	7
4418	6
4419	6
4420	7
4421	4
4422	5
4423	6
4424	10
4425	11
4426	3
4427	9
4428	4
4429	5
4430	6
4431	5
4432	10
4433	7
4434	3
4435	6
4436	3
4437	4
4438	2
4439	8
4440	5
4441	4
4442	6
4443	6
4444	5
4445	8
4446	9
4447	6
4448	8
4449	4
4450	7
4451	6
4452	8
4453	4
4454	11
4455	12
4456	6
4457	7
4458	4
4459	9
4460	7
4461	3
4462	7
4463	5
4464	3
4465	8
4466	6
4467	6
4468	6
4469	4
4470	6
4471	12
4472	5
4473	8
4474	10
4475	6
4476	5
4477	8
4478	5
4479	4
4480	10
4481	7
4482	8
4483	4
4484	7
4485	3
4486	6
4487	8
4488	5
4489	10
4490	5
4491	5
4492	5
4493	3
4494	4
4495	7
4496	7
4497	2
4498	7
4499	5
4500	4
4501	4
4502	5
4503	7
4504	10
4505	2
4506	8
4507	4
4508	6
4509	6
4510	2
4511	4
4512	10
4513	7
4514	7
4515	7
4516	6
4517	8
4518	5
4519	1
4520	5
4521	2
4522	7
4523	6
4524	7
4525	6
4526	6
4527	9
4528	9
4529	7
4530	5
4531	3
4532	5
4533	5
4534	7
4535	9
4536	5
4537	5
4538	3
4539	4
4540	6
4541	6
4542	6
4543	6
4544	6
4545	7
4546	11
4547	4
4548	8
4549	6
4550	5
4551	4
4552	5
4553	4
4554	8
4555	5
4556	1
4557	4
4558	5
4559	3
4560	4
4561	8
4562	2
4563	9
4564	5
4565	6
4566	7
4567	9
4568	5
4569	7
4570	3
4571	9
4572	4
4573	7
4574	6
4575	6
4576	3
4577	1
4578	6
4579	4
4580	3
4581	4
4582	3
4583	6
4584	7
4585	7
4586	7
4587	4
4588	3
4589	5
4590	5
4591	6
4592	8
4593	2
4594	8
4595	4
4596	5
4597	3
4598	8
4599	4
4600	4
4601	3
4602	4
4603	5
4604	3
4605	4
4606	6
4607	10
4608	4
4609	0
4610	5
4611	6
4612	9
4613	4
4614	4
4615	4
4616	5
4617	7
4618	4
4619	6
4620	8
4621	2
4622	7
4623	7
4624	7
4625	7
4626	4
4627	4
4628	8
4629	3
4630	7
4631	6
4632	6
4633	8
4634	9
4635	5
4636	2
4637	5
4638	5
4639	8
4640	3
4641	6
4642	2
4643	8
4644	3
4645	10
4646	6
4647	5
4648	8
4649	5
4650	5
4651	7
4652	6
4653	8
4654	8
4655	4
4656	5
4657	5
4658	9
4659	2
4660	6
4661	6
4662	4
4663	2
4664	3
4665	2
4666	7
4667	5
4668	5
4669	5
4670	6
4671	7
4672	5
4673	7
4674	7
4675	6
4676	7
4677	2
4678	6
4679	6
4680	6
4681	2
4682	6
4683	7
4684	7
4685	4
4686	3
4687	7
4688	5
4689	4
4690	5
4691	4
4692	8
4693	3
4694	4
4695	3
4696	6
4697	2
4698	2
4699	4
4700	0
4701	6
4702	6
4703	3
4704	3
4705	6
4706	3
4707	5
4708	4
4709	4
4710	3
4711	1
4712	3
4713	3
4714	3
4715	7
4716	3
4717	4
4718	7
4719	2
4720	5
4721	6
4722	5
4723	7
4724	5
4725	3
4726	7
4727	6
4728	4
4729	5
4730	2
4731	2
4732	5
4733	5
4734	4
4735	6
4736	3
4737	3
4738	1
4739	7
4740	2
4741	4
4742	6
4743	5
4744	7
4745	7
4746	5
4747	4
4748	5
4749	2
4750	2
4751	4
4752	7
4753	3
4754	3
4755	3
4756	6
4757	2
4758	5
4759	6
4760	5
4761	3
4762	5
4763	7
4764	6
4765	1
4766	6
4767	2
4768	1
4769	2
4770	12
4771	4
4772	7
4773	3
4774	6
4775	6
4776	6
4777	6
4778	6
4779	2
4780	4
4781	5
4782	1
4783	6
4784	4
4785	3
4786	3
4787	4
4788	4
4789	2
4790	6
4791	7
4792	6
4793	4
4794	3
4795	2
4796	4
4797	6
4798	5
4799	5
4800	3
4801	3
4802	7
4803	11
4804	4
4805	8
4806	1
4807	3
4808	2
4809	7
4810	5
4811	2
4812	4
4813	4
4814	1
4815	6
4816	8
4817	6
4818	9
4819	6
4820	8
4821	5
4822	5
4823	5
4824	3
4825	5
4826	5
4827	6
4828	4
4829	5
4830	8
4831	7
4832	3
4833	6
4834	2
4835	5
4836	8
4837	4
4838	3
4839	4
4840	4
4841	1
4842	4
4843	3
4844	3
4845	5
4846	6
4847	0
4848	2
4849	1
4850	7
4851	3
4852	4
4853	6
4854	6
4855	7
4856	2
4857	4
4858	4
4859	4
4860	5
4861	4
4862	1
4863	7
4864	10
4865	8
4866	5
4867	4
4868	4
4869	3
4870	4
4871	3
4872	2
4873	2
4874	3
4875	4
4876	4
4877	5
4878	5
4879	3
4880	7
4881	3
4882	8
4883	1
4884	3
4885	5
4886	5
4887	6
4888	3
4889	4
4890	8
4891	5
4892	5
4893	8
4894	4
4895	6
4896	6
4897	2
4898	2
4899	8
4900	5
4901	2
4902	9
4903	5
4904	1
4905	4
4906	6
4907	5
4908	4
4909	2
4910	6
4911	6
4912	4
4913	6
4914	9
4915	9
4916	4
4917	9
4918	4
4919	7
4920	7
4921	7
4922	3
4923	4
4924	3
4925	7
4926	1
4927	4
4928	4
4929	3
4930	9
4931	5
4932	2
4933	11
4934	1
4935	3
4936	5
4937	4
4938	5
4939	6
4940	3
4941	6
4942	2
4943	4
4944	4
4945	2
4946	4
4947	6
4948	5
4949	8
4950	4
4951	5
4952	4
4953	3
4954	6
4955	8
4956	5
4957	5
4958	3
4959	3
4960	3
4961	4
4962	6
4963	5
4964	4
4965	6
4966	6
4967	5
4968	9
4969	2
4970	2
4971	4
4972	7
4973	4
4974	3
4975	6
4976	3
4977	2
4978	5
4979	5
4980	6
4981	5
4982	3
4983	4
4984	7
4985	3
4986	8
4987	1
4988	4
4989	5
4990	6
4991	10
4992	3
4993	5
4994	6
4995	6
4996	4
4997	1
4998	5
4999	7
5000	1
5001	14
5002	3
5003	6
5004	1
5005	2
5006	5
5007	5
5008	6
5009	6
5010	4
5011	1
5012	2
5013	7
5014	5
5015	7
5016	2
5017	2
5018	4
5019	8
5020	8
5021	2
5022	6
5023	1
5024	2
5025	1
5026	8
5027	4
5028	5
5029	6
5030	9
5031	3
5032	3
5033	5
5034	3
5035	4
5036	8
5037	5
5038	5
5039	4
5040	4
5041	8
5042	3
5043	8
5044	4
5045	5
5046	7
5047	4
5048	7
5049	3
5050	4
5051	4
5052	2
5053	4
5054	3
5055	6
5056	7
5057	3
5058	3
5059	3
5060	6
5061	6
5062	4
5063	8
5064	6
5065	4
5066	4
5067	2
5068	4
5069	6
5070	4
5071	8
5072	1
5073	3
5074	6
5075	4
5076	6
5077	6
5078	3
5079	5
5080	5
5081	5
5082	10
5083	3
5084	5
5085	3
5086	2
5087	2
5088	7
5089	5
5090	5
5091	7
5092	3
5093	1
5094	7
5095	2
5096	3
5097	2
5098	5
5099	3
5100	3
5101	3
5102	3
5103	4
5104	5
5105	5
5106	11
5107	4
5108	2
5109	7
5110	8
5111	2
5112	5
5113	10
5114	6
5115	6
5116	5
5117	5
5118	5
5119	8
5120	2
5121	1
5122	2
5123	1
5124	6
5125	5
5126	5
5127	2
5128	3
5129	3
5130	10
5131	7
5132	5
5133	5
5134	4
5135	4
5136	3
5137	3
5138	9
5139	9
5140	4
5141	11
5142	9
5143	5
5144	3
5145	8
5146	5
5147	6
5148	4
5149	2
5150	6
5151	5
5152	4
5153	3
5154	5
5155	5
5156	5
5157	4
5158	6
5159	7
5160	8
5161	2
5162	6
5163	7
5164	5
5165	4
5166	6
5167	7
5168	6
5169	8
5170	4
5171	2
5172	8
5173	3
5174	6
5175	4
5176	5
5177	5
5178	5
5179	6
5180	4
5181	6
5182	7
5183	5
5184	9
5185	3
5186	6
5187	2
5188	5
5189	5
5190	6
5191	4
5192	5
5193	11
5194	3
5195	6
5196	2
5197	4
5198	3
5199	2
5200	3
5201	3
5202	10
5203	6
5204	5
5205	4
5206	7
5207	3
5208	3
5209	2
5210	5
5211	3
5212	6
5213	4
5214	2
5215	4
5216	3
5217	3
5218	2
5219	9
5220	4
5221	3
5222	1
5223	2
5224	7
5225	5
5226	4
5227	1
5228	3
5229	10
5230	8
5231	4
5232	3
5233	7
5234	4
5235	3
5236	3
5237	3
5238	5
5239	1
5240	2
5241	6
5242	5
5243	5
5244	7
5245	3
5246	4
5247	1
5248	2
5249	2
5250	7
5251	5
5252	3
5253	7
5254	6
5255	6
5256	3
5257	9
5258	7
5259	1
5260	8
5261	9
5262	4
5263	5
5264	6
5265	1
5266	3
5267	3
5268	2
5269	5
5270	7
5271	8
5272	2
5273	7
5274	1
5275	4
5276	7
5277	5
5278	8
5279	5
5280	6
5281	3
5282	6
5283	7
5284	4
5285	9
5286	6
5287	5
5288	4
5289	3
5290	3
5291	4
5292	5
5293	6
5294	3
5295	2
5296	5
5297	4
5298	3
5299	4
5300	1
5301	4
5302	3
5303	6
5304	5
5305	1
5306	6
5307	4
5308	5
5309	2
5310	8
5311	5
5312	2
5313	3
5314	6
5315	1
5316	3
5317	5
5318	6
5319	5
5320	6
5321	10
5322	4
5323	5
5324	3
5325	6
5326	6
5327	7
5328	2
5329	4
5330	6
5331	1
5332	3
5333	1
5334	2
5335	5
5336	4
5337	4
5338	4
5339	8
5340	4
5341	2
5342	3
5343	6
5344	3
5345	3
5346	2
5347	9
5348	4
5349	6
5350	3
5351	5
5352	7
5353	2
5354	3
5355	5
5356	6
5357	2
5358	8
5359	6
5360	6
5361	10
5362	6
5363	4
5364	3
5365	1
5366	4
5367	2
5368	4
5369	6
5370	3
5371	4
5372	3
5373	2
5374	7
5375	1
5376	3
5377	4
5378	3
5379	3
5380	7
5381	8
5382	4
5383	1
5384	5
5385	6
5386	4
5387	6
5388	2
5389	5
5390	3
5391	1
5392	1
5393	7
5394	5
5395	3
5396	5
5397	3
5398	4
5399	7
5400	3
5401	6
5402	3
5403	4
5404	4
5405	3
5406	3
5407	7
5408	1
5409	5
5410	4
5411	5
5412	6
5413	4
5414	1
5415	3
5416	2
5417	3
5418	3
5419	5
5420	2
5421	6
5422	4
5423	6
5424	5
5425	5
5426	4
5427	4
5428	4
5429	1
5430	4
5431	3
5432	4
5433	7
5434	7
5435	3
5436	5
5437	4
5438	6
5439	4
5440	4
5441	5
5442	2
5443	4
5444	9
5445	2
5446	2
5447	4
5448	1
5449	1
5450	1
5451	6
5452	4
5453	4
5454	8
5455	2
5456	4
5457	5
5458	4
5459	7
5460	8
5461	5
5462	3
5463	6
5464	5
5465	2
5466	11
5467	6
5468	5
5469	3
5470	3
5471	5
5472	3
5473	3
5474	7
5475	6
5476	4
5477	5
5478	6
5479	5
5480	5
5481	6
5482	4
5483	3
5484	6
5485	4
5486	5
5487	6
5488	7
5489	4
5490	0
5491	3
5492	4
5493	1
5494	6
5495	5
5496	1
5497	3
5498	5
5499	2
5500	4
5501	4
5502	4
5503	4
5504	5
5505	2
5506	5
5507	8
5508	6
5509	7
5510	2
5511	7
5512	4
5513	3
5514	5
5515	7
5516	2
5517	2
5518	6
5519	6
5520	7
5521	2
5522	6
5523	4
5524	5
5525	3
5526	2
5527	5
5528	2
5529	7
5530	3
5531	3
5532	6
5533	4
5534	6
5535	4
5536	3
5537	7
5538	4
5539	3
5540	5
5541	3
5542	3
5543	2
5544	1
5545	3
5546	2
5547	6
5548	1
5549	5
5550	7
5551	8
5552	4
5553	4
5554	2
5555	4
5556	7
5557	7
5558	6
5559	2
5560	5
5561	1
5562	7
5563	5
5564	4
5565	2
5566	8
5567	2
5568	3
5569	6
5570	1
5571	6
5572	7
5573	2
5574	3
5575	8
5576	6
5577	3
5578	3
5579	7
5580	6
5581	8
5582	1
5583	4
5584	1
5585	4
5586	2
5587	2
5588	6
5589	5
5590	6
5591	5
5592	2
5593	2
5594	9
5595	4
5596	3
5597	7
5598	8
5599	6
5600	3
5601	5
5602	4
5603	3
5604	3
5605	5
5606	3
5607	3
5608	2
5609	3
5610	4
5611	2
5612	5
5613	1
5614	3
5615	6
5616	5
5617	2
5618	6
5619	2
5620	2
5621	3
5622	8
5623	4
5624	2
5625	4
5626	9
5627	4
5628	7
5629	5
5630	4
5631	3
5632	0
5633	9
5634	5
5635	8
5636	5
5637	6
5638	4
5639	7
5640	1
5641	6
5642	6
5643	3
5644	5
5645	5
5646	5
5647	4
5648	2
5649	6
5650	6
5651	1
5652	3
5653	9
5654	2
5655	6
5656	3
5657	2
5658	4
5659	4
5660	3
5661	4
5662	3
5663	7
5664	5
5665	2
5666	1
5667	5
5668	3
5669	2
5670	4
5671	2
5672	6
5673	3
5674	3
5675	5
5676	6
5677	5
5678	4
5679	4
5680	3
5681	6
5682	6
5683	5
5684	2
5685	3
5686	2
5687	6
5688	9
5689	9
5690	3
5691	2
5692	7
5693	7
5694	5
5695	5
5696	4
5697	6
5698	1
5699	3
5700	4
5701	3
5702	2
5703	9
5704	4
5705	5
5706	0
5707	5
5708	0
5709	5
5710	7
5711	7
5712	3
5713	6
5714	5
5715	3
5716	6
5717	3
5718	3
5719	5
5720	3
5721	3
5722	5
5723	3
5724	0
5725	3
5726	4
5727	3
5728	5
5729	9
5730	8
5731	6
5732	5
5733	3
5734	7
5735	2
5736	6
5737	3
5738	4
5739	4
5740	6
5741	3
5742	5
5743	5
5744	1
5745	2
5746	2
5747	2
5748	2
5749	7
5750	5
5751	3
5752	4
5753	2
5754	3
5755	3
5756	3
5757	6
5758	5
5759	6
5760	5
5761	2
5762	5
5763	5
5764	2
5765	4
5766	1
5767	2
5768	5
5769	6
5770	4
5771	8
5772	4
5773	6
5774	4
5775	2
5776	7
5777	2
5778	4
5779	2
5780	5
5781	4
5782	3
5783	5
5784	3
5785	5
5786	4
5787	5
5788	2
5789	4
5790	3
5791	6
5792	5
5793	4
5794	2
5795	1
5796	4
5797	2
5798	6
5799	3
5800	1
5801	6
5802	5
5803	4
5804	5
5805	5
5806	6
5807	3
5808	2
5809	5
5810	8
5811	2
5812	8
5813	7
5814	5
5815	4
5816	2
5817	5
5818	4
5819	3
5820	14
5821	2
5822	6
5823	3
5824	6
5825	6
5826	3
5827	5
5828	8
5829	4
5830	5
5831	4
5832	4
5833	4
5834	2
5835	2
5836	5
5837	1
5838	7
5839	3
5840	6
5841	2
5842	7
5843	2
5844	7
5845	5
5846	4
5847	8
5848	2
5849	4
5850	3
5851	5
5852	5
5853	5
5854	6
5855	6
5856	6
5857	7
5858	6
5859	0
5860	2
5861	5
5862	3
5863	3
5864	0
5865	0
5866	6
5867	4
5868	7
5869	4
5870	1
5871	6
5872	4
5873	8
5874	4
5875	3
5876	4
5877	2
5878	5
5879	4
5880	6
5881	3
5882	6
5883	4
5884	3
5885	4
5886	5
5887	1
5888	3
5889	7
5890	4
5891	5
5892	2
5893	4
5894	5
5895	2
5896	4
5897	5
5898	8
5899	8
5900	4
5901	4
5902	5
5903	2
5904	9
5905	2
5906	4
5907	4
5908	6
5909	3
5910	8
5911	3
5912	1
5913	5
5914	4
5915	3
5916	4
5917	7
5918	5
5919	2
5920	4
5921	6
5922	2
5923	2
5924	3
5925	5
5926	3
5927	3
5928	3
5929	3
5930	5
5931	3
5932	5
5933	2
5934	3
5935	5
5936	5
5937	5
5938	8
5939	6
5940	2
5941	4
5942	3
5943	0
5944	2
5945	8
5946	4
5947	5
5948	1
5949	4
5950	3
5951	6
5952	3
5953	4
5954	1
5955	4
5956	4
5957	4
5958	5
5959	3
5960	4
5961	2
5962	5
5963	4
5964	2
5965	3
5966	3
5967	2
5968	7
5969	4
5970	7
5971	3
5972	1
5973	7
5974	6
5975	8
5976	6
5977	3
5978	2
5979	8
5980	2
5981	3
5982	3
5983	2
5984	2
5985	2
5986	1
5987	6
5988	3
5989	2
5990	5
5991	3
5992	4
5993	10
5994	2
5995	4
5996	8
5997	4
5998	2
5999	2
6000	2
6001	5
6002	4
6003	1
6004	6
6005	4
6006	4
6007	6
6008	3
6009	1
6010	5
6011	3
6012	4
6013	7
6014	7
6015	4
6016	2
6017	6
6018	4
6019	6
6020	0
6021	7
6022	4
6023	3
6024	7
6025	4
6026	4
6027	3
6028	2
6029	7
6030	3
6031	2
6032	4
6033	6
6034	2
6035	4
6036	8
6037	1
6038	4
6039	6
6040	9
6041	2
6042	4
6043	5
6044	3
6045	3
6046	3
6047	2
6048	2
6049	8
6050	8
6051	3
6052	6
6053	9
6054	5
6055	9
6056	4
6057	4
6058	4
6059	5
6060	2
6061	4
6062	4
6063	2
6064	3
6065	3
6066	2
6067	5
6068	6
6069	7
6070	6
6071	4
6072	3
6073	2
6074	3
6075	5
6076	6
6077	5
6078	4
6079	3
6080	7
6081	3
6082	2
6083	5
6084	5
6085	3
6086	3
6087	5
6088	4
6089	3
6090	9
6091	5
6092	4
6093	8
6094	2
6095	2
6096	5
6097	4
6098	3
6099	5
6100	5
6101	3
6102	3
6103	3
6104	4
6105	7
6106	7
6107	5
6108	5
6109	6
6110	4
6111	6
6112	2
6113	6
6114	4
6115	2
6116	3
6117	5
6118	5
6119	3
6120	6
6121	5
6122	4
6123	3
6124	4
6125	2
6126	6
6127	4
6128	4
6129	8
6130	5
6131	11
6132	5
6133	4
6134	4
6135	9
6136	4
6137	6
6138	2
6139	5
6140	6
6141	4
6142	9
6143	5
6144	6
6145	3
6146	8
6147	4
6148	3
6149	1
6150	7
6151	4
6152	4
6153	3
6154	7
6155	5
6156	5
6157	4
6158	2
6159	7
6160	5
6161	5
6162	3
6163	2
6164	1
6165	7
6166	5
6167	7
6168	2
6169	3
6170	4
6171	8
6172	11
6173	3
6174	1
6175	4
6176	3
6177	4
6178	4
6179	4
6180	5
6181	3
6182	6
6183	3
6184	5
6185	3
6186	13
6187	5
6188	6
6189	4
6190	3
6191	6
6192	3
6193	6
6194	5
6195	4
6196	8
6197	6
6198	6
6199	1
6200	5
6201	4
6202	7
6203	1
6204	5
6205	2
6206	8
6207	5
6208	5
6209	3
6210	5
6211	6
6212	1
6213	7
6214	4
6215	4
6216	4
6217	7
6218	4
6219	3
6220	4
6221	2
6222	3
6223	4
6224	4
6225	8
6226	5
6227	3
6228	2
6229	4
6230	6
6231	1
6232	7
6233	4
6234	4
6235	5
6236	3
6237	6
6238	9
6239	3
6240	5
6241	10
6242	7
6243	4
6244	4
6245	3
6246	5
6247	12
6248	7
6249	3
6250	4
6251	8
6252	6
6253	2
6254	4
6255	6
6256	7
6257	5
6258	3
6259	3
6260	6
6261	1
6262	2
6263	3
6264	8
6265	1
6266	4
6267	6
6268	6
6269	9
6270	2
6271	9
6272	6
6273	6
6274	5
6275	9
6276	5
6277	5
6278	4
6279	4
6280	10
6281	2
6282	8
6283	5
6284	6
6285	6
6286	6
6287	4
6288	5
6289	2
6290	4
6291	5
6292	8
6293	8
6294	6
6295	4
6296	3
6297	4
6298	10
6299	4
6300	5
6301	6
6302	4
6303	4
6304	7
6305	4
6306	5
6307	1
6308	4
6309	4
6310	7
6311	7
6312	4
6313	3
6314	1
6315	5
6316	3
6317	8
6318	12
6319	5
6320	5
6321	3
6322	4
6323	4
6324	4
6325	4
6326	5
6327	3
6328	5
6329	6
6330	7
6331	10
6332	8
6333	6
6334	6
6335	8
6336	3
6337	3
6338	7
6339	8
6340	6
6341	5
6342	4
6343	4
6344	3
6345	7
6346	8
6347	6
6348	4
6349	3
6350	5
6351	10
6352	7
6353	6
6354	7
6355	4
6356	3
6357	6
6358	7
6359	4
6360	3
6361	2
6362	4
6363	3
6364	7
6365	12
6366	7
6367	7
6368	5
6369	7
6370	5
6371	6
6372	7
6373	9
6374	8
6375	4
6376	8
6377	6
6378	8
6379	5
6380	3
6381	5
6382	2
6383	4
6384	4
6385	6
6386	2
6387	2
6388	6
6389	6
6390	3
6391	6
6392	8
6393	4
6394	6
6395	6
6396	9
6397	3
6398	8
6399	12
6400	2
6401	0
6402	13
6403	5
6404	12
6405	9
6406	5
6407	9
6408	6
6409	4
6410	10
6411	6
6412	8
6413	3
6414	6
6415	4
6416	8
6417	9
6418	7
6419	9
6420	5
6421	8
6422	7
6423	8
6424	4
6425	7
6426	6
6427	5
6428	4
6429	9
6430	6
6431	5
6432	4
6433	6
6434	7
6435	5
6436	3
6437	8
6438	2
6439	2
6440	11
6441	7
6442	7
6443	4
6444	3
6445	6
6446	4
6447	5
6448	5
6449	2
6450	5
6451	7
6452	10
6453	5
6454	9
6455	9
6456	6
6457	6
6458	5
6459	2
6460	9
6461	15
6462	6
6463	8
6464	8
6465	5
6466	10
6467	2
6468	4
6469	3
6470	4
6471	4
6472	6
6473	6
6474	4
6475	6
6476	6
6477	6
6478	5
6479	7
6480	8
6481	11
6482	11
6483	4
6484	4
6485	4
6486	5
6487	4
6488	7
6489	4
6490	4
6491	7
6492	9
6493	4
6494	9
6495	6
6496	3
6497	5
6498	5
6499	7
6500	8
6501	7
6502	4
6503	8
6504	12
6505	7
6506	5
6507	3
6508	5
6509	6
6510	4
6511	7
6512	5
6513	4
6514	8
6515	5
6516	4
6517	6
6518	6
6519	6
6520	9
6521	8
6522	3
6523	7
6524	12
6525	10
6526	2
6527	5
6528	6
6529	11
6530	4
6531	5
6532	1
6533	7
6534	2
6535	5
6536	10
6537	5
6538	7
6539	3
6540	9
6541	4
6542	3
6543	1
6544	2
6545	5
6546	3
6547	2
6548	8
6549	6
6550	8
6551	3
6552	5
6553	6
6554	6
6555	2
6556	8
6557	7
6558	8
6559	6
6560	6
6561	7
6562	8
6563	5
6564	7
6565	4
6566	6
6567	8
6568	5
6569	5
6570	6
6571	8
6572	6
6573	8
6574	4
6575	8
6576	3
6577	9
6578	4
6579	4
6580	5
6581	7
6582	6
6583	7
6584	3
6585	6
6586	6
6587	6
6588	8
6589	8
6590	4
6591	5
6592	6
6593	8
6594	6
6595	8
6596	5
6597	3
6598	4
6599	3
6600	6
6601	4
6602	5
6603	4
6604	8
6605	5
6606	9
6607	6
6608	4
6609	8
6610	2
6611	7
6612	4
6613	4
6614	8
6615	8
6616	6
6617	3
6618	6
6619	3
6620	5
6621	6
6622	7
6623	6
6624	3
6625	7
6626	8
6627	2
6628	8
6629	3
6630	5
6631	4
6632	7
6633	2
6634	7
6635	4
6636	2
6637	7
6638	4
6639	6
6640	3
6641	5
6642	3
6643	4
6644	7
6645	4
6646	9
6647	5
6648	4
6649	1
6650	3
6651	4
6652	1
6653	9
6654	4
6655	2
6656	7
6657	5
6658	2
6659	10
6660	3
6661	3
6662	5
6663	3
6664	3
6665	6
6666	7
6667	4
6668	2
6669	3
6670	1
6671	9
6672	4
6673	6
6674	9
6675	3
6676	5
6677	6
6678	7
6679	6
6680	3
6681	4
6682	5
6683	5
6684	2
6685	2
6686	2
6687	5
6688	2
6689	4
6690	4
6691	5
6692	4
6693	3
6694	2
6695	7
6696	5
6697	4
6698	4
6699	5
6700	3
6701	4
6702	5
6703	6
6704	5
6705	3
6706	2
6707	4
6708	4
6709	2
6710	0
6711	5
6712	4
6713	7
6714	5
6715	2
6716	1
6717	4
6718	0
6719	0
6720	3
6721	4
6722	3
6723	6
6724	3
6725	3
6726	5
6727	4
6728	5
6729	3
6730	3
6731	2
6732	1
6733	2
6734	2
6735	1
6736	3
6737	9
6738	4
6739	6
6740	1
6741	1
6742	6
6743	9
6744	5
6745	4
6746	4
6747	2
6748	1
6749	5
6750	4
6751	3
6752	4
6753	5
6754	4
6755	4
6756	1
6757	3
6758	7
6759	5
6760	0
6761	2
6762	4
6763	2
6764	0
6765	7
6766	2
6767	0
6768	1
6769	2
6770	4
6771	4
6772	2
6773	4
6774	2
6775	2
6776	2
6777	2
6778	1
6779	2
6780	6
6781	0
6782	1
6783	3
6784	7
6785	3
6786	3
6787	4
6788	5
6789	0
6790	4
6791	6
6792	5
6793	3
6794	2
6795	4
6796	4
6797	4
6798	3
6799	4
6800	5
6801	2
6802	5
6803	2
6804	3
6805	7
6806	5
6807	6
6808	4
6809	2
6810	3
6811	4
6812	2
6813	6
6814	3
6815	0
6816	4
6817	0
6818	4
6819	2
6820	2
6821	3
6822	3
6823	3
6824	5
6825	4
6826	0
6827	3
6828	1
6829	1
6830	1
6831	3
6832	0
6833	2
6834	1
6835	2
6836	1
6837	1
6838	1
6839	2
6840	2
6841	3
6842	1
6843	4
6844	3
6845	2
6846	5
6847	3
6848	2
6849	3
6850	1
6851	1
6852	3
6853	3
6854	0
6855	2
6856	3
6857	2
6858	2
6859	5
6860	2
6861	4
6862	1
6863	0
6864	2
6865	4
6866	3
6867	1
6868	3
6869	1
6870	5
6871	3
6872	1
6873	2
6874	3
6875	2
6876	1
6877	4
6878	0
6879	2
6880	3
6881	2
6882	3
6883	0
6884	0
6885	3
6886	2
6887	3
6888	4
6889	1
6890	2
6891	0
6892	2
6893	2
6894	2
6895	2
6896	0
6897	1
6898	4
6899	1
6900	0
6901	4
6902	2
6903	3
6904	3
6905	0
6906	1
6907	3
6908	1
6909	0
6910	3
6911	1
6912	2
6913	2
6914	0
6915	2
6916	0
6917	0
6918	0
6919	0
6920	1
6921	1
6922	2
6923	0
6924	2
6925	3
6926	3
6927	1
6928	0
6929	0
6930	2
6931	3
6932	0
6933	0
6934	2
6935	0
6936	2
6937	0
6938	1
6939	2
6940	1
6941	2
6942	1
6943	0
6944	0
6945	1
6946	0
6947	1
6948	2
6949	0
6950	1
6951	0
6952	1
6953	1
6954	1
6955	1
6956	1
6957	0
6958	1
6959	2
6960	1
6961	2
6962	3
6963	3
6964	1
6965	0
6966	2
6967	2
6968	2
6969	0
6970	0
6971	1
6972	2
6973	0
6974	2
6975	1
6976	1
6977	1
6978	2
6979	0
6980	0
6981	1
6982	1
6983	0
6984	2
6985	0
6986	0
6987	0
6988	0
6989	2
6990	0
6991	1
6992	1
6993	2
6994	1
6995	0
6996	0
6997	2
6998	0
6999	0
7000	2
7001	0
7002	2
7003	0
7004	0
7005	0
7006	2
7007	0
7008	3
7009	1
7010	3
7011	0
7012	1
7013	0
7014	1
7015	2
7016	0
7017	3
7018	0
7019	1
7020	0
7021	0
7022	0
7023	0
7024	1
7025	2
7026	2
7027	0
7028	1
7029	0
7030	0
7031	0
7032	1
7033	2
7034	1
7035	1
7036	1
7037	0
7038	1
7039	0
7040	2
7041	0
7042	2
7043	0
7044	2
7045	0
7046	0
7047	0
7048	0
7049	0
7050	2
7051	1
7052	1
7053	0
7054	2
7055	2
7056	0
7057	0
7058	1
7059	1
7060	0
7061	0
7062	0
7063	0
7064	0
7065	0
7066	1
7067	2
7068	0
7069	1
7070	0
7071	1
7072	0
7073	2
7074	0
7075	1
7076	0
7077	0
7078	0
7079	1
7080	1
7081	2
7082	2
7083	2
7084	1
7085	1
7086	2
7087	0
7088	3
7089	0
7090	0
7091	1
7092	1
7093	1
7094	1
7095	0
7096	1
7097	0
7098	3
7099	0
7100	2
7101	1
7102	1
7103	0
7104	1
7105	0
7106	0
7107	1
7108	1
7109	0
7110	0
7111	1
7112	2
7113	0
7114	0
7115	1
7116	1
7117	0
7118	0
7119	0
7120	2
7121	1
7122	0
7123	0
7124	1
7125	0
7126	1
7127	0
7128	0
7129	2
7130	1
7131	0
7132	1
7133	2
7134	0
7135	2
7136	1
7137	0
7138	0
7139	0
7140	0
7141	2
7142	0
7143	1
7144	0
7145	0
7146	0
7147	1
7148	0
7149	2
7150	1
7151	0
7152	0
7153	2
7154	1
7155	1
7156	0
7157	1
7158	0
7159	0
7160	0
7161	0
7162	1
7163	1
7164	1
7165	1
7166	0
7167	0
7168	0
7169	1
7170	0
7171	0
7172	0
7173	0
7174	0
7175	0
7176	0
7177	0
7178	3
7179	2
7180	0
7181	0
7182	0
7183	1
7184	0
7185	0
7186	1
7187	1
7188	0
7189	2
7190	0
7191	0
7192	0
7193	0
7194	0
7195	1
7196	0
7197	1
7198	0
7199	0
7200	3
7201	0
7202	0
7203	0
7204	1
7205	0
7206	1
7207	2
7208	1
7209	1
7210	0
7211	0
7212	2
7213	2
7214	2
7215	0
7216	0
7217	0
7218	1
7219	0
7220	1
7221	1
7222	0
7223	1
7224	1
7225	1
7226	1
7227	0
7228	0
7229	0
7230	2
7231	0
7232	0
7233	2
7234	0
7235	0
7236	0
7237	1
7238	2
7239	2
7240	1
7241	2
7242	2
7243	2
7244	1
7245	0
7246	1
7247	0
7248	0
7249	1
7250	0
7251	0
7252	1
7253	0
7254	0
7255	0
7256	0
7257	3
7258	1
7259	0
7260	1
7261	1
7262	0
7263	0
7264	3
7265	0
7266	2
7267	1
7268	0
7269	1
7270	1
7271	0
7272	2
7273	0
7274	0
7275	0
7276	0
7277	0
7278	1
7279	1
7280	1
7281	1
7282	0
7283	0
7284	0
7285	2
7286	0
7287	1
7288	1
7289	0
7290	0
7291	1
7292	1
7293	0
7294	2
7295	0
7296	0
7297	0
7298	0
7299	0
7300	0
7301	1
7302	1
7303	2
7304	1
7305	0
7306	2
7307	0
7308	1
7309	1
7310	1
7311	0
7312	3
7313	1
7314	1
7315	0
7316	0
7317	1
7318	0
7319	1
7320	0
7321	1
7322	1
7323	0
7324	2
7325	0
7326	0
7327	1
7328	0
7329	2
7330	1
7331	0
7332	0
7333	0
7334	0
7335	0
7336	1
7337	3
7338	4
7339	0
7340	1
7341	0
7342	0
7343	0
7344	0
7345	2
7346	0
7347	0
7348	1
7349	1
7350	0
7351	0
7352	1
7353	0
7354	1
7355	1
7356	1
7357	0
7358	0
7359	0
7360	0
7361	0
7362	0
7363	0
7364	2
7365	0
7366	0
7367	0
7368	0
7369	0
7370	0
7371	0
7372	0
7373	1
7374	0
7375	0
7376	0
7377	0
7378	0
7379	1
7380	1
7381	0
7382	0
7383	0
7384	0
7385	1
7386	0
7387	1
7388	0
7389	1
7390	2
7391	3
7392	0
7393	1
7394	0
7395	0
7396	0
7397	0
7398	1
7399	1
7400	0
7401	0
7402	1
7403	2
7404	0
7405	2
7406	0
7407	0
7408	2
7409	0
7410	0
7411	0
7412	0
7413	0
7414	1
7415	0
7416	0
7417	2
7418	1
7419	1
7420	1
7421	0
7422	0
7423	0
7424	2
7425	0
7426	0
7427	2
7428	0
7429	0
7430	0
7431	0
7432	1
7433	1
7434	1
7435	0
7436	0
7437	0
7438	1
7439	3
7440	2
7441	2
7442	1
7443	0
7444	0
7445	1
7446	3
7447	2
7448	1
7449	3
7450	0
7451	0
7452	0
7453	0
7454	2
7455	2
7456	0
7457	1
7458	0
7459	0
7460	1
7461	0
7462	0
7463	0
7464	1
7465	0
7466	1
7467	1
7468	0
7469	1
7470	0
7471	1
7472	0
7473	0
7474	1
7475	0
7476	0
7477	0
7478	0
7479	1
7480	0
7481	0
7482	0
7483	0
7484	0
7485	0
7486	2
7487	0
7488	1
7489	0
7490	1
7491	0
7492	1
7493	0
7494	1
7495	0
7496	1
7497	1
7498	0
7499	0
7500	2
7501	2
7502	0
7503	0
7504	1
7505	1
7506	0
7507	1
7508	2
7509	1
7510	0
7511	1
7512	1
7513	0
7514	0
7515	1
7516	1
7517	0
7518	0
7519	2
7520	1
7521	0
7522	0
7523	2
7524	0
7525	0
7526	0
7527	0
7528	0
7529	0
7530	1
7531	2
7532	0
7533	1
7534	1
7535	0
7536	1
7537	0
7538	1
7539	0
7540	0
7541	0
7542	1
7543	0
7544	1
7545	1
7546	1
7547	0
7548	3
7549	1
7550	1
7551	3
7552	0
7553	0
7554	0
7555	1
7556	0
7557	0
7558	0
7559	1
7560	0
7561	1
7562	0
7563	0
7564	0
7565	0
7566	1
7567	0
7568	0
7569	1
7570	2
7571	0
7572	1
7573	1
7574	0
7575	0
7576	0
7577	1
7578	0
7579	0
7580	0
7581	0
7582	2
7583	1
7584	0
7585	0
7586	0
7587	0
7588	1
7589	0
7590	2
7591	0
7592	0
7593	0
7594	3
7595	0
7596	0
7597	0
7598	0
7599	0
7600	0
7601	0
7602	1
7603	2
7604	0
7605	0
7606	0
7607	2
7608	0
7609	0
7610	1
7611	0
7612	0
7613	0
7614	0
7615	0
7616	0
7617	1
7618	0
7619	0
7620	1
7621	0
7622	1
7623	0
7624	1
7625	0
7626	0
7627	1
7628	0
7629	0
7630	1
7631	0
7632	2
7633	0
7634	1
7635	0
7636	1
7637	0
7638	0
7639	1
7640	0
7641	0
7642	0
7643	0
7644	0
7645	0
7646	0
7647	1
7648	1
7649	1
7650	0
7651	0
7652	1
7653	0
7654	0
7655	1
7656	0
7657	1
7658	1
7659	0
7660	0
7661	1
7662	0
7663	0
7664	0
7665	0
7666	0
7667	1
7668	0
7669	1
7670	0
7671	0
7672	0
7673	1
7674	1
7675	0
7676	2
7677	1
7678	0
7679	0
7680	0
7681	0
7682	1
7683	0
7684	1
7685	0
7686	0
7687	0
7688	2
7689	0
7690	2
7691	2
7692	0
7693	0
7694	0
7695	0
7696	0
7697	1
7698	0
7699	0
7700	0
7701	2
7702	0
7703	0
7704	1
7705	0
7706	1
7707	0
7708	0
7709	0
7710	0
7711	0
7712	1
7713	1
7714	1
7715	1
7716	0
7717	0
7718	2
7719	0
7720	0
7721	0
7722	0
7723	3
7724	2
7725	2
7726	0
7727	1
7728	0
7729	0
7730	0
7731	1
7732	1
7733	0
7734	0
7735	1
7736	0
7737	0
7738	0
7739	0
7740	0
7741	0
7742	0
7743	0
7744	2
7745	0
7746	1
7747	1
7748	2
7749	0
7750	1
7751	0
7752	1
7753	0
7754	0
7755	0
7756	0
7757	1
7758	1
7759	1
7760	1
7761	1
7762	1
7763	3
7764	1
7765	0
7766	1
7767	1
7768	1
7769	2
7770	0
7771	0
7772	2
7773	0
7774	0
7775	1
7776	1
7777	0
7778	0
7779	1
7780	0
7781	1
7782	0
7783	0
7784	0
7785	1
7786	2
7787	2
7788	1
7789	0
7790	2
7791	1
7792	0
7793	0
7794	0
7795	0
7796	0
7797	0
7798	2
7799	0
7800	1
7801	2
7802	1
7803	0
7804	1
7805	0
7806	1
7807	0
7808	1
7809	0
7810	0
7811	0
7812	0
7813	1
7814	2
7815	0
7816	1
7817	0
7818	0
7819	1
7820	0
7821	1
7822	1
7823	0
7824	1
7825	1
7826	0
7827	0
7828	3
7829	1
7830	0
7831	0
7832	2
7833	2
7834	0
7835	1
7836	0
7837	2
7838	1
7839	1
7840	0
7841	0
7842	0
7843	1
7844	1
7845	0
7846	0
7847	1
7848	1
7849	0
7850	0
7851	0
7852	0
7853	1
7854	0
7855	1
7856	0
7857	0
7858	0
7859	1
7860	2
7861	0
7862	0
7863	1
7864	1
7865	0
7866	1
7867	0
7868	0
7869	1
7870	1
7871	0
7872	0
7873	1
7874	0
7875	0
7876	0
7877	0
7878	1
7879	1
7880	2
7881	1
7882	0
7883	1
7884	0
7885	0
7886	0
7887	0
7888	0
7889	1
7890	2
7891	0
7892	0
7893	0
7894	0
7895	2
7896	0
7897	0
7898	0
7899	2
7900	1
7901	0
7902	1
7903	1
7904	0
7905	0
7906	0
7907	0
7908	0
7909	2
7910	1
7911	0
7912	1
7913	1
7914	0
7915	0
7916	0
7917	0
7918	1
7919	0
7920	1
7921	0
7922	0
7923	1
7924	0
7925	0
7926	0
7927	2
7928	1
7929	0
7930	0
7931	0
7932	0
7933	0
7934	0
7935	1
7936	0
7937	1
7938	0
7939	1
7940	0
7941	0
7942	0
7943	0
7944	0
7945	2
7946	1
7947	1
7948	0
7949	0
7950	0
7951	1
7952	0
7953	0
7954	0
7955	0
7956	1
7957	1
7958	0
7959	0
7960	0
7961	1
7962	0
7963	0
7964	0
7965	0
7966	1
7967	1
7968	0
7969	1
7970	1
7971	1
7972	0
7973	1
7974	0
7975	0
7976	0
7977	0
7978	0
7979	0
7980	2
7981	1
7982	0
7983	3
7984	0
7985	0
7986	1
7987	1
7988	0
7989	0
7990	2
7991	0
7992	1
7993	1
7994	0
7995	1
7996	1
7997	0
7998	0
7999	0
8000	1
8001	2
8002	0
8003	1
8004	0
8005	1
8006	1
8007	0
8008	1
8009	1
8010	0
8011	1
8012	1
8013	0
8014	1
8015	0
8016	0
8017	0
8018	0
8019	0
8020	1
8021	0
8022	1
8023	0
8024	1
8025	1
8026	0
8027	0
8028	1
8029	0
8030	0
8031	0
8032	0
8033	1
8034	1
8035	0
8036	1
8037	1
8038	0
8039	3
8040	0
8041	1
8042	0
8043	0
8044	0
8045	1
8046	1
8047	1
8048	1
8049	0
8050	0
8051	0
8052	1
8053	0
8054	0
8055	0
8056	0
8057	0
8058	0
8059	2
8060	2
8061	0
8062	0
8063	0
8064	0
8065	1
8066	2
8067	1
8068	0
8069	0
8070	1
8071	1
8072	1
8073	0
8074	0
8075	2
8076	0
8077	0
8078	1
8079	1
8080	1
8081	0
8082	0
8083	0
8084	0
8085	0
8086	0
8087	0
8088	0
8089	0
8090	0
8091	0
8092	0
8093	0
8094	0
8095	0
8096	0
8097	0
8098	0
8099	0
8100	0
8101	0
8102	0
8103	0
8104	0
8105	0
8106	0
8107	0
8108	0
8109	0
8110	0
8111	0
8112	0
8113	0
8114	0
8115	0
8116	0
8117	0
8118	0
8119	0
8120	0
8121	0
8122	0
8123	0
8124	0
8125	0
8126	0
8127	0
8128	0
8129	0
8130	0
8131	0
8132	0
8133	0
8134	0
8135	0
8136	0
8137	0
8138	0
8139	0
8140	0
8141	0
8142	0
8143	0
8144	0
8145	0
8146	0
8147	0
8148	0
8149	0
8150	0
8151	0
8152	0
8153	0
8154	0
8155	0
8156	0
8157	0
8158	0
8159	0
8160	0
8161	0
8162	0
8163	0
8164	0
8165	0
8166	0
8167	0
8168	0
8169	0
8170	0
8171	0
8172	0
8173	0
8174	0
8175	0
8176	0
8177	0
8178	0
8179	0
8180	0
8181	0
8182	0
8183	0
8184	0
8185	0
8186	0
8187	0
8188	0
8189	0
8190	0
8191	0
