0	1
1	0
2	0
3	1
4	0
5	0
6	0
7	0
8	1
9	1
10	0
11	0
12	0
13	0
14	0
15	0
16	0
17	0
18	0
19	1
20	0
21	0
22	0
23	0
24	2
25	0
26	1
27	0
28	0
29	0
30	0
31	0
32	0
33	0
34	0
35	0
36	0
37	0
38	0
39	0
40	0
41	0
42	0
43	0
44	0
45	0
46	0
47	0
48	0
49	0
50	0
51	0
52	0
53	0
54	0
55	0
56	0
57	0
58	0
59	0
60	0
61	0
62	0
63	0
64	0
65	0
66	0
67	0
68	0
69	0
70	0
71	0
72	0
73	0
74	0
75	0
76	0
77	0
78	0
79	0
80	0
81	0
82	0
83	0
84	2
85	2
86	3
87	8
88	10
89	12
90	12
91	10
92	11
93	11
94	11
95	11
96	10
97	5
98	5
99	3
100	7
101	11
102	4
103	3
104	4
105	5
106	0
107	9
108	2
109	11
110	4
111	2
112	6
113	8
114	8
115	6
116	5
117	7
118	6
119	6
120	2
121	4
122	3
123	4
124	12
125	9
126	5
127	8
128	3
129	4
130	7
131	7
132	7
133	5
134	6
135	3
136	7
137	3
138	10
139	7
140	9
141	4
142	9
143	6
144	9
145	6
146	5
147	5
148	5
149	3
150	3
151	13
152	3
153	5
154	3
155	5
156	6
157	6
158	3
159	7
160	8
161	9
162	3
163	12
164	6
165	6
166	3
167	3
168	7
169	4
170	7
171	7
172	8
173	6
174	7
175	6
176	6
177	4
178	10
179	6
180	9
181	5
182	9
183	5
184	11
185	8
186	4
187	3
188	2
189	6
190	6
191	7
192	8
193	7
194	6
195	5
196	5
197	9
198	3
199	3
200	7
201	8
202	4
203	4
204	9
205	9
206	8
207	7
208	6
209	6
210	7
211	5
212	6
213	8
214	6
215	3
216	6
217	4
218	11
219	6
220	5
221	4
222	4
223	10
224	9
225	1
226	4
227	5
228	5
229	8
230	4
231	5
232	7
233	9
234	4
235	7
236	6
237	3
238	9
239	1
240	5
241	7
242	9
243	10
244	8
245	5
246	5
247	6
248	5
249	6
250	6
251	7
252	3
253	10
254	6
255	7
256	8
257	2
258	8
259	3
260	9
261	1
262	2
263	8
264	9
265	14
266	5
267	8
268	7
269	3
270	8
271	6
272	4
273	2
274	7
275	4
276	5
277	4
278	4
279	4
280	2
281	6
282	4
283	7
284	6
285	9
286	3
287	5
288	2
289	6
290	5
291	8
292	5
293	6
294	7
295	5
296	3
297	4
298	2
299	4
300	3
301	4
302	4
303	8
304	13
305	5
306	7
307	6
308	9
309	8
310	7
311	6
312	4
313	5
314	4
315	9
316	7
317	6
318	7
319	4
320	6
321	10
322	5
323	9
324	6
325	13
326	5
327	5
328	4
329	6
330	8
331	6
332	11
333	8
334	1
335	5
336	4
337	7
338	8
339	6
340	6
341	7
342	10
343	6
344	5
345	7
346	4
347	7
348	5
349	12
350	7
351	6
352	7
353	9
354	4
355	6
356	8
357	4
358	6
359	8
360	5
361	7
362	7
363	11
364	6
365	3
366	6
367	3
368	7
369	1
370	6
371	6
372	9
373	4
374	6
375	6
376	3
377	5
378	10
379	5
380	7
381	6
382	5
383	6
384	16
385	4
386	5
387	2
388	3
389	9
390	6
391	5
392	7
393	6
394	7
395	9
396	8
397	11
398	6
399	4
400	10
401	10
402	6
403	12
404	5
405	8
406	6
407	3
408	2
409	5
410	7
411	4
412	7
413	12
414	9
415	2
416	16
417	4
418	10
419	9
420	4
421	5
422	7
423	10
424	11
425	6
426	5
427	6
428	9
429	3
430	14
431	6
432	5
433	3
434	4
435	7
436	5
437	7
438	6
439	6
440	5
441	8
442	11
443	4
444	7
445	13
446	6
447	6
448	6
449	3
450	8
451	4
452	7
453	3
454	3
455	11
456	7
457	5
458	10
459	8
460	4
461	5
462	6
463	12
464	6
465	6
466	4
467	11
468	7
469	4
470	7
471	8
472	5
473	8
474	8
475	4
476	6
477	6
478	7
479	8
480	8
481	7
482	6
483	6
484	8
485	5
486	8
487	8
488	4
489	10
490	10
491	8
492	9
493	5
494	10
495	9
496	2
497	10
498	7
499	3
500	4
501	9
502	10
503	6
504	8
505	5
506	5
507	7
508	8
509	11
510	5
511	7
512	8
513	9
514	9
515	4
516	6
517	9
518	7
519	7
520	5
521	10
522	10
523	1
524	9
525	6
526	5
527	12
528	5
529	4
530	5
531	3
532	8
533	6
534	9
535	5
536	6
537	5
538	6
539	9
540	5
541	7
542	8
543	9
544	0
545	9
546	6
547	7
548	7
549	9
550	12
551	9
552	5
553	8
554	6
555	5
556	9
557	9
558	7
559	14
560	12
561	11
562	7
563	4
564	2
565	3
566	9
567	8
568	3
569	7
570	8
571	10
572	5
573	7
574	7
575	9
576	10
577	4
578	9
579	8
580	6
581	6
582	8
583	8
584	12
585	11
586	11
587	10
588	6
589	8
590	8
591	6
592	5
593	9
594	3
595	3
596	6
597	9
598	4
599	10
600	7
601	11
602	11
603	5
604	7
605	4
606	6
607	5
608	8
609	4
610	5
611	7
612	7
613	8
614	8
615	4
616	7
617	6
618	11
619	6
620	9
621	10
622	15
623	13
624	8
625	7
626	8
627	5
628	4
629	7
630	9
631	8
632	5
633	6
634	7
635	9
636	8
637	5
638	5
639	7
640	8
641	9
642	4
643	6
644	4
645	5
646	7
647	9
648	7
649	4
650	8
651	10
652	6
653	7
654	6
655	8
656	4
657	5
658	9
659	12
660	8
661	9
662	11
663	16
664	5
665	3
666	2
667	7
668	5
669	12
670	7
671	8
672	6
673	9
674	14
675	8
676	8
677	8
678	5
679	11
680	9
681	11
682	4
683	15
684	11
685	12
686	4
687	13
688	9
689	10
690	8
691	11
692	12
693	7
694	11
695	9
696	11
697	7
698	8
699	11
700	2
701	10
702	8
703	11
704	10
705	7
706	7
707	12
708	9
709	10
710	10
711	7
712	9
713	8
714	8
715	7
716	15
717	10
718	11
719	7
720	5
721	10
722	10
723	11
724	10
725	5
726	13
727	11
728	11
729	11
730	12
731	5
732	11
733	9
734	4
735	5
736	13
737	8
738	9
739	14
740	10
741	11
742	7
743	12
744	16
745	9
746	7
747	6
748	9
749	8
750	4
751	12
752	6
753	7
754	12
755	11
756	8
757	12
758	11
759	10
760	14
761	16
762	8
763	13
764	9
765	8
766	9
767	8
768	16
769	8
770	20
771	13
772	8
773	12
774	6
775	8
776	13
777	9
778	9
779	16
780	10
781	16
782	15
783	11
784	17
785	5
786	6
787	8
788	13
789	14
790	14
791	14
792	10
793	14
794	19
795	17
796	15
797	12
798	17
799	17
800	15
801	9
802	10
803	11
804	9
805	18
806	14
807	6
808	19
809	15
810	16
811	18
812	11
813	12
814	15
815	16
816	10
817	12
818	18
819	25
820	15
821	20
822	11
823	21
824	15
825	16
826	15
827	23
828	19
829	11
830	20
831	15
832	12
833	14
834	13
835	13
836	14
837	15
838	16
839	12
840	15
841	15
842	13
843	10
844	15
845	12
846	8
847	14
848	9
849	11
850	12
851	15
852	19
853	10
854	17
855	18
856	14
857	18
858	22
859	14
860	20
861	20
862	8
863	23
864	10
865	12
866	11
867	15
868	18
869	11
870	17
871	12
872	13
873	15
874	12
875	8
876	11
877	16
878	16
879	9
880	14
881	11
882	17
883	17
884	13
885	12
886	19
887	16
888	10
889	11
890	15
891	15
892	17
893	15
894	12
895	15
896	13
897	11
898	13
899	12
900	23
901	16
902	8
903	14
904	19
905	17
906	9
907	7
908	11
909	14
910	11
911	9
912	8
913	10
914	13
915	9
916	11
917	14
918	13
919	22
920	15
921	10
922	16
923	18
924	15
925	11
926	4
927	13
928	10
929	9
930	14
931	9
932	9
933	14
934	14
935	14
936	17
937	11
938	13
939	13
940	17
941	19
942	23
943	9
944	6
945	8
946	13
947	9
948	17
949	19
950	11
951	12
952	19
953	13
954	11
955	10
956	8
957	17
958	6
959	18
960	13
961	11
962	11
963	11
964	10
965	11
966	12
967	13
968	15
969	15
970	20
971	17
972	15
973	16
974	8
975	10
976	16
977	10
978	8
979	19
980	20
981	18
982	13
983	11
984	17
985	12
986	9
987	10
988	17
989	13
990	10
991	5
992	13
993	11
994	8
995	12
996	13
997	9
998	13
999	14
1000	11
1001	12
1002	12
1003	13
1004	13
1005	15
1006	8
1007	4
1008	7
1009	10
1010	5
1011	10
1012	14
1013	15
1014	15
1015	14
1016	11
1017	19
1018	12
1019	17
1020	13
1021	8
1022	16
1023	9
1024	16
1025	9
1026	9
1027	16
1028	15
1029	15
1030	11
1031	11
1032	11
1033	9
1034	11
1035	9
1036	13
1037	6
1038	13
1039	9
1040	8
1041	13
1042	8
1043	14
1044	10
1045	13
1046	15
1047	10
1048	13
1049	14
1050	7
1051	8
1052	12
1053	8
1054	11
1055	13
1056	4
1057	12
1058	10
1059	8
1060	16
1061	11
1062	9
1063	6
1064	8
1065	13
1066	13
1067	13
1068	20
1069	15
1070	6
1071	10
1072	14
1073	15
1074	8
1075	13
1076	12
1077	12
1078	14
1079	10
1080	15
1081	10
1082	5
1083	12
1084	12
1085	10
1086	9
1087	12
1088	15
1089	5
1090	11
1091	6
1092	9
1093	16
1094	8
1095	11
1096	10
1097	9
1098	6
1099	14
1100	12
1101	12
1102	6
1103	13
1104	11
1105	7
1106	10
1107	12
1108	10
1109	9
1110	11
1111	6
1112	20
1113	19
1114	12
1115	10
1116	9
1117	20
1118	6
1119	11
1120	11
1121	11
1122	13
1123	15
1124	12
1125	9
1126	12
1127	12
1128	8
1129	7
1130	18
1131	8
1132	15
1133	10
1134	15
1135	17
1136	15
1137	20
1138	9
1139	14
1140	15
1141	9
1142	11
1143	9
1144	14
1145	3
1146	10
1147	8
1148	13
1149	7
1150	7
1151	11
1152	17
1153	12
1154	15
1155	8
1156	13
1157	8
1158	9
1159	13
1160	16
1161	12
1162	17
1163	14
1164	13
1165	10
1166	9
1167	11
1168	19
1169	12
1170	13
1171	7
1172	12
1173	13
1174	12
1175	9
1176	12
1177	14
1178	12
1179	11
1180	20
1181	14
1182	13
1183	11
1184	8
1185	10
1186	14
1187	12
1188	20
1189	10
1190	19
1191	9
1192	17
1193	14
1194	14
1195	9
1196	14
1197	10
1198	11
1199	17
1200	17
1201	7
1202	11
1203	10
1204	11
1205	15
1206	13
1207	13
1208	21
1209	8
1210	12
1211	13
1212	5
1213	14
1214	8
1215	17
1216	13
1217	12
1218	15
1219	12
1220	15
1221	11
1222	13
1223	13
1224	18
1225	10
1226	13
1227	10
1228	12
1229	18
1230	16
1231	12
1232	14
1233	12
1234	16
1235	16
1236	18
1237	7
1238	14
1239	9
1240	13
1241	14
1242	10
1243	14
1244	15
1245	20
1246	14
1247	12
1248	10
1249	11
1250	10
1251	12
1252	17
1253	23
1254	11
1255	16
1256	13
1257	10
1258	15
1259	20
1260	5
1261	15
1262	21
1263	17
1264	23
1265	14
1266	9
1267	15
1268	13
1269	11
1270	10
1271	7
1272	13
1273	24
1274	15
1275	9
1276	9
1277	12
1278	13
1279	8
1280	14
1281	10
1282	20
1283	13
1284	18
1285	24
1286	12
1287	12
1288	14
1289	16
1290	8
1291	9
1292	20
1293	16
1294	15
1295	11
1296	12
1297	17
1298	16
1299	10
1300	15
1301	17
1302	15
1303	19
1304	14
1305	13
1306	16
1307	15
1308	10
1309	12
1310	10
1311	10
1312	8
1313	11
1314	7
1315	15
1316	15
1317	15
1318	12
1319	14
1320	19
1321	15
1322	15
1323	20
1324	18
1325	18
1326	12
1327	16
1328	14
1329	12
1330	15
1331	15
1332	17
1333	15
1334	22
1335	17
1336	13
1337	9
1338	12
1339	16
1340	16
1341	11
1342	9
1343	17
1344	10
1345	17
1346	10
1347	13
1348	14
1349	15
1350	16
1351	20
1352	11
1353	21
1354	10
1355	13
1356	16
1357	20
1358	14
1359	13
1360	20
1361	25
1362	18
1363	15
1364	20
1365	15
1366	13
1367	17
1368	15
1369	8
1370	11
1371	12
1372	21
1373	13
1374	15
1375	24
1376	17
1377	13
1378	21
1379	5
1380	20
1381	18
1382	17
1383	13
1384	19
1385	12
1386	12
1387	24
1388	20
1389	16
1390	17
1391	16
1392	22
1393	14
1394	13
1395	20
1396	18
1397	19
1398	18
1399	15
1400	7
1401	17
1402	17
1403	16
1404	15
1405	19
1406	23
1407	16
1408	23
1409	13
1410	19
1411	17
1412	15
1413	23
1414	16
1415	16
1416	11
1417	15
1418	22
1419	19
1420	14
1421	19
1422	14
1423	15
1424	23
1425	13
1426	14
1427	19
1428	13
1429	12
1430	13
1431	15
1432	9
1433	19
1434	20
1435	20
1436	11
1437	20
1438	19
1439	23
1440	22
1441	8
1442	18
1443	14
1444	19
1445	17
1446	16
1447	14
1448	22
1449	14
1450	16
1451	26
1452	11
1453	15
1454	15
1455	16
1456	19
1457	13
1458	24
1459	16
1460	19
1461	19
1462	16
1463	16
1464	22
1465	13
1466	16
1467	17
1468	14
1469	15
1470	24
1471	18
1472	11
1473	16
1474	14
1475	20
1476	13
1477	13
1478	14
1479	16
1480	13
1481	17
1482	14
1483	20
1484	18
1485	16
1486	21
1487	11
1488	20
1489	23
1490	17
1491	16
1492	17
1493	14
1494	15
1495	21
1496	21
1497	14
1498	12
1499	17
1500	15
1501	18
1502	14
1503	17
1504	15
1505	16
1506	24
1507	12
1508	15
1509	25
1510	20
1511	21
1512	22
1513	26
1514	24
1515	15
1516	19
1517	13
1518	18
1519	16
1520	13
1521	13
1522	20
1523	21
1524	18
1525	19
1526	20
1527	19
1528	18
1529	13
1530	22
1531	15
1532	12
1533	23
1534	15
1535	15
1536	16
1537	19
1538	14
1539	14
1540	25
1541	20
1542	14
1543	20
1544	16
1545	16
1546	24
1547	18
1548	17
1549	24
1550	18
1551	22
1552	21
1553	21
1554	22
1555	20
1556	17
1557	16
1558	15
1559	17
1560	21
1561	20
1562	33
1563	17
1564	20
1565	21
1566	21
1567	19
1568	18
1569	25
1570	20
1571	24
1572	14
1573	25
1574	15
1575	13
1576	23
1577	18
1578	9
1579	13
1580	17
1581	20
1582	9
1583	17
1584	21
1585	14
1586	16
1587	11
1588	19
1589	8
1590	12
1591	17
1592	16
1593	17
1594	12
1595	20
1596	15
1597	21
1598	27
1599	15
1600	17
1601	16
1602	13
1603	19
1604	20
1605	21
1606	16
1607	21
1608	12
1609	17
1610	26
1611	23
1612	26
1613	11
1614	13
1615	16
1616	21
1617	15
1618	20
1619	20
1620	23
1621	20
1622	13
1623	12
1624	11
1625	15
1626	27
1627	17
1628	20
1629	18
1630	22
1631	13
1632	17
1633	9
1634	16
1635	13
1636	19
1637	17
1638	21
1639	18
1640	18
1641	17
1642	21
1643	19
1644	13
1645	25
1646	22
1647	14
1648	23
1649	17
1650	17
1651	20
1652	21
1653	18
1654	22
1655	21
1656	21
1657	11
1658	18
1659	22
1660	21
1661	16
1662	15
1663	19
1664	16
1665	22
1666	28
1667	15
1668	23
1669	18
1670	25
1671	16
1672	17
1673	19
1674	20
1675	19
1676	19
1677	9
1678	19
1679	19
1680	23
1681	16
1682	25
1683	15
1684	17
1685	21
1686	20
1687	17
1688	16
1689	21
1690	20
1691	21
1692	21
1693	16
1694	13
1695	18
1696	20
1697	12
1698	24
1699	20
1700	13
1701	16
1702	14
1703	25
1704	18
1705	18
1706	25
1707	18
1708	16
1709	22
1710	18
1711	20
1712	23
1713	20
1714	20
1715	17
1716	21
1717	20
1718	13
1719	22
1720	15
1721	24
1722	26
1723	23
1724	18
1725	24
1726	18
1727	13
1728	19
1729	22
1730	22
1731	19
1732	20
1733	18
1734	18
1735	21
1736	20
1737	21
1738	19
1739	24
1740	27
1741	27
1742	15
1743	10
1744	10
1745	22
1746	21
1747	21
1748	15
1749	18
1750	17
1751	12
1752	29
1753	21
1754	27
1755	24
1756	26
1757	28
1758	18
1759	18
1760	20
1761	22
1762	15
1763	15
1764	12
1765	14
1766	17
1767	22
1768	13
1769	20
1770	16
1771	17
1772	17
1773	27
1774	19
1775	20
1776	17
1777	12
1778	16
1779	23
1780	25
1781	21
1782	17
1783	16
1784	21
1785	21
1786	22
1787	15
1788	20
1789	21
1790	17
1791	19
1792	15
1793	16
1794	17
1795	27
1796	20
1797	13
1798	21
1799	22
1800	23
1801	27
1802	20
1803	13
1804	10
1805	19
1806	27
1807	11
1808	13
1809	17
1810	25
1811	15
1812	14
1813	15
1814	22
1815	18
1816	24
1817	21
1818	20
1819	24
1820	21
1821	23
1822	19
1823	17
1824	23
1825	22
1826	18
1827	26
1828	20
1829	16
1830	25
1831	27
1832	26
1833	27
1834	8
1835	33
1836	17
1837	28
1838	25
1839	18
1840	17
1841	21
1842	21
1843	17
1844	8
1845	29
1846	14
1847	24
1848	24
1849	15
1850	24
1851	26
1852	21
1853	19
1854	18
1855	25
1856	23
1857	14
1858	20
1859	12
1860	21
1861	19
1862	28
1863	21
1864	22
1865	20
1866	18
1867	25
1868	16
1869	11
1870	23
1871	27
1872	30
1873	23
1874	22
1875	19
1876	23
1877	20
1878	28
1879	28
1880	16
1881	20
1882	23
1883	29
1884	22
1885	22
1886	23
1887	21
1888	17
1889	17
1890	22
1891	16
1892	28
1893	31
1894	22
1895	32
1896	20
1897	17
1898	16
1899	18
1900	19
1901	20
1902	16
1903	22
1904	21
1905	25
1906	27
1907	16
1908	25
1909	22
1910	25
1911	22
1912	17
1913	15
1914	25
1915	17
1916	23
1917	20
1918	34
1919	15
1920	17
1921	14
1922	27
1923	21
1924	17
1925	18
1926	22
1927	17
1928	16
1929	20
1930	23
1931	19
1932	21
1933	22
1934	20
1935	26
1936	25
1937	22
1938	22
1939	16
1940	23
1941	13
1942	12
1943	20
1944	21
1945	29
1946	25
1947	22
1948	20
1949	26
1950	21
1951	13
1952	23
1953	21
1954	21
1955	28
1956	21
1957	25
1958	26
1959	20
1960	17
1961	20
1962	17
1963	25
1964	24
1965	18
1966	22
1967	28
1968	24
1969	24
1970	25
1971	24
1972	28
1973	27
1974	21
1975	21
1976	25
1977	22
1978	22
1979	24
1980	23
1981	23
1982	15
1983	23
1984	24
1985	13
1986	20
1987	23
1988	19
1989	19
1990	24
1991	28
1992	28
1993	24
1994	15
1995	24
1996	30
1997	20
1998	26
1999	22
2000	25
2001	23
2002	23
2003	22
2004	28
2005	21
2006	33
2007	32
2008	23
2009	22
2010	14
2011	18
2012	17
2013	23
2014	26
2015	21
2016	23
2017	18
2018	18
2019	22
2020	29
2021	24
2022	31
2023	25
2024	20
2025	20
2026	22
2027	24
2028	11
2029	23
2030	23
2031	22
2032	10
2033	27
2034	27
2035	22
2036	16
2037	24
2038	25
2039	21
2040	19
2041	26
2042	27
2043	17
2044	16
2045	19
2046	25
2047	19
2048	21
2049	24
2050	33
2051	26
2052	26
2053	25
2054	25
2055	25
2056	22
2057	24
2058	23
2059	21
2060	21
2061	26
2062	16
2063	24
2064	21
2065	21
2066	25
2067	27
2068	22
2069	19
2070	26
2071	17
2072	20
2073	18
2074	30
2075	23
2076	21
2077	9
2078	24
2079	18
2080	19
2081	15
2082	19
2083	26
2084	25
2085	24
2086	15
2087	24
2088	28
2089	22
2090	18
2091	24
2092	19
2093	16
2094	27
2095	24
2096	22
2097	28
2098	26
2099	21
2100	18
2101	27
2102	21
2103	20
2104	34
2105	19
2106	20
2107	25
2108	19
2109	24
2110	26
2111	43
2112	22
2113	20
2114	22
2115	23
2116	23
2117	25
2118	26
2119	29
2120	30
2121	25
2122	20
2123	21
2124	13
2125	20
2126	20
2127	24
2128	30
2129	19
2130	31
2131	21
2132	24
2133	23
2134	18
2135	23
2136	23
2137	28
2138	21
2139	23
2140	23
2141	22
2142	28
2143	25
2144	23
2145	19
2146	25
2147	20
2148	23
2149	25
2150	29
2151	38
2152	25
2153	22
2154	28
2155	28
2156	21
2157	28
2158	33
2159	36
2160	27
2161	24
2162	29
2163	29
2164	21
2165	24
2166	14
2167	32
2168	34
2169	24
2170	28
2171	16
2172	22
2173	28
2174	36
2175	28
2176	16
2177	21
2178	25
2179	21
2180	22
2181	33
2182	21
2183	27
2184	29
2185	30
2186	24
2187	21
2188	32
2189	27
2190	20
2191	25
2192	30
2193	32
2194	28
2195	30
2196	24
2197	25
2198	27
2199	17
2200	26
2201	27
2202	22
2203	26
2204	28
2205	34
2206	28
2207	34
2208	30
2209	26
2210	36
2211	31
2212	22
2213	29
2214	29
2215	21
2216	24
2217	28
2218	23
2219	33
2220	26
2221	29
2222	26
2223	22
2224	37
2225	33
2226	23
2227	28
2228	29
2229	22
2230	28
2231	38
2232	22
2233	17
2234	30
2235	23
2236	29
2237	27
2238	30
2239	27
2240	24
2241	40
2242	14
2243	30
2244	30
2245	31
2246	31
2247	33
2248	23
2249	25
2250	20
2251	25
2252	35
2253	29
2254	29
2255	30
2256	30
2257	21
2258	30
2259	26
2260	29
2261	27
2262	23
2263	27
2264	25
2265	33
2266	37
2267	19
2268	29
2269	22
2270	25
2271	34
2272	33
2273	29
2274	25
2275	36
2276	25
2277	31
2278	29
2279	27
2280	29
2281	32
2282	22
2283	25
2284	31
2285	36
2286	32
2287	29
2288	35
2289	33
2290	26
2291	26
2292	37
2293	31
2294	38
2295	36
2296	26
2297	40
2298	40
2299	35
2300	21
2301	39
2302	35
2303	31
2304	36
2305	35
2306	32
2307	35
2308	22
2309	38
2310	27
2311	31
2312	28
2313	29
2314	27
2315	22
2316	29
2317	35
2318	35
2319	28
2320	35
2321	34
2322	26
2323	28
2324	28
2325	30
2326	31
2327	42
2328	26
2329	35
2330	26
2331	32
2332	21
2333	27
2334	22
2335	26
2336	33
2337	24
2338	23
2339	31
2340	33
2341	30
2342	33
2343	24
2344	29
2345	21
2346	25
2347	27
2348	34
2349	29
2350	30
2351	26
2352	25
2353	37
2354	33
2355	27
2356	28
2357	27
2358	21
2359	36
2360	23
2361	34
2362	28
2363	27
2364	38
2365	25
2366	26
2367	24
2368	36
2369	24
2370	35
2371	25
2372	27
2373	28
2374	32
2375	31
2376	22
2377	32
2378	23
2379	27
2380	30
2381	24
2382	20
2383	30
2384	25
2385	28
2386	29
2387	28
2388	36
2389	24
2390	32
2391	36
2392	19
2393	26
2394	24
2395	30
2396	26
2397	31
2398	27
2399	23
2400	35
2401	29
2402	23
2403	24
2404	36
2405	31
2406	26
2407	30
2408	27
2409	27
2410	19
2411	24
2412	26
2413	35
2414	24
2415	31
2416	27
2417	29
2418	24
2419	35
2420	24
2421	18
2422	25
2423	20
2424	32
2425	39
2426	26
2427	30
2428	19
2429	26
2430	28
2431	18
2432	19
2433	16
2434	24
2435	23
2436	25
2437	23
2438	18
2439	24
2440	25
2441	29
2442	24
2443	29
2444	25
2445	30
2446	16
2447	20
2448	24
2449	17
2450	24
2451	23
2452	23
2453	23
2454	23
2455	29
2456	23
2457	26
2458	27
2459	28
2460	19
2461	29
2462	20
2463	14
2464	27
2465	21
2466	34
2467	26
2468	21
2469	25
2470	30
2471	29
2472	26
2473	22
2474	23
2475	22
2476	16
2477	20
2478	26
2479	24
2480	16
2481	21
2482	19
2483	29
2484	23
2485	17
2486	28
2487	21
2488	13
2489	28
2490	21
2491	24
2492	27
2493	16
2494	23
2495	20
2496	31
2497	21
2498	24
2499	17
2500	31
2501	21
2502	22
2503	21
2504	17
2505	19
2506	15
2507	20
2508	20
2509	20
2510	14
2511	23
2512	19
2513	26
2514	20
2515	25
2516	21
2517	22
2518	18
2519	23
2520	24
2521	20
2522	16
2523	28
2524	10
2525	21
2526	20
2527	21
2528	16
2529	13
2530	15
2531	20
2532	23
2533	21
2534	20
2535	22
2536	22
2537	25
2538	16
2539	20
2540	23
2541	19
2542	19
2543	21
2544	21
2545	18
2546	20
2547	23
2548	25
2549	19
2550	20
2551	16
2552	17
2553	26
2554	15
2555	19
2556	17
2557	25
2558	24
2559	20
2560	17
2561	19
2562	18
2563	17
2564	24
2565	22
2566	19
2567	20
2568	20
2569	22
2570	6
2571	14
2572	14
2573	25
2574	16
2575	18
2576	18
2577	17
2578	14
2579	24
2580	14
2581	21
2582	18
2583	14
2584	16
2585	19
2586	24
2587	16
2588	16
2589	20
2590	13
2591	17
2592	15
2593	17
2594	13
2595	16
2596	13
2597	9
2598	15
2599	25
2600	16
2601	14
2602	13
2603	14
2604	19
2605	15
2606	15
2607	18
2608	15
2609	14
2610	13
2611	22
2612	14
2613	22
2614	15
2615	10
2616	18
2617	17
2618	8
2619	11
2620	13
2621	25
2622	17
2623	11
2624	11
2625	11
2626	12
2627	13
2628	20
2629	16
2630	14
2631	18
2632	11
2633	14
2634	16
2635	14
2636	7
2637	14
2638	13
2639	16
2640	24
2641	11
2642	17
2643	16
2644	14
2645	13
2646	8
2647	14
2648	15
2649	11
2650	17
2651	13
2652	13
2653	21
2654	21
2655	13
2656	13
2657	14
2658	10
2659	17
2660	11
2661	19
2662	8
2663	16
2664	16
2665	16
2666	10
2667	23
2668	14
2669	19
2670	14
2671	17
2672	11
2673	13
2674	14
2675	21
2676	15
2677	17
2678	17
2679	4
2680	14
2681	13
2682	13
2683	17
2684	11
2685	17
2686	6
2687	9
2688	11
2689	14
2690	17
2691	19
2692	9
2693	13
2694	14
2695	14
2696	20
2697	22
2698	17
2699	14
2700	11
2701	20
2702	21
2703	9
2704	11
2705	16
2706	7
2707	14
2708	7
2709	21
2710	26
2711	16
2712	11
2713	18
2714	21
2715	17
2716	9
2717	15
2718	18
2719	14
2720	11
2721	12
2722	8
2723	13
2724	19
2725	14
2726	10
2727	11
2728	18
2729	5
2730	13
2731	17
2732	19
2733	15
2734	15
2735	18
2736	8
2737	11
2738	9
2739	10
2740	12
2741	16
2742	18
2743	15
2744	20
2745	12
2746	21
2747	12
2748	11
2749	11
2750	16
2751	22
2752	19
2753	12
2754	14
2755	13
2756	15
2757	15
2758	14
2759	15
2760	16
2761	12
2762	9
2763	13
2764	11
2765	13
2766	14
2767	15
2768	9
2769	16
2770	14
2771	6
2772	10
2773	12
2774	10
2775	17
2776	14
2777	13
2778	9
2779	19
2780	11
2781	13
2782	14
2783	15
2784	14
2785	12
2786	12
2787	13
2788	4
2789	13
2790	7
2791	11
2792	9
2793	12
2794	22
2795	8
2796	10
2797	24
2798	11
2799	7
2800	12
2801	11
2802	12
2803	16
2804	18
2805	10
2806	16
2807	20
2808	9
2809	13
2810	11
2811	12
2812	15
2813	6
2814	11
2815	12
2816	16
2817	3
2818	14
2819	12
2820	12
2821	6
2822	11
2823	11
2824	17
2825	10
2826	14
2827	9
2828	15
2829	14
2830	13
2831	16
2832	7
2833	14
2834	10
2835	12
2836	22
2837	13
2838	15
2839	13
2840	9
2841	12
2842	11
2843	10
2844	10
2845	11
2846	9
2847	7
2848	7
2849	14
2850	12
2851	7
2852	17
2853	16
2854	9
2855	10
2856	11
2857	13
2858	6
2859	6
2860	10
2861	16
2862	15
2863	13
2864	11
2865	13
2866	17
2867	9
2868	9
2869	11
2870	18
2871	11
2872	9
2873	17
2874	14
2875	13
2876	10
2877	14
2878	17
2879	10
2880	10
2881	13
2882	16
2883	10
2884	10
2885	13
2886	13
2887	8
2888	5
2889	12
2890	18
2891	15
2892	14
2893	11
2894	17
2895	19
2896	17
2897	12
2898	14
2899	11
2900	9
2901	8
2902	11
2903	13
2904	15
2905	7
2906	14
2907	12
2908	13
2909	16
2910	18
2911	11
2912	10
2913	10
2914	14
2915	9
2916	7
2917	10
2918	16
2919	11
2920	17
2921	9
2922	8
2923	7
2924	11
2925	11
2926	13
2927	9
2928	12
2929	10
2930	7
2931	16
2932	10
2933	9
2934	6
2935	13
2936	19
2937	13
2938	11
2939	12
2940	5
2941	8
2942	11
2943	17
2944	8
2945	6
2946	12
2947	12
2948	10
2949	10
2950	6
2951	9
2952	10
2953	10
2954	21
2955	11
2956	6
2957	6
2958	8
2959	11
2960	17
2961	7
2962	13
2963	14
2964	12
2965	10
2966	14
2967	9
2968	11
2969	11
2970	9
2971	10
2972	16
2973	4
2974	11
2975	12
2976	13
2977	14
2978	9
2979	14
2980	13
2981	20
2982	10
2983	3
2984	10
2985	6
2986	10
2987	6
2988	14
2989	9
2990	9
2991	11
2992	9
2993	13
2994	15
2995	17
2996	11
2997	7
2998	9
2999	14
3000	20
3001	14
3002	9
3003	7
3004	14
3005	9
3006	13
3007	12
3008	17
3009	8
3010	14
3011	12
3012	7
3013	9
3014	9
3015	15
3016	12
3017	13
3018	9
3019	13
3020	9
3021	4
3022	11
3023	14
3024	14
3025	15
3026	6
3027	12
3028	14
3029	16
3030	6
3031	13
3032	11
3033	15
3034	10
3035	14
3036	16
3037	7
3038	17
3039	8
3040	8
3041	6
3042	13
3043	6
3044	6
3045	11
3046	13
3047	12
3048	6
3049	11
3050	8
3051	11
3052	7
3053	9
3054	12
3055	11
3056	9
3057	9
3058	8
3059	11
3060	21
3061	11
3062	10
3063	15
3064	13
3065	14
3066	11
3067	10
3068	11
3069	10
3070	16
3071	9
3072	5
3073	5
3074	12
3075	11
3076	6
3077	16
3078	7
3079	11
3080	11
3081	13
3082	9
3083	11
3084	11
3085	13
3086	9
3087	5
3088	7
3089	10
3090	10
3091	13
3092	12
3093	8
3094	13
3095	8
3096	12
3097	11
3098	10
3099	14
3100	14
3101	12
3102	10
3103	11
3104	10
3105	11
3106	14
3107	8
3108	10
3109	9
3110	14
3111	6
3112	10
3113	9
3114	10
3115	12
3116	9
3117	9
3118	7
3119	11
3120	12
3121	9
3122	10
3123	13
3124	16
3125	10
3126	13
3127	10
3128	9
3129	9
3130	11
3131	9
3132	6
3133	12
3134	15
3135	17
3136	11
3137	12
3138	10
3139	9
3140	8
3141	9
3142	6
3143	6
3144	11
3145	19
3146	8
3147	6
3148	8
3149	4
3150	8
3151	12
3152	11
3153	8
3154	9
3155	9
3156	9
3157	10
3158	8
3159	10
3160	10
3161	4
3162	15
3163	8
3164	8
3165	9
3166	9
3167	9
3168	3
3169	9
3170	9
3171	11
3172	5
3173	8
3174	5
3175	8
3176	8
3177	12
3178	11
3179	5
3180	7
3181	10
3182	7
3183	13
3184	6
3185	11
3186	9
3187	11
3188	15
3189	13
3190	12
3191	3
3192	8
3193	11
3194	10
3195	5
3196	9
3197	13
3198	7
3199	7
3200	11
3201	10
3202	13
3203	13
3204	16
3205	14
3206	4
3207	9
3208	12
3209	5
3210	11
3211	16
3212	11
3213	11
3214	6
3215	13
3216	12
3217	11
3218	9
3219	11
3220	11
3221	18
3222	10
3223	7
3224	14
3225	12
3226	4
3227	9
3228	3
3229	10
3230	3
3231	10
3232	7
3233	9
3234	6
3235	7
3236	8
3237	7
3238	12
3239	9
3240	7
3241	11
3242	7
3243	10
3244	8
3245	7
3246	10
3247	7
3248	13
3249	14
3250	11
3251	7
3252	7
3253	10
3254	16
3255	8
3256	8
3257	5
3258	11
3259	11
3260	10
3261	14
3262	9
3263	6
3264	8
3265	9
3266	7
3267	6
3268	11
3269	6
3270	8
3271	5
3272	9
3273	17
3274	11
3275	8
3276	10
3277	11
3278	8
3279	12
3280	9
3281	14
3282	15
3283	9
3284	13
3285	11
3286	14
3287	11
3288	4
3289	7
3290	8
3291	9
3292	8
3293	9
3294	8
3295	6
3296	8
3297	11
3298	12
3299	7
3300	10
3301	12
3302	9
3303	9
3304	8
3305	4
3306	10
3307	14
3308	11
3309	9
3310	8
3311	12
3312	14
3313	8
3314	7
3315	7
3316	10
3317	10
3318	8
3319	10
3320	8
3321	7
3322	5
3323	13
3324	8
3325	7
3326	9
3327	11
3328	9
3329	11
3330	16
3331	10
3332	11
3333	11
3334	8
3335	12
3336	8
3337	7
3338	8
3339	9
3340	16
3341	4
3342	8
3343	8
3344	13
3345	15
3346	4
3347	12
3348	15
3349	5
3350	9
3351	10
3352	11
3353	8
3354	7
3355	15
3356	6
3357	11
3358	5
3359	4
3360	15
3361	10
3362	4
3363	8
3364	12
3365	11
3366	9
3367	11
3368	10
3369	4
3370	11
3371	8
3372	13
3373	11
3374	7
3375	8
3376	8
3377	10
3378	5
3379	7
3380	9
3381	7
3382	11
3383	10
3384	11
3385	7
3386	13
3387	10
3388	6
3389	9
3390	6
3391	8
3392	8
3393	13
3394	9
3395	10
3396	12
3397	4
3398	11
3399	17
3400	15
3401	5
3402	13
3403	12
3404	7
3405	6
3406	6
3407	7
3408	10
3409	7
3410	12
3411	10
3412	12
3413	10
3414	11
3415	4
3416	7
3417	2
3418	10
3419	10
3420	15
3421	9
3422	11
3423	3
3424	9
3425	9
3426	7
3427	6
3428	8
3429	10
3430	9
3431	9
3432	8
3433	10
3434	4
3435	10
3436	6
3437	7
3438	13
3439	11
3440	12
3441	6
3442	9
3443	9
3444	10
3445	16
3446	6
3447	7
3448	8
3449	16
3450	10
3451	11
3452	9
3453	5
3454	8
3455	5
3456	8
3457	4
3458	5
3459	7
3460	7
3461	7
3462	4
3463	3
3464	6
3465	13
3466	13
3467	8
3468	14
3469	7
3470	5
3471	1
3472	16
3473	6
3474	5
3475	13
3476	7
3477	15
3478	14
3479	7
3480	6
3481	9
3482	8
3483	6
3484	7
3485	11
3486	12
3487	7
3488	9
3489	5
3490	4
3491	5
3492	9
3493	6
3494	7
3495	6
3496	12
3497	8
3498	8
3499	12
3500	7
3501	5
3502	12
3503	9
3504	13
3505	10
3506	9
3507	13
3508	4
3509	10
3510	10
3511	9
3512	6
3513	6
3514	10
3515	8
3516	6
3517	9
3518	8
3519	5
3520	11
3521	3
3522	13
3523	5
3524	12
3525	6
3526	11
3527	4
3528	4
3529	7
3530	8
3531	6
3532	5
3533	8
3534	7
3535	8
3536	11
3537	6
3538	10
3539	10
3540	6
3541	12
3542	5
3543	9
3544	15
3545	10
3546	7
3547	11
3548	6
3549	6
3550	10
3551	13
3552	9
3553	6
3554	9
3555	9
3556	8
3557	10
3558	8
3559	3
3560	3
3561	9
3562	7
3563	6
3564	5
3565	10
3566	5
3567	11
3568	5
3569	6
3570	10
3571	5
3572	14
3573	7
3574	6
3575	5
3576	10
3577	9
3578	12
3579	4
3580	6
3581	11
3582	9
3583	10
3584	12
3585	7
3586	9
3587	8
3588	7
3589	4
3590	5
3591	2
3592	5
3593	12
3594	6
3595	8
3596	11
3597	17
3598	13
3599	5
3600	10
3601	6
3602	4
3603	8
3604	5
3605	7
3606	8
3607	8
3608	10
3609	5
3610	10
3611	6
3612	9
3613	6
3614	9
3615	6
3616	8
3617	9
3618	9
3619	10
3620	5
3621	7
3622	8
3623	4
3624	5
3625	7
3626	3
3627	4
3628	7
3629	5
3630	7
3631	8
3632	3
3633	3
3634	6
3635	6
3636	6
3637	8
3638	9
3639	6
3640	3
3641	7
3642	9
3643	5
3644	2
3645	10
3646	9
3647	11
3648	15
3649	5
3650	9
3651	7
3652	9
3653	9
3654	3
3655	6
3656	7
3657	8
3658	5
3659	5
3660	4
3661	8
3662	7
3663	17
3664	7
3665	7
3666	6
3667	8
3668	8
3669	8
3670	8
3671	12
3672	5
3673	6
3674	11
3675	4
3676	9
3677	4
3678	9
3679	8
3680	8
3681	5
3682	8
3683	13
3684	6
3685	10
3686	4
3687	4
3688	8
3689	9
3690	7
3691	8
3692	14
3693	7
3694	1
3695	11
3696	10
3697	10
3698	8
3699	8
3700	9
3701	11
3702	12
3703	9
3704	11
3705	5
3706	12
3707	11
3708	6
3709	9
3710	4
3711	4
3712	11
3713	10
3714	5
3715	4
3716	4
3717	8
3718	4
3719	9
3720	8
3721	8
3722	5
3723	10
3724	9
3725	8
3726	9
3727	9
3728	10
3729	17
3730	9
3731	13
3732	9
3733	6
3734	10
3735	9
3736	5
3737	8
3738	5
3739	6
3740	4
3741	3
3742	6
3743	9
3744	10
3745	5
3746	10
3747	10
3748	4
3749	8
3750	5
3751	9
3752	11
3753	5
3754	13
3755	5
3756	14
3757	7
3758	6
3759	7
3760	8
3761	13
3762	11
3763	7
3764	8
3765	6
3766	11
3767	6
3768	10
3769	4
3770	3
3771	4
3772	5
3773	4
3774	8
3775	7
3776	7
3777	5
3778	6
3779	8
3780	9
3781	8
3782	9
3783	9
3784	12
3785	6
3786	4
3787	10
3788	8
3789	5
3790	9
3791	7
3792	7
3793	9
3794	6
3795	5
3796	5
3797	13
3798	8
3799	8
3800	6
3801	7
3802	9
3803	4
3804	3
3805	9
3806	2
3807	8
3808	6
3809	6
3810	7
3811	6
3812	5
3813	7
3814	5
3815	10
3816	7
3817	10
3818	11
3819	11
3820	7
3821	7
3822	9
3823	7
3824	2
3825	4
3826	9
3827	4
3828	6
3829	4
3830	2
3831	4
3832	7
3833	11
3834	7
3835	5
3836	5
3837	12
3838	8
3839	9
3840	5
3841	13
3842	6
3843	9
3844	6
3845	9
3846	4
3847	6
3848	4
3849	6
3850	8
3851	8
3852	13
3853	9
3854	10
3855	6
3856	3
3857	11
3858	1
3859	3
3860	11
3861	7
3862	4
3863	5
3864	5
3865	6
3866	7
3867	3
3868	8
3869	6
3870	9
3871	5
3872	4
3873	6
3874	9
3875	8
3876	11
3877	9
3878	8
3879	5
3880	7
3881	9
3882	6
3883	8
3884	11
3885	11
3886	10
3887	6
3888	4
3889	5
3890	9
3891	10
3892	5
3893	7
3894	10
3895	6
3896	9
3897	6
3898	10
3899	6
3900	5
3901	7
3902	4
3903	4
3904	7
3905	8
3906	8
3907	8
3908	8
3909	9
3910	5
3911	6
3912	9
3913	6
3914	7
3915	8
3916	7
3917	9
3918	8
3919	8
3920	3
3921	8
3922	7
3923	4
3924	7
3925	8
3926	7
3927	14
3928	8
3929	7
3930	5
3931	6
3932	8
3933	9
3934	6
3935	7
3936	7
3937	10
3938	6
3939	5
3940	5
3941	14
3942	6
3943	8
3944	8
3945	8
3946	6
3947	1
3948	7
3949	4
3950	7
3951	4
3952	6
3953	3
3954	5
3955	6
3956	4
3957	10
3958	9
3959	6
3960	7
3961	8
3962	8
3963	7
3964	3
3965	5
3966	8
3967	9
3968	9
3969	7
3970	5
3971	12
3972	9
3973	10
3974	10
3975	6
3976	3
3977	3
3978	5
3979	4
3980	10
3981	8
3982	9
3983	10
3984	9
3985	8
3986	9
3987	6
3988	11
3989	8
3990	9
3991	4
3992	6
3993	5
3994	5
3995	4
3996	6
3997	4
3998	2
3999	2
4000	3
4001	9
4002	5
4003	9
4004	6
4005	7
4006	6
4007	5
4008	7
4009	9
4010	7
4011	3
4012	6
4013	9
4014	12
4015	6
4016	7
4017	11
4018	8
4019	7
4020	5
4021	1
4022	5
4023	4
4024	5
4025	5
4026	4
4027	11
4028	6
4029	9
4030	5
4031	5
4032	6
4033	5
4034	7
4035	6
4036	8
4037	4
4038	5
4039	9
4040	4
4041	6
4042	3
4043	5
4044	3
4045	6
4046	5
4047	8
4048	8
4049	9
4050	6
4051	5
4052	7
4053	14
4054	2
4055	7
4056	6
4057	3
4058	7
4059	9
4060	5
4061	2
4062	2
4063	12
4064	7
4065	3
4066	7
4067	5
4068	9
4069	6
4070	7
4071	7
4072	7
4073	6
4074	13
4075	7
4076	4
4077	6
4078	3
4079	7
4080	5
4081	11
4082	4
4083	3
4084	3
4085	6
4086	4
4087	4
4088	9
4089	2
4090	9
4091	7
4092	8
4093	5
4094	7
4095	9
4096	7
4097	6
4098	3
4099	9
4100	5
4101	5
4102	7
4103	7
4104	5
4105	4
4106	7
4107	6
4108	2
4109	5
4110	12
4111	5
4112	8
4113	4
4114	4
4115	5
4116	6
4117	10
4118	8
4119	8
4120	3
4121	6
4122	4
4123	4
4124	7
4125	2
4126	6
4127	5
4128	7
4129	3
4130	11
4131	5
4132	5
4133	3
4134	10
4135	9
4136	5
4137	4
4138	5
4139	5
4140	4
4141	2
4142	5
4143	10
4144	7
4145	5
4146	6
4147	6
4148	7
4149	5
4150	8
4151	8
4152	10
4153	5
4154	6
4155	7
4156	13
4157	8
4158	15
4159	8
4160	8
4161	3
4162	4
4163	6
4164	6
4165	5
4166	4
4167	5
4168	6
4169	7
4170	4
4171	6
4172	6
4173	6
4174	7
4175	10
4176	3
4177	5
4178	8
4179	8
4180	11
4181	4
4182	6
4183	7
4184	7
4185	5
4186	6
4187	3
4188	8
4189	3
4190	4
4191	6
4192	6
4193	3
4194	8
4195	11
4196	10
4197	1
4198	7
4199	6
4200	2
4201	2
4202	6
4203	8
4204	4
4205	3
4206	7
4207	6
4208	3
4209	10
4210	5
4211	8
4212	3
4213	9
4214	7
4215	4
4216	4
4217	4
4218	6
4219	4
4220	3
4221	4
4222	3
4223	7
4224	6
4225	6
4226	4
4227	5
4228	3
4229	8
4230	8
4231	9
4232	6
4233	7
4234	9
4235	10
4236	4
4237	6
4238	4
4239	3
4240	5
4241	10
4242	1
4243	5
4244	7
4245	3
4246	10
4247	2
4248	4
4249	5
4250	4
4251	4
4252	4
4253	7
4254	7
4255	6
4256	7
4257	10
4258	8
4259	8
4260	6
4261	4
4262	10
4263	6
4264	5
4265	7
4266	4
4267	4
4268	8
4269	5
4270	4
4271	9
4272	10
4273	7
4274	4
4275	5
4276	4
4277	5
4278	3
4279	3
4280	5
4281	10
4282	9
4283	13
4284	5
4285	6
4286	6
4287	5
4288	2
4289	5
4290	8
4291	4
4292	4
4293	4
4294	6
4295	5
4296	3
4297	11
4298	8
4299	7
4300	2
4301	2
4302	7
4303	7
4304	5
4305	4
4306	6
4307	4
4308	5
4309	1
4310	9
4311	5
4312	3
4313	8
4314	10
4315	8
4316	4
4317	3
4318	6
4319	7
4320	1
4321	5
4322	2
4323	4
4324	2
4325	6
4326	5
4327	7
4328	10
4329	5
4330	5
4331	7
4332	6
4333	5
4334	10
4335	6
4336	9
4337	9
4338	8
4339	10
4340	8
4341	8
4342	3
4343	5
4344	6
4345	6
4346	7
4347	7
4348	7
4349	2
4350	5
4351	0
4352	6
4353	6
4354	6
4355	7
4356	7
4357	6
4358	10
4359	10
4360	10
4361	1
4362	5
4363	5
4364	7
4365	8
4366	6
4367	11
4368	7
4369	6
4370	7
4371	6
4372	4
4373	4
4374	3
4375	3
4376	8
4377	5
4378	7
4379	1
4380	8
4381	2
4382	6
4383	7
4384	6
4385	3
4386	5
4387	7
4388	8
4389	8
4390	5
4391	1
4392	8
4393	3
4394	8
4395	2
4396	7
4397	5
4398	5
4399	9
4400	3
4401	4
4402	3
4403	4
4404	4
4405	2
4406	4
4407	9
4408	4
4409	8
4410	3
4411	6
4412	5
4413	6
4414	8
4415	5
4416	5
4417	11
4418	4
4419	11
4420	3
4421	7
4422	8
4423	2
4424	7
4425	6
4426	3
4427	4
4428	4
4429	7
4430	5
4431	5
4432	5
4433	4
4434	12
4435	9
4436	2
4437	6
4438	7
4439	4
4440	6
4441	3
4442	4
4443	7
4444	1
4445	3
4446	5
4447	7
4448	4
4449	5
4450	8
4451	8
4452	2
4453	6
4454	2
4455	6
4456	8
4457	6
4458	3
4459	5
4460	5
4461	4
4462	5
4463	7
4464	4
4465	8
4466	10
4467	4
4468	4
4469	3
4470	3
4471	5
4472	7
4473	0
4474	8
4475	7
4476	4
4477	4
4478	7
4479	6
4480	6
4481	7
4482	6
4483	6
4484	4
4485	5
4486	6
4487	3
4488	8
4489	2
4490	5
4491	5
4492	8
4493	1
4494	11
4495	7
4496	6
4497	8
4498	6
4499	7
4500	5
4501	10
4502	2
4503	3
4504	10
4505	6
4506	6
4507	5
4508	6
4509	4
4510	5
4511	5
4512	8
4513	5
4514	6
4515	2
4516	6
4517	6
4518	1
4519	3
4520	6
4521	7
4522	3
4523	3
4524	9
4525	1
4526	4
4527	10
4528	5
4529	6
4530	6
4531	5
4532	10
4533	4
4534	4
4535	6
4536	6
4537	1
4538	4
4539	5
4540	5
4541	3
4542	0
4543	7
4544	3
4545	3
4546	5
4547	3
4548	3
4549	3
4550	5
4551	4
4552	2
4553	3
4554	5
4555	7
4556	9
4557	1
4558	3
4559	7
4560	8
4561	4
4562	7
4563	5
4564	6
4565	5
4566	3
4567	8
4568	10
4569	4
4570	6
4571	5
4572	1
4573	5
4574	6
4575	5
4576	5
4577	3
4578	5
4579	6
4580	3
4581	6
4582	3
4583	5
4584	4
4585	5
4586	2
4587	8
4588	7
4589	6
4590	4
4591	11
4592	3
4593	5
4594	3
4595	6
4596	10
4597	1
4598	4
4599	4
4600	6
4601	8
4602	2
4603	4
4604	3
4605	6
4606	4
4607	3
4608	4
4609	1
4610	6
4611	6
4612	7
4613	3
4614	8
4615	6
4616	3
4617	4
4618	5
4619	9
4620	6
4621	6
4622	9
4623	8
4624	5
4625	3
4626	9
4627	7
4628	4
4629	4
4630	6
4631	0
4632	4
4633	3
4634	4
4635	3
4636	4
4637	1
4638	4
4639	8
4640	7
4641	6
4642	4
4643	8
4644	8
4645	6
4646	5
4647	8
4648	4
4649	5
4650	5
4651	6
4652	9
4653	7
4654	6
4655	3
4656	5
4657	6
4658	4
4659	3
4660	3
4661	5
4662	4
4663	8
4664	6
4665	5
4666	5
4667	2
4668	5
4669	9
4670	3
4671	4
4672	4
4673	4
4674	1
4675	2
4676	6
4677	6
4678	4
4679	6
4680	8
4681	11
4682	6
4683	4
4684	5
4685	3
4686	5
4687	7
4688	5
4689	7
4690	2
4691	7
4692	5
4693	4
4694	3
4695	6
4696	5
4697	3
4698	6
4699	3
4700	5
4701	6
4702	5
4703	4
4704	11
4705	2
4706	5
4707	6
4708	6
4709	3
4710	6
4711	5
4712	8
4713	5
4714	6
4715	7
4716	7
4717	1
4718	4
4719	6
4720	6
4721	8
4722	6
4723	0
4724	6
4725	5
4726	2
4727	6
4728	4
4729	6
4730	8
4731	7
4732	8
4733	3
4734	6
4735	3
4736	5
4737	5
4738	4
4739	4
4740	2
4741	7
4742	6
4743	6
4744	11
4745	5
4746	3
4747	6
4748	5
4749	5
4750	5
4751	4
4752	9
4753	2
4754	10
4755	11
4756	3
4757	4
4758	11
4759	10
4760	11
4761	4
4762	6
4763	8
4764	5
4765	2
4766	5
4767	4
4768	4
4769	2
4770	5
4771	7
4772	5
4773	9
4774	5
4775	5
4776	4
4777	9
4778	5
4779	4
4780	6
4781	2
4782	5
4783	4
4784	3
4785	3
4786	4
4787	7
4788	3
4789	5
4790	3
4791	6
4792	4
4793	2
4794	0
4795	0
4796	0
4797	3
4798	10
4799	3
4800	6
4801	3
4802	11
4803	7
4804	4
4805	6
4806	9
4807	9
4808	8
4809	3
4810	6
4811	7
4812	6
4813	8
4814	3
4815	3
4816	7
4817	9
4818	4
4819	2
4820	4
4821	4
4822	4
4823	7
4824	3
4825	5
4826	4
4827	3
4828	6
4829	5
4830	4
4831	6
4832	4
4833	7
4834	7
4835	8
4836	6
4837	10
4838	4
4839	7
4840	3
4841	5
4842	0
4843	8
4844	1
4845	5
4846	4
4847	4
4848	6
4849	5
4850	4
4851	6
4852	2
4853	6
4854	6
4855	3
4856	4
4857	3
4858	3
4859	5
4860	5
4861	6
4862	6
4863	7
4864	2
4865	2
4866	5
4867	5
4868	6
4869	7
4870	5
4871	2
4872	5
4873	3
4874	4
4875	6
4876	4
4877	6
4878	5
4879	8
4880	3
4881	3
4882	5
4883	3
4884	3
4885	4
4886	6
4887	9
4888	7
4889	3
4890	6
4891	8
4892	9
4893	4
4894	5
4895	7
4896	11
4897	3
4898	3
4899	8
4900	3
4901	9
4902	3
4903	2
4904	6
4905	5
4906	3
4907	6
4908	8
4909	7
4910	1
4911	7
4912	4
4913	3
4914	7
4915	2
4916	9
4917	3
4918	6
4919	3
4920	1
4921	8
4922	9
4923	4
4924	4
4925	7
4926	6
4927	10
4928	3
4929	9
4930	7
4931	7
4932	3
4933	3
4934	4
4935	6
4936	8
4937	12
4938	3
4939	7
4940	3
4941	6
4942	6
4943	3
4944	3
4945	5
4946	5
4947	5
4948	3
4949	4
4950	1
4951	5
4952	2
4953	3
4954	5
4955	9
4956	4
4957	3
4958	9
4959	5
4960	3
4961	3
4962	6
4963	7
4964	6
4965	8
4966	3
4967	2
4968	3
4969	1
4970	8
4971	7
4972	1
4973	5
4974	5
4975	4
4976	2
4977	5
4978	2
4979	5
4980	3
4981	5
4982	5
4983	6
4984	9
4985	5
4986	2
4987	5
4988	8
4989	3
4990	5
4991	4
4992	4
4993	4
4994	6
4995	1
4996	5
4997	4
4998	5
4999	3
5000	2
5001	2
5002	4
5003	5
5004	4
5005	6
5006	3
5007	6
5008	3
5009	10
5010	3
5011	4
5012	6
5013	2
5014	3
5015	5
5016	1
5017	8
5018	7
5019	7
5020	6
5021	5
5022	2
5023	4
5024	2
5025	6
5026	7
5027	0
5028	7
5029	2
5030	5
5031	5
5032	3
5033	4
5034	6
5035	5
5036	2
5037	6
5038	0
5039	9
5040	2
5041	3
5042	5
5043	9
5044	3
5045	4
5046	1
5047	4
5048	6
5049	5
5050	10
5051	9
5052	3
5053	3
5054	5
5055	6
5056	5
5057	2
5058	7
5059	1
5060	7
5061	3
5062	8
5063	4
5064	7
5065	6
5066	4
5067	4
5068	7
5069	7
5070	4
5071	1
5072	7
5073	2
5074	7
5075	8
5076	3
5077	5
5078	5
5079	4
5080	0
5081	1
5082	5
5083	3
5084	5
5085	2
5086	6
5087	8
5088	6
5089	6
5090	5
5091	3
5092	7
5093	4
5094	6
5095	3
5096	8
5097	1
5098	6
5099	2
5100	2
5101	4
5102	3
5103	7
5104	2
5105	9
5106	7
5107	3
5108	5
5109	3
5110	5
5111	2
5112	4
5113	6
5114	8
5115	3
5116	8
5117	2
5118	5
5119	5
5120	7
5121	7
5122	3
5123	5
5124	4
5125	5
5126	10
5127	2
5128	2
5129	3
5130	4
5131	5
5132	2
5133	1
5134	5
5135	4
5136	2
5137	6
5138	8
5139	6
5140	11
5141	5
5142	3
5143	4
5144	4
5145	3
5146	3
5147	2
5148	4
5149	4
5150	5
5151	4
5152	4
5153	4
5154	12
5155	5
5156	5
5157	2
5158	4
5159	2
5160	4
5161	3
5162	1
5163	10
5164	5
5165	5
5166	6
5167	4
5168	4
5169	3
5170	3
5171	6
5172	7
5173	7
5174	1
5175	6
5176	6
5177	5
5178	5
5179	2
5180	2
5181	5
5182	4
5183	5
5184	4
5185	8
5186	3
5187	7
5188	2
5189	4
5190	9
5191	8
5192	6
5193	4
5194	2
5195	10
5196	2
5197	7
5198	6
5199	4
5200	4
5201	3
5202	7
5203	3
5204	5
5205	4
5206	6
5207	4
5208	3
5209	3
5210	8
5211	6
5212	3
5213	6
5214	5
5215	5
5216	7
5217	3
5218	5
5219	3
5220	4
5221	3
5222	7
5223	4
5224	1
5225	3
5226	5
5227	6
5228	3
5229	6
5230	2
5231	10
5232	4
5233	3
5234	4
5235	4
5236	4
5237	8
5238	10
5239	6
5240	1
5241	3
5242	2
5243	5
5244	7
5245	4
5246	5
5247	5
5248	5
5249	2
5250	4
5251	6
5252	5
5253	3
5254	3
5255	7
5256	2
5257	3
5258	3
5259	5
5260	3
5261	5
5262	5
5263	3
5264	7
5265	4
5266	5
5267	4
5268	5
5269	8
5270	6
5271	6
5272	5
5273	5
5274	2
5275	4
5276	4
5277	5
5278	6
5279	4
5280	5
5281	6
5282	3
5283	3
5284	7
5285	5
5286	4
5287	1
5288	3
5289	1
5290	1
5291	6
5292	2
5293	8
5294	7
5295	6
5296	1
5297	5
5298	5
5299	5
5300	5
5301	6
5302	4
5303	3
5304	4
5305	3
5306	2
5307	6
5308	3
5309	3
5310	7
5311	5
5312	3
5313	7
5314	3
5315	5
5316	5
5317	6
5318	5
5319	3
5320	7
5321	4
5322	3
5323	4
5324	3
5325	4
5326	2
5327	6
5328	2
5329	8
5330	5
5331	2
5332	0
5333	4
5334	5
5335	3
5336	4
5337	6
5338	4
5339	2
5340	3
5341	6
5342	2
5343	3
5344	2
5345	1
5346	5
5347	6
5348	6
5349	6
5350	6
5351	4
5352	2
5353	7
5354	5
5355	4
5356	6
5357	5
5358	3
5359	4
5360	5
5361	2
5362	8
5363	5
5364	7
5365	2
5366	9
5367	6
5368	7
5369	2
5370	2
5371	5
5372	2
5373	8
5374	4
5375	5
5376	5
5377	2
5378	4
5379	4
5380	4
5381	1
5382	0
5383	1
5384	1
5385	2
5386	4
5387	7
5388	4
5389	5
5390	6
5391	5
5392	3
5393	1
5394	7
5395	2
5396	7
5397	6
5398	4
5399	3
5400	2
5401	5
5402	4
5403	5
5404	3
5405	4
5406	6
5407	6
5408	5
5409	9
5410	3
5411	4
5412	3
5413	5
5414	3
5415	3
5416	4
5417	3
5418	9
5419	7
5420	3
5421	3
5422	2
5423	4
5424	2
5425	6
5426	6
5427	3
5428	2
5429	3
5430	4
5431	6
5432	3
5433	4
5434	4
5435	3
5436	6
5437	4
5438	6
5439	4
5440	4
5441	6
5442	4
5443	3
5444	4
5445	5
5446	4
5447	1
5448	3
5449	5
5450	4
5451	2
5452	4
5453	6
5454	5
5455	3
5456	4
5457	4
5458	4
5459	5
5460	2
5461	3
5462	3
5463	8
5464	4
5465	4
5466	1
5467	6
5468	6
5469	5
5470	1
5471	3
5472	7
5473	3
5474	0
5475	6
5476	3
5477	2
5478	3
5479	2
5480	7
5481	5
5482	3
5483	2
5484	3
5485	5
5486	2
5487	4
5488	3
5489	6
5490	4
5491	1
5492	4
5493	3
5494	8
5495	3
5496	6
5497	6
5498	6
5499	5
5500	2
5501	8
5502	9
5503	5
5504	2
5505	2
5506	4
5507	5
5508	5
5509	3
5510	4
5511	5
5512	1
5513	3
5514	2
5515	6
5516	7
5517	3
5518	11
5519	6
5520	4
5521	2
5522	5
5523	4
5524	6
5525	5
5526	3
5527	6
5528	7
5529	8
5530	4
5531	4
5532	6
5533	2
5534	3
5535	3
5536	3
5537	3
5538	6
5539	5
5540	8
5541	4
5542	3
5543	2
5544	6
5545	4
5546	3
5547	8
5548	8
5549	6
5550	8
5551	7
5552	5
5553	3
5554	6
5555	3
5556	5
5557	4
5558	4
5559	2
5560	6
5561	7
5562	4
5563	0
5564	1
5565	2
5566	5
5567	5
5568	7
5569	4
5570	1
5571	3
5572	1
5573	4
5574	4
5575	3
5576	3
5577	2
5578	3
5579	4
5580	4
5581	3
5582	6
5583	5
5584	2
5585	2
5586	2
5587	3
5588	5
5589	4
5590	3
5591	5
5592	3
5593	3
5594	4
5595	3
5596	3
5597	6
5598	9
5599	4
5600	3
5601	2
5602	3
5603	4
5604	4
5605	1
5606	9
5607	5
5608	8
5609	5
5610	8
5611	0
5612	1
5613	4
5614	6
5615	2
5616	5
5617	6
5618	6
5619	4
5620	6
5621	2
5622	2
5623	3
5624	6
5625	1
5626	3
5627	5
5628	5
5629	4
5630	4
5631	1
5632	0
5633	4
5634	3
5635	3
5636	3
5637	5
5638	4
5639	4
5640	5
5641	3
5642	1
5643	4
5644	5
5645	6
5646	3
5647	3
5648	6
5649	5
5650	6
5651	4
5652	7
5653	5
5654	7
5655	4
5656	0
5657	8
5658	6
5659	5
5660	5
5661	2
5662	2
5663	3
5664	0
5665	6
5666	2
5667	4
5668	5
5669	2
5670	9
5671	6
5672	3
5673	8
5674	4
5675	5
5676	7
5677	4
5678	6
5679	7
5680	4
5681	5
5682	3
5683	2
5684	3
5685	8
5686	6
5687	4
5688	1
5689	9
5690	5
5691	6
5692	3
5693	3
5694	6
5695	6
5696	3
5697	8
5698	4
5699	6
5700	4
5701	6
5702	4
5703	3
5704	5
5705	5
5706	7
5707	2
5708	11
5709	1
5710	6
5711	4
5712	5
5713	1
5714	5
5715	3
5716	5
5717	2
5718	3
5719	5
5720	6
5721	7
5722	8
5723	7
5724	7
5725	1
5726	1
5727	3
5728	7
5729	4
5730	2
5731	3
5732	4
5733	5
5734	2
5735	5
5736	6
5737	6
5738	5
5739	1
5740	9
5741	3
5742	1
5743	5
5744	4
5745	7
5746	4
5747	8
5748	3
5749	4
5750	10
5751	5
5752	6
5753	5
5754	11
5755	4
5756	7
5757	4
5758	5
5759	7
5760	4
5761	3
5762	4
5763	6
5764	5
5765	3
5766	3
5767	2
5768	4
5769	6
5770	3
5771	1
5772	3
5773	3
5774	1
5775	8
5776	5
5777	5
5778	4
5779	5
5780	2
5781	4
5782	6
5783	2
5784	8
5785	5
5786	3
5787	3
5788	6
5789	4
5790	4
5791	5
5792	7
5793	3
5794	4
5795	1
5796	6
5797	8
5798	6
5799	5
5800	0
5801	3
5802	6
5803	3
5804	6
5805	2
5806	5
5807	3
5808	3
5809	3
5810	2
5811	3
5812	5
5813	3
5814	2
5815	2
5816	5
5817	6
5818	4
5819	1
5820	4
5821	3
5822	3
5823	2
5824	2
5825	3
5826	1
5827	4
5828	3
5829	3
5830	9
5831	5
5832	7
5833	3
5834	2
5835	1
5836	6
5837	1
5838	7
5839	8
5840	4
5841	6
5842	2
5843	3
5844	2
5845	4
5846	7
5847	2
5848	4
5849	4
5850	8
5851	5
5852	4
5853	4
5854	2
5855	4
5856	6
5857	4
5858	4
5859	4
5860	5
5861	4
5862	5
5863	2
5864	5
5865	5
5866	5
5867	7
5868	4
5869	5
5870	5
5871	2
5872	3
5873	5
5874	1
5875	10
5876	5
5877	2
5878	7
5879	10
5880	0
5881	5
5882	4
5883	3
5884	1
5885	5
5886	4
5887	2
5888	3
5889	2
5890	4
5891	1
5892	2
5893	4
5894	4
5895	3
5896	7
5897	5
5898	6
5899	4
5900	4
5901	3
5902	5
5903	3
5904	2
5905	2
5906	3
5907	0
5908	5
5909	7
5910	4
5911	5
5912	3
5913	4
5914	3
5915	3
5916	3
5917	3
5918	2
5919	4
5920	3
5921	3
5922	5
5923	5
5924	7
5925	2
5926	2
5927	7
5928	5
5929	3
5930	6
5931	8
5932	3
5933	5
5934	5
5935	4
5936	4
5937	6
5938	2
5939	7
5940	8
5941	1
5942	3
5943	4
5944	3
5945	3
5946	4
5947	3
5948	7
5949	5
5950	2
5951	4
5952	3
5953	2
5954	4
5955	3
5956	3
5957	5
5958	4
5959	1
5960	3
5961	5
5962	3
5963	9
5964	5
5965	8
5966	1
5967	4
5968	3
5969	6
5970	7
5971	7
5972	3
5973	3
5974	5
5975	8
5976	5
5977	4
5978	8
5979	5
5980	5
5981	2
5982	5
5983	10
5984	7
5985	4
5986	3
5987	3
5988	2
5989	6
5990	5
5991	9
5992	6
5993	3
5994	2
5995	2
5996	1
5997	6
5998	6
5999	8
6000	3
6001	8
6002	7
6003	4
6004	2
6005	3
6006	2
6007	8
6008	3
6009	5
6010	4
6011	5
6012	2
6013	5
6014	2
6015	8
6016	5
6017	6
6018	7
6019	3
6020	8
6021	6
6022	6
6023	3
6024	4
6025	5
6026	2
6027	4
6028	3
6029	6
6030	2
6031	2
6032	2
6033	3
6034	3
6035	5
6036	3
6037	8
6038	5
6039	2
6040	2
6041	3
6042	4
6043	5
6044	5
6045	4
6046	4
6047	4
6048	4
6049	5
6050	2
6051	8
6052	3
6053	5
6054	2
6055	7
6056	2
6057	2
6058	5
6059	5
6060	4
6061	7
6062	5
6063	6
6064	2
6065	3
6066	1
6067	1
6068	3
6069	5
6070	2
6071	5
6072	10
6073	5
6074	4
6075	9
6076	1
6077	2
6078	5
6079	7
6080	2
6081	2
6082	6
6083	2
6084	7
6085	7
6086	3
6087	4
6088	4
6089	3
6090	3
6091	6
6092	3
6093	2
6094	4
6095	4
6096	3
6097	1
6098	2
6099	2
6100	3
6101	2
6102	5
6103	4
6104	9
6105	4
6106	7
6107	4
6108	9
6109	2
6110	3
6111	6
6112	0
6113	4
6114	4
6115	5
6116	5
6117	4
6118	4
6119	4
6120	5
6121	5
6122	2
6123	7
6124	2
6125	2
6126	4
6127	4
6128	3
6129	3
6130	3
6131	7
6132	3
6133	5
6134	5
6135	8
6136	9
6137	3
6138	2
6139	5
6140	5
6141	3
6142	1
6143	5
6144	4
6145	7
6146	2
6147	3
6148	7
6149	1
6150	4
6151	4
6152	3
6153	2
6154	2
6155	6
6156	3
6157	4
6158	6
6159	2
6160	3
6161	12
6162	1
6163	3
6164	6
6165	6
6166	5
6167	8
6168	4
6169	6
6170	3
6171	2
6172	7
6173	4
6174	7
6175	3
6176	6
6177	2
6178	5
6179	4
6180	4
6181	6
6182	3
6183	4
6184	4
6185	7
6186	0
6187	6
6188	9
6189	0
6190	6
6191	3
6192	2
6193	5
6194	9
6195	8
6196	9
6197	2
6198	4
6199	2
6200	3
6201	10
6202	6
6203	5
6204	1
6205	0
6206	4
6207	4
6208	5
6209	4
6210	5
6211	2
6212	3
6213	4
6214	4
6215	6
6216	7
6217	2
6218	5
6219	2
6220	3
6221	4
6222	5
6223	8
6224	7
6225	3
6226	2
6227	4
6228	2
6229	4
6230	8
6231	9
6232	8
6233	3
6234	3
6235	11
6236	6
6237	2
6238	6
6239	4
6240	5
6241	2
6242	6
6243	2
6244	5
6245	6
6246	4
6247	6
6248	3
6249	8
6250	7
6251	1
6252	1
6253	4
6254	5
6255	5
6256	6
6257	2
6258	8
6259	2
6260	5
6261	3
6262	4
6263	3
6264	3
6265	4
6266	5
6267	4
6268	3
6269	4
6270	8
6271	4
6272	3
6273	5
6274	6
6275	6
6276	4
6277	4
6278	4
6279	5
6280	7
6281	5
6282	6
6283	4
6284	7
6285	4
6286	8
6287	5
6288	8
6289	3
6290	5
6291	6
6292	4
6293	4
6294	7
6295	6
6296	7
6297	9
6298	4
6299	8
6300	5
6301	8
6302	4
6303	8
6304	3
6305	3
6306	6
6307	6
6308	8
6309	5
6310	9
6311	4
6312	5
6313	10
6314	4
6315	4
6316	7
6317	8
6318	5
6319	5
6320	5
6321	7
6322	5
6323	4
6324	7
6325	4
6326	4
6327	4
6328	4
6329	10
6330	8
6331	5
6332	8
6333	3
6334	4
6335	10
6336	5
6337	11
6338	13
6339	5
6340	4
6341	16
6342	8
6343	6
6344	6
6345	6
6346	1
6347	7
6348	3
6349	5
6350	5
6351	8
6352	6
6353	4
6354	9
6355	7
6356	6
6357	3
6358	6
6359	3
6360	3
6361	5
6362	5
6363	8
6364	7
6365	11
6366	2
6367	5
6368	8
6369	5
6370	10
6371	4
6372	7
6373	8
6374	5
6375	8
6376	7
6377	8
6378	9
6379	5
6380	8
6381	4
6382	3
6383	3
6384	3
6385	7
6386	3
6387	7
6388	4
6389	6
6390	4
6391	3
6392	9
6393	10
6394	2
6395	12
6396	4
6397	6
6398	11
6399	4
6400	6
6401	8
6402	9
6403	10
6404	11
6405	5
6406	6
6407	8
6408	5
6409	7
6410	7
6411	1
6412	6
6413	7
6414	5
6415	7
6416	14
6417	6
6418	5
6419	4
6420	6
6421	4
6422	5
6423	3
6424	4
6425	4
6426	2
6427	4
6428	5
6429	6
6430	9
6431	6
6432	7
6433	7
6434	7
6435	6
6436	8
6437	7
6438	5
6439	9
6440	4
6441	3
6442	9
6443	4
6444	4
6445	7
6446	7
6447	7
6448	5
6449	5
6450	5
6451	7
6452	7
6453	4
6454	10
6455	3
6456	3
6457	3
6458	3
6459	7
6460	7
6461	5
6462	6
6463	7
6464	2
6465	7
6466	7
6467	6
6468	10
6469	5
6470	7
6471	4
6472	2
6473	5
6474	10
6475	7
6476	5
6477	10
6478	10
6479	3
6480	5
6481	1
6482	3
6483	3
6484	3
6485	3
6486	6
6487	8
6488	6
6489	12
6490	8
6491	4
6492	8
6493	5
6494	6
6495	6
6496	6
6497	6
6498	6
6499	6
6500	7
6501	5
6502	2
6503	9
6504	3
6505	4
6506	4
6507	3
6508	9
6509	4
6510	5
6511	6
6512	8
6513	7
6514	9
6515	2
6516	3
6517	8
6518	9
6519	6
6520	7
6521	5
6522	5
6523	6
6524	3
6525	8
6526	5
6527	7
6528	7
6529	6
6530	7
6531	14
6532	5
6533	7
6534	8
6535	3
6536	6
6537	6
6538	9
6539	9
6540	6
6541	10
6542	2
6543	6
6544	6
6545	3
6546	7
6547	6
6548	9
6549	6
6550	4
6551	7
6552	5
6553	4
6554	5
6555	1
6556	5
6557	5
6558	8
6559	11
6560	7
6561	5
6562	6
6563	5
6564	3
6565	4
6566	7
6567	8
6568	6
6569	7
6570	6
6571	5
6572	3
6573	10
6574	6
6575	7
6576	7
6577	8
6578	7
6579	6
6580	1
6581	4
6582	5
6583	2
6584	3
6585	7
6586	3
6587	6
6588	7
6589	7
6590	6
6591	8
6592	4
6593	7
6594	9
6595	9
6596	8
6597	3
6598	8
6599	6
6600	4
6601	3
6602	6
6603	8
6604	6
6605	3
6606	10
6607	7
6608	5
6609	6
6610	6
6611	1
6612	2
6613	8
6614	7
6615	6
6616	8
6617	6
6618	3
6619	5
6620	2
6621	4
6622	5
6623	7
6624	5
6625	2
6626	1
6627	4
6628	2
6629	8
6630	4
6631	4
6632	8
6633	4
6634	1
6635	7
6636	2
6637	4
6638	2
6639	4
6640	2
6641	6
6642	5
6643	4
6644	4
6645	6
6646	1
6647	1
6648	7
6649	5
6650	9
6651	7
6652	7
6653	8
6654	2
6655	4
6656	7
6657	4
6658	4
6659	7
6660	3
6661	4
6662	5
6663	6
6664	5
6665	2
6666	4
6667	6
6668	3
6669	7
6670	7
6671	5
6672	5
6673	13
6674	6
6675	4
6676	7
6677	2
6678	4
6679	4
6680	2
6681	6
6682	3
6683	6
6684	6
6685	4
6686	6
6687	4
6688	6
6689	1
6690	3
6691	4
6692	5
6693	7
6694	3
6695	4
6696	7
6697	7
6698	5
6699	4
6700	4
6701	4
6702	2
6703	6
6704	4
6705	5
6706	0
6707	3
6708	2
6709	4
6710	5
6711	7
6712	8
6713	3
6714	7
6715	3
6716	1
6717	2
6718	5
6719	7
6720	5
6721	5
6722	5
6723	4
6724	5
6725	2
6726	4
6727	1
6728	3
6729	2
6730	5
6731	2
6732	7
6733	4
6734	5
6735	3
6736	3
6737	3
6738	4
6739	4
6740	2
6741	7
6742	2
6743	4
6744	1
6745	3
6746	4
6747	4
6748	6
6749	3
6750	4
6751	4
6752	5
6753	10
6754	3
6755	4
6756	6
6757	2
6758	2
6759	3
6760	8
6761	2
6762	2
6763	6
6764	1
6765	9
6766	3
6767	4
6768	5
6769	2
6770	3
6771	6
6772	3
6773	4
6774	3
6775	4
6776	4
6777	5
6778	6
6779	4
6780	7
6781	4
6782	4
6783	6
6784	5
6785	1
6786	1
6787	1
6788	4
6789	4
6790	3
6791	2
6792	1
6793	3
6794	1
6795	3
6796	0
6797	4
6798	1
6799	0
6800	3
6801	1
6802	4
6803	4
6804	2
6805	5
6806	2
6807	2
6808	3
6809	4
6810	2
6811	5
6812	3
6813	4
6814	0
6815	2
6816	2
6817	3
6818	2
6819	4
6820	4
6821	4
6822	3
6823	2
6824	1
6825	5
6826	3
6827	0
6828	2
6829	1
6830	2
6831	4
6832	2
6833	7
6834	1
6835	1
6836	3
6837	2
6838	1
6839	5
6840	3
6841	0
6842	2
6843	5
6844	2
6845	3
6846	3
6847	2
6848	2
6849	3
6850	1
6851	5
6852	0
6853	2
6854	1
6855	2
6856	3
6857	4
6858	3
6859	1
6860	1
6861	2
6862	3
6863	1
6864	0
6865	2
6866	2
6867	1
6868	1
6869	1
6870	3
6871	4
6872	0
6873	4
6874	1
6875	1
6876	3
6877	0
6878	2
6879	2
6880	3
6881	3
6882	1
6883	4
6884	3
6885	2
6886	0
6887	4
6888	1
6889	1
6890	1
6891	2
6892	4
6893	1
6894	1
6895	0
6896	1
6897	3
6898	0
6899	1
6900	1
6901	1
6902	0
6903	1
6904	1
6905	2
6906	2
6907	2
6908	0
6909	3
6910	0
6911	1
6912	1
6913	2
6914	3
6915	2
6916	2
6917	0
6918	2
6919	3
6920	4
6921	1
6922	1
6923	0
6924	2
6925	0
6926	1
6927	1
6928	1
6929	0
6930	0
6931	0
6932	2
6933	1
6934	1
6935	4
6936	0
6937	0
6938	0
6939	1
6940	1
6941	3
6942	1
6943	1
6944	1
6945	0
6946	1
6947	0
6948	0
6949	0
6950	2
6951	2
6952	0
6953	1
6954	2
6955	1
6956	2
6957	1
6958	1
6959	0
6960	1
6961	3
6962	0
6963	0
6964	0
6965	1
6966	0
6967	1
6968	2
6969	2
6970	1
6971	1
6972	0
6973	0
6974	1
6975	1
6976	2
6977	2
6978	0
6979	3
6980	2
6981	1
6982	2
6983	1
6984	0
6985	1
6986	1
6987	0
6988	0
6989	1
6990	0
6991	0
6992	1
6993	0
6994	0
6995	1
6996	2
6997	1
6998	1
6999	0
7000	2
7001	2
7002	0
7003	0
7004	2
7005	0
7006	0
7007	1
7008	1
7009	2
7010	1
7011	1
7012	3
7013	3
7014	1
7015	0
7016	1
7017	0
7018	0
7019	1
7020	1
7021	0
7022	0
7023	2
7024	1
7025	0
7026	0
7027	1
7028	2
7029	1
7030	0
7031	1
7032	1
7033	3
7034	2
7035	2
7036	1
7037	0
7038	1
7039	2
7040	2
7041	2
7042	0
7043	2
7044	1
7045	3
7046	3
7047	0
7048	2
7049	2
7050	1
7051	0
7052	0
7053	0
7054	1
7055	2
7056	0
7057	0
7058	2
7059	1
7060	0
7061	1
7062	0
7063	1
7064	0
7065	1
7066	0
7067	0
7068	1
7069	0
7070	0
7071	1
7072	1
7073	0
7074	0
7075	1
7076	1
7077	1
7078	0
7079	3
7080	1
7081	0
7082	0
7083	1
7084	2
7085	0
7086	1
7087	0
7088	0
7089	0
7090	0
7091	0
7092	0
7093	1
7094	1
7095	0
7096	1
7097	0
7098	2
7099	2
7100	2
7101	0
7102	1
7103	1
7104	2
7105	1
7106	0
7107	0
7108	0
7109	0
7110	0
7111	0
7112	1
7113	0
7114	0
7115	0
7116	0
7117	0
7118	0
7119	1
7120	2
7121	1
7122	1
7123	0
7124	1
7125	1
7126	1
7127	1
7128	0
7129	0
7130	1
7131	0
7132	2
7133	1
7134	0
7135	0
7136	1
7137	1
7138	0
7139	0
7140	0
7141	1
7142	1
7143	0
7144	0
7145	1
7146	0
7147	0
7148	1
7149	0
7150	1
7151	0
7152	1
7153	0
7154	1
7155	0
7156	0
7157	3
7158	0
7159	2
7160	1
7161	0
7162	0
7163	1
7164	0
7165	1
7166	0
7167	0
7168	0
7169	0
7170	0
7171	1
7172	0
7173	0
7174	0
7175	0
7176	0
7177	0
7178	1
7179	0
7180	0
7181	0
7182	0
7183	1
7184	1
7185	0
7186	1
7187	1
7188	1
7189	0
7190	0
7191	1
7192	1
7193	0
7194	1
7195	1
7196	1
7197	0
7198	0
7199	0
7200	0
7201	0
7202	0
7203	2
7204	1
7205	1
7206	0
7207	0
7208	1
7209	0
7210	0
7211	1
7212	3
7213	1
7214	1
7215	0
7216	2
7217	0
7218	2
7219	1
7220	0
7221	0
7222	0
7223	0
7224	2
7225	0
7226	0
7227	1
7228	0
7229	1
7230	0
7231	0
7232	0
7233	0
7234	2
7235	0
7236	2
7237	1
7238	1
7239	2
7240	0
7241	1
7242	0
7243	0
7244	1
7245	1
7246	0
7247	0
7248	1
7249	1
7250	1
7251	0
7252	2
7253	1
7254	0
7255	1
7256	2
7257	0
7258	0
7259	1
7260	0
7261	0
7262	0
7263	0
7264	0
7265	0
7266	1
7267	0
7268	2
7269	0
7270	0
7271	0
7272	0
7273	0
7274	1
7275	0
7276	0
7277	0
7278	0
7279	0
7280	0
7281	0
7282	1
7283	1
7284	1
7285	0
7286	2
7287	0
7288	0
7289	1
7290	1
7291	0
7292	1
7293	1
7294	0
7295	1
7296	1
7297	0
7298	1
7299	2
7300	0
7301	0
7302	1
7303	0
7304	1
7305	1
7306	0
7307	0
7308	2
7309	1
7310	0
7311	0
7312	3
7313	1
7314	0
7315	0
7316	0
7317	0
7318	0
7319	3
7320	0
7321	2
7322	0
7323	1
7324	0
7325	0
7326	1
7327	2
7328	2
7329	1
7330	0
7331	2
7332	1
7333	1
7334	1
7335	0
7336	0
7337	1
7338	0
7339	1
7340	0
7341	0
7342	0
7343	0
7344	0
7345	0
7346	0
7347	0
7348	1
7349	0
7350	0
7351	1
7352	1
7353	1
7354	0
7355	0
7356	0
7357	2
7358	0
7359	1
7360	0
7361	0
7362	0
7363	0
7364	1
7365	0
7366	0
7367	1
7368	0
7369	2
7370	0
7371	1
7372	2
7373	1
7374	0
7375	0
7376	3
7377	0
7378	2
7379	2
7380	0
7381	0
7382	0
7383	0
7384	0
7385	0
7386	1
7387	0
7388	0
7389	1
7390	0
7391	0
7392	0
7393	0
7394	2
7395	1
7396	2
7397	0
7398	1
7399	2
7400	0
7401	0
7402	1
7403	1
7404	3
7405	0
7406	0
7407	0
7408	0
7409	2
7410	0
7411	0
7412	0
7413	0
7414	0
7415	0
7416	2
7417	1
7418	1
7419	0
7420	0
7421	0
7422	1
7423	0
7424	0
7425	1
7426	0
7427	0
7428	1
7429	0
7430	1
7431	1
7432	0
7433	1
7434	0
7435	0
7436	1
7437	0
7438	1
7439	0
7440	0
7441	1
7442	1
7443	0
7444	1
7445	1
7446	0
7447	0
7448	0
7449	1
7450	0
7451	1
7452	0
7453	2
7454	1
7455	0
7456	0
7457	0
7458	3
7459	0
7460	1
7461	0
7462	1
7463	1
7464	0
7465	2
7466	0
7467	0
7468	1
7469	0
7470	0
7471	0
7472	1
7473	0
7474	1
7475	0
7476	0
7477	0
7478	1
7479	0
7480	1
7481	0
7482	1
7483	2
7484	1
7485	0
7486	0
7487	0
7488	0
7489	0
7490	0
7491	1
7492	0
7493	0
7494	0
7495	2
7496	2
7497	0
7498	1
7499	0
7500	0
7501	0
7502	3
7503	0
7504	0
7505	1
7506	1
7507	0
7508	0
7509	0
7510	1
7511	0
7512	1
7513	0
7514	0
7515	0
7516	0
7517	0
7518	1
7519	0
7520	0
7521	1
7522	1
7523	1
7524	0
7525	0
7526	0
7527	1
7528	0
7529	3
7530	1
7531	0
7532	0
7533	0
7534	2
7535	1
7536	1
7537	0
7538	0
7539	0
7540	1
7541	1
7542	1
7543	1
7544	2
7545	0
7546	0
7547	0
7548	2
7549	1
7550	0
7551	0
7552	0
7553	1
7554	0
7555	0
7556	1
7557	0
7558	0
7559	1
7560	3
7561	0
7562	1
7563	0
7564	0
7565	0
7566	0
7567	1
7568	0
7569	2
7570	0
7571	0
7572	0
7573	0
7574	1
7575	0
7576	0
7577	0
7578	0
7579	2
7580	0
7581	0
7582	0
7583	0
7584	0
7585	0
7586	0
7587	0
7588	0
7589	0
7590	0
7591	1
7592	0
7593	0
7594	0
7595	0
7596	1
7597	0
7598	1
7599	1
7600	1
7601	0
7602	1
7603	0
7604	0
7605	0
7606	1
7607	1
7608	1
7609	1
7610	1
7611	1
7612	1
7613	0
7614	2
7615	1
7616	2
7617	0
7618	3
7619	0
7620	0
7621	1
7622	0
7623	0
7624	0
7625	0
7626	1
7627	0
7628	0
7629	0
7630	1
7631	0
7632	0
7633	1
7634	0
7635	0
7636	1
7637	0
7638	1
7639	1
7640	1
7641	1
7642	0
7643	1
7644	0
7645	1
7646	0
7647	1
7648	1
7649	0
7650	0
7651	0
7652	1
7653	0
7654	1
7655	3
7656	0
7657	0
7658	1
7659	0
7660	0
7661	1
7662	0
7663	0
7664	0
7665	1
7666	1
7667	2
7668	1
7669	1
7670	1
7671	0
7672	0
7673	3
7674	0
7675	1
7676	1
7677	0
7678	0
7679	0
7680	0
7681	0
7682	0
7683	1
7684	1
7685	0
7686	0
7687	1
7688	0
7689	0
7690	1
7691	0
7692	2
7693	1
7694	0
7695	0
7696	1
7697	1
7698	1
7699	0
7700	1
7701	0
7702	0
7703	1
7704	2
7705	0
7706	0
7707	0
7708	1
7709	0
7710	0
7711	0
7712	1
7713	0
7714	0
7715	3
7716	0
7717	1
7718	0
7719	1
7720	2
7721	0
7722	0
7723	2
7724	0
7725	0
7726	1
7727	1
7728	2
7729	0
7730	0
7731	1
7732	2
7733	0
7734	1
7735	2
7736	0
7737	0
7738	0
7739	0
7740	0
7741	0
7742	0
7743	0
7744	0
7745	2
7746	0
7747	0
7748	0
7749	3
7750	2
7751	0
7752	1
7753	0
7754	0
7755	0
7756	0
7757	0
7758	0
7759	2
7760	2
7761	1
7762	0
7763	0
7764	0
7765	0
7766	2
7767	1
7768	0
7769	1
7770	1
7771	1
7772	1
7773	2
7774	0
7775	0
7776	1
7777	0
7778	1
7779	2
7780	0
7781	1
7782	0
7783	0
7784	1
7785	1
7786	0
7787	0
7788	0
7789	0
7790	1
7791	1
7792	1
7793	1
7794	0
7795	0
7796	0
7797	0
7798	1
7799	2
7800	1
7801	1
7802	0
7803	1
7804	1
7805	1
7806	1
7807	0
7808	0
7809	0
7810	0
7811	1
7812	0
7813	0
7814	1
7815	1
7816	0
7817	0
7818	0
7819	0
7820	0
7821	0
7822	0
7823	1
7824	0
7825	1
7826	0
7827	1
7828	1
7829	2
7830	0
7831	0
7832	0
7833	1
7834	0
7835	0
7836	1
7837	0
7838	1
7839	2
7840	0
7841	1
7842	0
7843	1
7844	1
7845	2
7846	1
7847	0
7848	1
7849	2
7850	1
7851	2
7852	2
7853	0
7854	0
7855	0
7856	2
7857	0
7858	0
7859	2
7860	1
7861	1
7862	0
7863	0
7864	1
7865	0
7866	1
7867	3
7868	0
7869	0
7870	0
7871	0
7872	0
7873	1
7874	1
7875	0
7876	1
7877	1
7878	0
7879	0
7880	0
7881	0
7882	0
7883	0
7884	1
7885	1
7886	0
7887	1
7888	1
7889	3
7890	1
7891	1
7892	0
7893	0
7894	0
7895	0
7896	1
7897	0
7898	2
7899	1
7900	1
7901	1
7902	1
7903	1
7904	1
7905	1
7906	1
7907	0
7908	0
7909	0
7910	1
7911	1
7912	0
7913	0
7914	0
7915	1
7916	0
7917	2
7918	0
7919	0
7920	1
7921	1
7922	0
7923	0
7924	0
7925	0
7926	1
7927	1
7928	0
7929	1
7930	2
7931	0
7932	1
7933	1
7934	1
7935	0
7936	0
7937	0
7938	0
7939	0
7940	1
7941	0
7942	0
7943	1
7944	1
7945	2
7946	1
7947	0
7948	2
7949	0
7950	0
7951	0
7952	0
7953	0
7954	0
7955	1
7956	2
7957	0
7958	0
7959	0
7960	0
7961	1
7962	0
7963	0
7964	0
7965	0
7966	2
7967	0
7968	0
7969	0
7970	0
7971	0
7972	1
7973	0
7974	2
7975	0
7976	0
7977	0
7978	0
7979	2
7980	1
7981	0
7982	0
7983	1
7984	0
7985	0
7986	0
7987	0
7988	1
7989	1
7990	0
7991	0
7992	2
7993	0
7994	1
7995	0
7996	1
7997	1
7998	0
7999	0
8000	0
8001	1
8002	0
8003	0
8004	0
8005	0
8006	1
8007	0
8008	0
8009	4
8010	0
8011	0
8012	0
8013	0
8014	1
8015	2
8016	1
8017	1
8018	0
8019	0
8020	0
8021	0
8022	0
8023	0
8024	0
8025	1
8026	1
8027	0
8028	0
8029	1
8030	0
8031	0
8032	2
8033	0
8034	0
8035	0
8036	1
8037	1
8038	1
8039	0
8040	0
8041	0
8042	0
8043	0
8044	0
8045	2
8046	2
8047	0
8048	0
8049	1
8050	1
8051	1
8052	0
8053	1
8054	1
8055	2
8056	0
8057	3
8058	1
8059	1
8060	0
8061	0
8062	0
8063	0
8064	0
8065	0
8066	0
8067	0
8068	0
8069	0
8070	0
8071	0
8072	0
8073	0
8074	0
8075	0
8076	0
8077	1
8078	0
8079	1
8080	1
8081	0
8082	0
8083	0
8084	0
8085	0
8086	0
8087	0
8088	0
8089	0
8090	0
8091	0
8092	0
8093	0
8094	0
8095	0
8096	0
8097	0
8098	0
8099	0
8100	0
8101	0
8102	0
8103	0
8104	0
8105	0
8106	0
8107	0
8108	0
8109	0
8110	0
8111	0
8112	0
8113	0
8114	0
8115	0
8116	0
8117	0
8118	0
8119	0
8120	0
8121	0
8122	0
8123	0
8124	0
8125	0
8126	0
8127	0
8128	0
8129	0
8130	0
8131	0
8132	0
8133	0
8134	0
8135	0
8136	0
8137	0
8138	0
8139	0
8140	0
8141	0
8142	0
8143	0
8144	0
8145	0
8146	0
8147	0
8148	0
8149	0
8150	0
8151	0
8152	0
8153	0
8154	0
8155	0
8156	0
8157	0
8158	0
8159	0
8160	0
8161	0
8162	0
8163	0
8164	0
8165	0
8166	0
8167	0
8168	0
8169	0
8170	0
8171	0
8172	0
8173	0
8174	0
8175	0
8176	0
8177	0
8178	0
8179	0
8180	0
8181	0
8182	0
8183	0
8184	0
8185	0
8186	0
8187	0
8188	0
8189	0
8190	0
8191	0
