0	0
1	0
2	0
3	0
4	0
5	0
6	0
7	0
8	0
9	0
10	0
11	0
12	0
13	0
14	0
15	0
16	0
17	0
18	0
19	0
20	0
21	0
22	0
23	0
24	0
25	0
26	0
27	0
28	0
29	0
30	0
31	0
32	0
33	0
34	0
35	0
36	0
37	0
38	0
39	0
40	0
41	0
42	0
43	0
44	0
45	0
46	0
47	0
48	0
49	0
50	0
51	0
52	0
53	0
54	0
55	0
56	0
57	0
58	0
59	0
60	0
61	0
62	0
63	0
64	0
65	0
66	0
67	0
68	0
69	0
70	0
71	0
72	0
73	0
74	0
75	0
76	0
77	0
78	0
79	0
80	0
81	0
82	0
83	0
84	0
85	3
86	5
87	12
88	16
89	11
90	13
91	7
92	9
93	9
94	8
95	6
96	8
97	10
98	8
99	6
100	7
101	9
102	7
103	5
104	8
105	8
106	11
107	10
108	4
109	5
110	10
111	7
112	10
113	3
114	9
115	8
116	10
117	3
118	10
119	8
120	7
121	6
122	9
123	9
124	7
125	8
126	13
127	7
128	7
129	5
130	3
131	7
132	9
133	8
134	7
135	18
136	8
137	5
138	8
139	4
140	9
141	5
142	11
143	7
144	2
145	7
146	7
147	5
148	3
149	5
150	3
151	8
152	5
153	11
154	8
155	4
156	8
157	6
158	6
159	14
160	4
161	7
162	6
163	6
164	5
165	6
166	8
167	8
168	10
169	12
170	8
171	4
172	2
173	6
174	8
175	6
176	5
177	7
178	7
179	6
180	8
181	7
182	11
183	8
184	8
185	11
186	9
187	7
188	3
189	8
190	11
191	4
192	7
193	10
194	6
195	4
196	8
197	7
198	7
199	9
200	5
201	4
202	7
203	8
204	4
205	10
206	14
207	4
208	8
209	10
210	6
211	4
212	9
213	9
214	5
215	7
216	10
217	10
218	8
219	7
220	7
221	8
222	9
223	5
224	6
225	7
226	9
227	12
228	17
229	4
230	8
231	6
232	6
233	5
234	6
235	5
236	5
237	5
238	8
239	11
240	6
241	12
242	5
243	12
244	4
245	4
246	5
247	6
248	5
249	10
250	7
251	6
252	4
253	7
254	8
255	9
256	6
257	12
258	9
259	9
260	2
261	4
262	9
263	8
264	4
265	8
266	4
267	6
268	9
269	8
270	9
271	4
272	6
273	1
274	8
275	12
276	10
277	10
278	6
279	9
280	11
281	5
282	8
283	8
284	7
285	14
286	5
287	8
288	10
289	5
290	11
291	5
292	12
293	7
294	7
295	8
296	11
297	11
298	10
299	6
300	3
301	6
302	10
303	12
304	5
305	9
306	11
307	10
308	9
309	7
310	7
311	7
312	7
313	5
314	5
315	6
316	4
317	9
318	9
319	13
320	11
321	7
322	4
323	4
324	9
325	5
326	10
327	9
328	14
329	4
330	7
331	11
332	9
333	8
334	10
335	9
336	12
337	3
338	6
339	10
340	10
341	5
342	6
343	8
344	9
345	14
346	7
347	7
348	6
349	6
350	3
351	9
352	6
353	7
354	5
355	13
356	7
357	8
358	2
359	9
360	10
361	12
362	8
363	8
364	5
365	5
366	9
367	4
368	6
369	9
370	12
371	11
372	14
373	9
374	9
375	8
376	7
377	10
378	8
379	7
380	4
381	10
382	4
383	8
384	10
385	8
386	9
387	10
388	9
389	3
390	8
391	5
392	5
393	11
394	10
395	12
396	9
397	10
398	5
399	7
400	5
401	10
402	8
403	10
404	7
405	11
406	8
407	4
408	9
409	9
410	7
411	4
412	8
413	4
414	6
415	6
416	6
417	7
418	6
419	14
420	11
421	13
422	4
423	10
424	10
425	10
426	8
427	11
428	9
429	8
430	11
431	6
432	10
433	7
434	6
435	11
436	10
437	9
438	5
439	5
440	10
441	10
442	11
443	10
444	10
445	13
446	6
447	10
448	11
449	6
450	9
451	9
452	13
453	6
454	5
455	13
456	9
457	6
458	4
459	8
460	14
461	14
462	6
463	4
464	6
465	8
466	7
467	10
468	9
469	4
470	10
471	13
472	12
473	10
474	8
475	7
476	9
477	9
478	6
479	10
480	12
481	13
482	11
483	10
484	12
485	9
486	11
487	8
488	11
489	6
490	11
491	7
492	8
493	12
494	12
495	6
496	10
497	5
498	8
499	4
500	8
501	11
502	8
503	10
504	5
505	15
506	8
507	6
508	6
509	7
510	5
511	11
512	6
513	6
514	10
515	5
516	11
517	14
518	6
519	9
520	4
521	3
522	11
523	7
524	10
525	10
526	5
527	5
528	14
529	4
530	9
531	6
532	13
533	10
534	6
535	13
536	14
537	3
538	8
539	5
540	9
541	5
542	4
543	8
544	13
545	13
546	4
547	6
548	11
549	5
550	11
551	13
552	6
553	5
554	8
555	10
556	1
557	9
558	14
559	11
560	13
561	5
562	4
563	11
564	6
565	5
566	7
567	9
568	15
569	5
570	8
571	9
572	10
573	10
574	9
575	7
576	15
577	6
578	7
579	7
580	18
581	11
582	7
583	5
584	6
585	8
586	7
587	13
588	13
589	10
590	7
591	8
592	13
593	6
594	9
595	4
596	11
597	10
598	11
599	13
600	10
601	7
602	13
603	8
604	12
605	5
606	5
607	13
608	4
609	7
610	7
611	6
612	16
613	13
614	9
615	4
616	8
617	10
618	13
619	3
620	9
621	13
622	9
623	11
624	15
625	11
626	7
627	14
628	13
629	5
630	10
631	7
632	6
633	10
634	4
635	9
636	6
637	11
638	10
639	8
640	7
641	9
642	6
643	12
644	12
645	6
646	4
647	14
648	10
649	10
650	12
651	8
652	11
653	5
654	13
655	5
656	10
657	13
658	10
659	10
660	14
661	8
662	9
663	8
664	14
665	9
666	14
667	9
668	14
669	9
670	13
671	12
672	8
673	12
674	10
675	10
676	7
677	10
678	8
679	14
680	11
681	13
682	10
683	8
684	7
685	15
686	9
687	9
688	5
689	14
690	19
691	9
692	12
693	15
694	9
695	8
696	7
697	8
698	19
699	17
700	12
701	8
702	11
703	10
704	9
705	6
706	19
707	16
708	14
709	18
710	13
711	7
712	8
713	5
714	6
715	10
716	15
717	6
718	11
719	8
720	8
721	15
722	14
723	14
724	11
725	7
726	9
727	14
728	6
729	11
730	17
731	13
732	13
733	2
734	12
735	14
736	9
737	12
738	7
739	14
740	13
741	12
742	12
743	8
744	11
745	14
746	19
747	15
748	17
749	16
750	18
751	10
752	10
753	18
754	11
755	7
756	13
757	13
758	12
759	16
760	11
761	19
762	10
763	14
764	13
765	11
766	7
767	14
768	13
769	15
770	20
771	16
772	10
773	16
774	10
775	15
776	15
777	17
778	16
779	11
780	18
781	15
782	13
783	16
784	21
785	15
786	12
787	12
788	21
789	16
790	19
791	18
792	15
793	22
794	9
795	19
796	24
797	19
798	14
799	20
800	13
801	18
802	17
803	18
804	19
805	16
806	12
807	15
808	18
809	23
810	20
811	22
812	12
813	16
814	18
815	17
816	21
817	22
818	19
819	19
820	19
821	16
822	17
823	14
824	22
825	17
826	17
827	14
828	20
829	15
830	15
831	20
832	18
833	21
834	11
835	16
836	15
837	22
838	16
839	22
840	17
841	29
842	25
843	21
844	17
845	19
846	17
847	16
848	26
849	15
850	22
851	13
852	16
853	25
854	19
855	20
856	21
857	17
858	16
859	10
860	17
861	19
862	14
863	13
864	18
865	17
866	19
867	11
868	17
869	15
870	12
871	10
872	21
873	17
874	23
875	10
876	18
877	22
878	11
879	23
880	12
881	22
882	17
883	12
884	14
885	17
886	19
887	18
888	21
889	12
890	14
891	17
892	15
893	17
894	16
895	15
896	11
897	14
898	15
899	17
900	11
901	11
902	16
903	18
904	19
905	9
906	17
907	16
908	16
909	22
910	11
911	13
912	13
913	10
914	17
915	13
916	18
917	6
918	8
919	13
920	16
921	9
922	17
923	17
924	15
925	20
926	10
927	15
928	14
929	16
930	13
931	11
932	12
933	22
934	22
935	18
936	15
937	11
938	17
939	26
940	20
941	15
942	8
943	16
944	16
945	15
946	21
947	13
948	17
949	15
950	13
951	16
952	17
953	14
954	23
955	5
956	22
957	16
958	21
959	17
960	18
961	18
962	12
963	19
964	18
965	15
966	12
967	17
968	16
969	17
970	14
971	20
972	23
973	7
974	11
975	14
976	14
977	10
978	11
979	18
980	11
981	12
982	18
983	20
984	13
985	15
986	16
987	20
988	15
989	14
990	15
991	8
992	17
993	16
994	21
995	9
996	15
997	12
998	14
999	11
1000	13
1001	13
1002	15
1003	18
1004	10
1005	16
1006	12
1007	12
1008	12
1009	11
1010	18
1011	12
1012	15
1013	10
1014	13
1015	17
1016	12
1017	12
1018	12
1019	12
1020	12
1021	14
1022	14
1023	8
1024	18
1025	11
1026	20
1027	11
1028	12
1029	14
1030	15
1031	14
1032	10
1033	13
1034	10
1035	20
1036	14
1037	15
1038	11
1039	12
1040	17
1041	16
1042	19
1043	13
1044	9
1045	14
1046	13
1047	15
1048	12
1049	18
1050	13
1051	6
1052	14
1053	13
1054	13
1055	9
1056	10
1057	9
1058	11
1059	15
1060	11
1061	23
1062	12
1063	7
1064	13
1065	10
1066	11
1067	21
1068	17
1069	12
1070	10
1071	12
1072	22
1073	8
1074	19
1075	13
1076	15
1077	19
1078	9
1079	12
1080	14
1081	11
1082	19
1083	17
1084	10
1085	20
1086	12
1087	15
1088	19
1089	6
1090	12
1091	6
1092	20
1093	13
1094	16
1095	10
1096	8
1097	10
1098	14
1099	11
1100	9
1101	8
1102	15
1103	12
1104	18
1105	17
1106	10
1107	15
1108	16
1109	15
1110	18
1111	14
1112	8
1113	17
1114	10
1115	11
1116	13
1117	9
1118	12
1119	17
1120	12
1121	15
1122	12
1123	16
1124	21
1125	9
1126	13
1127	9
1128	18
1129	15
1130	8
1131	19
1132	16
1133	16
1134	9
1135	14
1136	10
1137	16
1138	12
1139	12
1140	14
1141	14
1142	11
1143	14
1144	12
1145	9
1146	15
1147	12
1148	14
1149	11
1150	12
1151	12
1152	17
1153	3
1154	15
1155	17
1156	18
1157	18
1158	15
1159	10
1160	13
1161	20
1162	22
1163	22
1164	9
1165	13
1166	12
1167	16
1168	13
1169	14
1170	11
1171	7
1172	15
1173	8
1174	8
1175	9
1176	18
1177	20
1178	14
1179	19
1180	13
1181	11
1182	15
1183	11
1184	13
1185	8
1186	22
1187	18
1188	23
1189	14
1190	10
1191	14
1192	11
1193	12
1194	11
1195	12
1196	12
1197	18
1198	18
1199	11
1200	23
1201	16
1202	14
1203	16
1204	18
1205	16
1206	9
1207	14
1208	11
1209	17
1210	11
1211	17
1212	16
1213	10
1214	18
1215	16
1216	11
1217	18
1218	15
1219	9
1220	18
1221	17
1222	16
1223	14
1224	19
1225	16
1226	23
1227	15
1228	15
1229	15
1230	13
1231	12
1232	19
1233	13
1234	20
1235	14
1236	13
1237	20
1238	12
1239	14
1240	24
1241	10
1242	13
1243	16
1244	20
1245	14
1246	10
1247	14
1248	13
1249	16
1250	10
1251	11
1252	16
1253	13
1254	10
1255	14
1256	17
1257	11
1258	15
1259	23
1260	15
1261	17
1262	16
1263	17
1264	19
1265	18
1266	16
1267	12
1268	26
1269	15
1270	17
1271	22
1272	18
1273	17
1274	14
1275	7
1276	14
1277	18
1278	11
1279	21
1280	19
1281	15
1282	17
1283	18
1284	10
1285	15
1286	29
1287	16
1288	7
1289	18
1290	15
1291	15
1292	12
1293	14
1294	22
1295	19
1296	16
1297	12
1298	18
1299	15
1300	21
1301	19
1302	16
1303	14
1304	23
1305	13
1306	15
1307	14
1308	18
1309	22
1310	13
1311	16
1312	9
1313	18
1314	12
1315	18
1316	17
1317	13
1318	22
1319	18
1320	24
1321	16
1322	14
1323	16
1324	17
1325	19
1326	15
1327	21
1328	17
1329	18
1330	21
1331	16
1332	18
1333	16
1334	16
1335	22
1336	12
1337	12
1338	13
1339	19
1340	22
1341	9
1342	17
1343	12
1344	19
1345	20
1346	13
1347	17
1348	27
1349	17
1350	15
1351	15
1352	20
1353	14
1354	14
1355	13
1356	18
1357	20
1358	28
1359	20
1360	23
1361	26
1362	23
1363	14
1364	17
1365	17
1366	22
1367	18
1368	19
1369	32
1370	20
1371	18
1372	19
1373	19
1374	17
1375	30
1376	16
1377	16
1378	18
1379	18
1380	19
1381	13
1382	23
1383	17
1384	28
1385	10
1386	10
1387	21
1388	17
1389	22
1390	13
1391	11
1392	11
1393	18
1394	22
1395	20
1396	25
1397	19
1398	18
1399	11
1400	15
1401	13
1402	18
1403	26
1404	18
1405	20
1406	27
1407	17
1408	18
1409	21
1410	13
1411	16
1412	21
1413	23
1414	15
1415	16
1416	19
1417	21
1418	29
1419	18
1420	14
1421	19
1422	20
1423	12
1424	16
1425	24
1426	17
1427	23
1428	15
1429	18
1430	22
1431	17
1432	19
1433	20
1434	17
1435	17
1436	21
1437	20
1438	23
1439	17
1440	18
1441	20
1442	16
1443	15
1444	18
1445	19
1446	22
1447	25
1448	19
1449	21
1450	19
1451	16
1452	20
1453	27
1454	22
1455	19
1456	16
1457	16
1458	22
1459	18
1460	20
1461	17
1462	16
1463	11
1464	15
1465	21
1466	15
1467	13
1468	18
1469	19
1470	19
1471	25
1472	18
1473	17
1474	17
1475	22
1476	16
1477	24
1478	20
1479	16
1480	16
1481	22
1482	15
1483	17
1484	15
1485	26
1486	17
1487	19
1488	28
1489	28
1490	12
1491	18
1492	20
1493	15
1494	19
1495	23
1496	28
1497	24
1498	19
1499	13
1500	18
1501	19
1502	11
1503	22
1504	18
1505	28
1506	25
1507	26
1508	16
1509	18
1510	22
1511	28
1512	18
1513	22
1514	22
1515	20
1516	19
1517	17
1518	16
1519	22
1520	14
1521	16
1522	18
1523	26
1524	26
1525	20
1526	19
1527	7
1528	19
1529	19
1530	27
1531	12
1532	27
1533	23
1534	21
1535	20
1536	22
1537	18
1538	24
1539	22
1540	25
1541	11
1542	14
1543	18
1544	17
1545	18
1546	15
1547	19
1548	24
1549	23
1550	17
1551	23
1552	28
1553	18
1554	20
1555	26
1556	16
1557	21
1558	27
1559	25
1560	14
1561	21
1562	16
1563	21
1564	20
1565	17
1566	15
1567	22
1568	29
1569	23
1570	18
1571	20
1572	25
1573	26
1574	29
1575	16
1576	29
1577	21
1578	25
1579	17
1580	17
1581	26
1582	28
1583	26
1584	21
1585	24
1586	24
1587	18
1588	19
1589	30
1590	21
1591	18
1592	19
1593	16
1594	25
1595	27
1596	25
1597	17
1598	22
1599	18
1600	26
1601	14
1602	26
1603	26
1604	20
1605	17
1606	21
1607	26
1608	30
1609	19
1610	26
1611	17
1612	22
1613	21
1614	23
1615	7
1616	17
1617	19
1618	17
1619	21
1620	21
1621	25
1622	17
1623	26
1624	23
1625	28
1626	18
1627	19
1628	19
1629	20
1630	27
1631	21
1632	23
1633	18
1634	18
1635	31
1636	27
1637	19
1638	15
1639	23
1640	21
1641	23
1642	19
1643	23
1644	20
1645	16
1646	23
1647	16
1648	22
1649	15
1650	16
1651	27
1652	24
1653	16
1654	19
1655	27
1656	24
1657	22
1658	24
1659	25
1660	22
1661	22
1662	16
1663	23
1664	25
1665	27
1666	24
1667	20
1668	18
1669	18
1670	17
1671	20
1672	25
1673	21
1674	26
1675	23
1676	32
1677	25
1678	22
1679	25
1680	16
1681	22
1682	19
1683	18
1684	20
1685	21
1686	28
1687	26
1688	15
1689	26
1690	24
1691	21
1692	24
1693	20
1694	20
1695	16
1696	14
1697	27
1698	17
1699	29
1700	15
1701	16
1702	23
1703	11
1704	14
1705	30
1706	29
1707	28
1708	22
1709	19
1710	20
1711	18
1712	20
1713	23
1714	21
1715	26
1716	19
1717	25
1718	17
1719	17
1720	21
1721	24
1722	20
1723	32
1724	17
1725	12
1726	16
1727	23
1728	25
1729	20
1730	15
1731	18
1732	30
1733	24
1734	26
1735	24
1736	23
1737	23
1738	22
1739	22
1740	22
1741	16
1742	16
1743	16
1744	16
1745	22
1746	19
1747	18
1748	21
1749	18
1750	26
1751	24
1752	24
1753	23
1754	18
1755	22
1756	27
1757	27
1758	16
1759	24
1760	21
1761	22
1762	14
1763	23
1764	23
1765	21
1766	18
1767	12
1768	21
1769	18
1770	21
1771	22
1772	23
1773	9
1774	19
1775	41
1776	15
1777	25
1778	25
1779	20
1780	20
1781	29
1782	18
1783	23
1784	26
1785	30
1786	23
1787	18
1788	23
1789	20
1790	17
1791	23
1792	17
1793	27
1794	21
1795	21
1796	22
1797	17
1798	23
1799	21
1800	20
1801	30
1802	19
1803	24
1804	18
1805	29
1806	24
1807	29
1808	14
1809	15
1810	17
1811	25
1812	20
1813	21
1814	20
1815	22
1816	28
1817	19
1818	15
1819	26
1820	22
1821	17
1822	20
1823	24
1824	22
1825	26
1826	18
1827	19
1828	22
1829	20
1830	29
1831	23
1832	18
1833	25
1834	15
1835	20
1836	23
1837	25
1838	19
1839	12
1840	25
1841	21
1842	20
1843	24
1844	17
1845	17
1846	20
1847	17
1848	28
1849	33
1850	26
1851	25
1852	17
1853	27
1854	29
1855	24
1856	13
1857	24
1858	29
1859	16
1860	22
1861	28
1862	18
1863	21
1864	7
1865	31
1866	26
1867	24
1868	25
1869	19
1870	26
1871	26
1872	24
1873	26
1874	29
1875	20
1876	28
1877	30
1878	26
1879	27
1880	18
1881	22
1882	31
1883	20
1884	21
1885	19
1886	20
1887	33
1888	21
1889	23
1890	25
1891	21
1892	16
1893	25
1894	16
1895	22
1896	21
1897	18
1898	22
1899	24
1900	26
1901	29
1902	27
1903	24
1904	22
1905	22
1906	18
1907	9
1908	14
1909	29
1910	24
1911	19
1912	24
1913	20
1914	23
1915	28
1916	21
1917	32
1918	26
1919	36
1920	29
1921	25
1922	24
1923	17
1924	21
1925	27
1926	24
1927	25
1928	23
1929	26
1930	31
1931	22
1932	21
1933	23
1934	28
1935	27
1936	18
1937	25
1938	22
1939	21
1940	25
1941	24
1942	19
1943	29
1944	27
1945	13
1946	23
1947	34
1948	33
1949	20
1950	24
1951	22
1952	27
1953	28
1954	24
1955	21
1956	24
1957	17
1958	31
1959	20
1960	21
1961	23
1962	23
1963	28
1964	25
1965	32
1966	14
1967	25
1968	23
1969	21
1970	16
1971	23
1972	18
1973	24
1974	17
1975	26
1976	31
1977	31
1978	20
1979	22
1980	19
1981	36
1982	21
1983	14
1984	20
1985	20
1986	24
1987	29
1988	21
1989	17
1990	24
1991	24
1992	25
1993	21
1994	20
1995	25
1996	20
1997	26
1998	26
1999	23
2000	33
2001	25
2002	22
2003	22
2004	27
2005	24
2006	27
2007	21
2008	25
2009	14
2010	23
2011	28
2012	21
2013	26
2014	26
2015	17
2016	32
2017	18
2018	29
2019	31
2020	22
2021	24
2022	28
2023	22
2024	21
2025	22
2026	29
2027	31
2028	23
2029	23
2030	24
2031	25
2032	30
2033	19
2034	19
2035	29
2036	19
2037	20
2038	26
2039	16
2040	19
2041	21
2042	22
2043	20
2044	25
2045	18
2046	22
2047	22
2048	24
2049	36
2050	18
2051	26
2052	19
2053	20
2054	26
2055	20
2056	23
2057	24
2058	19
2059	33
2060	21
2061	21
2062	16
2063	24
2064	13
2065	21
2066	23
2067	20
2068	19
2069	19
2070	24
2071	29
2072	36
2073	25
2074	26
2075	22
2076	23
2077	24
2078	23
2079	18
2080	26
2081	26
2082	20
2083	31
2084	22
2085	26
2086	27
2087	26
2088	29
2089	22
2090	29
2091	19
2092	32
2093	33
2094	24
2095	20
2096	21
2097	33
2098	28
2099	26
2100	26
2101	28
2102	16
2103	21
2104	41
2105	11
2106	29
2107	33
2108	19
2109	21
2110	29
2111	35
2112	28
2113	19
2114	25
2115	22
2116	29
2117	22
2118	20
2119	32
2120	32
2121	30
2122	27
2123	30
2124	23
2125	24
2126	25
2127	14
2128	33
2129	17
2130	25
2131	24
2132	38
2133	37
2134	18
2135	20
2136	20
2137	32
2138	25
2139	22
2140	28
2141	28
2142	20
2143	26
2144	34
2145	23
2146	25
2147	41
2148	17
2149	23
2150	23
2151	21
2152	23
2153	31
2154	26
2155	27
2156	26
2157	22
2158	31
2159	23
2160	24
2161	21
2162	27
2163	29
2164	39
2165	19
2166	23
2167	23
2168	28
2169	26
2170	32
2171	22
2172	22
2173	34
2174	25
2175	28
2176	35
2177	23
2178	23
2179	29
2180	34
2181	31
2182	36
2183	30
2184	33
2185	20
2186	21
2187	24
2188	31
2189	24
2190	28
2191	24
2192	26
2193	33
2194	25
2195	24
2196	30
2197	21
2198	24
2199	34
2200	28
2201	15
2202	32
2203	33
2204	21
2205	24
2206	27
2207	29
2208	29
2209	18
2210	30
2211	32
2212	34
2213	29
2214	26
2215	31
2216	39
2217	25
2218	24
2219	31
2220	23
2221	26
2222	32
2223	25
2224	36
2225	30
2226	32
2227	25
2228	23
2229	26
2230	23
2231	27
2232	29
2233	26
2234	24
2235	36
2236	21
2237	32
2238	36
2239	25
2240	22
2241	46
2242	29
2243	27
2244	31
2245	22
2246	38
2247	29
2248	27
2249	30
2250	41
2251	31
2252	29
2253	25
2254	21
2255	23
2256	28
2257	33
2258	24
2259	32
2260	28
2261	23
2262	35
2263	30
2264	21
2265	27
2266	28
2267	24
2268	30
2269	38
2270	30
2271	31
2272	21
2273	34
2274	32
2275	36
2276	32
2277	35
2278	28
2279	26
2280	57
2281	16
2282	27
2283	29
2284	24
2285	32
2286	45
2287	31
2288	21
2289	30
2290	20
2291	29
2292	34
2293	32
2294	33
2295	31
2296	39
2297	24
2298	27
2299	28
2300	21
2301	28
2302	22
2303	29
2304	20
2305	26
2306	37
2307	26
2308	29
2309	23
2310	28
2311	28
2312	19
2313	28
2314	24
2315	27
2316	19
2317	30
2318	35
2319	36
2320	22
2321	31
2322	25
2323	44
2324	34
2325	27
2326	21
2327	38
2328	25
2329	39
2330	28
2331	36
2332	35
2333	22
2334	37
2335	36
2336	24
2337	31
2338	31
2339	25
2340	21
2341	26
2342	31
2343	32
2344	30
2345	30
2346	26
2347	27
2348	31
2349	27
2350	33
2351	24
2352	23
2353	27
2354	34
2355	23
2356	28
2357	39
2358	25
2359	31
2360	28
2361	23
2362	30
2363	35
2364	31
2365	29
2366	25
2367	21
2368	23
2369	30
2370	26
2371	22
2372	25
2373	34
2374	32
2375	31
2376	26
2377	24
2378	15
2379	34
2380	33
2381	25
2382	25
2383	25
2384	31
2385	27
2386	37
2387	29
2388	27
2389	33
2390	17
2391	27
2392	32
2393	27
2394	25
2395	22
2396	28
2397	21
2398	23
2399	26
2400	29
2401	23
2402	16
2403	26
2404	24
2405	15
2406	15
2407	23
2408	25
2409	24
2410	25
2411	30
2412	31
2413	25
2414	19
2415	22
2416	22
2417	32
2418	24
2419	30
2420	30
2421	29
2422	27
2423	35
2424	14
2425	26
2426	27
2427	28
2428	27
2429	28
2430	18
2431	25
2432	22
2433	24
2434	16
2435	23
2436	26
2437	30
2438	29
2439	16
2440	29
2441	18
2442	20
2443	21
2444	25
2445	17
2446	32
2447	24
2448	21
2449	18
2450	20
2451	22
2452	14
2453	19
2454	16
2455	22
2456	28
2457	24
2458	19
2459	20
2460	19
2461	27
2462	24
2463	23
2464	25
2465	19
2466	24
2467	23
2468	25
2469	21
2470	21
2471	17
2472	24
2473	26
2474	20
2475	26
2476	22
2477	14
2478	22
2479	20
2480	36
2481	19
2482	28
2483	20
2484	17
2485	25
2486	25
2487	22
2488	21
2489	19
2490	20
2491	15
2492	18
2493	19
2494	18
2495	22
2496	21
2497	20
2498	22
2499	27
2500	19
2501	20
2502	25
2503	30
2504	27
2505	21
2506	20
2507	30
2508	22
2509	20
2510	19
2511	19
2512	16
2513	16
2514	23
2515	22
2516	18
2517	16
2518	27
2519	17
2520	10
2521	23
2522	18
2523	23
2524	19
2525	29
2526	14
2527	29
2528	15
2529	19
2530	23
2531	17
2532	18
2533	14
2534	21
2535	15
2536	23
2537	18
2538	15
2539	12
2540	27
2541	18
2542	12
2543	18
2544	23
2545	17
2546	23
2547	8
2548	25
2549	14
2550	22
2551	16
2552	16
2553	17
2554	19
2555	10
2556	16
2557	22
2558	18
2559	22
2560	17
2561	32
2562	19
2563	18
2564	19
2565	17
2566	19
2567	16
2568	12
2569	14
2570	13
2571	16
2572	22
2573	13
2574	9
2575	20
2576	19
2577	19
2578	17
2579	21
2580	15
2581	14
2582	18
2583	14
2584	16
2585	14
2586	15
2587	21
2588	21
2589	16
2590	20
2591	16
2592	18
2593	19
2594	18
2595	11
2596	16
2597	17
2598	19
2599	14
2600	27
2601	18
2602	28
2603	20
2604	11
2605	19
2606	15
2607	18
2608	21
2609	13
2610	11
2611	21
2612	11
2613	20
2614	9
2615	15
2616	10
2617	20
2618	15
2619	24
2620	19
2621	19
2622	12
2623	14
2624	9
2625	18
2626	15
2627	16
2628	11
2629	19
2630	13
2631	17
2632	20
2633	14
2634	23
2635	10
2636	13
2637	14
2638	16
2639	17
2640	11
2641	16
2642	18
2643	14
2644	14
2645	10
2646	19
2647	12
2648	14
2649	15
2650	15
2651	13
2652	18
2653	14
2654	16
2655	19
2656	10
2657	12
2658	13
2659	23
2660	10
2661	15
2662	20
2663	23
2664	19
2665	13
2666	23
2667	21
2668	17
2669	11
2670	18
2671	15
2672	21
2673	17
2674	18
2675	16
2676	18
2677	18
2678	18
2679	16
2680	15
2681	16
2682	17
2683	6
2684	12
2685	19
2686	11
2687	18
2688	18
2689	19
2690	11
2691	12
2692	15
2693	12
2694	14
2695	12
2696	14
2697	19
2698	21
2699	23
2700	16
2701	23
2702	17
2703	12
2704	22
2705	24
2706	10
2707	16
2708	15
2709	18
2710	17
2711	12
2712	15
2713	16
2714	17
2715	16
2716	13
2717	15
2718	17
2719	17
2720	14
2721	16
2722	8
2723	22
2724	14
2725	11
2726	16
2727	16
2728	13
2729	14
2730	13
2731	9
2732	18
2733	12
2734	10
2735	10
2736	11
2737	8
2738	23
2739	25
2740	6
2741	10
2742	10
2743	13
2744	21
2745	12
2746	16
2747	18
2748	12
2749	16
2750	23
2751	17
2752	12
2753	11
2754	18
2755	9
2756	16
2757	14
2758	12
2759	9
2760	17
2761	15
2762	11
2763	14
2764	16
2765	8
2766	16
2767	14
2768	22
2769	13
2770	18
2771	15
2772	10
2773	16
2774	12
2775	23
2776	19
2777	12
2778	8
2779	12
2780	10
2781	22
2782	14
2783	15
2784	10
2785	12
2786	13
2787	20
2788	10
2789	18
2790	14
2791	16
2792	16
2793	15
2794	14
2795	11
2796	10
2797	19
2798	20
2799	13
2800	15
2801	9
2802	7
2803	15
2804	12
2805	14
2806	10
2807	8
2808	10
2809	7
2810	12
2811	16
2812	17
2813	13
2814	11
2815	12
2816	5
2817	16
2818	14
2819	15
2820	12
2821	18
2822	17
2823	15
2824	17
2825	15
2826	10
2827	22
2828	15
2829	18
2830	16
2831	10
2832	19
2833	15
2834	10
2835	13
2836	21
2837	12
2838	14
2839	12
2840	17
2841	11
2842	15
2843	11
2844	10
2845	13
2846	12
2847	12
2848	13
2849	19
2850	14
2851	11
2852	19
2853	11
2854	14
2855	15
2856	17
2857	16
2858	13
2859	13
2860	16
2861	16
2862	15
2863	11
2864	15
2865	11
2866	15
2867	17
2868	21
2869	13
2870	14
2871	8
2872	17
2873	12
2874	9
2875	12
2876	10
2877	12
2878	10
2879	16
2880	7
2881	14
2882	14
2883	19
2884	8
2885	6
2886	17
2887	14
2888	12
2889	11
2890	11
2891	18
2892	5
2893	12
2894	13
2895	14
2896	13
2897	9
2898	12
2899	19
2900	16
2901	14
2902	13
2903	14
2904	17
2905	12
2906	14
2907	13
2908	15
2909	9
2910	13
2911	14
2912	13
2913	6
2914	11
2915	6
2916	9
2917	9
2918	6
2919	11
2920	12
2921	9
2922	18
2923	13
2924	12
2925	9
2926	11
2927	16
2928	10
2929	12
2930	13
2931	10
2932	11
2933	11
2934	12
2935	9
2936	13
2937	15
2938	11
2939	13
2940	9
2941	11
2942	8
2943	16
2944	16
2945	6
2946	9
2947	9
2948	15
2949	14
2950	18
2951	18
2952	15
2953	13
2954	13
2955	20
2956	13
2957	5
2958	11
2959	7
2960	14
2961	11
2962	7
2963	9
2964	9
2965	15
2966	16
2967	9
2968	14
2969	14
2970	9
2971	11
2972	17
2973	7
2974	12
2975	3
2976	22
2977	12
2978	6
2979	6
2980	16
2981	17
2982	4
2983	10
2984	13
2985	16
2986	9
2987	15
2988	12
2989	13
2990	16
2991	17
2992	12
2993	13
2994	14
2995	11
2996	16
2997	9
2998	10
2999	14
3000	14
3001	12
3002	7
3003	12
3004	7
3005	7
3006	16
3007	9
3008	16
3009	16
3010	12
3011	8
3012	13
3013	10
3014	10
3015	9
3016	26
3017	12
3018	21
3019	10
3020	12
3021	16
3022	14
3023	13
3024	11
3025	13
3026	12
3027	10
3028	16
3029	16
3030	13
3031	11
3032	10
3033	17
3034	8
3035	10
3036	15
3037	9
3038	15
3039	12
3040	15
3041	12
3042	10
3043	15
3044	14
3045	6
3046	15
3047	12
3048	12
3049	13
3050	9
3051	7
3052	17
3053	13
3054	12
3055	7
3056	22
3057	14
3058	13
3059	24
3060	11
3061	13
3062	11
3063	14
3064	15
3065	12
3066	18
3067	7
3068	13
3069	13
3070	13
3071	13
3072	13
3073	8
3074	15
3075	18
3076	6
3077	13
3078	11
3079	20
3080	7
3081	10
3082	10
3083	11
3084	17
3085	11
3086	18
3087	14
3088	12
3089	13
3090	13
3091	9
3092	14
3093	18
3094	10
3095	19
3096	6
3097	15
3098	13
3099	16
3100	13
3101	7
3102	8
3103	14
3104	10
3105	7
3106	14
3107	9
3108	7
3109	13
3110	7
3111	11
3112	14
3113	15
3114	17
3115	17
3116	12
3117	10
3118	13
3119	12
3120	11
3121	11
3122	9
3123	15
3124	7
3125	15
3126	14
3127	11
3128	15
3129	18
3130	16
3131	12
3132	15
3133	4
3134	15
3135	8
3136	12
3137	14
3138	12
3139	16
3140	13
3141	19
3142	14
3143	18
3144	17
3145	8
3146	15
3147	14
3148	14
3149	12
3150	12
3151	20
3152	5
3153	13
3154	14
3155	6
3156	15
3157	9
3158	7
3159	18
3160	18
3161	13
3162	17
3163	14
3164	17
3165	14
3166	11
3167	12
3168	12
3169	16
3170	14
3171	16
3172	22
3173	14
3174	17
3175	13
3176	13
3177	23
3178	21
3179	13
3180	8
3181	14
3182	8
3183	16
3184	15
3185	12
3186	15
3187	22
3188	16
3189	14
3190	16
3191	20
3192	17
3193	15
3194	17
3195	13
3196	22
3197	15
3198	19
3199	12
3200	16
3201	8
3202	15
3203	14
3204	16
3205	10
3206	14
3207	20
3208	13
3209	14
3210	14
3211	17
3212	16
3213	15
3214	12
3215	17
3216	15
3217	14
3218	19
3219	13
3220	12
3221	18
3222	12
3223	10
3224	10
3225	13
3226	9
3227	11
3228	12
3229	22
3230	14
3231	14
3232	9
3233	13
3234	17
3235	14
3236	14
3237	16
3238	13
3239	20
3240	11
3241	16
3242	10
3243	20
3244	14
3245	17
3246	16
3247	16
3248	17
3249	19
3250	15
3251	22
3252	16
3253	23
3254	15
3255	16
3256	15
3257	12
3258	13
3259	15
3260	12
3261	12
3262	19
3263	7
3264	9
3265	20
3266	20
3267	18
3268	13
3269	18
3270	19
3271	15
3272	14
3273	18
3274	18
3275	17
3276	24
3277	21
3278	17
3279	16
3280	9
3281	15
3282	15
3283	23
3284	12
3285	18
3286	16
3287	20
3288	9
3289	13
3290	16
3291	16
3292	22
3293	14
3294	12
3295	9
3296	17
3297	16
3298	14
3299	19
3300	10
3301	14
3302	12
3303	17
3304	22
3305	19
3306	18
3307	22
3308	14
3309	17
3310	20
3311	20
3312	12
3313	13
3314	16
3315	12
3316	18
3317	18
3318	16
3319	16
3320	21
3321	18
3322	11
3323	19
3324	17
3325	21
3326	11
3327	14
3328	18
3329	18
3330	17
3331	19
3332	20
3333	15
3334	17
3335	13
3336	15
3337	21
3338	12
3339	24
3340	10
3341	11
3342	24
3343	20
3344	16
3345	24
3346	20
3347	21
3348	12
3349	18
3350	19
3351	13
3352	14
3353	18
3354	26
3355	15
3356	16
3357	17
3358	21
3359	15
3360	20
3361	16
3362	14
3363	18
3364	20
3365	22
3366	28
3367	19
3368	14
3369	21
3370	20
3371	15
3372	14
3373	15
3374	30
3375	17
3376	18
3377	12
3378	17
3379	21
3380	16
3381	12
3382	15
3383	25
3384	18
3385	12
3386	14
3387	21
3388	18
3389	21
3390	16
3391	12
3392	24
3393	20
3394	14
3395	21
3396	25
3397	27
3398	21
3399	17
3400	12
3401	16
3402	22
3403	16
3404	23
3405	25
3406	19
3407	28
3408	18
3409	20
3410	17
3411	18
3412	19
3413	16
3414	27
3415	22
3416	15
3417	30
3418	16
3419	19
3420	22
3421	25
3422	21
3423	17
3424	10
3425	17
3426	21
3427	15
3428	9
3429	21
3430	19
3431	23
3432	23
3433	26
3434	25
3435	17
3436	14
3437	21
3438	23
3439	21
3440	19
3441	17
3442	23
3443	12
3444	15
3445	21
3446	14
3447	22
3448	32
3449	13
3450	24
3451	18
3452	17
3453	24
3454	22
3455	18
3456	25
3457	20
3458	23
3459	20
3460	19
3461	19
3462	25
3463	21
3464	17
3465	22
3466	23
3467	17
3468	29
3469	19
3470	28
3471	22
3472	24
3473	18
3474	26
3475	24
3476	27
3477	26
3478	21
3479	14
3480	28
3481	16
3482	20
3483	34
3484	25
3485	29
3486	13
3487	17
3488	17
3489	14
3490	24
3491	21
3492	28
3493	27
3494	31
3495	28
3496	36
3497	26
3498	21
3499	16
3500	28
3501	18
3502	24
3503	21
3504	27
3505	20
3506	20
3507	27
3508	20
3509	31
3510	20
3511	15
3512	17
3513	12
3514	20
3515	20
3516	20
3517	28
3518	16
3519	24
3520	21
3521	22
3522	25
3523	19
3524	19
3525	22
3526	28
3527	29
3528	17
3529	27
3530	20
3531	23
3532	18
3533	26
3534	26
3535	25
3536	19
3537	25
3538	21
3539	20
3540	27
3541	22
3542	15
3543	22
3544	22
3545	24
3546	21
3547	17
3548	25
3549	24
3550	16
3551	21
3552	24
3553	27
3554	19
3555	27
3556	27
3557	19
3558	17
3559	24
3560	18
3561	13
3562	34
3563	29
3564	27
3565	18
3566	18
3567	19
3568	19
3569	20
3570	22
3571	23
3572	22
3573	17
3574	25
3575	23
3576	24
3577	30
3578	20
3579	19
3580	20
3581	26
3582	27
3583	18
3584	32
3585	24
3586	28
3587	23
3588	24
3589	22
3590	22
3591	20
3592	26
3593	36
3594	29
3595	20
3596	14
3597	24
3598	22
3599	35
3600	18
3601	25
3602	24
3603	14
3604	20
3605	28
3606	27
3607	22
3608	18
3609	29
3610	24
3611	25
3612	22
3613	29
3614	29
3615	23
3616	18
3617	27
3618	23
3619	26
3620	20
3621	19
3622	22
3623	21
3624	22
3625	11
3626	26
3627	26
3628	13
3629	23
3630	19
3631	24
3632	18
3633	19
3634	21
3635	20
3636	23
3637	14
3638	21
3639	20
3640	17
3641	20
3642	24
3643	22
3644	19
3645	23
3646	24
3647	20
3648	27
3649	13
3650	25
3651	23
3652	18
3653	27
3654	15
3655	28
3656	25
3657	18
3658	23
3659	19
3660	21
3661	9
3662	18
3663	18
3664	25
3665	18
3666	29
3667	14
3668	23
3669	19
3670	15
3671	21
3672	29
3673	26
3674	20
3675	16
3676	24
3677	30
3678	24
3679	25
3680	19
3681	22
3682	22
3683	21
3684	22
3685	22
3686	25
3687	24
3688	26
3689	21
3690	19
3691	27
3692	20
3693	21
3694	19
3695	13
3696	26
3697	20
3698	24
3699	18
3700	21
3701	24
3702	11
3703	26
3704	21
3705	16
3706	21
3707	20
3708	31
3709	15
3710	18
3711	19
3712	23
3713	22
3714	17
3715	23
3716	23
3717	23
3718	17
3719	18
3720	21
3721	19
3722	26
3723	25
3724	20
3725	25
3726	19
3727	26
3728	17
3729	19
3730	18
3731	17
3732	15
3733	20
3734	17
3735	15
3736	25
3737	18
3738	23
3739	20
3740	22
3741	19
3742	18
3743	18
3744	14
3745	25
3746	15
3747	21
3748	21
3749	27
3750	17
3751	17
3752	20
3753	19
3754	18
3755	15
3756	21
3757	19
3758	20
3759	21
3760	27
3761	18
3762	18
3763	18
3764	16
3765	17
3766	12
3767	23
3768	20
3769	20
3770	11
3771	17
3772	12
3773	19
3774	29
3775	13
3776	21
3777	21
3778	14
3779	22
3780	20
3781	22
3782	20
3783	18
3784	17
3785	11
3786	20
3787	22
3788	22
3789	19
3790	18
3791	18
3792	21
3793	18
3794	32
3795	17
3796	16
3797	9
3798	20
3799	11
3800	14
3801	20
3802	14
3803	22
3804	14
3805	25
3806	20
3807	15
3808	14
3809	15
3810	22
3811	16
3812	18
3813	13
3814	15
3815	15
3816	19
3817	12
3818	18
3819	11
3820	19
3821	15
3822	22
3823	20
3824	16
3825	16
3826	18
3827	18
3828	20
3829	20
3830	15
3831	15
3832	12
3833	10
3834	25
3835	17
3836	14
3837	16
3838	16
3839	13
3840	17
3841	12
3842	12
3843	17
3844	16
3845	12
3846	14
3847	14
3848	14
3849	20
3850	13
3851	13
3852	10
3853	14
3854	17
3855	10
3856	14
3857	16
3858	17
3859	17
3860	16
3861	11
3862	20
3863	17
3864	18
3865	11
3866	20
3867	15
3868	20
3869	18
3870	12
3871	10
3872	20
3873	8
3874	13
3875	8
3876	15
3877	12
3878	18
3879	18
3880	13
3881	13
3882	12
3883	15
3884	18
3885	11
3886	13
3887	7
3888	12
3889	21
3890	12
3891	18
3892	11
3893	10
3894	10
3895	10
3896	18
3897	8
3898	10
3899	21
3900	17
3901	17
3902	20
3903	16
3904	12
3905	13
3906	6
3907	14
3908	6
3909	18
3910	8
3911	13
3912	16
3913	19
3914	10
3915	11
3916	15
3917	18
3918	14
3919	13
3920	9
3921	13
3922	13
3923	16
3924	19
3925	9
3926	13
3927	13
3928	12
3929	18
3930	16
3931	14
3932	16
3933	13
3934	16
3935	7
3936	10
3937	16
3938	6
3939	16
3940	22
3941	6
3942	13
3943	8
3944	10
3945	17
3946	16
3947	16
3948	8
3949	7
3950	10
3951	12
3952	14
3953	18
3954	9
3955	9
3956	15
3957	10
3958	10
3959	13
3960	14
3961	13
3962	14
3963	13
3964	11
3965	9
3966	7
3967	17
3968	22
3969	14
3970	14
3971	6
3972	15
3973	11
3974	14
3975	15
3976	10
3977	11
3978	14
3979	20
3980	18
3981	5
3982	9
3983	9
3984	13
3985	10
3986	14
3987	11
3988	8
3989	8
3990	9
3991	9
3992	15
3993	18
3994	10
3995	10
3996	12
3997	13
3998	12
3999	11
4000	11
4001	14
4002	13
4003	9
4004	6
4005	12
4006	10
4007	14
4008	9
4009	10
4010	14
4011	9
4012	12
4013	17
4014	14
4015	10
4016	6
4017	13
4018	10
4019	14
4020	9
4021	9
4022	8
4023	8
4024	10
4025	7
4026	8
4027	5
4028	8
4029	11
4030	9
4031	11
4032	11
4033	14
4034	10
4035	8
4036	13
4037	9
4038	12
4039	12
4040	9
4041	12
4042	10
4043	8
4044	9
4045	11
4046	7
4047	16
4048	3
4049	6
4050	15
4051	10
4052	7
4053	14
4054	5
4055	9
4056	13
4057	13
4058	8
4059	12
4060	9
4061	7
4062	9
4063	8
4064	7
4065	6
4066	12
4067	5
4068	6
4069	10
4070	9
4071	10
4072	8
4073	7
4074	4
4075	8
4076	9
4077	10
4078	7
4079	9
4080	12
4081	8
4082	11
4083	6
4084	7
4085	12
4086	6
4087	8
4088	5
4089	9
4090	7
4091	8
4092	10
4093	8
4094	9
4095	7
4096	8
4097	10
4098	10
4099	10
4100	4
4101	9
4102	9
4103	11
4104	9
4105	8
4106	11
4107	16
4108	11
4109	5
4110	15
4111	8
4112	8
4113	13
4114	12
4115	8
4116	11
4117	6
4118	7
4119	10
4120	12
4121	6
4122	15
4123	14
4124	5
4125	9
4126	13
4127	7
4128	6
4129	8
4130	8
4131	5
4132	7
4133	11
4134	10
4135	4
4136	12
4137	5
4138	4
4139	9
4140	8
4141	13
4142	8
4143	5
4144	8
4145	7
4146	9
4147	4
4148	12
4149	14
4150	7
4151	16
4152	10
4153	3
4154	7
4155	10
4156	8
4157	2
4158	7
4159	7
4160	10
4161	10
4162	8
4163	4
4164	7
4165	6
4166	9
4167	7
4168	5
4169	9
4170	8
4171	5
4172	4
4173	4
4174	5
4175	6
4176	8
4177	9
4178	6
4179	8
4180	10
4181	7
4182	10
4183	13
4184	12
4185	3
4186	3
4187	9
4188	3
4189	9
4190	8
4191	6
4192	5
4193	6
4194	5
4195	10
4196	4
4197	13
4198	3
4199	7
4200	10
4201	9
4202	11
4203	12
4204	10
4205	7
4206	6
4207	11
4208	5
4209	9
4210	4
4211	4
4212	7
4213	9
4214	7
4215	8
4216	7
4217	6
4218	2
4219	8
4220	7
4221	5
4222	7
4223	5
4224	3
4225	6
4226	5
4227	12
4228	10
4229	12
4230	6
4231	8
4232	9
4233	11
4234	6
4235	6
4236	4
4237	5
4238	4
4239	9
4240	5
4241	6
4242	10
4243	5
4244	9
4245	8
4246	10
4247	4
4248	7
4249	5
4250	7
4251	5
4252	1
4253	6
4254	7
4255	11
4256	7
4257	7
4258	4
4259	7
4260	6
4261	10
4262	4
4263	11
4264	8
4265	6
4266	3
4267	10
4268	7
4269	6
4270	7
4271	6
4272	8
4273	7
4274	5
4275	7
4276	3
4277	10
4278	7
4279	6
4280	7
4281	5
4282	7
4283	8
4284	12
4285	6
4286	7
4287	9
4288	5
4289	6
4290	5
4291	5
4292	7
4293	8
4294	5
4295	6
4296	6
4297	4
4298	13
4299	7
4300	11
4301	5
4302	4
4303	7
4304	8
4305	7
4306	6
4307	10
4308	4
4309	7
4310	5
4311	6
4312	8
4313	5
4314	5
4315	9
4316	14
4317	3
4318	8
4319	4
4320	10
4321	15
4322	5
4323	6
4324	10
4325	7
4326	7
4327	4
4328	8
4329	4
4330	4
4331	3
4332	7
4333	5
4334	6
4335	4
4336	7
4337	12
4338	4
4339	8
4340	4
4341	6
4342	6
4343	8
4344	1
4345	7
4346	7
4347	6
4348	5
4349	9
4350	6
4351	4
4352	6
4353	5
4354	7
4355	6
4356	10
4357	11
4358	6
4359	4
4360	6
4361	4
4362	8
4363	5
4364	7
4365	7
4366	2
4367	10
4368	11
4369	6
4370	4
4371	3
4372	5
4373	9
4374	3
4375	3
4376	4
4377	14
4378	4
4379	4
4380	6
4381	7
4382	9
4383	6
4384	7
4385	6
4386	5
4387	8
4388	4
4389	8
4390	7
4391	8
4392	3
4393	8
4394	8
4395	3
4396	9
4397	8
4398	5
4399	16
4400	11
4401	8
4402	8
4403	4
4404	9
4405	6
4406	13
4407	4
4408	2
4409	8
4410	8
4411	8
4412	3
4413	3
4414	6
4415	7
4416	7
4417	5
4418	7
4419	10
4420	6
4421	6
4422	3
4423	7
4424	10
4425	9
4426	3
4427	4
4428	8
4429	9
4430	2
4431	2
4432	9
4433	7
4434	4
4435	1
4436	6
4437	11
4438	8
4439	6
4440	4
4441	5
4442	6
4443	6
4444	6
4445	6
4446	3
4447	6
4448	5
4449	7
4450	3
4451	7
4452	6
4453	3
4454	2
4455	14
4456	8
4457	6
4458	5
4459	8
4460	3
4461	5
4462	4
4463	6
4464	9
4465	7
4466	10
4467	5
4468	5
4469	5
4470	7
4471	3
4472	6
4473	6
4474	8
4475	5
4476	8
4477	3
4478	7
4479	6
4480	15
4481	6
4482	3
4483	5
4484	1
4485	11
4486	3
4487	12
4488	6
4489	8
4490	9
4491	8
4492	4
4493	9
4494	4
4495	11
4496	4
4497	7
4498	8
4499	11
4500	2
4501	7
4502	8
4503	3
4504	8
4505	6
4506	2
4507	9
4508	7
4509	7
4510	7
4511	8
4512	4
4513	3
4514	4
4515	6
4516	7
4517	3
4518	7
4519	5
4520	4
4521	5
4522	6
4523	7
4524	3
4525	6
4526	7
4527	7
4528	8
4529	7
4530	7
4531	11
4532	11
4533	8
4534	4
4535	8
4536	6
4537	1
4538	7
4539	6
4540	5
4541	4
4542	5
4543	3
4544	8
4545	7
4546	6
4547	7
4548	2
4549	8
4550	5
4551	3
4552	9
4553	5
4554	5
4555	1
4556	6
4557	3
4558	6
4559	2
4560	6
4561	4
4562	4
4563	6
4564	2
4565	1
4566	5
4567	3
4568	2
4569	5
4570	6
4571	5
4572	7
4573	5
4574	7
4575	11
4576	6
4577	9
4578	1
4579	4
4580	1
4581	7
4582	4
4583	5
4584	3
4585	3
4586	9
4587	9
4588	7
4589	7
4590	5
4591	5
4592	7
4593	5
4594	3
4595	8
4596	7
4597	6
4598	8
4599	6
4600	1
4601	6
4602	9
4603	7
4604	8
4605	5
4606	2
4607	4
4608	9
4609	6
4610	5
4611	8
4612	7
4613	6
4614	5
4615	9
4616	7
4617	5
4618	9
4619	3
4620	5
4621	4
4622	2
4623	5
4624	5
4625	5
4626	3
4627	7
4628	7
4629	6
4630	3
4631	7
4632	7
4633	3
4634	3
4635	8
4636	6
4637	7
4638	2
4639	3
4640	5
4641	5
4642	6
4643	3
4644	1
4645	3
4646	2
4647	6
4648	3
4649	5
4650	5
4651	9
4652	9
4653	9
4654	7
4655	6
4656	4
4657	6
4658	5
4659	5
4660	5
4661	1
4662	6
4663	10
4664	3
4665	6
4666	6
4667	3
4668	8
4669	5
4670	8
4671	2
4672	3
4673	6
4674	4
4675	3
4676	7
4677	9
4678	7
4679	5
4680	7
4681	9
4682	9
4683	3
4684	3
4685	2
4686	3
4687	6
4688	5
4689	5
4690	2
4691	7
4692	7
4693	8
4694	6
4695	3
4696	3
4697	7
4698	7
4699	1
4700	7
4701	7
4702	2
4703	3
4704	4
4705	8
4706	9
4707	7
4708	6
4709	8
4710	3
4711	7
4712	2
4713	2
4714	11
4715	6
4716	14
4717	7
4718	8
4719	4
4720	8
4721	7
4722	8
4723	8
4724	7
4725	3
4726	3
4727	7
4728	8
4729	5
4730	5
4731	6
4732	8
4733	4
4734	4
4735	8
4736	6
4737	4
4738	5
4739	6
4740	4
4741	10
4742	6
4743	6
4744	4
4745	10
4746	5
4747	11
4748	3
4749	5
4750	8
4751	5
4752	9
4753	7
4754	2
4755	3
4756	4
4757	6
4758	6
4759	6
4760	7
4761	8
4762	9
4763	4
4764	2
4765	9
4766	4
4767	5
4768	5
4769	6
4770	5
4771	7
4772	6
4773	4
4774	4
4775	7
4776	3
4777	0
4778	5
4779	10
4780	7
4781	4
4782	7
4783	1
4784	8
4785	3
4786	7
4787	2
4788	4
4789	6
4790	7
4791	5
4792	3
4793	7
4794	6
4795	2
4796	9
4797	6
4798	7
4799	6
4800	3
4801	5
4802	11
4803	2
4804	4
4805	5
4806	1
4807	4
4808	1
4809	4
4810	1
4811	2
4812	3
4813	4
4814	8
4815	5
4816	7
4817	6
4818	9
4819	3
4820	9
4821	11
4822	2
4823	7
4824	1
4825	4
4826	11
4827	6
4828	11
4829	5
4830	4
4831	7
4832	2
4833	5
4834	5
4835	3
4836	7
4837	1
4838	5
4839	6
4840	4
4841	2
4842	3
4843	3
4844	6
4845	4
4846	3
4847	7
4848	7
4849	3
4850	4
4851	3
4852	5
4853	3
4854	6
4855	5
4856	8
4857	7
4858	5
4859	4
4860	3
4861	9
4862	10
4863	2
4864	2
4865	3
4866	9
4867	1
4868	4
4869	6
4870	5
4871	5
4872	3
4873	5
4874	8
4875	5
4876	4
4877	5
4878	4
4879	4
4880	5
4881	6
4882	2
4883	6
4884	4
4885	5
4886	3
4887	8
4888	3
4889	9
4890	6
4891	8
4892	9
4893	3
4894	3
4895	7
4896	9
4897	9
4898	5
4899	5
4900	3
4901	4
4902	6
4903	3
4904	7
4905	5
4906	7
4907	8
4908	6
4909	5
4910	5
4911	6
4912	2
4913	5
4914	4
4915	2
4916	4
4917	3
4918	5
4919	8
4920	4
4921	7
4922	3
4923	4
4924	8
4925	6
4926	8
4927	7
4928	7
4929	6
4930	5
4931	8
4932	6
4933	3
4934	5
4935	7
4936	6
4937	7
4938	4
4939	5
4940	7
4941	11
4942	6
4943	7
4944	3
4945	4
4946	2
4947	7
4948	6
4949	2
4950	3
4951	5
4952	4
4953	5
4954	8
4955	8
4956	4
4957	4
4958	4
4959	1
4960	4
4961	3
4962	4
4963	5
4964	3
4965	4
4966	2
4967	4
4968	5
4969	4
4970	7
4971	2
4972	10
4973	7
4974	4
4975	9
4976	4
4977	4
4978	2
4979	4
4980	6
4981	5
4982	6
4983	5
4984	4
4985	3
4986	5
4987	4
4988	4
4989	3
4990	5
4991	7
4992	4
4993	2
4994	4
4995	4
4996	0
4997	4
4998	4
4999	6
5000	7
5001	10
5002	8
5003	12
5004	2
5005	11
5006	1
5007	3
5008	6
5009	4
5010	5
5011	4
5012	3
5013	2
5014	5
5015	8
5016	9
5017	8
5018	5
5019	3
5020	5
5021	5
5022	9
5023	7
5024	6
5025	5
5026	4
5027	12
5028	6
5029	3
5030	8
5031	4
5032	8
5033	7
5034	5
5035	7
5036	3
5037	8
5038	6
5039	4
5040	6
5041	6
5042	8
5043	5
5044	5
5045	3
5046	10
5047	6
5048	3
5049	0
5050	5
5051	3
5052	4
5053	6
5054	8
5055	5
5056	7
5057	5
5058	5
5059	4
5060	7
5061	2
5062	6
5063	3
5064	3
5065	7
5066	4
5067	3
5068	6
5069	4
5070	7
5071	8
5072	2
5073	6
5074	4
5075	5
5076	6
5077	8
5078	7
5079	4
5080	7
5081	3
5082	10
5083	9
5084	3
5085	7
5086	7
5087	6
5088	8
5089	3
5090	4
5091	1
5092	5
5093	5
5094	6
5095	6
5096	4
5097	9
5098	5
5099	3
5100	6
5101	6
5102	4
5103	7
5104	6
5105	6
5106	7
5107	2
5108	6
5109	4
5110	7
5111	3
5112	7
5113	3
5114	5
5115	3
5116	5
5117	4
5118	8
5119	13
5120	5
5121	6
5122	3
5123	9
5124	5
5125	6
5126	1
5127	8
5128	4
5129	5
5130	4
5131	4
5132	5
5133	5
5134	10
5135	8
5136	5
5137	6
5138	6
5139	3
5140	3
5141	1
5142	5
5143	6
5144	5
5145	9
5146	7
5147	4
5148	5
5149	3
5150	3
5151	1
5152	13
5153	7
5154	6
5155	6
5156	2
5157	4
5158	7
5159	6
5160	6
5161	3
5162	3
5163	7
5164	11
5165	4
5166	2
5167	5
5168	6
5169	8
5170	6
5171	8
5172	4
5173	5
5174	6
5175	10
5176	3
5177	5
5178	6
5179	2
5180	5
5181	5
5182	5
5183	2
5184	5
5185	3
5186	7
5187	1
5188	6
5189	4
5190	8
5191	4
5192	4
5193	4
5194	8
5195	5
5196	3
5197	8
5198	10
5199	5
5200	4
5201	4
5202	7
5203	5
5204	7
5205	6
5206	5
5207	3
5208	8
5209	6
5210	5
5211	8
5212	6
5213	4
5214	3
5215	5
5216	4
5217	7
5218	6
5219	8
5220	3
5221	7
5222	4
5223	8
5224	5
5225	3
5226	7
5227	1
5228	7
5229	4
5230	4
5231	8
5232	4
5233	4
5234	4
5235	7
5236	2
5237	3
5238	9
5239	10
5240	4
5241	3
5242	4
5243	1
5244	7
5245	4
5246	4
5247	4
5248	6
5249	3
5250	1
5251	8
5252	6
5253	4
5254	2
5255	7
5256	1
5257	4
5258	10
5259	5
5260	8
5261	5
5262	3
5263	5
5264	7
5265	5
5266	2
5267	4
5268	8
5269	1
5270	4
5271	8
5272	5
5273	4
5274	4
5275	11
5276	3
5277	8
5278	5
5279	4
5280	5
5281	7
5282	6
5283	4
5284	1
5285	5
5286	6
5287	5
5288	4
5289	10
5290	9
5291	6
5292	9
5293	2
5294	5
5295	6
5296	3
5297	6
5298	7
5299	1
5300	7
5301	3
5302	5
5303	6
5304	5
5305	5
5306	4
5307	7
5308	4
5309	7
5310	5
5311	6
5312	6
5313	7
5314	5
5315	5
5316	7
5317	3
5318	3
5319	6
5320	7
5321	7
5322	5
5323	0
5324	3
5325	5
5326	2
5327	4
5328	7
5329	4
5330	8
5331	5
5332	3
5333	7
5334	5
5335	5
5336	3
5337	2
5338	2
5339	6
5340	5
5341	4
5342	4
5343	3
5344	4
5345	9
5346	2
5347	5
5348	5
5349	5
5350	3
5351	6
5352	6
5353	5
5354	4
5355	8
5356	6
5357	1
5358	6
5359	7
5360	8
5361	7
5362	2
5363	7
5364	7
5365	4
5366	3
5367	5
5368	6
5369	6
5370	3
5371	1
5372	10
5373	5
5374	6
5375	4
5376	4
5377	6
5378	10
5379	5
5380	3
5381	9
5382	9
5383	7
5384	3
5385	5
5386	4
5387	5
5388	5
5389	5
5390	7
5391	5
5392	3
5393	7
5394	5
5395	6
5396	3
5397	4
5398	4
5399	4
5400	12
5401	6
5402	7
5403	1
5404	2
5405	6
5406	3
5407	5
5408	5
5409	8
5410	5
5411	7
5412	3
5413	8
5414	3
5415	4
5416	11
5417	5
5418	4
5419	3
5420	0
5421	1
5422	6
5423	7
5424	4
5425	8
5426	6
5427	5
5428	3
5429	6
5430	6
5431	2
5432	2
5433	4
5434	5
5435	3
5436	2
5437	6
5438	5
5439	3
5440	8
5441	3
5442	3
5443	6
5444	4
5445	5
5446	6
5447	5
5448	3
5449	4
5450	3
5451	7
5452	7
5453	6
5454	5
5455	9
5456	6
5457	3
5458	5
5459	5
5460	6
5461	6
5462	1
5463	4
5464	3
5465	4
5466	6
5467	2
5468	3
5469	8
5470	4
5471	2
5472	7
5473	3
5474	4
5475	4
5476	6
5477	3
5478	7
5479	4
5480	5
5481	9
5482	3
5483	6
5484	8
5485	9
5486	3
5487	4
5488	7
5489	5
5490	4
5491	3
5492	2
5493	4
5494	3
5495	3
5496	5
5497	3
5498	1
5499	3
5500	5
5501	2
5502	4
5503	10
5504	5
5505	6
5506	5
5507	4
5508	3
5509	3
5510	7
5511	5
5512	4
5513	7
5514	5
5515	4
5516	5
5517	4
5518	5
5519	5
5520	8
5521	4
5522	4
5523	2
5524	6
5525	4
5526	6
5527	6
5528	5
5529	5
5530	3
5531	3
5532	1
5533	2
5534	5
5535	2
5536	6
5537	2
5538	8
5539	6
5540	6
5541	4
5542	3
5543	2
5544	6
5545	7
5546	5
5547	6
5548	6
5549	4
5550	4
5551	7
5552	6
5553	6
5554	3
5555	3
5556	7
5557	3
5558	7
5559	6
5560	7
5561	4
5562	4
5563	4
5564	3
5565	3
5566	5
5567	6
5568	7
5569	3
5570	6
5571	2
5572	8
5573	3
5574	2
5575	9
5576	8
5577	8
5578	5
5579	7
5580	5
5581	9
5582	0
5583	5
5584	3
5585	8
5586	3
5587	7
5588	1
5589	6
5590	9
5591	3
5592	5
5593	4
5594	5
5595	6
5596	8
5597	3
5598	13
5599	4
5600	5
5601	2
5602	6
5603	4
5604	8
5605	4
5606	6
5607	3
5608	7
5609	5
5610	6
5611	1
5612	8
5613	2
5614	9
5615	5
5616	2
5617	7
5618	4
5619	5
5620	9
5621	3
5622	4
5623	0
5624	5
5625	5
5626	4
5627	6
5628	4
5629	4
5630	1
5631	1
5632	4
5633	6
5634	8
5635	8
5636	5
5637	5
5638	7
5639	3
5640	5
5641	5
5642	4
5643	6
5644	6
5645	7
5646	4
5647	3
5648	2
5649	7
5650	6
5651	6
5652	5
5653	5
5654	4
5655	6
5656	6
5657	3
5658	3
5659	4
5660	2
5661	5
5662	7
5663	1
5664	5
5665	4
5666	2
5667	1
5668	5
5669	1
5670	3
5671	10
5672	8
5673	7
5674	4
5675	5
5676	3
5677	7
5678	2
5679	5
5680	4
5681	6
5682	10
5683	7
5684	7
5685	6
5686	5
5687	10
5688	4
5689	8
5690	2
5691	3
5692	4
5693	10
5694	3
5695	7
5696	3
5697	6
5698	8
5699	6
5700	4
5701	4
5702	4
5703	6
5704	1
5705	2
5706	6
5707	6
5708	3
5709	5
5710	6
5711	6
5712	7
5713	3
5714	6
5715	5
5716	5
5717	2
5718	6
5719	7
5720	5
5721	2
5722	3
5723	6
5724	4
5725	10
5726	5
5727	4
5728	3
5729	5
5730	6
5731	5
5732	6
5733	3
5734	5
5735	6
5736	2
5737	2
5738	2
5739	4
5740	8
5741	5
5742	3
5743	3
5744	3
5745	4
5746	7
5747	5
5748	3
5749	7
5750	1
5751	3
5752	2
5753	2
5754	5
5755	2
5756	12
5757	3
5758	4
5759	7
5760	3
5761	5
5762	6
5763	6
5764	6
5765	2
5766	4
5767	4
5768	7
5769	3
5770	8
5771	7
5772	6
5773	6
5774	6
5775	4
5776	5
5777	6
5778	4
5779	6
5780	4
5781	3
5782	2
5783	4
5784	5
5785	3
5786	5
5787	7
5788	5
5789	2
5790	3
5791	3
5792	1
5793	3
5794	4
5795	8
5796	3
5797	3
5798	2
5799	4
5800	3
5801	3
5802	5
5803	5
5804	5
5805	2
5806	5
5807	8
5808	3
5809	6
5810	2
5811	4
5812	4
5813	6
5814	4
5815	3
5816	3
5817	6
5818	5
5819	7
5820	4
5821	1
5822	8
5823	4
5824	3
5825	9
5826	4
5827	4
5828	7
5829	8
5830	5
5831	4
5832	4
5833	11
5834	5
5835	2
5836	4
5837	2
5838	5
5839	2
5840	1
5841	5
5842	3
5843	8
5844	9
5845	3
5846	4
5847	4
5848	1
5849	8
5850	9
5851	9
5852	4
5853	4
5854	6
5855	3
5856	5
5857	4
5858	7
5859	4
5860	9
5861	4
5862	6
5863	3
5864	4
5865	4
5866	7
5867	2
5868	2
5869	8
5870	6
5871	3
5872	5
5873	7
5874	2
5875	6
5876	0
5877	5
5878	5
5879	2
5880	5
5881	4
5882	4
5883	4
5884	2
5885	7
5886	9
5887	10
5888	9
5889	4
5890	5
5891	2
5892	5
5893	2
5894	4
5895	3
5896	5
5897	6
5898	8
5899	5
5900	3
5901	4
5902	6
5903	10
5904	5
5905	1
5906	2
5907	3
5908	6
5909	8
5910	5
5911	5
5912	4
5913	1
5914	4
5915	10
5916	5
5917	6
5918	4
5919	8
5920	2
5921	5
5922	6
5923	4
5924	3
5925	14
5926	8
5927	7
5928	5
5929	6
5930	9
5931	7
5932	8
5933	3
5934	2
5935	6
5936	7
5937	3
5938	4
5939	4
5940	9
5941	9
5942	1
5943	4
5944	5
5945	4
5946	4
5947	4
5948	2
5949	7
5950	1
5951	4
5952	3
5953	6
5954	3
5955	3
5956	6
5957	4
5958	5
5959	3
5960	7
5961	6
5962	7
5963	6
5964	5
5965	3
5966	8
5967	5
5968	3
5969	5
5970	2
5971	5
5972	10
5973	4
5974	6
5975	5
5976	3
5977	4
5978	4
5979	2
5980	1
5981	4
5982	5
5983	9
5984	5
5985	3
5986	5
5987	5
5988	4
5989	2
5990	5
5991	2
5992	3
5993	12
5994	6
5995	3
5996	6
5997	3
5998	6
5999	4
6000	6
6001	3
6002	3
6003	5
6004	4
6005	5
6006	3
6007	3
6008	7
6009	3
6010	7
6011	2
6012	3
6013	4
6014	1
6015	4
6016	3
6017	4
6018	8
6019	3
6020	5
6021	1
6022	3
6023	4
6024	7
6025	9
6026	7
6027	5
6028	2
6029	5
6030	4
6031	2
6032	6
6033	9
6034	4
6035	4
6036	1
6037	4
6038	5
6039	10
6040	7
6041	5
6042	3
6043	6
6044	6
6045	5
6046	2
6047	3
6048	5
6049	5
6050	6
6051	5
6052	8
6053	5
6054	7
6055	6
6056	5
6057	9
6058	2
6059	6
6060	3
6061	5
6062	6
6063	8
6064	4
6065	4
6066	6
6067	2
6068	6
6069	4
6070	4
6071	2
6072	7
6073	9
6074	7
6075	1
6076	6
6077	3
6078	8
6079	7
6080	5
6081	3
6082	2
6083	7
6084	8
6085	5
6086	8
6087	4
6088	5
6089	2
6090	2
6091	4
6092	7
6093	4
6094	1
6095	7
6096	4
6097	3
6098	5
6099	4
6100	6
6101	7
6102	8
6103	5
6104	6
6105	3
6106	3
6107	6
6108	7
6109	3
6110	10
6111	9
6112	7
6113	5
6114	6
6115	3
6116	7
6117	7
6118	3
6119	3
6120	1
6121	8
6122	5
6123	6
6124	6
6125	5
6126	5
6127	8
6128	3
6129	5
6130	4
6131	6
6132	6
6133	8
6134	5
6135	7
6136	7
6137	3
6138	3
6139	5
6140	7
6141	8
6142	5
6143	6
6144	8
6145	4
6146	5
6147	4
6148	7
6149	4
6150	5
6151	10
6152	5
6153	6
6154	2
6155	9
6156	8
6157	7
6158	6
6159	4
6160	3
6161	6
6162	7
6163	7
6164	3
6165	1
6166	12
6167	5
6168	4
6169	3
6170	7
6171	5
6172	5
6173	4
6174	10
6175	5
6176	1
6177	6
6178	6
6179	4
6180	2
6181	3
6182	3
6183	7
6184	3
6185	5
6186	8
6187	5
6188	4
6189	3
6190	6
6191	6
6192	1
6193	5
6194	6
6195	6
6196	10
6197	3
6198	5
6199	3
6200	3
6201	4
6202	4
6203	6
6204	4
6205	5
6206	5
6207	7
6208	7
6209	1
6210	9
6211	1
6212	6
6213	4
6214	6
6215	5
6216	7
6217	11
6218	5
6219	17
6220	4
6221	9
6222	6
6223	4
6224	4
6225	6
6226	7
6227	7
6228	9
6229	5
6230	8
6231	2
6232	5
6233	5
6234	6
6235	6
6236	9
6237	4
6238	4
6239	8
6240	4
6241	4
6242	8
6243	5
6244	9
6245	3
6246	7
6247	9
6248	3
6249	12
6250	13
6251	4
6252	10
6253	9
6254	4
6255	7
6256	8
6257	13
6258	7
6259	7
6260	5
6261	4
6262	6
6263	5
6264	5
6265	9
6266	9
6267	5
6268	7
6269	4
6270	6
6271	5
6272	3
6273	10
6274	5
6275	13
6276	6
6277	6
6278	6
6279	5
6280	5
6281	8
6282	6
6283	2
6284	10
6285	6
6286	7
6287	3
6288	6
6289	3
6290	8
6291	7
6292	5
6293	5
6294	7
6295	6
6296	5
6297	8
6298	14
6299	7
6300	2
6301	11
6302	17
6303	4
6304	6
6305	8
6306	8
6307	4
6308	7
6309	7
6310	10
6311	7
6312	10
6313	5
6314	5
6315	11
6316	7
6317	8
6318	7
6319	5
6320	3
6321	7
6322	4
6323	8
6324	9
6325	7
6326	7
6327	6
6328	8
6329	4
6330	4
6331	10
6332	6
6333	5
6334	10
6335	11
6336	5
6337	8
6338	7
6339	6
6340	6
6341	2
6342	10
6343	13
6344	6
6345	6
6346	7
6347	7
6348	5
6349	9
6350	10
6351	2
6352	6
6353	7
6354	8
6355	9
6356	2
6357	15
6358	7
6359	7
6360	13
6361	5
6362	8
6363	4
6364	11
6365	5
6366	8
6367	6
6368	7
6369	4
6370	9
6371	4
6372	8
6373	8
6374	5
6375	5
6376	3
6377	9
6378	7
6379	2
6380	7
6381	8
6382	7
6383	13
6384	5
6385	9
6386	9
6387	6
6388	4
6389	4
6390	9
6391	7
6392	5
6393	5
6394	12
6395	3
6396	10
6397	3
6398	11
6399	6
6400	12
6401	12
6402	8
6403	6
6404	7
6405	4
6406	10
6407	7
6408	8
6409	8
6410	8
6411	11
6412	9
6413	8
6414	9
6415	10
6416	8
6417	9
6418	6
6419	5
6420	4
6421	6
6422	7
6423	7
6424	5
6425	7
6426	8
6427	11
6428	7
6429	4
6430	13
6431	13
6432	10
6433	5
6434	7
6435	12
6436	10
6437	4
6438	4
6439	10
6440	8
6441	4
6442	7
6443	9
6444	9
6445	8
6446	9
6447	7
6448	6
6449	4
6450	4
6451	7
6452	8
6453	6
6454	7
6455	5
6456	9
6457	8
6458	4
6459	8
6460	14
6461	5
6462	11
6463	10
6464	12
6465	8
6466	5
6467	6
6468	8
6469	5
6470	12
6471	12
6472	6
6473	9
6474	10
6475	6
6476	3
6477	5
6478	4
6479	11
6480	8
6481	4
6482	8
6483	6
6484	10
6485	8
6486	8
6487	7
6488	9
6489	7
6490	9
6491	4
6492	17
6493	3
6494	7
6495	11
6496	12
6497	8
6498	7
6499	8
6500	7
6501	7
6502	9
6503	6
6504	8
6505	8
6506	8
6507	8
6508	3
6509	9
6510	5
6511	9
6512	8
6513	9
6514	11
6515	9
6516	11
6517	7
6518	7
6519	11
6520	6
6521	9
6522	9
6523	10
6524	5
6525	5
6526	9
6527	5
6528	7
6529	9
6530	6
6531	10
6532	6
6533	9
6534	11
6535	4
6536	7
6537	10
6538	2
6539	2
6540	10
6541	7
6542	9
6543	9
6544	8
6545	7
6546	7
6547	5
6548	11
6549	6
6550	7
6551	4
6552	8
6553	8
6554	9
6555	7
6556	5
6557	6
6558	11
6559	6
6560	9
6561	5
6562	6
6563	4
6564	10
6565	6
6566	8
6567	2
6568	7
6569	6
6570	8
6571	7
6572	10
6573	10
6574	10
6575	7
6576	8
6577	8
6578	15
6579	10
6580	11
6581	3
6582	10
6583	7
6584	7
6585	6
6586	13
6587	8
6588	6
6589	8
6590	9
6591	10
6592	4
6593	7
6594	7
6595	11
6596	12
6597	7
6598	3
6599	7
6600	8
6601	5
6602	6
6603	5
6604	8
6605	8
6606	12
6607	8
6608	9
6609	11
6610	6
6611	11
6612	8
6613	7
6614	5
6615	7
6616	6
6617	10
6618	5
6619	6
6620	4
6621	5
6622	8
6623	7
6624	12
6625	8
6626	5
6627	4
6628	8
6629	3
6630	7
6631	7
6632	7
6633	8
6634	6
6635	7
6636	4
6637	5
6638	6
6639	9
6640	6
6641	8
6642	7
6643	5
6644	6
6645	6
6646	4
6647	7
6648	5
6649	2
6650	1
6651	2
6652	12
6653	6
6654	6
6655	4
6656	5
6657	5
6658	5
6659	8
6660	5
6661	4
6662	4
6663	6
6664	3
6665	3
6666	4
6667	6
6668	10
6669	4
6670	4
6671	6
6672	4
6673	9
6674	10
6675	4
6676	7
6677	4
6678	7
6679	4
6680	8
6681	6
6682	5
6683	9
6684	2
6685	4
6686	7
6687	9
6688	2
6689	8
6690	4
6691	4
6692	5
6693	3
6694	9
6695	9
6696	3
6697	3
6698	2
6699	5
6700	5
6701	6
6702	5
6703	2
6704	3
6705	2
6706	6
6707	5
6708	1
6709	5
6710	3
6711	9
6712	3
6713	3
6714	7
6715	4
6716	4
6717	2
6718	5
6719	6
6720	5
6721	7
6722	5
6723	6
6724	8
6725	6
6726	7
6727	4
6728	6
6729	6
6730	3
6731	5
6732	5
6733	6
6734	7
6735	5
6736	5
6737	3
6738	2
6739	4
6740	4
6741	3
6742	10
6743	6
6744	9
6745	6
6746	2
6747	2
6748	6
6749	3
6750	2
6751	3
6752	5
6753	8
6754	3
6755	6
6756	6
6757	0
6758	9
6759	2
6760	5
6761	4
6762	3
6763	7
6764	3
6765	3
6766	5
6767	0
6768	7
6769	6
6770	4
6771	1
6772	7
6773	5
6774	4
6775	9
6776	1
6777	4
6778	3
6779	5
6780	3
6781	6
6782	2
6783	2
6784	2
6785	4
6786	6
6787	8
6788	3
6789	4
6790	6
6791	1
6792	5
6793	5
6794	3
6795	2
6796	5
6797	3
6798	2
6799	3
6800	7
6801	1
6802	1
6803	3
6804	3
6805	3
6806	1
6807	1
6808	3
6809	3
6810	4
6811	4
6812	2
6813	4
6814	4
6815	2
6816	2
6817	9
6818	2
6819	3
6820	4
6821	4
6822	5
6823	5
6824	3
6825	2
6826	3
6827	3
6828	4
6829	2
6830	0
6831	3
6832	2
6833	1
6834	5
6835	3
6836	3
6837	1
6838	6
6839	3
6840	1
6841	6
6842	3
6843	3
6844	0
6845	4
6846	1
6847	2
6848	2
6849	0
6850	2
6851	2
6852	3
6853	4
6854	6
6855	2
6856	3
6857	2
6858	1
6859	4
6860	7
6861	4
6862	2
6863	3
6864	4
6865	2
6866	1
6867	3
6868	2
6869	1
6870	2
6871	3
6872	5
6873	2
6874	4
6875	1
6876	4
6877	3
6878	1
6879	5
6880	3
6881	0
6882	0
6883	1
6884	1
6885	3
6886	1
6887	5
6888	0
6889	1
6890	2
6891	1
6892	2
6893	1
6894	1
6895	2
6896	1
6897	3
6898	1
6899	1
6900	1
6901	1
6902	0
6903	1
6904	1
6905	1
6906	2
6907	5
6908	1
6909	2
6910	1
6911	1
6912	2
6913	0
6914	1
6915	3
6916	1
6917	0
6918	4
6919	3
6920	2
6921	3
6922	1
6923	4
6924	5
6925	3
6926	1
6927	3
6928	1
6929	2
6930	0
6931	0
6932	0
6933	3
6934	3
6935	0
6936	0
6937	0
6938	0
6939	1
6940	0
6941	2
6942	0
6943	3
6944	1
6945	3
6946	3
6947	2
6948	1
6949	0
6950	0
6951	2
6952	1
6953	0
6954	1
6955	2
6956	1
6957	1
6958	0
6959	0
6960	3
6961	4
6962	0
6963	2
6964	2
6965	0
6966	1
6967	0
6968	1
6969	1
6970	2
6971	0
6972	1
6973	0
6974	1
6975	1
6976	2
6977	0
6978	0
6979	0
6980	3
6981	0
6982	1
6983	0
6984	0
6985	1
6986	0
6987	1
6988	0
6989	2
6990	0
6991	1
6992	3
6993	2
6994	1
6995	1
6996	0
6997	1
6998	1
6999	0
7000	0
7001	1
7002	0
7003	0
7004	1
7005	1
7006	2
7007	1
7008	1
7009	2
7010	1
7011	3
7012	0
7013	1
7014	0
7015	0
7016	0
7017	2
7018	2
7019	0
7020	2
7021	0
7022	0
7023	0
7024	0
7025	2
7026	0
7027	1
7028	2
7029	1
7030	0
7031	1
7032	0
7033	2
7034	1
7035	1
7036	2
7037	0
7038	0
7039	0
7040	0
7041	0
7042	1
7043	0
7044	1
7045	0
7046	1
7047	0
7048	2
7049	1
7050	2
7051	2
7052	1
7053	1
7054	0
7055	0
7056	3
7057	1
7058	0
7059	2
7060	0
7061	0
7062	0
7063	1
7064	1
7065	0
7066	1
7067	1
7068	2
7069	0
7070	0
7071	0
7072	0
7073	0
7074	3
7075	0
7076	2
7077	2
7078	2
7079	0
7080	1
7081	1
7082	0
7083	1
7084	1
7085	0
7086	0
7087	0
7088	0
7089	0
7090	1
7091	2
7092	1
7093	1
7094	1
7095	0
7096	1
7097	0
7098	0
7099	0
7100	1
7101	1
7102	1
7103	1
7104	2
7105	1
7106	1
7107	0
7108	0
7109	1
7110	0
7111	0
7112	2
7113	2
7114	0
7115	0
7116	0
7117	1
7118	1
7119	0
7120	0
7121	1
7122	0
7123	1
7124	2
7125	1
7126	0
7127	0
7128	1
7129	1
7130	0
7131	0
7132	0
7133	0
7134	0
7135	0
7136	1
7137	1
7138	2
7139	2
7140	1
7141	3
7142	0
7143	0
7144	2
7145	2
7146	0
7147	1
7148	2
7149	0
7150	0
7151	3
7152	2
7153	1
7154	1
7155	1
7156	0
7157	0
7158	1
7159	0
7160	0
7161	3
7162	0
7163	1
7164	1
7165	4
7166	0
7167	0
7168	1
7169	1
7170	2
7171	0
7172	0
7173	0
7174	0
7175	0
7176	3
7177	0
7178	1
7179	0
7180	0
7181	0
7182	1
7183	4
7184	2
7185	0
7186	0
7187	0
7188	0
7189	2
7190	0
7191	0
7192	0
7193	0
7194	0
7195	1
7196	1
7197	0
7198	2
7199	2
7200	1
7201	1
7202	2
7203	0
7204	1
7205	0
7206	0
7207	0
7208	0
7209	0
7210	0
7211	0
7212	0
7213	0
7214	0
7215	1
7216	0
7217	0
7218	0
7219	0
7220	0
7221	0
7222	1
7223	2
7224	0
7225	0
7226	0
7227	2
7228	2
7229	1
7230	0
7231	0
7232	1
7233	0
7234	1
7235	0
7236	0
7237	0
7238	1
7239	0
7240	0
7241	0
7242	0
7243	0
7244	0
7245	0
7246	0
7247	1
7248	0
7249	0
7250	1
7251	2
7252	0
7253	0
7254	0
7255	0
7256	1
7257	0
7258	1
7259	0
7260	0
7261	0
7262	0
7263	0
7264	0
7265	0
7266	1
7267	0
7268	0
7269	0
7270	0
7271	0
7272	1
7273	0
7274	1
7275	0
7276	0
7277	1
7278	1
7279	0
7280	0
7281	0
7282	0
7283	1
7284	1
7285	1
7286	2
7287	1
7288	0
7289	1
7290	3
7291	1
7292	0
7293	0
7294	0
7295	0
7296	1
7297	1
7298	0
7299	0
7300	0
7301	1
7302	1
7303	1
7304	1
7305	0
7306	1
7307	1
7308	0
7309	1
7310	1
7311	0
7312	2
7313	1
7314	1
7315	1
7316	1
7317	0
7318	0
7319	0
7320	0
7321	0
7322	1
7323	0
7324	0
7325	1
7326	0
7327	1
7328	0
7329	0
7330	3
7331	1
7332	1
7333	0
7334	1
7335	2
7336	0
7337	1
7338	0
7339	1
7340	1
7341	1
7342	0
7343	0
7344	2
7345	0
7346	1
7347	0
7348	0
7349	0
7350	1
7351	1
7352	0
7353	0
7354	0
7355	1
7356	0
7357	0
7358	1
7359	1
7360	0
7361	0
7362	0
7363	0
7364	0
7365	0
7366	0
7367	0
7368	1
7369	1
7370	1
7371	1
7372	1
7373	1
7374	1
7375	0
7376	1
7377	1
7378	1
7379	0
7380	2
7381	0
7382	0
7383	0
7384	0
7385	0
7386	0
7387	0
7388	1
7389	0
7390	0
7391	0
7392	0
7393	2
7394	1
7395	0
7396	1
7397	0
7398	1
7399	0
7400	1
7401	1
7402	1
7403	0
7404	0
7405	0
7406	1
7407	1
7408	1
7409	1
7410	0
7411	0
7412	0
7413	0
7414	1
7415	0
7416	1
7417	1
7418	1
7419	1
7420	1
7421	0
7422	0
7423	0
7424	1
7425	0
7426	0
7427	0
7428	0
7429	0
7430	1
7431	1
7432	1
7433	1
7434	1
7435	0
7436	0
7437	0
7438	0
7439	2
7440	3
7441	0
7442	2
7443	1
7444	1
7445	1
7446	0
7447	0
7448	1
7449	0
7450	2
7451	1
7452	2
7453	3
7454	1
7455	1
7456	0
7457	0
7458	2
7459	1
7460	1
7461	0
7462	0
7463	2
7464	2
7465	0
7466	1
7467	1
7468	1
7469	1
7470	2
7471	1
7472	1
7473	0
7474	1
7475	2
7476	0
7477	1
7478	1
7479	1
7480	0
7481	0
7482	0
7483	0
7484	1
7485	0
7486	1
7487	2
7488	1
7489	0
7490	0
7491	1
7492	0
7493	0
7494	0
7495	1
7496	2
7497	0
7498	0
7499	0
7500	1
7501	0
7502	0
7503	1
7504	0
7505	1
7506	1
7507	0
7508	1
7509	0
7510	0
7511	1
7512	0
7513	1
7514	0
7515	0
7516	0
7517	1
7518	0
7519	1
7520	0
7521	0
7522	3
7523	0
7524	1
7525	0
7526	1
7527	0
7528	1
7529	0
7530	0
7531	0
7532	0
7533	0
7534	0
7535	4
7536	0
7537	0
7538	0
7539	1
7540	1
7541	0
7542	2
7543	0
7544	1
7545	0
7546	0
7547	0
7548	1
7549	0
7550	0
7551	1
7552	0
7553	1
7554	0
7555	1
7556	0
7557	0
7558	0
7559	1
7560	0
7561	0
7562	0
7563	0
7564	0
7565	1
7566	0
7567	1
7568	0
7569	1
7570	0
7571	0
7572	1
7573	1
7574	0
7575	0
7576	1
7577	0
7578	2
7579	0
7580	0
7581	1
7582	0
7583	0
7584	0
7585	1
7586	1
7587	1
7588	1
7589	1
7590	0
7591	0
7592	1
7593	1
7594	2
7595	0
7596	0
7597	4
7598	1
7599	0
7600	0
7601	1
7602	0
7603	0
7604	0
7605	1
7606	0
7607	1
7608	0
7609	1
7610	1
7611	0
7612	2
7613	0
7614	0
7615	0
7616	0
7617	0
7618	2
7619	2
7620	0
7621	0
7622	1
7623	0
7624	0
7625	1
7626	0
7627	2
7628	0
7629	1
7630	1
7631	0
7632	2
7633	0
7634	0
7635	0
7636	3
7637	1
7638	0
7639	0
7640	1
7641	2
7642	1
7643	1
7644	1
7645	1
7646	1
7647	0
7648	0
7649	1
7650	0
7651	0
7652	0
7653	1
7654	1
7655	0
7656	3
7657	0
7658	1
7659	0
7660	0
7661	1
7662	2
7663	0
7664	0
7665	0
7666	1
7667	1
7668	0
7669	1
7670	0
7671	2
7672	0
7673	0
7674	0
7675	1
7676	1
7677	0
7678	1
7679	0
7680	1
7681	0
7682	0
7683	0
7684	0
7685	0
7686	1
7687	0
7688	2
7689	0
7690	1
7691	0
7692	0
7693	0
7694	0
7695	1
7696	1
7697	2
7698	0
7699	1
7700	1
7701	0
7702	0
7703	0
7704	0
7705	1
7706	0
7707	0
7708	1
7709	0
7710	2
7711	0
7712	0
7713	0
7714	0
7715	1
7716	1
7717	0
7718	1
7719	1
7720	0
7721	0
7722	0
7723	0
7724	0
7725	1
7726	1
7727	0
7728	0
7729	0
7730	1
7731	1
7732	0
7733	1
7734	0
7735	0
7736	0
7737	0
7738	0
7739	0
7740	1
7741	0
7742	0
7743	1
7744	1
7745	0
7746	1
7747	1
7748	0
7749	1
7750	3
7751	0
7752	1
7753	0
7754	0
7755	0
7756	1
7757	1
7758	1
7759	0
7760	0
7761	0
7762	0
7763	1
7764	0
7765	0
7766	0
7767	0
7768	0
7769	0
7770	0
7771	0
7772	2
7773	0
7774	0
7775	1
7776	0
7777	0
7778	0
7779	0
7780	1
7781	0
7782	0
7783	0
7784	3
7785	0
7786	0
7787	1
7788	1
7789	0
7790	0
7791	0
7792	1
7793	0
7794	0
7795	0
7796	1
7797	0
7798	0
7799	1
7800	0
7801	0
7802	0
7803	0
7804	0
7805	0
7806	2
7807	0
7808	0
7809	0
7810	2
7811	0
7812	1
7813	0
7814	1
7815	0
7816	0
7817	0
7818	2
7819	1
7820	0
7821	1
7822	0
7823	0
7824	0
7825	0
7826	1
7827	2
7828	0
7829	0
7830	0
7831	0
7832	0
7833	0
7834	2
7835	0
7836	1
7837	0
7838	1
7839	0
7840	0
7841	2
7842	1
7843	0
7844	1
7845	2
7846	1
7847	2
7848	1
7849	0
7850	0
7851	0
7852	0
7853	0
7854	0
7855	1
7856	0
7857	0
7858	0
7859	0
7860	0
7861	0
7862	1
7863	0
7864	1
7865	1
7866	2
7867	0
7868	0
7869	0
7870	0
7871	2
7872	1
7873	1
7874	0
7875	0
7876	0
7877	0
7878	0
7879	3
7880	1
7881	0
7882	0
7883	1
7884	0
7885	0
7886	0
7887	0
7888	1
7889	0
7890	0
7891	0
7892	0
7893	2
7894	0
7895	1
7896	0
7897	0
7898	0
7899	1
7900	0
7901	2
7902	0
7903	0
7904	0
7905	1
7906	1
7907	1
7908	2
7909	0
7910	0
7911	0
7912	2
7913	1
7914	1
7915	0
7916	1
7917	0
7918	1
7919	1
7920	0
7921	0
7922	1
7923	0
7924	0
7925	1
7926	0
7927	0
7928	1
7929	1
7930	1
7931	1
7932	1
7933	0
7934	0
7935	2
7936	0
7937	1
7938	0
7939	1
7940	0
7941	4
7942	0
7943	1
7944	0
7945	0
7946	1
7947	0
7948	0
7949	0
7950	1
7951	0
7952	0
7953	0
7954	0
7955	1
7956	0
7957	1
7958	0
7959	0
7960	0
7961	2
7962	2
7963	1
7964	1
7965	2
7966	2
7967	1
7968	0
7969	0
7970	1
7971	1
7972	1
7973	0
7974	1
7975	1
7976	1
7977	0
7978	1
7979	1
7980	0
7981	0
7982	0
7983	1
7984	0
7985	0
7986	0
7987	0
7988	2
7989	1
7990	0
7991	1
7992	1
7993	0
7994	0
7995	0
7996	0
7997	0
7998	0
7999	0
8000	0
8001	1
8002	0
8003	0
8004	2
8005	0
8006	0
8007	2
8008	0
8009	1
8010	0
8011	1
8012	2
8013	1
8014	0
8015	0
8016	0
8017	0
8018	1
8019	0
8020	1
8021	0
8022	0
8023	1
8024	1
8025	0
8026	0
8027	0
8028	0
8029	0
8030	0
8031	0
8032	0
8033	0
8034	0
8035	1
8036	0
8037	0
8038	0
8039	2
8040	0
8041	0
8042	0
8043	0
8044	0
8045	1
8046	0
8047	0
8048	1
8049	0
8050	0
8051	0
8052	1
8053	1
8054	0
8055	0
8056	0
8057	0
8058	2
8059	0
8060	0
8061	1
8062	0
8063	0
8064	0
8065	0
8066	1
8067	1
8068	1
8069	0
8070	0
8071	0
8072	0
8073	0
8074	0
8075	1
8076	0
8077	0
8078	0
8079	0
8080	0
8081	0
8082	0
8083	0
8084	0
8085	0
8086	0
8087	0
8088	0
8089	0
8090	0
8091	0
8092	0
8093	0
8094	0
8095	0
8096	0
8097	0
8098	0
8099	0
8100	0
8101	0
8102	0
8103	0
8104	0
8105	0
8106	0
8107	0
8108	0
8109	0
8110	0
8111	0
8112	0
8113	0
8114	0
8115	0
8116	0
8117	0
8118	0
8119	0
8120	0
8121	0
8122	0
8123	0
8124	0
8125	0
8126	0
8127	0
8128	0
8129	0
8130	0
8131	0
8132	0
8133	0
8134	0
8135	0
8136	0
8137	0
8138	0
8139	0
8140	0
8141	0
8142	0
8143	0
8144	0
8145	0
8146	0
8147	0
8148	0
8149	0
8150	0
8151	0
8152	0
8153	0
8154	0
8155	0
8156	0
8157	0
8158	0
8159	0
8160	0
8161	0
8162	0
8163	0
8164	0
8165	0
8166	0
8167	0
8168	0
8169	0
8170	0
8171	0
8172	0
8173	0
8174	0
8175	0
8176	0
8177	0
8178	0
8179	0
8180	0
8181	0
8182	0
8183	0
8184	0
8185	0
8186	0
8187	0
8188	0
8189	0
8190	0
8191	0
