0	22
1	0
2	0
3	2
4	1
5	2
6	1
7	0
8	1
9	0
10	0
11	0
12	0
13	1
14	0
15	1
16	0
17	0
18	1
19	1
20	1
21	1
22	2
23	1
24	2
25	0
26	0
27	0
28	0
29	1
30	0
31	0
32	0
33	1
34	0
35	3
36	0
37	2
38	1
39	0
40	0
41	0
42	1
43	0
44	0
45	2
46	3
47	0
48	0
49	1
50	0
51	2
52	1
53	1
54	0
55	1
56	0
57	0
58	1
59	1
60	1
61	0
62	1
63	0
64	1
65	0
66	0
67	1
68	0
69	1
70	2
71	2
72	0
73	0
74	0
75	0
76	1
77	0
78	0
79	0
80	1
81	0
82	0
83	0
84	0
85	2
86	8
87	9
88	13
89	9
90	12
91	16
92	8
93	5
94	4
95	9
96	6
97	7
98	3
99	11
100	4
101	5
102	4
103	5
104	7
105	6
106	6
107	8
108	4
109	7
110	5
111	7
112	7
113	3
114	5
115	5
116	6
117	3
118	6
119	4
120	2
121	8
122	7
123	8
124	5
125	5
126	8
127	12
128	10
129	2
130	10
131	9
132	6
133	5
134	5
135	11
136	5
137	6
138	7
139	6
140	4
141	9
142	7
143	9
144	4
145	2
146	11
147	6
148	3
149	2
150	10
151	8
152	6
153	5
154	7
155	7
156	11
157	9
158	6
159	9
160	7
161	3
162	7
163	9
164	6
165	4
166	6
167	3
168	12
169	6
170	6
171	10
172	10
173	6
174	9
175	4
176	7
177	6
178	11
179	5
180	4
181	10
182	9
183	7
184	9
185	6
186	4
187	9
188	8
189	8
190	11
191	6
192	6
193	6
194	7
195	8
196	10
197	5
198	6
199	4
200	6
201	6
202	8
203	5
204	5
205	3
206	10
207	5
208	9
209	7
210	7
211	10
212	5
213	12
214	5
215	10
216	3
217	4
218	5
219	7
220	2
221	7
222	5
223	10
224	5
225	5
226	5
227	5
228	6
229	3
230	5
231	7
232	5
233	7
234	10
235	5
236	7
237	4
238	5
239	6
240	2
241	6
242	4
243	4
244	6
245	6
246	5
247	8
248	3
249	9
250	4
251	6
252	4
253	3
254	9
255	7
256	8
257	9
258	0
259	9
260	6
261	6
262	5
263	11
264	6
265	7
266	4
267	6
268	7
269	5
270	4
271	3
272	9
273	10
274	6
275	6
276	8
277	6
278	8
279	4
280	8
281	13
282	5
283	8
284	8
285	6
286	4
287	6
288	5
289	5
290	9
291	7
292	7
293	13
294	6
295	7
296	5
297	3
298	5
299	8
300	7
301	4
302	6
303	9
304	7
305	9
306	8
307	7
308	5
309	5
310	10
311	5
312	3
313	14
314	10
315	8
316	6
317	4
318	2
319	5
320	4
321	7
322	8
323	9
324	7
325	8
326	7
327	4
328	9
329	6
330	5
331	9
332	6
333	6
334	7
335	7
336	8
337	5
338	8
339	4
340	1
341	9
342	8
343	9
344	5
345	7
346	4
347	6
348	9
349	7
350	6
351	5
352	7
353	8
354	5
355	9
356	5
357	6
358	4
359	6
360	6
361	9
362	8
363	6
364	8
365	8
366	9
367	8
368	8
369	3
370	10
371	9
372	7
373	8
374	7
375	8
376	7
377	5
378	4
379	6
380	9
381	6
382	6
383	8
384	9
385	3
386	9
387	11
388	7
389	3
390	6
391	7
392	6
393	6
394	6
395	8
396	6
397	7
398	10
399	8
400	8
401	6
402	9
403	4
404	8
405	5
406	4
407	4
408	9
409	8
410	8
411	10
412	12
413	5
414	4
415	7
416	6
417	5
418	3
419	16
420	5
421	10
422	4
423	10
424	7
425	15
426	4
427	8
428	7
429	5
430	9
431	8
432	3
433	7
434	11
435	5
436	7
437	8
438	6
439	6
440	3
441	8
442	7
443	4
444	5
445	9
446	6
447	5
448	3
449	4
450	14
451	9
452	13
453	9
454	11
455	4
456	7
457	12
458	15
459	8
460	5
461	6
462	9
463	11
464	4
465	6
466	7
467	9
468	8
469	4
470	7
471	12
472	12
473	5
474	10
475	8
476	8
477	10
478	7
479	11
480	10
481	7
482	12
483	10
484	7
485	11
486	7
487	4
488	8
489	9
490	6
491	6
492	8
493	6
494	6
495	8
496	9
497	8
498	10
499	8
500	14
501	13
502	12
503	12
504	6
505	8
506	4
507	7
508	12
509	11
510	7
511	5
512	16
513	7
514	11
515	12
516	13
517	8
518	7
519	6
520	9
521	9
522	14
523	12
524	6
525	11
526	6
527	5
528	8
529	9
530	10
531	5
532	6
533	7
534	7
535	4
536	11
537	7
538	4
539	4
540	12
541	8
542	7
543	8
544	6
545	10
546	7
547	11
548	8
549	8
550	9
551	9
552	6
553	5
554	5
555	6
556	6
557	5
558	12
559	5
560	8
561	11
562	7
563	5
564	4
565	12
566	11
567	5
568	11
569	8
570	8
571	5
572	9
573	11
574	7
575	6
576	7
577	12
578	6
579	8
580	9
581	10
582	12
583	8
584	15
585	9
586	17
587	5
588	12
589	7
590	11
591	10
592	6
593	12
594	3
595	10
596	3
597	7
598	0
599	8
600	5
601	7
602	3
603	9
604	10
605	6
606	7
607	9
608	4
609	10
610	16
611	7
612	10
613	7
614	4
615	7
616	7
617	10
618	8
619	3
620	10
621	7
622	9
623	12
624	9
625	5
626	12
627	5
628	8
629	8
630	12
631	7
632	6
633	3
634	8
635	6
636	11
637	11
638	8
639	9
640	7
641	1
642	7
643	10
644	5
645	4
646	8
647	8
648	4
649	5
650	9
651	7
652	6
653	6
654	5
655	8
656	4
657	11
658	8
659	11
660	11
661	6
662	6
663	8
664	10
665	8
666	10
667	12
668	6
669	9
670	11
671	11
672	13
673	6
674	9
675	3
676	6
677	11
678	6
679	12
680	13
681	9
682	7
683	7
684	10
685	9
686	11
687	9
688	14
689	7
690	8
691	8
692	10
693	8
694	9
695	8
696	12
697	4
698	11
699	20
700	6
701	8
702	8
703	11
704	8
705	14
706	9
707	8
708	7
709	7
710	11
711	6
712	11
713	6
714	12
715	8
716	8
717	10
718	6
719	9
720	13
721	12
722	4
723	11
724	14
725	10
726	6
727	12
728	6
729	9
730	9
731	20
732	12
733	8
734	14
735	16
736	11
737	8
738	13
739	13
740	12
741	14
742	6
743	11
744	10
745	16
746	13
747	9
748	9
749	11
750	11
751	4
752	11
753	12
754	11
755	13
756	10
757	9
758	22
759	11
760	11
761	11
762	11
763	12
764	14
765	15
766	19
767	9
768	14
769	17
770	10
771	12
772	13
773	19
774	10
775	19
776	6
777	15
778	20
779	16
780	14
781	14
782	13
783	17
784	9
785	11
786	11
787	14
788	14
789	26
790	19
791	17
792	9
793	24
794	17
795	13
796	18
797	17
798	11
799	13
800	5
801	13
802	15
803	12
804	17
805	11
806	21
807	19
808	24
809	16
810	19
811	9
812	9
813	16
814	24
815	15
816	15
817	13
818	10
819	14
820	16
821	15
822	16
823	14
824	14
825	17
826	16
827	17
828	21
829	19
830	14
831	13
832	9
833	7
834	15
835	10
836	17
837	18
838	10
839	14
840	14
841	5
842	22
843	20
844	13
845	17
846	23
847	22
848	18
849	17
850	8
851	13
852	14
853	13
854	14
855	10
856	17
857	15
858	19
859	16
860	18
861	17
862	18
863	15
864	11
865	12
866	10
867	9
868	14
869	11
870	21
871	10
872	8
873	9
874	14
875	11
876	12
877	16
878	15
879	14
880	15
881	12
882	9
883	15
884	13
885	15
886	14
887	16
888	17
889	9
890	8
891	9
892	15
893	10
894	15
895	7
896	22
897	10
898	9
899	9
900	5
901	14
902	17
903	14
904	15
905	10
906	13
907	21
908	13
909	13
910	14
911	16
912	14
913	12
914	9
915	10
916	8
917	13
918	17
919	14
920	7
921	7
922	25
923	17
924	15
925	15
926	12
927	17
928	10
929	12
930	13
931	11
932	21
933	13
934	9
935	12
936	11
937	12
938	9
939	11
940	11
941	9
942	12
943	11
944	14
945	12
946	17
947	17
948	13
949	14
950	7
951	9
952	12
953	13
954	16
955	15
956	8
957	15
958	9
959	6
960	8
961	11
962	11
963	13
964	13
965	10
966	12
967	12
968	14
969	18
970	9
971	11
972	11
973	15
974	16
975	11
976	15
977	13
978	16
979	8
980	10
981	17
982	9
983	9
984	8
985	13
986	15
987	20
988	4
989	15
990	13
991	13
992	9
993	11
994	11
995	9
996	11
997	11
998	9
999	16
1000	14
1001	12
1002	11
1003	15
1004	8
1005	9
1006	7
1007	15
1008	12
1009	16
1010	15
1011	16
1012	8
1013	7
1014	14
1015	7
1016	17
1017	6
1018	12
1019	8
1020	13
1021	8
1022	15
1023	8
1024	8
1025	9
1026	11
1027	11
1028	13
1029	12
1030	13
1031	14
1032	12
1033	12
1034	10
1035	6
1036	15
1037	15
1038	10
1039	13
1040	11
1041	13
1042	13
1043	9
1044	13
1045	7
1046	9
1047	14
1048	8
1049	9
1050	13
1051	12
1052	9
1053	11
1054	10
1055	12
1056	12
1057	17
1058	10
1059	4
1060	14
1061	15
1062	12
1063	10
1064	19
1065	15
1066	8
1067	12
1068	9
1069	13
1070	11
1071	9
1072	10
1073	15
1074	12
1075	9
1076	12
1077	16
1078	15
1079	12
1080	16
1081	12
1082	16
1083	9
1084	8
1085	9
1086	12
1087	8
1088	14
1089	15
1090	10
1091	10
1092	15
1093	11
1094	11
1095	9
1096	12
1097	15
1098	13
1099	6
1100	13
1101	17
1102	16
1103	13
1104	13
1105	17
1106	11
1107	17
1108	11
1109	12
1110	9
1111	10
1112	8
1113	11
1114	7
1115	9
1116	13
1117	11
1118	11
1119	8
1120	11
1121	17
1122	15
1123	15
1124	13
1125	12
1126	13
1127	8
1128	11
1129	9
1130	11
1131	10
1132	6
1133	11
1134	12
1135	10
1136	6
1137	12
1138	7
1139	13
1140	10
1141	10
1142	17
1143	8
1144	14
1145	15
1146	15
1147	11
1148	16
1149	15
1150	15
1151	8
1152	14
1153	13
1154	13
1155	12
1156	14
1157	14
1158	9
1159	17
1160	14
1161	8
1162	12
1163	19
1164	12
1165	15
1166	12
1167	15
1168	16
1169	14
1170	12
1171	16
1172	11
1173	11
1174	15
1175	14
1176	15
1177	13
1178	12
1179	14
1180	20
1181	17
1182	6
1183	7
1184	18
1185	7
1186	27
1187	13
1188	13
1189	10
1190	19
1191	14
1192	9
1193	14
1194	18
1195	12
1196	13
1197	10
1198	21
1199	15
1200	10
1201	25
1202	12
1203	14
1204	17
1205	8
1206	11
1207	13
1208	17
1209	13
1210	19
1211	17
1212	15
1213	8
1214	15
1215	14
1216	12
1217	7
1218	14
1219	17
1220	12
1221	10
1222	11
1223	13
1224	10
1225	4
1226	22
1227	14
1228	12
1229	14
1230	14
1231	13
1232	12
1233	21
1234	11
1235	9
1236	8
1237	16
1238	14
1239	16
1240	13
1241	11
1242	15
1243	14
1244	13
1245	9
1246	17
1247	11
1248	10
1249	11
1250	13
1251	11
1252	17
1253	10
1254	17
1255	14
1256	16
1257	13
1258	9
1259	12
1260	16
1261	16
1262	10
1263	14
1264	16
1265	9
1266	11
1267	18
1268	10
1269	13
1270	9
1271	18
1272	10
1273	16
1274	12
1275	9
1276	14
1277	15
1278	19
1279	16
1280	14
1281	9
1282	16
1283	15
1284	15
1285	16
1286	12
1287	22
1288	6
1289	15
1290	12
1291	15
1292	19
1293	13
1294	13
1295	17
1296	19
1297	16
1298	19
1299	15
1300	13
1301	30
1302	14
1303	10
1304	13
1305	14
1306	14
1307	19
1308	16
1309	13
1310	17
1311	12
1312	11
1313	9
1314	13
1315	16
1316	18
1317	23
1318	16
1319	26
1320	13
1321	26
1322	6
1323	16
1324	14
1325	17
1326	16
1327	14
1328	25
1329	14
1330	22
1331	15
1332	13
1333	14
1334	20
1335	17
1336	12
1337	5
1338	13
1339	17
1340	25
1341	13
1342	13
1343	5
1344	16
1345	17
1346	14
1347	12
1348	7
1349	18
1350	8
1351	8
1352	13
1353	25
1354	17
1355	17
1356	13
1357	8
1358	13
1359	6
1360	10
1361	14
1362	19
1363	19
1364	20
1365	14
1366	21
1367	17
1368	18
1369	20
1370	17
1371	18
1372	20
1373	23
1374	11
1375	18
1376	19
1377	14
1378	17
1379	23
1380	20
1381	19
1382	14
1383	25
1384	19
1385	18
1386	15
1387	22
1388	15
1389	7
1390	9
1391	19
1392	16
1393	17
1394	15
1395	20
1396	17
1397	16
1398	12
1399	12
1400	12
1401	11
1402	12
1403	17
1404	13
1405	14
1406	14
1407	15
1408	19
1409	18
1410	15
1411	13
1412	16
1413	19
1414	17
1415	17
1416	15
1417	17
1418	14
1419	18
1420	22
1421	13
1422	17
1423	25
1424	11
1425	14
1426	16
1427	11
1428	20
1429	12
1430	15
1431	15
1432	19
1433	23
1434	14
1435	17
1436	14
1437	23
1438	14
1439	24
1440	18
1441	13
1442	14
1443	20
1444	15
1445	17
1446	19
1447	17
1448	12
1449	19
1450	12
1451	10
1452	18
1453	20
1454	22
1455	15
1456	21
1457	16
1458	29
1459	24
1460	14
1461	24
1462	15
1463	14
1464	15
1465	26
1466	14
1467	16
1468	18
1469	19
1470	14
1471	13
1472	16
1473	16
1474	22
1475	12
1476	21
1477	14
1478	13
1479	18
1480	15
1481	17
1482	29
1483	12
1484	15
1485	21
1486	11
1487	15
1488	16
1489	21
1490	20
1491	15
1492	12
1493	15
1494	10
1495	16
1496	17
1497	22
1498	19
1499	16
1500	20
1501	15
1502	18
1503	24
1504	17
1505	13
1506	20
1507	22
1508	11
1509	17
1510	20
1511	15
1512	24
1513	23
1514	14
1515	17
1516	22
1517	14
1518	18
1519	22
1520	16
1521	15
1522	22
1523	18
1524	14
1525	19
1526	19
1527	14
1528	21
1529	27
1530	20
1531	16
1532	26
1533	25
1534	17
1535	12
1536	22
1537	19
1538	13
1539	15
1540	19
1541	22
1542	12
1543	23
1544	20
1545	17
1546	17
1547	24
1548	17
1549	12
1550	15
1551	22
1552	18
1553	13
1554	15
1555	16
1556	17
1557	25
1558	26
1559	15
1560	14
1561	20
1562	18
1563	14
1564	18
1565	22
1566	18
1567	11
1568	19
1569	16
1570	18
1571	15
1572	19
1573	24
1574	18
1575	12
1576	20
1577	18
1578	19
1579	22
1580	9
1581	18
1582	18
1583	19
1584	16
1585	16
1586	16
1587	20
1588	24
1589	19
1590	27
1591	21
1592	20
1593	15
1594	22
1595	17
1596	16
1597	19
1598	15
1599	12
1600	18
1601	24
1602	20
1603	22
1604	16
1605	10
1606	13
1607	17
1608	18
1609	29
1610	20
1611	19
1612	10
1613	20
1614	24
1615	22
1616	18
1617	17
1618	14
1619	23
1620	16
1621	14
1622	9
1623	21
1624	11
1625	12
1626	22
1627	19
1628	14
1629	13
1630	19
1631	12
1632	20
1633	22
1634	18
1635	13
1636	20
1637	16
1638	16
1639	16
1640	25
1641	16
1642	10
1643	24
1644	18
1645	18
1646	17
1647	25
1648	18
1649	26
1650	22
1651	28
1652	22
1653	18
1654	22
1655	16
1656	23
1657	15
1658	22
1659	18
1660	15
1661	15
1662	23
1663	18
1664	13
1665	27
1666	20
1667	25
1668	11
1669	23
1670	29
1671	19
1672	22
1673	21
1674	22
1675	28
1676	15
1677	21
1678	24
1679	23
1680	15
1681	12
1682	14
1683	16
1684	26
1685	17
1686	17
1687	27
1688	21
1689	15
1690	22
1691	12
1692	17
1693	17
1694	24
1695	17
1696	24
1697	18
1698	21
1699	19
1700	17
1701	18
1702	16
1703	21
1704	13
1705	21
1706	24
1707	20
1708	10
1709	16
1710	17
1711	17
1712	19
1713	20
1714	27
1715	23
1716	19
1717	17
1718	25
1719	20
1720	14
1721	13
1722	18
1723	27
1724	19
1725	17
1726	17
1727	28
1728	27
1729	16
1730	15
1731	24
1732	26
1733	24
1734	20
1735	16
1736	22
1737	25
1738	16
1739	16
1740	23
1741	23
1742	22
1743	23
1744	26
1745	20
1746	30
1747	23
1748	19
1749	18
1750	17
1751	19
1752	19
1753	21
1754	29
1755	11
1756	25
1757	15
1758	17
1759	12
1760	18
1761	19
1762	15
1763	18
1764	22
1765	25
1766	12
1767	21
1768	18
1769	25
1770	15
1771	22
1772	14
1773	24
1774	26
1775	25
1776	21
1777	19
1778	17
1779	27
1780	19
1781	21
1782	25
1783	23
1784	15
1785	12
1786	21
1787	20
1788	34
1789	20
1790	19
1791	24
1792	19
1793	25
1794	30
1795	16
1796	25
1797	23
1798	25
1799	21
1800	12
1801	20
1802	17
1803	19
1804	12
1805	17
1806	12
1807	18
1808	18
1809	22
1810	12
1811	18
1812	10
1813	22
1814	24
1815	18
1816	22
1817	23
1818	20
1819	18
1820	28
1821	8
1822	12
1823	23
1824	25
1825	17
1826	22
1827	21
1828	24
1829	13
1830	18
1831	12
1832	20
1833	18
1834	25
1835	23
1836	18
1837	24
1838	11
1839	28
1840	22
1841	17
1842	20
1843	21
1844	15
1845	22
1846	19
1847	14
1848	16
1849	20
1850	23
1851	14
1852	21
1853	23
1854	15
1855	12
1856	22
1857	24
1858	21
1859	19
1860	23
1861	23
1862	19
1863	24
1864	26
1865	11
1866	20
1867	14
1868	18
1869	20
1870	18
1871	25
1872	24
1873	24
1874	23
1875	17
1876	21
1877	25
1878	18
1879	21
1880	24
1881	24
1882	21
1883	16
1884	20
1885	21
1886	20
1887	21
1888	23
1889	24
1890	18
1891	26
1892	12
1893	24
1894	27
1895	18
1896	22
1897	21
1898	19
1899	24
1900	18
1901	20
1902	19
1903	14
1904	18
1905	25
1906	28
1907	31
1908	16
1909	17
1910	21
1911	18
1912	21
1913	24
1914	21
1915	20
1916	15
1917	25
1918	16
1919	24
1920	24
1921	31
1922	14
1923	27
1924	22
1925	28
1926	34
1927	24
1928	16
1929	17
1930	18
1931	18
1932	16
1933	23
1934	14
1935	29
1936	24
1937	28
1938	33
1939	18
1940	17
1941	20
1942	31
1943	16
1944	16
1945	24
1946	23
1947	23
1948	18
1949	21
1950	16
1951	19
1952	23
1953	19
1954	22
1955	16
1956	27
1957	12
1958	25
1959	23
1960	14
1961	19
1962	20
1963	19
1964	20
1965	14
1966	18
1967	24
1968	15
1969	22
1970	20
1971	32
1972	21
1973	25
1974	23
1975	14
1976	22
1977	15
1978	26
1979	26
1980	20
1981	16
1982	21
1983	23
1984	22
1985	15
1986	27
1987	18
1988	22
1989	24
1990	13
1991	18
1992	29
1993	21
1994	25
1995	24
1996	30
1997	21
1998	22
1999	24
2000	19
2001	16
2002	23
2003	21
2004	30
2005	20
2006	20
2007	19
2008	18
2009	20
2010	22
2011	17
2012	21
2013	13
2014	17
2015	27
2016	21
2017	22
2018	16
2019	26
2020	18
2021	17
2022	16
2023	22
2024	20
2025	21
2026	23
2027	13
2028	17
2029	28
2030	23
2031	17
2032	18
2033	20
2034	25
2035	18
2036	18
2037	23
2038	21
2039	25
2040	27
2041	19
2042	24
2043	23
2044	20
2045	25
2046	28
2047	32
2048	23
2049	12
2050	25
2051	26
2052	29
2053	20
2054	23
2055	39
2056	28
2057	25
2058	18
2059	21
2060	30
2061	14
2062	29
2063	20
2064	26
2065	16
2066	21
2067	21
2068	20
2069	27
2070	26
2071	25
2072	26
2073	17
2074	25
2075	23
2076	25
2077	25
2078	23
2079	21
2080	19
2081	20
2082	15
2083	23
2084	25
2085	19
2086	22
2087	19
2088	17
2089	26
2090	18
2091	23
2092	20
2093	25
2094	26
2095	25
2096	21
2097	22
2098	27
2099	21
2100	20
2101	20
2102	19
2103	21
2104	20
2105	22
2106	29
2107	29
2108	23
2109	31
2110	29
2111	28
2112	26
2113	22
2114	25
2115	27
2116	18
2117	24
2118	22
2119	26
2120	33
2121	28
2122	19
2123	30
2124	21
2125	26
2126	28
2127	25
2128	21
2129	24
2130	26
2131	32
2132	24
2133	25
2134	25
2135	28
2136	26
2137	25
2138	27
2139	26
2140	27
2141	23
2142	20
2143	34
2144	20
2145	33
2146	30
2147	21
2148	26
2149	21
2150	22
2151	21
2152	35
2153	28
2154	25
2155	23
2156	28
2157	20
2158	33
2159	13
2160	32
2161	19
2162	30
2163	27
2164	24
2165	23
2166	29
2167	25
2168	31
2169	23
2170	23
2171	21
2172	24
2173	33
2174	26
2175	24
2176	22
2177	24
2178	23
2179	27
2180	32
2181	22
2182	27
2183	18
2184	35
2185	34
2186	29
2187	23
2188	23
2189	26
2190	18
2191	23
2192	22
2193	26
2194	32
2195	31
2196	21
2197	29
2198	36
2199	23
2200	26
2201	26
2202	24
2203	28
2204	23
2205	28
2206	24
2207	30
2208	23
2209	33
2210	22
2211	21
2212	29
2213	22
2214	31
2215	32
2216	33
2217	28
2218	37
2219	30
2220	34
2221	31
2222	31
2223	20
2224	30
2225	19
2226	27
2227	31
2228	25
2229	27
2230	27
2231	33
2232	36
2233	28
2234	25
2235	36
2236	29
2237	27
2238	34
2239	27
2240	29
2241	28
2242	29
2243	29
2244	30
2245	21
2246	42
2247	27
2248	22
2249	32
2250	21
2251	20
2252	28
2253	27
2254	26
2255	26
2256	43
2257	31
2258	28
2259	39
2260	23
2261	26
2262	31
2263	33
2264	37
2265	37
2266	18
2267	31
2268	28
2269	26
2270	28
2271	32
2272	21
2273	18
2274	30
2275	32
2276	31
2277	30
2278	30
2279	28
2280	33
2281	20
2282	28
2283	20
2284	36
2285	25
2286	29
2287	21
2288	44
2289	26
2290	33
2291	23
2292	36
2293	27
2294	29
2295	32
2296	30
2297	31
2298	36
2299	24
2300	29
2301	29
2302	19
2303	24
2304	29
2305	33
2306	25
2307	24
2308	17
2309	31
2310	32
2311	22
2312	31
2313	19
2314	28
2315	28
2316	20
2317	29
2318	25
2319	25
2320	22
2321	27
2322	25
2323	30
2324	26
2325	28
2326	22
2327	32
2328	31
2329	25
2330	37
2331	26
2332	26
2333	29
2334	24
2335	19
2336	31
2337	22
2338	24
2339	28
2340	26
2341	29
2342	29
2343	30
2344	29
2345	20
2346	22
2347	30
2348	19
2349	23
2350	22
2351	29
2352	31
2353	16
2354	26
2355	22
2356	19
2357	21
2358	24
2359	28
2360	28
2361	20
2362	26
2363	27
2364	27
2365	23
2366	35
2367	25
2368	26
2369	26
2370	28
2371	25
2372	23
2373	25
2374	26
2375	16
2376	22
2377	27
2378	21
2379	29
2380	35
2381	23
2382	21
2383	21
2384	30
2385	22
2386	19
2387	24
2388	22
2389	34
2390	25
2391	20
2392	23
2393	17
2394	21
2395	31
2396	27
2397	24
2398	35
2399	26
2400	22
2401	27
2402	15
2403	16
2404	26
2405	20
2406	22
2407	19
2408	28
2409	24
2410	25
2411	21
2412	18
2413	18
2414	30
2415	32
2416	14
2417	21
2418	22
2419	28
2420	21
2421	22
2422	20
2423	23
2424	22
2425	18
2426	16
2427	32
2428	25
2429	24
2430	26
2431	34
2432	23
2433	18
2434	23
2435	14
2436	23
2437	21
2438	19
2439	25
2440	15
2441	19
2442	23
2443	26
2444	18
2445	20
2446	24
2447	15
2448	25
2449	16
2450	24
2451	19
2452	20
2453	16
2454	21
2455	22
2456	17
2457	27
2458	20
2459	23
2460	29
2461	19
2462	22
2463	15
2464	14
2465	17
2466	21
2467	27
2468	22
2469	22
2470	28
2471	22
2472	21
2473	25
2474	29
2475	13
2476	25
2477	19
2478	18
2479	20
2480	21
2481	25
2482	16
2483	20
2484	21
2485	12
2486	23
2487	11
2488	21
2489	20
2490	13
2491	23
2492	26
2493	17
2494	17
2495	15
2496	23
2497	25
2498	22
2499	23
2500	21
2501	15
2502	20
2503	15
2504	15
2505	27
2506	22
2507	17
2508	17
2509	20
2510	30
2511	16
2512	22
2513	26
2514	16
2515	22
2516	16
2517	21
2518	16
2519	17
2520	16
2521	22
2522	19
2523	15
2524	20
2525	20
2526	14
2527	24
2528	17
2529	24
2530	15
2531	16
2532	13
2533	16
2534	16
2535	10
2536	24
2537	17
2538	13
2539	17
2540	15
2541	17
2542	20
2543	18
2544	17
2545	14
2546	24
2547	16
2548	23
2549	19
2550	12
2551	19
2552	16
2553	9
2554	11
2555	18
2556	22
2557	17
2558	15
2559	17
2560	10
2561	11
2562	17
2563	13
2564	16
2565	12
2566	18
2567	24
2568	12
2569	24
2570	18
2571	22
2572	15
2573	16
2574	18
2575	15
2576	9
2577	24
2578	11
2579	16
2580	6
2581	21
2582	14
2583	14
2584	14
2585	16
2586	10
2587	16
2588	19
2589	13
2590	19
2591	16
2592	14
2593	14
2594	11
2595	13
2596	13
2597	18
2598	12
2599	16
2600	23
2601	15
2602	18
2603	16
2604	13
2605	26
2606	18
2607	13
2608	14
2609	12
2610	17
2611	11
2612	17
2613	19
2614	21
2615	18
2616	18
2617	17
2618	14
2619	14
2620	9
2621	14
2622	18
2623	22
2624	16
2625	19
2626	12
2627	17
2628	11
2629	12
2630	15
2631	18
2632	18
2633	12
2634	8
2635	16
2636	23
2637	16
2638	18
2639	11
2640	22
2641	13
2642	12
2643	10
2644	16
2645	9
2646	18
2647	12
2648	16
2649	21
2650	15
2651	10
2652	13
2653	12
2654	21
2655	16
2656	10
2657	7
2658	16
2659	14
2660	16
2661	9
2662	16
2663	17
2664	19
2665	18
2666	15
2667	15
2668	10
2669	14
2670	10
2671	12
2672	12
2673	15
2674	12
2675	19
2676	16
2677	16
2678	10
2679	22
2680	15
2681	11
2682	20
2683	14
2684	9
2685	18
2686	6
2687	12
2688	9
2689	8
2690	7
2691	25
2692	20
2693	24
2694	15
2695	15
2696	11
2697	12
2698	15
2699	12
2700	14
2701	16
2702	17
2703	15
2704	16
2705	8
2706	15
2707	16
2708	15
2709	16
2710	19
2711	11
2712	14
2713	13
2714	14
2715	12
2716	12
2717	10
2718	15
2719	10
2720	17
2721	18
2722	21
2723	8
2724	17
2725	11
2726	22
2727	15
2728	10
2729	15
2730	9
2731	10
2732	18
2733	12
2734	17
2735	11
2736	12
2737	16
2738	13
2739	13
2740	11
2741	12
2742	17
2743	7
2744	11
2745	13
2746	19
2747	18
2748	14
2749	12
2750	9
2751	13
2752	11
2753	12
2754	9
2755	14
2756	16
2757	14
2758	12
2759	8
2760	10
2761	20
2762	12
2763	14
2764	15
2765	19
2766	12
2767	16
2768	8
2769	11
2770	16
2771	14
2772	10
2773	15
2774	11
2775	9
2776	10
2777	16
2778	13
2779	13
2780	13
2781	13
2782	15
2783	7
2784	14
2785	16
2786	18
2787	10
2788	8
2789	8
2790	15
2791	13
2792	11
2793	16
2794	17
2795	11
2796	18
2797	10
2798	17
2799	15
2800	9
2801	16
2802	14
2803	12
2804	12
2805	13
2806	11
2807	14
2808	17
2809	9
2810	14
2811	23
2812	23
2813	13
2814	19
2815	16
2816	13
2817	13
2818	21
2819	12
2820	14
2821	14
2822	11
2823	15
2824	20
2825	10
2826	21
2827	7
2828	15
2829	12
2830	14
2831	11
2832	15
2833	12
2834	13
2835	10
2836	13
2837	11
2838	11
2839	13
2840	14
2841	15
2842	12
2843	9
2844	12
2845	8
2846	13
2847	13
2848	12
2849	9
2850	18
2851	11
2852	8
2853	10
2854	14
2855	17
2856	11
2857	11
2858	14
2859	7
2860	16
2861	15
2862	12
2863	3
2864	9
2865	14
2866	9
2867	12
2868	9
2869	8
2870	11
2871	8
2872	13
2873	13
2874	12
2875	13
2876	7
2877	11
2878	13
2879	14
2880	14
2881	11
2882	11
2883	10
2884	10
2885	12
2886	10
2887	12
2888	9
2889	15
2890	20
2891	8
2892	10
2893	14
2894	7
2895	9
2896	14
2897	10
2898	12
2899	14
2900	15
2901	6
2902	11
2903	10
2904	12
2905	12
2906	11
2907	10
2908	16
2909	11
2910	14
2911	9
2912	11
2913	16
2914	23
2915	9
2916	13
2917	9
2918	14
2919	15
2920	12
2921	9
2922	12
2923	10
2924	12
2925	13
2926	9
2927	9
2928	12
2929	11
2930	6
2931	10
2932	13
2933	5
2934	18
2935	13
2936	5
2937	11
2938	5
2939	12
2940	15
2941	11
2942	17
2943	10
2944	12
2945	13
2946	9
2947	8
2948	4
2949	14
2950	6
2951	13
2952	13
2953	17
2954	6
2955	8
2956	11
2957	13
2958	11
2959	11
2960	6
2961	10
2962	17
2963	13
2964	8
2965	13
2966	11
2967	10
2968	10
2969	14
2970	19
2971	14
2972	14
2973	11
2974	15
2975	9
2976	10
2977	14
2978	8
2979	9
2980	9
2981	10
2982	10
2983	6
2984	12
2985	11
2986	12
2987	13
2988	9
2989	7
2990	14
2991	16
2992	14
2993	6
2994	15
2995	5
2996	16
2997	14
2998	12
2999	14
3000	16
3001	10
3002	12
3003	12
3004	8
3005	10
3006	12
3007	13
3008	11
3009	17
3010	14
3011	9
3012	9
3013	9
3014	16
3015	13
3016	16
3017	10
3018	9
3019	8
3020	7
3021	14
3022	10
3023	13
3024	7
3025	12
3026	16
3027	13
3028	7
3029	8
3030	11
3031	14
3032	8
3033	11
3034	7
3035	8
3036	7
3037	10
3038	11
3039	12
3040	11
3041	10
3042	11
3043	13
3044	8
3045	7
3046	11
3047	11
3048	10
3049	11
3050	11
3051	18
3052	22
3053	9
3054	7
3055	12
3056	13
3057	13
3058	10
3059	9
3060	7
3061	9
3062	13
3063	7
3064	10
3065	10
3066	9
3067	13
3068	14
3069	16
3070	6
3071	11
3072	10
3073	9
3074	19
3075	10
3076	10
3077	9
3078	9
3079	12
3080	6
3081	12
3082	8
3083	18
3084	13
3085	10
3086	10
3087	11
3088	6
3089	7
3090	11
3091	6
3092	15
3093	12
3094	7
3095	8
3096	6
3097	9
3098	9
3099	10
3100	13
3101	10
3102	9
3103	9
3104	14
3105	14
3106	16
3107	9
3108	8
3109	7
3110	12
3111	12
3112	11
3113	11
3114	10
3115	8
3116	7
3117	8
3118	14
3119	11
3120	5
3121	5
3122	10
3123	16
3124	14
3125	10
3126	8
3127	9
3128	8
3129	14
3130	10
3131	14
3132	11
3133	13
3134	12
3135	13
3136	12
3137	13
3138	14
3139	20
3140	14
3141	5
3142	12
3143	8
3144	13
3145	12
3146	11
3147	12
3148	13
3149	7
3150	12
3151	12
3152	12
3153	8
3154	10
3155	9
3156	6
3157	7
3158	6
3159	13
3160	9
3161	8
3162	10
3163	13
3164	6
3165	11
3166	10
3167	9
3168	13
3169	8
3170	6
3171	8
3172	8
3173	6
3174	12
3175	10
3176	6
3177	9
3178	10
3179	15
3180	4
3181	9
3182	16
3183	9
3184	6
3185	8
3186	6
3187	9
3188	9
3189	3
3190	16
3191	7
3192	15
3193	12
3194	7
3195	12
3196	9
3197	10
3198	13
3199	16
3200	15
3201	8
3202	12
3203	12
3204	12
3205	6
3206	9
3207	10
3208	11
3209	14
3210	10
3211	9
3212	11
3213	13
3214	6
3215	10
3216	9
3217	7
3218	10
3219	10
3220	5
3221	12
3222	15
3223	8
3224	6
3225	10
3226	6
3227	10
3228	9
3229	5
3230	11
3231	9
3232	12
3233	12
3234	7
3235	12
3236	9
3237	14
3238	9
3239	10
3240	6
3241	6
3242	9
3243	8
3244	12
3245	6
3246	7
3247	17
3248	11
3249	5
3250	14
3251	9
3252	7
3253	11
3254	15
3255	11
3256	14
3257	13
3258	7
3259	12
3260	10
3261	10
3262	6
3263	15
3264	12
3265	9
3266	14
3267	6
3268	8
3269	12
3270	10
3271	8
3272	11
3273	9
3274	12
3275	14
3276	9
3277	12
3278	9
3279	11
3280	9
3281	7
3282	11
3283	8
3284	11
3285	19
3286	8
3287	12
3288	6
3289	5
3290	16
3291	10
3292	6
3293	9
3294	6
3295	9
3296	3
3297	11
3298	6
3299	5
3300	9
3301	4
3302	11
3303	14
3304	11
3305	15
3306	5
3307	7
3308	11
3309	13
3310	7
3311	10
3312	8
3313	5
3314	14
3315	12
3316	10
3317	13
3318	12
3319	6
3320	13
3321	10
3322	6
3323	18
3324	14
3325	8
3326	7
3327	5
3328	6
3329	12
3330	10
3331	12
3332	5
3333	11
3334	9
3335	10
3336	10
3337	13
3338	12
3339	11
3340	8
3341	11
3342	8
3343	9
3344	9
3345	12
3346	8
3347	11
3348	12
3349	9
3350	10
3351	6
3352	13
3353	7
3354	8
3355	12
3356	9
3357	12
3358	8
3359	8
3360	10
3361	9
3362	10
3363	10
3364	7
3365	6
3366	7
3367	11
3368	16
3369	6
3370	17
3371	6
3372	6
3373	7
3374	8
3375	7
3376	15
3377	11
3378	4
3379	9
3380	8
3381	7
3382	10
3383	5
3384	16
3385	6
3386	12
3387	11
3388	7
3389	12
3390	12
3391	10
3392	12
3393	10
3394	10
3395	10
3396	16
3397	12
3398	12
3399	9
3400	7
3401	9
3402	11
3403	12
3404	8
3405	4
3406	12
3407	10
3408	6
3409	8
3410	5
3411	12
3412	8
3413	7
3414	8
3415	7
3416	4
3417	4
3418	17
3419	11
3420	9
3421	1
3422	8
3423	7
3424	3
3425	7
3426	15
3427	3
3428	12
3429	11
3430	13
3431	11
3432	10
3433	11
3434	9
3435	9
3436	11
3437	7
3438	12
3439	9
3440	14
3441	10
3442	7
3443	6
3444	7
3445	12
3446	11
3447	12
3448	11
3449	6
3450	7
3451	7
3452	17
3453	9
3454	3
3455	9
3456	11
3457	7
3458	11
3459	13
3460	13
3461	9
3462	5
3463	10
3464	12
3465	13
3466	4
3467	6
3468	8
3469	5
3470	18
3471	9
3472	9
3473	8
3474	14
3475	10
3476	6
3477	5
3478	5
3479	12
3480	6
3481	9
3482	9
3483	13
3484	8
3485	7
3486	6
3487	12
3488	8
3489	5
3490	10
3491	6
3492	9
3493	11
3494	14
3495	16
3496	11
3497	7
3498	17
3499	13
3500	7
3501	10
3502	6
3503	10
3504	9
3505	9
3506	10
3507	7
3508	11
3509	4
3510	4
3511	8
3512	4
3513	7
3514	13
3515	8
3516	8
3517	5
3518	9
3519	4
3520	14
3521	8
3522	4
3523	16
3524	7
3525	10
3526	7
3527	9
3528	7
3529	10
3530	16
3531	14
3532	9
3533	12
3534	11
3535	17
3536	4
3537	8
3538	7
3539	7
3540	5
3541	11
3542	13
3543	6
3544	6
3545	6
3546	6
3547	7
3548	6
3549	9
3550	11
3551	3
3552	8
3553	11
3554	9
3555	11
3556	12
3557	10
3558	6
3559	8
3560	9
3561	5
3562	8
3563	9
3564	12
3565	11
3566	11
3567	13
3568	8
3569	9
3570	11
3571	3
3572	9
3573	9
3574	5
3575	8
3576	13
3577	8
3578	8
3579	12
3580	8
3581	7
3582	14
3583	8
3584	5
3585	7
3586	8
3587	14
3588	13
3589	7
3590	17
3591	8
3592	7
3593	9
3594	11
3595	7
3596	3
3597	9
3598	7
3599	3
3600	10
3601	9
3602	9
3603	14
3604	6
3605	9
3606	12
3607	8
3608	6
3609	13
3610	6
3611	9
3612	9
3613	10
3614	13
3615	8
3616	9
3617	5
3618	3
3619	7
3620	11
3621	9
3622	7
3623	11
3624	12
3625	6
3626	8
3627	6
3628	12
3629	11
3630	7
3631	7
3632	12
3633	15
3634	5
3635	15
3636	7
3637	9
3638	12
3639	9
3640	10
3641	13
3642	15
3643	3
3644	8
3645	13
3646	7
3647	9
3648	7
3649	7
3650	8
3651	12
3652	13
3653	5
3654	10
3655	10
3656	13
3657	11
3658	6
3659	5
3660	9
3661	6
3662	7
3663	11
3664	8
3665	11
3666	7
3667	8
3668	9
3669	7
3670	6
3671	7
3672	4
3673	7
3674	10
3675	6
3676	6
3677	7
3678	9
3679	6
3680	10
3681	8
3682	6
3683	5
3684	8
3685	8
3686	6
3687	9
3688	13
3689	8
3690	3
3691	9
3692	11
3693	6
3694	10
3695	10
3696	13
3697	5
3698	9
3699	7
3700	9
3701	9
3702	5
3703	7
3704	13
3705	6
3706	7
3707	6
3708	6
3709	3
3710	6
3711	6
3712	3
3713	7
3714	5
3715	3
3716	11
3717	7
3718	11
3719	8
3720	10
3721	13
3722	12
3723	8
3724	9
3725	6
3726	9
3727	8
3728	5
3729	8
3730	9
3731	9
3732	11
3733	11
3734	4
3735	4
3736	11
3737	6
3738	7
3739	6
3740	10
3741	7
3742	10
3743	5
3744	6
3745	8
3746	11
3747	7
3748	6
3749	9
3750	12
3751	5
3752	18
3753	4
3754	11
3755	10
3756	11
3757	7
3758	10
3759	12
3760	7
3761	7
3762	9
3763	4
3764	6
3765	8
3766	6
3767	8
3768	11
3769	7
3770	12
3771	7
3772	8
3773	10
3774	6
3775	8
3776	12
3777	3
3778	9
3779	7
3780	12
3781	12
3782	7
3783	8
3784	7
3785	6
3786	12
3787	6
3788	7
3789	9
3790	19
3791	11
3792	5
3793	2
3794	9
3795	11
3796	7
3797	8
3798	8
3799	4
3800	4
3801	6
3802	4
3803	7
3804	3
3805	7
3806	5
3807	10
3808	7
3809	7
3810	11
3811	6
3812	14
3813	9
3814	5
3815	11
3816	7
3817	10
3818	8
3819	9
3820	5
3821	7
3822	9
3823	8
3824	5
3825	3
3826	8
3827	8
3828	9
3829	8
3830	9
3831	7
3832	10
3833	9
3834	9
3835	8
3836	7
3837	8
3838	9
3839	8
3840	7
3841	9
3842	10
3843	9
3844	11
3845	7
3846	13
3847	4
3848	7
3849	9
3850	5
3851	6
3852	6
3853	7
3854	10
3855	8
3856	4
3857	7
3858	7
3859	8
3860	5
3861	10
3862	2
3863	5
3864	8
3865	7
3866	5
3867	8
3868	6
3869	4
3870	10
3871	10
3872	5
3873	3
3874	7
3875	9
3876	5
3877	10
3878	10
3879	4
3880	10
3881	11
3882	3
3883	10
3884	2
3885	8
3886	4
3887	9
3888	6
3889	7
3890	8
3891	5
3892	7
3893	10
3894	4
3895	4
3896	7
3897	5
3898	4
3899	7
3900	13
3901	4
3902	5
3903	8
3904	7
3905	5
3906	8
3907	9
3908	10
3909	14
3910	9
3911	3
3912	6
3913	4
3914	9
3915	10
3916	6
3917	12
3918	7
3919	7
3920	6
3921	6
3922	11
3923	10
3924	11
3925	7
3926	6
3927	8
3928	11
3929	6
3930	10
3931	9
3932	3
3933	13
3934	8
3935	10
3936	12
3937	3
3938	8
3939	6
3940	10
3941	5
3942	7
3943	11
3944	9
3945	7
3946	6
3947	5
3948	7
3949	7
3950	5
3951	5
3952	6
3953	10
3954	14
3955	11
3956	5
3957	9
3958	13
3959	12
3960	12
3961	7
3962	8
3963	5
3964	10
3965	9
3966	9
3967	10
3968	7
3969	6
3970	3
3971	6
3972	8
3973	5
3974	12
3975	14
3976	5
3977	7
3978	9
3979	13
3980	10
3981	7
3982	9
3983	10
3984	4
3985	4
3986	9
3987	6
3988	5
3989	7
3990	5
3991	10
3992	11
3993	11
3994	5
3995	4
3996	5
3997	4
3998	11
3999	8
4000	13
4001	6
4002	5
4003	6
4004	3
4005	11
4006	9
4007	6
4008	8
4009	3
4010	5
4011	6
4012	5
4013	10
4014	8
4015	9
4016	5
4017	7
4018	10
4019	9
4020	4
4021	2
4022	8
4023	8
4024	6
4025	8
4026	6
4027	8
4028	6
4029	9
4030	11
4031	7
4032	6
4033	8
4034	10
4035	7
4036	9
4037	3
4038	6
4039	7
4040	5
4041	5
4042	5
4043	6
4044	9
4045	12
4046	7
4047	6
4048	6
4049	5
4050	8
4051	5
4052	5
4053	5
4054	9
4055	10
4056	10
4057	4
4058	5
4059	4
4060	9
4061	11
4062	11
4063	8
4064	3
4065	8
4066	6
4067	8
4068	4
4069	7
4070	7
4071	8
4072	8
4073	7
4074	5
4075	3
4076	9
4077	9
4078	10
4079	3
4080	11
4081	7
4082	9
4083	6
4084	2
4085	10
4086	6
4087	7
4088	8
4089	4
4090	4
4091	1
4092	4
4093	4
4094	7
4095	7
4096	10
4097	11
4098	7
4099	8
4100	8
4101	7
4102	4
4103	11
4104	3
4105	6
4106	10
4107	3
4108	8
4109	4
4110	6
4111	6
4112	5
4113	6
4114	7
4115	7
4116	8
4117	1
4118	8
4119	10
4120	5
4121	5
4122	5
4123	4
4124	3
4125	8
4126	6
4127	6
4128	8
4129	2
4130	8
4131	5
4132	9
4133	10
4134	5
4135	6
4136	6
4137	5
4138	5
4139	5
4140	4
4141	4
4142	5
4143	2
4144	5
4145	4
4146	8
4147	7
4148	6
4149	12
4150	5
4151	7
4152	5
4153	12
4154	6
4155	7
4156	5
4157	5
4158	7
4159	8
4160	13
4161	8
4162	10
4163	7
4164	9
4165	6
4166	12
4167	7
4168	10
4169	8
4170	4
4171	8
4172	11
4173	7
4174	9
4175	7
4176	8
4177	10
4178	6
4179	9
4180	9
4181	3
4182	7
4183	11
4184	6
4185	8
4186	10
4187	4
4188	8
4189	7
4190	10
4191	8
4192	7
4193	6
4194	4
4195	5
4196	8
4197	10
4198	5
4199	5
4200	4
4201	5
4202	6
4203	8
4204	7
4205	7
4206	5
4207	7
4208	7
4209	4
4210	3
4211	9
4212	7
4213	7
4214	7
4215	5
4216	10
4217	8
4218	8
4219	11
4220	4
4221	5
4222	5
4223	1
4224	10
4225	5
4226	4
4227	9
4228	5
4229	5
4230	7
4231	7
4232	9
4233	5
4234	12
4235	8
4236	11
4237	6
4238	6
4239	13
4240	5
4241	4
4242	7
4243	4
4244	14
4245	8
4246	6
4247	9
4248	2
4249	6
4250	3
4251	7
4252	12
4253	8
4254	7
4255	12
4256	13
4257	8
4258	11
4259	3
4260	7
4261	2
4262	4
4263	4
4264	4
4265	7
4266	5
4267	7
4268	4
4269	8
4270	10
4271	9
4272	6
4273	8
4274	2
4275	5
4276	11
4277	3
4278	3
4279	9
4280	7
4281	8
4282	8
4283	4
4284	5
4285	5
4286	7
4287	7
4288	7
4289	6
4290	5
4291	7
4292	5
4293	9
4294	4
4295	7
4296	5
4297	5
4298	5
4299	10
4300	8
4301	4
4302	9
4303	6
4304	4
4305	4
4306	8
4307	4
4308	8
4309	9
4310	6
4311	5
4312	6
4313	1
4314	13
4315	5
4316	2
4317	4
4318	6
4319	7
4320	7
4321	11
4322	7
4323	14
4324	9
4325	7
4326	7
4327	2
4328	9
4329	10
4330	9
4331	6
4332	7
4333	3
4334	3
4335	6
4336	5
4337	5
4338	10
4339	5
4340	3
4341	5
4342	3
4343	7
4344	5
4345	3
4346	5
4347	8
4348	4
4349	12
4350	4
4351	6
4352	9
4353	6
4354	3
4355	7
4356	7
4357	3
4358	10
4359	5
4360	4
4361	3
4362	9
4363	5
4364	5
4365	7
4366	11
4367	7
4368	9
4369	10
4370	6
4371	5
4372	8
4373	5
4374	6
4375	7
4376	9
4377	7
4378	7
4379	8
4380	6
4381	7
4382	5
4383	9
4384	9
4385	6
4386	4
4387	8
4388	5
4389	6
4390	4
4391	10
4392	15
4393	5
4394	9
4395	11
4396	3
4397	7
4398	7
4399	4
4400	6
4401	5
4402	4
4403	10
4404	5
4405	6
4406	2
4407	7
4408	4
4409	6
4410	9
4411	10
4412	7
4413	5
4414	10
4415	1
4416	6
4417	9
4418	5
4419	5
4420	3
4421	11
4422	7
4423	9
4424	2
4425	5
4426	7
4427	5
4428	7
4429	4
4430	9
4431	10
4432	8
4433	1
4434	5
4435	7
4436	6
4437	5
4438	5
4439	8
4440	4
4441	6
4442	12
4443	6
4444	11
4445	5
4446	5
4447	6
4448	3
4449	6
4450	4
4451	4
4452	8
4453	3
4454	5
4455	6
4456	3
4457	3
4458	8
4459	3
4460	5
4461	4
4462	3
4463	8
4464	4
4465	8
4466	6
4467	3
4468	4
4469	3
4470	3
4471	11
4472	4
4473	10
4474	7
4475	4
4476	5
4477	7
4478	6
4479	8
4480	3
4481	8
4482	12
4483	7
4484	7
4485	2
4486	8
4487	8
4488	8
4489	11
4490	11
4491	2
4492	6
4493	6
4494	7
4495	5
4496	6
4497	10
4498	7
4499	9
4500	6
4501	5
4502	1
4503	7
4504	9
4505	9
4506	0
4507	6
4508	5
4509	5
4510	9
4511	4
4512	6
4513	7
4514	7
4515	7
4516	6
4517	7
4518	7
4519	7
4520	4
4521	8
4522	6
4523	8
4524	5
4525	6
4526	1
4527	4
4528	3
4529	4
4530	4
4531	12
4532	5
4533	8
4534	9
4535	8
4536	6
4537	6
4538	6
4539	4
4540	12
4541	4
4542	5
4543	3
4544	4
4545	4
4546	6
4547	7
4548	8
4549	5
4550	10
4551	2
4552	1
4553	5
4554	7
4555	5
4556	4
4557	5
4558	7
4559	4
4560	7
4561	6
4562	4
4563	3
4564	3
4565	6
4566	4
4567	5
4568	2
4569	12
4570	4
4571	5
4572	6
4573	5
4574	11
4575	5
4576	7
4577	5
4578	4
4579	5
4580	4
4581	4
4582	7
4583	3
4584	9
4585	7
4586	5
4587	4
4588	7
4589	7
4590	7
4591	6
4592	5
4593	6
4594	4
4595	5
4596	6
4597	6
4598	7
4599	3
4600	2
4601	4
4602	5
4603	6
4604	7
4605	4
4606	6
4607	5
4608	6
4609	4
4610	9
4611	4
4612	5
4613	8
4614	3
4615	2
4616	6
4617	4
4618	3
4619	8
4620	3
4621	4
4622	5
4623	5
4624	11
4625	7
4626	3
4627	6
4628	5
4629	6
4630	6
4631	9
4632	4
4633	8
4634	6
4635	8
4636	10
4637	4
4638	6
4639	6
4640	4
4641	3
4642	3
4643	4
4644	4
4645	5
4646	4
4647	5
4648	4
4649	4
4650	3
4651	8
4652	5
4653	5
4654	3
4655	9
4656	2
4657	3
4658	2
4659	5
4660	4
4661	4
4662	3
4663	3
4664	8
4665	4
4666	7
4667	9
4668	5
4669	7
4670	7
4671	5
4672	5
4673	6
4674	1
4675	6
4676	3
4677	1
4678	5
4679	2
4680	7
4681	3
4682	9
4683	2
4684	9
4685	5
4686	7
4687	8
4688	5
4689	3
4690	8
4691	6
4692	3
4693	4
4694	6
4695	3
4696	9
4697	6
4698	8
4699	4
4700	2
4701	7
4702	7
4703	4
4704	4
4705	7
4706	13
4707	7
4708	6
4709	10
4710	6
4711	9
4712	5
4713	6
4714	3
4715	6
4716	2
4717	4
4718	2
4719	6
4720	7
4721	4
4722	5
4723	3
4724	6
4725	5
4726	6
4727	4
4728	5
4729	10
4730	6
4731	4
4732	8
4733	3
4734	4
4735	2
4736	5
4737	5
4738	2
4739	5
4740	3
4741	3
4742	4
4743	6
4744	7
4745	7
4746	3
4747	6
4748	6
4749	4
4750	5
4751	5
4752	4
4753	3
4754	9
4755	5
4756	4
4757	4
4758	7
4759	4
4760	3
4761	6
4762	9
4763	6
4764	7
4765	3
4766	4
4767	6
4768	3
4769	8
4770	6
4771	3
4772	7
4773	6
4774	3
4775	9
4776	6
4777	7
4778	12
4779	5
4780	6
4781	4
4782	5
4783	7
4784	4
4785	1
4786	5
4787	4
4788	4
4789	6
4790	4
4791	3
4792	6
4793	5
4794	7
4795	0
4796	6
4797	2
4798	5
4799	6
4800	5
4801	3
4802	7
4803	5
4804	6
4805	2
4806	5
4807	6
4808	1
4809	9
4810	8
4811	3
4812	4
4813	5
4814	4
4815	0
4816	2
4817	4
4818	7
4819	8
4820	5
4821	4
4822	4
4823	5
4824	11
4825	6
4826	5
4827	4
4828	5
4829	9
4830	5
4831	3
4832	7
4833	6
4834	9
4835	7
4836	3
4837	3
4838	4
4839	5
4840	7
4841	8
4842	5
4843	2
4844	6
4845	2
4846	3
4847	9
4848	6
4849	7
4850	9
4851	6
4852	6
4853	4
4854	9
4855	4
4856	5
4857	9
4858	6
4859	6
4860	4
4861	6
4862	8
4863	6
4864	5
4865	2
4866	8
4867	4
4868	7
4869	6
4870	6
4871	2
4872	3
4873	3
4874	5
4875	6
4876	6
4877	3
4878	2
4879	4
4880	3
4881	6
4882	4
4883	11
4884	9
4885	7
4886	4
4887	3
4888	1
4889	5
4890	8
4891	5
4892	2
4893	6
4894	4
4895	6
4896	10
4897	4
4898	4
4899	3
4900	6
4901	5
4902	4
4903	3
4904	4
4905	3
4906	4
4907	2
4908	3
4909	7
4910	6
4911	8
4912	1
4913	2
4914	7
4915	4
4916	2
4917	3
4918	5
4919	3
4920	5
4921	4
4922	6
4923	6
4924	5
4925	4
4926	6
4927	3
4928	5
4929	4
4930	0
4931	4
4932	4
4933	3
4934	8
4935	5
4936	6
4937	4
4938	8
4939	5
4940	5
4941	4
4942	3
4943	6
4944	3
4945	4
4946	3
4947	6
4948	3
4949	5
4950	5
4951	2
4952	8
4953	3
4954	7
4955	3
4956	5
4957	5
4958	6
4959	5
4960	6
4961	3
4962	4
4963	3
4964	6
4965	8
4966	4
4967	6
4968	7
4969	7
4970	9
4971	5
4972	6
4973	4
4974	9
4975	6
4976	4
4977	4
4978	5
4979	3
4980	4
4981	2
4982	4
4983	7
4984	3
4985	8
4986	7
4987	9
4988	6
4989	9
4990	6
4991	4
4992	7
4993	5
4994	7
4995	5
4996	2
4997	4
4998	8
4999	7
5000	7
5001	4
5002	4
5003	5
5004	1
5005	5
5006	9
5007	7
5008	2
5009	4
5010	3
5011	4
5012	5
5013	7
5014	4
5015	5
5016	2
5017	6
5018	4
5019	7
5020	2
5021	2
5022	8
5023	5
5024	5
5025	6
5026	11
5027	10
5028	8
5029	4
5030	4
5031	3
5032	2
5033	8
5034	9
5035	8
5036	4
5037	7
5038	2
5039	7
5040	4
5041	3
5042	3
5043	4
5044	3
5045	6
5046	5
5047	2
5048	2
5049	6
5050	5
5051	7
5052	8
5053	9
5054	2
5055	2
5056	3
5057	4
5058	5
5059	6
5060	6
5061	3
5062	6
5063	2
5064	5
5065	6
5066	3
5067	10
5068	3
5069	4
5070	5
5071	6
5072	6
5073	7
5074	5
5075	9
5076	4
5077	6
5078	4
5079	5
5080	3
5081	4
5082	8
5083	6
5084	10
5085	3
5086	7
5087	6
5088	6
5089	5
5090	6
5091	3
5092	9
5093	5
5094	1
5095	5
5096	6
5097	4
5098	6
5099	7
5100	9
5101	6
5102	4
5103	3
5104	6
5105	2
5106	0
5107	3
5108	8
5109	9
5110	6
5111	4
5112	3
5113	6
5114	5
5115	4
5116	4
5117	11
5118	6
5119	1
5120	13
5121	11
5122	3
5123	7
5124	8
5125	5
5126	4
5127	3
5128	4
5129	6
5130	3
5131	4
5132	4
5133	5
5134	4
5135	3
5136	3
5137	5
5138	10
5139	6
5140	4
5141	8
5142	10
5143	8
5144	5
5145	7
5146	2
5147	3
5148	4
5149	4
5150	3
5151	4
5152	1
5153	3
5154	2
5155	3
5156	6
5157	6
5158	6
5159	6
5160	8
5161	2
5162	3
5163	4
5164	4
5165	4
5166	7
5167	6
5168	7
5169	8
5170	4
5171	2
5172	3
5173	11
5174	4
5175	7
5176	6
5177	8
5178	2
5179	3
5180	4
5181	5
5182	5
5183	6
5184	9
5185	2
5186	5
5187	2
5188	9
5189	4
5190	3
5191	6
5192	6
5193	7
5194	5
5195	8
5196	4
5197	9
5198	3
5199	9
5200	9
5201	6
5202	4
5203	7
5204	11
5205	6
5206	0
5207	3
5208	3
5209	5
5210	6
5211	4
5212	5
5213	7
5214	9
5215	6
5216	7
5217	7
5218	5
5219	5
5220	11
5221	13
5222	3
5223	6
5224	1
5225	6
5226	6
5227	4
5228	9
5229	7
5230	4
5231	2
5232	4
5233	4
5234	10
5235	4
5236	5
5237	6
5238	5
5239	10
5240	4
5241	1
5242	1
5243	3
5244	4
5245	2
5246	7
5247	3
5248	6
5249	6
5250	6
5251	4
5252	5
5253	9
5254	5
5255	2
5256	0
5257	4
5258	4
5259	5
5260	2
5261	6
5262	7
5263	5
5264	0
5265	3
5266	7
5267	8
5268	1
5269	6
5270	7
5271	4
5272	5
5273	3
5274	1
5275	7
5276	2
5277	4
5278	6
5279	6
5280	4
5281	7
5282	6
5283	7
5284	8
5285	6
5286	4
5287	1
5288	9
5289	6
5290	4
5291	2
5292	3
5293	9
5294	5
5295	3
5296	5
5297	2
5298	7
5299	11
5300	4
5301	10
5302	11
5303	6
5304	2
5305	3
5306	5
5307	11
5308	2
5309	5
5310	7
5311	5
5312	6
5313	5
5314	3
5315	1
5316	1
5317	7
5318	4
5319	6
5320	9
5321	9
5322	1
5323	7
5324	5
5325	2
5326	7
5327	0
5328	5
5329	3
5330	1
5331	8
5332	4
5333	2
5334	4
5335	5
5336	6
5337	6
5338	4
5339	10
5340	11
5341	4
5342	2
5343	3
5344	9
5345	7
5346	4
5347	3
5348	2
5349	3
5350	3
5351	3
5352	7
5353	9
5354	7
5355	2
5356	7
5357	6
5358	6
5359	5
5360	7
5361	0
5362	5
5363	3
5364	5
5365	3
5366	4
5367	4
5368	5
5369	7
5370	9
5371	7
5372	1
5373	7
5374	1
5375	8
5376	7
5377	6
5378	3
5379	5
5380	5
5381	3
5382	6
5383	2
5384	6
5385	4
5386	6
5387	4
5388	1
5389	5
5390	2
5391	8
5392	7
5393	1
5394	4
5395	2
5396	7
5397	4
5398	5
5399	5
5400	2
5401	7
5402	5
5403	1
5404	1
5405	3
5406	5
5407	4
5408	12
5409	4
5410	7
5411	3
5412	5
5413	2
5414	9
5415	5
5416	7
5417	3
5418	4
5419	4
5420	8
5421	5
5422	4
5423	7
5424	5
5425	2
5426	4
5427	3
5428	7
5429	3
5430	5
5431	7
5432	7
5433	8
5434	3
5435	4
5436	3
5437	2
5438	3
5439	4
5440	3
5441	6
5442	4
5443	3
5444	7
5445	5
5446	5
5447	7
5448	7
5449	9
5450	5
5451	3
5452	9
5453	2
5454	6
5455	4
5456	5
5457	10
5458	7
5459	7
5460	5
5461	10
5462	5
5463	5
5464	6
5465	2
5466	3
5467	4
5468	6
5469	3
5470	6
5471	5
5472	4
5473	2
5474	4
5475	6
5476	4
5477	5
5478	2
5479	4
5480	4
5481	6
5482	3
5483	0
5484	2
5485	4
5486	8
5487	6
5488	5
5489	5
5490	5
5491	2
5492	3
5493	8
5494	6
5495	5
5496	8
5497	4
5498	7
5499	3
5500	7
5501	7
5502	8
5503	5
5504	5
5505	4
5506	5
5507	9
5508	4
5509	2
5510	3
5511	3
5512	2
5513	8
5514	10
5515	3
5516	7
5517	5
5518	5
5519	9
5520	3
5521	4
5522	4
5523	1
5524	5
5525	4
5526	4
5527	4
5528	5
5529	3
5530	7
5531	5
5532	4
5533	5
5534	7
5535	5
5536	10
5537	5
5538	11
5539	8
5540	4
5541	7
5542	7
5543	1
5544	2
5545	5
5546	7
5547	4
5548	2
5549	5
5550	4
5551	4
5552	8
5553	3
5554	2
5555	3
5556	6
5557	3
5558	4
5559	4
5560	5
5561	5
5562	1
5563	2
5564	3
5565	4
5566	7
5567	6
5568	4
5569	3
5570	7
5571	3
5572	3
5573	6
5574	3
5575	5
5576	4
5577	5
5578	4
5579	6
5580	4
5581	3
5582	6
5583	6
5584	2
5585	0
5586	4
5587	5
5588	4
5589	8
5590	5
5591	6
5592	8
5593	7
5594	2
5595	4
5596	2
5597	7
5598	3
5599	5
5600	11
5601	4
5602	2
5603	7
5604	4
5605	6
5606	3
5607	5
5608	5
5609	6
5610	5
5611	3
5612	3
5613	6
5614	4
5615	3
5616	5
5617	4
5618	6
5619	5
5620	6
5621	5
5622	7
5623	8
5624	4
5625	6
5626	6
5627	5
5628	2
5629	4
5630	7
5631	4
5632	5
5633	4
5634	2
5635	5
5636	6
5637	7
5638	4
5639	5
5640	6
5641	7
5642	4
5643	3
5644	3
5645	4
5646	8
5647	8
5648	3
5649	7
5650	6
5651	5
5652	8
5653	7
5654	1
5655	5
5656	1
5657	5
5658	5
5659	4
5660	4
5661	2
5662	9
5663	3
5664	4
5665	5
5666	5
5667	8
5668	7
5669	5
5670	2
5671	3
5672	7
5673	2
5674	3
5675	5
5676	4
5677	5
5678	7
5679	8
5680	8
5681	3
5682	7
5683	9
5684	5
5685	3
5686	6
5687	10
5688	3
5689	6
5690	3
5691	5
5692	7
5693	7
5694	8
5695	7
5696	3
5697	5
5698	7
5699	8
5700	8
5701	2
5702	4
5703	4
5704	7
5705	7
5706	7
5707	7
5708	5
5709	9
5710	4
5711	5
5712	2
5713	1
5714	2
5715	6
5716	7
5717	7
5718	3
5719	9
5720	1
5721	4
5722	8
5723	7
5724	6
5725	5
5726	3
5727	6
5728	2
5729	3
5730	5
5731	4
5732	5
5733	8
5734	6
5735	5
5736	2
5737	2
5738	6
5739	8
5740	1
5741	10
5742	4
5743	8
5744	2
5745	4
5746	5
5747	2
5748	2
5749	2
5750	6
5751	7
5752	4
5753	4
5754	4
5755	2
5756	6
5757	8
5758	5
5759	3
5760	3
5761	7
5762	5
5763	5
5764	2
5765	5
5766	4
5767	1
5768	6
5769	4
5770	2
5771	8
5772	6
5773	3
5774	6
5775	6
5776	6
5777	5
5778	1
5779	3
5780	4
5781	11
5782	3
5783	5
5784	2
5785	7
5786	8
5787	2
5788	9
5789	6
5790	5
5791	7
5792	9
5793	8
5794	5
5795	7
5796	3
5797	1
5798	4
5799	5
5800	5
5801	3
5802	1
5803	4
5804	4
5805	5
5806	5
5807	5
5808	6
5809	4
5810	8
5811	3
5812	8
5813	2
5814	4
5815	5
5816	2
5817	5
5818	5
5819	3
5820	6
5821	5
5822	6
5823	6
5824	2
5825	5
5826	6
5827	2
5828	6
5829	3
5830	4
5831	10
5832	6
5833	4
5834	6
5835	3
5836	4
5837	6
5838	4
5839	3
5840	4
5841	4
5842	4
5843	5
5844	3
5845	3
5846	6
5847	5
5848	6
5849	4
5850	5
5851	4
5852	4
5853	4
5854	5
5855	4
5856	5
5857	3
5858	6
5859	2
5860	6
5861	8
5862	6
5863	4
5864	3
5865	4
5866	4
5867	3
5868	8
5869	5
5870	5
5871	5
5872	5
5873	3
5874	4
5875	4
5876	6
5877	6
5878	6
5879	10
5880	6
5881	2
5882	4
5883	5
5884	4
5885	2
5886	4
5887	7
5888	4
5889	6
5890	3
5891	9
5892	3
5893	3
5894	3
5895	1
5896	5
5897	6
5898	3
5899	7
5900	2
5901	1
5902	2
5903	6
5904	6
5905	5
5906	4
5907	6
5908	10
5909	3
5910	5
5911	7
5912	2
5913	6
5914	5
5915	1
5916	6
5917	6
5918	4
5919	6
5920	10
5921	10
5922	3
5923	7
5924	8
5925	3
5926	1
5927	4
5928	9
5929	2
5930	5
5931	4
5932	8
5933	5
5934	3
5935	5
5936	4
5937	7
5938	6
5939	1
5940	5
5941	9
5942	5
5943	4
5944	5
5945	5
5946	4
5947	2
5948	6
5949	5
5950	4
5951	4
5952	5
5953	6
5954	7
5955	4
5956	5
5957	3
5958	8
5959	1
5960	4
5961	7
5962	8
5963	4
5964	5
5965	4
5966	2
5967	3
5968	2
5969	4
5970	10
5971	5
5972	6
5973	9
5974	7
5975	6
5976	8
5977	7
5978	7
5979	5
5980	7
5981	2
5982	11
5983	5
5984	8
5985	3
5986	4
5987	4
5988	1
5989	6
5990	4
5991	5
5992	5
5993	6
5994	8
5995	4
5996	2
5997	4
5998	6
5999	5
6000	4
6001	3
6002	2
6003	6
6004	8
6005	6
6006	6
6007	9
6008	5
6009	5
6010	5
6011	3
6012	6
6013	3
6014	2
6015	4
6016	5
6017	4
6018	4
6019	10
6020	2
6021	4
6022	4
6023	1
6024	9
6025	4
6026	8
6027	5
6028	2
6029	6
6030	4
6031	3
6032	3
6033	4
6034	6
6035	4
6036	1
6037	2
6038	2
6039	5
6040	4
6041	3
6042	4
6043	6
6044	9
6045	8
6046	4
6047	8
6048	7
6049	5
6050	8
6051	3
6052	6
6053	5
6054	4
6055	2
6056	5
6057	4
6058	6
6059	2
6060	4
6061	8
6062	7
6063	8
6064	4
6065	6
6066	7
6067	3
6068	2
6069	5
6070	6
6071	4
6072	4
6073	6
6074	3
6075	5
6076	6
6077	7
6078	3
6079	3
6080	5
6081	5
6082	4
6083	4
6084	8
6085	7
6086	5
6087	4
6088	8
6089	5
6090	7
6091	5
6092	7
6093	6
6094	5
6095	5
6096	5
6097	5
6098	4
6099	6
6100	6
6101	8
6102	4
6103	6
6104	3
6105	6
6106	7
6107	6
6108	6
6109	5
6110	4
6111	4
6112	8
6113	6
6114	3
6115	8
6116	6
6117	4
6118	2
6119	5
6120	7
6121	8
6122	9
6123	5
6124	8
6125	4
6126	3
6127	4
6128	4
6129	4
6130	3
6131	2
6132	3
6133	3
6134	5
6135	4
6136	7
6137	6
6138	6
6139	3
6140	6
6141	5
6142	4
6143	6
6144	3
6145	5
6146	2
6147	7
6148	9
6149	7
6150	3
6151	10
6152	5
6153	2
6154	9
6155	5
6156	7
6157	8
6158	6
6159	2
6160	7
6161	10
6162	4
6163	5
6164	4
6165	11
6166	3
6167	4
6168	3
6169	7
6170	6
6171	6
6172	7
6173	5
6174	2
6175	7
6176	5
6177	4
6178	6
6179	6
6180	10
6181	1
6182	5
6183	12
6184	3
6185	6
6186	7
6187	7
6188	3
6189	4
6190	8
6191	6
6192	6
6193	6
6194	4
6195	5
6196	10
6197	6
6198	8
6199	1
6200	5
6201	7
6202	7
6203	9
6204	6
6205	3
6206	8
6207	7
6208	4
6209	5
6210	11
6211	7
6212	5
6213	3
6214	6
6215	8
6216	0
6217	4
6218	6
6219	8
6220	5
6221	7
6222	5
6223	4
6224	7
6225	5
6226	8
6227	3
6228	10
6229	1
6230	6
6231	8
6232	4
6233	4
6234	6
6235	6
6236	2
6237	11
6238	7
6239	6
6240	4
6241	5
6242	5
6243	2
6244	6
6245	3
6246	7
6247	8
6248	2
6249	5
6250	6
6251	8
6252	4
6253	4
6254	7
6255	4
6256	7
6257	5
6258	3
6259	3
6260	8
6261	7
6262	6
6263	9
6264	2
6265	3
6266	8
6267	4
6268	11
6269	6
6270	11
6271	13
6272	10
6273	11
6274	6
6275	6
6276	6
6277	8
6278	9
6279	9
6280	5
6281	4
6282	10
6283	5
6284	9
6285	4
6286	5
6287	5
6288	1
6289	12
6290	5
6291	7
6292	9
6293	6
6294	6
6295	8
6296	5
6297	8
6298	7
6299	10
6300	11
6301	7
6302	7
6303	9
6304	5
6305	9
6306	7
6307	8
6308	9
6309	6
6310	5
6311	5
6312	7
6313	8
6314	7
6315	7
6316	11
6317	14
6318	6
6319	8
6320	8
6321	6
6322	5
6323	10
6324	7
6325	5
6326	8
6327	6
6328	7
6329	5
6330	7
6331	12
6332	3
6333	8
6334	8
6335	11
6336	6
6337	10
6338	8
6339	4
6340	3
6341	6
6342	9
6343	8
6344	3
6345	10
6346	4
6347	8
6348	7
6349	6
6350	11
6351	7
6352	9
6353	11
6354	6
6355	5
6356	10
6357	11
6358	5
6359	12
6360	7
6361	9
6362	2
6363	5
6364	4
6365	6
6366	6
6367	6
6368	7
6369	2
6370	5
6371	4
6372	4
6373	7
6374	6
6375	3
6376	5
6377	8
6378	3
6379	4
6380	10
6381	8
6382	3
6383	6
6384	5
6385	6
6386	6
6387	7
6388	7
6389	11
6390	7
6391	9
6392	7
6393	9
6394	8
6395	10
6396	5
6397	9
6398	8
6399	6
6400	5
6401	8
6402	4
6403	5
6404	8
6405	6
6406	4
6407	10
6408	5
6409	3
6410	8
6411	8
6412	10
6413	7
6414	4
6415	4
6416	6
6417	6
6418	7
6419	6
6420	8
6421	9
6422	10
6423	11
6424	5
6425	7
6426	3
6427	8
6428	4
6429	11
6430	6
6431	7
6432	7
6433	7
6434	7
6435	6
6436	10
6437	3
6438	8
6439	10
6440	14
6441	5
6442	12
6443	9
6444	6
6445	12
6446	12
6447	9
6448	10
6449	6
6450	4
6451	9
6452	13
6453	11
6454	8
6455	6
6456	4
6457	5
6458	9
6459	6
6460	7
6461	8
6462	9
6463	12
6464	8
6465	8
6466	8
6467	12
6468	7
6469	4
6470	6
6471	10
6472	5
6473	3
6474	11
6475	4
6476	3
6477	4
6478	9
6479	13
6480	3
6481	8
6482	7
6483	9
6484	5
6485	13
6486	12
6487	13
6488	4
6489	8
6490	8
6491	8
6492	9
6493	11
6494	6
6495	8
6496	8
6497	15
6498	10
6499	12
6500	7
6501	4
6502	9
6503	7
6504	11
6505	11
6506	8
6507	13
6508	10
6509	6
6510	4
6511	9
6512	8
6513	6
6514	6
6515	9
6516	6
6517	7
6518	3
6519	12
6520	8
6521	5
6522	2
6523	10
6524	10
6525	9
6526	7
6527	6
6528	7
6529	12
6530	15
6531	5
6532	8
6533	9
6534	5
6535	5
6536	8
6537	9
6538	9
6539	12
6540	4
6541	7
6542	5
6543	9
6544	11
6545	7
6546	13
6547	11
6548	6
6549	6
6550	6
6551	7
6552	10
6553	4
6554	9
6555	5
6556	14
6557	9
6558	4
6559	6
6560	11
6561	11
6562	6
6563	9
6564	5
6565	10
6566	6
6567	2
6568	8
6569	9
6570	10
6571	7
6572	6
6573	4
6574	9
6575	11
6576	6
6577	7
6578	5
6579	11
6580	14
6581	8
6582	4
6583	8
6584	8
6585	11
6586	7
6587	8
6588	5
6589	6
6590	10
6591	9
6592	13
6593	11
6594	7
6595	8
6596	3
6597	2
6598	8
6599	7
6600	4
6601	8
6602	11
6603	5
6604	8
6605	11
6606	4
6607	13
6608	4
6609	4
6610	10
6611	4
6612	5
6613	13
6614	4
6615	5
6616	5
6617	10
6618	5
6619	7
6620	7
6621	8
6622	7
6623	8
6624	1
6625	5
6626	7
6627	7
6628	4
6629	5
6630	8
6631	6
6632	4
6633	7
6634	11
6635	7
6636	9
6637	8
6638	6
6639	6
6640	8
6641	8
6642	10
6643	2
6644	5
6645	4
6646	9
6647	9
6648	6
6649	3
6650	7
6651	8
6652	5
6653	6
6654	9
6655	7
6656	6
6657	10
6658	7
6659	4
6660	5
6661	6
6662	4
6663	8
6664	8
6665	3
6666	3
6667	5
6668	4
6669	6
6670	7
6671	4
6672	6
6673	7
6674	3
6675	2
6676	3
6677	3
6678	11
6679	7
6680	4
6681	3
6682	8
6683	6
6684	11
6685	4
6686	4
6687	2
6688	4
6689	4
6690	3
6691	11
6692	7
6693	7
6694	3
6695	8
6696	6
6697	5
6698	2
6699	8
6700	4
6701	5
6702	5
6703	4
6704	4
6705	6
6706	6
6707	4
6708	8
6709	6
6710	3
6711	5
6712	3
6713	8
6714	9
6715	5
6716	6
6717	1
6718	4
6719	7
6720	1
6721	5
6722	4
6723	6
6724	7
6725	4
6726	7
6727	4
6728	6
6729	3
6730	3
6731	2
6732	4
6733	6
6734	1
6735	7
6736	3
6737	7
6738	4
6739	1
6740	8
6741	2
6742	1
6743	4
6744	8
6745	8
6746	4
6747	3
6748	3
6749	3
6750	6
6751	3
6752	5
6753	5
6754	6
6755	5
6756	9
6757	3
6758	7
6759	6
6760	5
6761	5
6762	2
6763	4
6764	6
6765	4
6766	4
6767	1
6768	2
6769	3
6770	2
6771	7
6772	4
6773	2
6774	7
6775	5
6776	5
6777	3
6778	3
6779	5
6780	3
6781	3
6782	4
6783	5
6784	9
6785	6
6786	3
6787	5
6788	4
6789	3
6790	1
6791	1
6792	2
6793	4
6794	4
6795	7
6796	3
6797	5
6798	3
6799	1
6800	1
6801	1
6802	2
6803	3
6804	2
6805	3
6806	3
6807	4
6808	3
6809	2
6810	3
6811	7
6812	4
6813	5
6814	3
6815	2
6816	2
6817	0
6818	6
6819	2
6820	6
6821	1
6822	4
6823	6
6824	3
6825	4
6826	3
6827	3
6828	1
6829	2
6830	3
6831	2
6832	2
6833	0
6834	2
6835	1
6836	0
6837	3
6838	2
6839	5
6840	2
6841	5
6842	5
6843	4
6844	1
6845	0
6846	0
6847	1
6848	3
6849	4
6850	4
6851	2
6852	2
6853	1
6854	0
6855	4
6856	0
6857	3
6858	6
6859	6
6860	1
6861	2
6862	1
6863	1
6864	2
6865	7
6866	3
6867	3
6868	0
6869	1
6870	2
6871	3
6872	3
6873	3
6874	0
6875	4
6876	2
6877	2
6878	4
6879	2
6880	3
6881	4
6882	0
6883	1
6884	2
6885	3
6886	3
6887	0
6888	1
6889	2
6890	2
6891	5
6892	2
6893	2
6894	5
6895	3
6896	3
6897	4
6898	0
6899	0
6900	3
6901	1
6902	2
6903	1
6904	2
6905	0
6906	0
6907	2
6908	3
6909	2
6910	1
6911	2
6912	2
6913	2
6914	2
6915	1
6916	5
6917	2
6918	1
6919	1
6920	2
6921	1
6922	1
6923	0
6924	4
6925	2
6926	6
6927	2
6928	2
6929	0
6930	1
6931	3
6932	2
6933	3
6934	1
6935	0
6936	4
6937	2
6938	1
6939	1
6940	1
6941	1
6942	0
6943	1
6944	3
6945	2
6946	1
6947	1
6948	2
6949	1
6950	1
6951	2
6952	2
6953	3
6954	0
6955	1
6956	1
6957	2
6958	1
6959	0
6960	2
6961	1
6962	0
6963	0
6964	4
6965	1
6966	1
6967	1
6968	0
6969	1
6970	0
6971	1
6972	1
6973	0
6974	0
6975	0
6976	0
6977	2
6978	0
6979	1
6980	2
6981	0
6982	1
6983	3
6984	2
6985	1
6986	0
6987	1
6988	1
6989	0
6990	1
6991	1
6992	0
6993	3
6994	1
6995	1
6996	1
6997	0
6998	1
6999	1
7000	0
7001	1
7002	0
7003	0
7004	1
7005	0
7006	0
7007	1
7008	1
7009	1
7010	0
7011	2
7012	0
7013	2
7014	0
7015	1
7016	0
7017	1
7018	0
7019	0
7020	0
7021	0
7022	0
7023	2
7024	2
7025	0
7026	0
7027	2
7028	0
7029	2
7030	0
7031	2
7032	2
7033	5
7034	1
7035	2
7036	4
7037	2
7038	0
7039	1
7040	0
7041	0
7042	1
7043	1
7044	0
7045	0
7046	1
7047	0
7048	3
7049	0
7050	0
7051	0
7052	1
7053	1
7054	0
7055	0
7056	3
7057	2
7058	0
7059	4
7060	1
7061	1
7062	1
7063	0
7064	0
7065	1
7066	2
7067	0
7068	2
7069	0
7070	1
7071	0
7072	0
7073	1
7074	1
7075	1
7076	2
7077	0
7078	1
7079	1
7080	1
7081	2
7082	1
7083	0
7084	1
7085	1
7086	0
7087	0
7088	0
7089	3
7090	2
7091	0
7092	0
7093	0
7094	0
7095	2
7096	1
7097	1
7098	1
7099	2
7100	0
7101	1
7102	0
7103	1
7104	0
7105	0
7106	0
7107	0
7108	0
7109	2
7110	1
7111	0
7112	0
7113	1
7114	1
7115	1
7116	1
7117	1
7118	0
7119	1
7120	0
7121	1
7122	1
7123	0
7124	0
7125	0
7126	0
7127	0
7128	0
7129	0
7130	0
7131	0
7132	0
7133	0
7134	0
7135	1
7136	0
7137	1
7138	1
7139	2
7140	1
7141	0
7142	0
7143	0
7144	0
7145	1
7146	1
7147	0
7148	0
7149	3
7150	0
7151	1
7152	0
7153	0
7154	1
7155	0
7156	0
7157	2
7158	0
7159	2
7160	0
7161	2
7162	0
7163	1
7164	0
7165	1
7166	0
7167	0
7168	0
7169	0
7170	0
7171	0
7172	1
7173	0
7174	0
7175	2
7176	0
7177	2
7178	0
7179	0
7180	1
7181	0
7182	0
7183	0
7184	0
7185	1
7186	1
7187	1
7188	0
7189	1
7190	0
7191	0
7192	2
7193	1
7194	3
7195	1
7196	0
7197	2
7198	0
7199	0
7200	1
7201	0
7202	0
7203	1
7204	1
7205	1
7206	0
7207	1
7208	1
7209	2
7210	1
7211	1
7212	0
7213	1
7214	1
7215	0
7216	0
7217	0
7218	0
7219	1
7220	2
7221	1
7222	0
7223	1
7224	1
7225	2
7226	0
7227	0
7228	0
7229	0
7230	2
7231	0
7232	1
7233	1
7234	1
7235	0
7236	0
7237	2
7238	0
7239	2
7240	0
7241	0
7242	1
7243	0
7244	1
7245	2
7246	1
7247	1
7248	2
7249	1
7250	0
7251	1
7252	0
7253	0
7254	2
7255	0
7256	1
7257	0
7258	0
7259	0
7260	1
7261	1
7262	0
7263	0
7264	0
7265	1
7266	0
7267	0
7268	1
7269	3
7270	1
7271	1
7272	0
7273	1
7274	0
7275	1
7276	0
7277	0
7278	0
7279	0
7280	0
7281	0
7282	0
7283	2
7284	0
7285	1
7286	0
7287	0
7288	0
7289	1
7290	0
7291	0
7292	0
7293	0
7294	1
7295	2
7296	0
7297	1
7298	1
7299	0
7300	1
7301	1
7302	0
7303	0
7304	0
7305	2
7306	1
7307	1
7308	0
7309	1
7310	0
7311	3
7312	0
7313	1
7314	0
7315	0
7316	0
7317	0
7318	0
7319	0
7320	0
7321	1
7322	1
7323	1
7324	0
7325	0
7326	0
7327	1
7328	1
7329	0
7330	1
7331	0
7332	0
7333	0
7334	0
7335	1
7336	0
7337	0
7338	0
7339	0
7340	0
7341	2
7342	0
7343	0
7344	1
7345	1
7346	0
7347	0
7348	0
7349	0
7350	0
7351	0
7352	0
7353	1
7354	1
7355	0
7356	1
7357	1
7358	0
7359	0
7360	1
7361	0
7362	1
7363	1
7364	0
7365	0
7366	1
7367	1
7368	0
7369	1
7370	0
7371	1
7372	1
7373	1
7374	0
7375	0
7376	0
7377	0
7378	0
7379	1
7380	0
7381	0
7382	2
7383	0
7384	0
7385	0
7386	0
7387	0
7388	1
7389	0
7390	1
7391	1
7392	2
7393	0
7394	1
7395	0
7396	0
7397	0
7398	1
7399	1
7400	1
7401	0
7402	2
7403	0
7404	0
7405	2
7406	0
7407	0
7408	0
7409	3
7410	2
7411	1
7412	1
7413	0
7414	1
7415	1
7416	0
7417	0
7418	0
7419	0
7420	1
7421	0
7422	1
7423	1
7424	0
7425	0
7426	0
7427	0
7428	1
7429	0
7430	1
7431	1
7432	0
7433	0
7434	2
7435	0
7436	0
7437	1
7438	0
7439	1
7440	1
7441	0
7442	0
7443	0
7444	0
7445	1
7446	1
7447	1
7448	0
7449	0
7450	0
7451	0
7452	2
7453	1
7454	1
7455	0
7456	1
7457	1
7458	0
7459	0
7460	1
7461	2
7462	2
7463	0
7464	1
7465	3
7466	0
7467	0
7468	0
7469	0
7470	1
7471	0
7472	1
7473	0
7474	1
7475	1
7476	0
7477	1
7478	0
7479	0
7480	1
7481	0
7482	0
7483	0
7484	0
7485	0
7486	0
7487	1
7488	0
7489	0
7490	0
7491	1
7492	1
7493	1
7494	0
7495	1
7496	0
7497	0
7498	0
7499	1
7500	1
7501	0
7502	0
7503	1
7504	1
7505	1
7506	0
7507	1
7508	0
7509	0
7510	0
7511	0
7512	0
7513	0
7514	1
7515	0
7516	0
7517	1
7518	3
7519	1
7520	0
7521	0
7522	0
7523	0
7524	1
7525	0
7526	3
7527	1
7528	1
7529	1
7530	0
7531	0
7532	0
7533	0
7534	0
7535	1
7536	2
7537	1
7538	0
7539	0
7540	1
7541	0
7542	1
7543	0
7544	0
7545	0
7546	0
7547	3
7548	0
7549	0
7550	0
7551	1
7552	0
7553	0
7554	2
7555	0
7556	0
7557	1
7558	1
7559	1
7560	1
7561	0
7562	0
7563	0
7564	1
7565	1
7566	0
7567	1
7568	2
7569	2
7570	2
7571	3
7572	0
7573	0
7574	0
7575	0
7576	0
7577	1
7578	0
7579	1
7580	0
7581	0
7582	0
7583	0
7584	1
7585	1
7586	0
7587	1
7588	1
7589	2
7590	0
7591	2
7592	0
7593	0
7594	1
7595	1
7596	0
7597	1
7598	0
7599	1
7600	2
7601	1
7602	1
7603	1
7604	1
7605	1
7606	2
7607	0
7608	0
7609	1
7610	0
7611	0
7612	1
7613	2
7614	1
7615	0
7616	1
7617	1
7618	1
7619	0
7620	0
7621	0
7622	1
7623	1
7624	0
7625	0
7626	1
7627	0
7628	1
7629	0
7630	0
7631	0
7632	0
7633	1
7634	0
7635	2
7636	1
7637	0
7638	0
7639	0
7640	0
7641	1
7642	1
7643	0
7644	0
7645	1
7646	0
7647	1
7648	0
7649	1
7650	0
7651	2
7652	2
7653	0
7654	1
7655	2
7656	0
7657	0
7658	1
7659	2
7660	0
7661	1
7662	0
7663	0
7664	0
7665	1
7666	0
7667	0
7668	0
7669	1
7670	0
7671	0
7672	0
7673	1
7674	2
7675	1
7676	2
7677	0
7678	0
7679	1
7680	0
7681	0
7682	0
7683	0
7684	0
7685	0
7686	0
7687	0
7688	0
7689	0
7690	1
7691	0
7692	1
7693	1
7694	2
7695	1
7696	1
7697	1
7698	0
7699	0
7700	1
7701	2
7702	0
7703	1
7704	3
7705	1
7706	2
7707	0
7708	1
7709	1
7710	0
7711	0
7712	1
7713	1
7714	1
7715	0
7716	0
7717	0
7718	0
7719	0
7720	1
7721	0
7722	0
7723	0
7724	1
7725	0
7726	1
7727	0
7728	0
7729	0
7730	0
7731	2
7732	1
7733	0
7734	0
7735	0
7736	0
7737	1
7738	1
7739	0
7740	0
7741	0
7742	0
7743	0
7744	0
7745	0
7746	0
7747	1
7748	1
7749	0
7750	1
7751	0
7752	2
7753	0
7754	2
7755	1
7756	1
7757	0
7758	1
7759	1
7760	1
7761	1
7762	2
7763	0
7764	0
7765	0
7766	0
7767	0
7768	1
7769	1
7770	0
7771	0
7772	1
7773	0
7774	1
7775	0
7776	0
7777	0
7778	0
7779	0
7780	0
7781	0
7782	1
7783	0
7784	0
7785	0
7786	0
7787	0
7788	0
7789	1
7790	2
7791	0
7792	1
7793	0
7794	1
7795	0
7796	0
7797	0
7798	0
7799	0
7800	0
7801	1
7802	1
7803	2
7804	0
7805	1
7806	2
7807	0
7808	0
7809	1
7810	0
7811	1
7812	0
7813	0
7814	2
7815	0
7816	0
7817	3
7818	0
7819	1
7820	1
7821	3
7822	1
7823	0
7824	0
7825	0
7826	1
7827	0
7828	0
7829	1
7830	0
7831	2
7832	0
7833	1
7834	2
7835	0
7836	0
7837	0
7838	0
7839	0
7840	0
7841	1
7842	0
7843	0
7844	1
7845	0
7846	0
7847	0
7848	0
7849	1
7850	1
7851	0
7852	0
7853	0
7854	0
7855	0
7856	0
7857	2
7858	1
7859	0
7860	0
7861	0
7862	1
7863	0
7864	0
7865	0
7866	0
7867	1
7868	0
7869	2
7870	0
7871	1
7872	0
7873	1
7874	2
7875	1
7876	0
7877	1
7878	1
7879	1
7880	0
7881	0
7882	0
7883	0
7884	1
7885	0
7886	0
7887	1
7888	2
7889	2
7890	0
7891	1
7892	0
7893	1
7894	1
7895	0
7896	2
7897	2
7898	0
7899	0
7900	0
7901	1
7902	2
7903	0
7904	3
7905	0
7906	0
7907	0
7908	0
7909	0
7910	0
7911	0
7912	2
7913	1
7914	0
7915	1
7916	0
7917	0
7918	0
7919	1
7920	3
7921	2
7922	0
7923	1
7924	1
7925	0
7926	1
7927	1
7928	0
7929	0
7930	0
7931	0
7932	1
7933	0
7934	0
7935	0
7936	0
7937	0
7938	0
7939	0
7940	2
7941	1
7942	0
7943	0
7944	1
7945	0
7946	0
7947	0
7948	0
7949	0
7950	1
7951	1
7952	2
7953	0
7954	0
7955	0
7956	0
7957	0
7958	0
7959	1
7960	1
7961	0
7962	0
7963	0
7964	0
7965	1
7966	1
7967	0
7968	0
7969	1
7970	0
7971	1
7972	0
7973	2
7974	1
7975	0
7976	0
7977	0
7978	0
7979	0
7980	0
7981	0
7982	1
7983	1
7984	1
7985	0
7986	1
7987	0
7988	2
7989	0
7990	0
7991	0
7992	2
7993	1
7994	0
7995	1
7996	1
7997	1
7998	1
7999	0
8000	1
8001	3
8002	0
8003	1
8004	2
8005	1
8006	0
8007	0
8008	0
8009	0
8010	1
8011	0
8012	0
8013	0
8014	1
8015	0
8016	0
8017	0
8018	1
8019	0
8020	1
8021	0
8022	0
8023	1
8024	0
8025	0
8026	1
8027	0
8028	1
8029	1
8030	1
8031	1
8032	0
8033	3
8034	2
8035	0
8036	0
8037	0
8038	1
8039	0
8040	1
8041	0
8042	0
8043	2
8044	1
8045	0
8046	1
8047	2
8048	0
8049	1
8050	1
8051	0
8052	0
8053	0
8054	0
8055	0
8056	0
8057	0
8058	0
8059	0
8060	0
8061	0
8062	1
8063	0
8064	0
8065	0
8066	0
8067	1
8068	0
8069	0
8070	0
8071	0
8072	1
8073	1
8074	0
8075	0
8076	0
8077	1
8078	0
8079	1
8080	0
8081	0
8082	1
8083	0
8084	0
8085	0
8086	0
8087	0
8088	0
8089	0
8090	0
8091	0
8092	0
8093	0
8094	0
8095	0
8096	0
8097	0
8098	0
8099	0
8100	0
8101	0
8102	0
8103	0
8104	0
8105	0
8106	0
8107	0
8108	0
8109	0
8110	0
8111	0
8112	0
8113	0
8114	0
8115	0
8116	0
8117	0
8118	0
8119	0
8120	0
8121	0
8122	0
8123	0
8124	0
8125	0
8126	0
8127	0
8128	0
8129	0
8130	0
8131	0
8132	0
8133	0
8134	0
8135	0
8136	0
8137	0
8138	0
8139	0
8140	0
8141	0
8142	0
8143	0
8144	0
8145	0
8146	0
8147	0
8148	0
8149	0
8150	0
8151	0
8152	0
8153	0
8154	0
8155	0
8156	0
8157	0
8158	0
8159	0
8160	0
8161	0
8162	0
8163	0
8164	0
8165	0
8166	0
8167	0
8168	0
8169	0
8170	0
8171	0
8172	0
8173	0
8174	0
8175	0
8176	0
8177	0
8178	0
8179	0
8180	0
8181	0
8182	0
8183	0
8184	0
8185	0
8186	0
8187	0
8188	0
8189	0
8190	0
8191	0
