0	0
1	0
2	0
3	0
4	0
5	0
6	0
7	0
8	0
9	0
10	0
11	0
12	0
13	0
14	1
15	0
16	0
17	0
18	0
19	0
20	0
21	0
22	1
23	0
24	0
25	0
26	1
27	0
28	0
29	0
30	0
31	0
32	0
33	0
34	1
35	0
36	0
37	0
38	0
39	0
40	0
41	0
42	0
43	0
44	0
45	0
46	0
47	1
48	0
49	0
50	0
51	0
52	0
53	0
54	0
55	0
56	0
57	0
58	0
59	0
60	0
61	0
62	0
63	0
64	0
65	0
66	0
67	0
68	0
69	0
70	0
71	0
72	0
73	0
74	0
75	0
76	0
77	0
78	0
79	0
80	0
81	0
82	0
83	0
84	0
85	5
86	7
87	7
88	10
89	16
90	13
91	10
92	7
93	16
94	10
95	10
96	10
97	12
98	11
99	9
100	11
101	16
102	9
103	11
104	10
105	10
106	7
107	11
108	11
109	5
110	3
111	5
112	5
113	6
114	7
115	7
116	7
117	5
118	9
119	6
120	4
121	6
122	3
123	9
124	9
125	4
126	4
127	6
128	8
129	1
130	7
131	12
132	8
133	10
134	5
135	12
136	9
137	9
138	5
139	6
140	7
141	4
142	5
143	8
144	3
145	8
146	10
147	5
148	5
149	7
150	4
151	6
152	6
153	9
154	7
155	5
156	7
157	10
158	4
159	10
160	3
161	2
162	6
163	4
164	7
165	9
166	10
167	4
168	8
169	4
170	8
171	10
172	10
173	7
174	9
175	7
176	4
177	9
178	9
179	10
180	10
181	4
182	8
183	6
184	8
185	10
186	8
187	11
188	9
189	7
190	6
191	9
192	8
193	6
194	4
195	6
196	8
197	7
198	7
199	5
200	3
201	11
202	7
203	7
204	8
205	6
206	8
207	11
208	9
209	7
210	9
211	8
212	7
213	2
214	9
215	6
216	3
217	8
218	7
219	9
220	5
221	7
222	4
223	10
224	8
225	4
226	11
227	5
228	9
229	7
230	2
231	7
232	6
233	3
234	7
235	5
236	3
237	5
238	9
239	6
240	11
241	7
242	12
243	7
244	17
245	10
246	10
247	4
248	12
249	5
250	7
251	5
252	8
253	8
254	8
255	8
256	8
257	4
258	10
259	9
260	4
261	11
262	7
263	5
264	12
265	8
266	9
267	7
268	11
269	8
270	5
271	6
272	5
273	4
274	9
275	7
276	7
277	5
278	10
279	11
280	6
281	9
282	9
283	9
284	9
285	9
286	6
287	10
288	6
289	8
290	8
291	7
292	12
293	9
294	4
295	6
296	5
297	9
298	15
299	8
300	9
301	13
302	12
303	9
304	3
305	7
306	9
307	8
308	11
309	8
310	8
311	9
312	11
313	9
314	6
315	10
316	7
317	8
318	7
319	10
320	10
321	3
322	10
323	6
324	5
325	10
326	8
327	12
328	5
329	5
330	8
331	7
332	13
333	7
334	10
335	9
336	10
337	8
338	10
339	7
340	7
341	15
342	8
343	5
344	3
345	10
346	8
347	10
348	10
349	12
350	6
351	8
352	8
353	10
354	13
355	4
356	11
357	3
358	10
359	6
360	9
361	12
362	10
363	8
364	6
365	12
366	12
367	10
368	9
369	5
370	8
371	11
372	10
373	7
374	12
375	11
376	4
377	11
378	6
379	16
380	6
381	4
382	10
383	9
384	8
385	6
386	8
387	4
388	11
389	4
390	7
391	4
392	8
393	5
394	6
395	16
396	6
397	2
398	5
399	8
400	10
401	7
402	12
403	14
404	7
405	6
406	10
407	6
408	7
409	10
410	5
411	8
412	4
413	7
414	12
415	10
416	7
417	9
418	10
419	11
420	10
421	5
422	10
423	6
424	6
425	11
426	10
427	7
428	11
429	9
430	13
431	9
432	7
433	7
434	9
435	11
436	12
437	11
438	8
439	9
440	15
441	12
442	16
443	6
444	8
445	6
446	10
447	5
448	7
449	7
450	4
451	12
452	13
453	11
454	11
455	8
456	10
457	6
458	15
459	16
460	8
461	11
462	8
463	9
464	11
465	8
466	7
467	10
468	7
469	6
470	8
471	13
472	12
473	11
474	9
475	7
476	15
477	7
478	5
479	8
480	10
481	4
482	11
483	12
484	11
485	3
486	10
487	13
488	14
489	9
490	8
491	5
492	9
493	9
494	8
495	10
496	5
497	7
498	6
499	9
500	7
501	13
502	3
503	11
504	9
505	16
506	8
507	10
508	15
509	8
510	11
511	12
512	9
513	13
514	13
515	12
516	7
517	10
518	9
519	11
520	10
521	9
522	2
523	8
524	12
525	10
526	12
527	4
528	12
529	7
530	13
531	9
532	9
533	14
534	4
535	8
536	7
537	14
538	9
539	12
540	13
541	10
542	9
543	9
544	11
545	10
546	11
547	10
548	10
549	13
550	8
551	6
552	10
553	5
554	13
555	11
556	15
557	9
558	6
559	7
560	12
561	15
562	5
563	7
564	5
565	9
566	13
567	10
568	14
569	9
570	10
571	8
572	9
573	10
574	9
575	5
576	14
577	2
578	8
579	11
580	7
581	6
582	9
583	10
584	8
585	15
586	16
587	9
588	5
589	10
590	13
591	9
592	9
593	10
594	7
595	5
596	14
597	11
598	11
599	4
600	16
601	6
602	11
603	11
604	12
605	9
606	8
607	7
608	9
609	4
610	6
611	7
612	7
613	10
614	5
615	10
616	11
617	8
618	10
619	11
620	8
621	10
622	10
623	8
624	9
625	17
626	10
627	13
628	13
629	14
630	14
631	10
632	6
633	8
634	15
635	10
636	14
637	5
638	11
639	12
640	11
641	6
642	12
643	12
644	7
645	5
646	15
647	7
648	18
649	8
650	14
651	6
652	7
653	11
654	12
655	6
656	6
657	15
658	12
659	11
660	10
661	7
662	12
663	14
664	15
665	15
666	8
667	10
668	11
669	12
670	15
671	13
672	9
673	8
674	7
675	10
676	15
677	11
678	7
679	11
680	14
681	12
682	18
683	11
684	4
685	12
686	9
687	12
688	11
689	15
690	16
691	10
692	3
693	13
694	12
695	11
696	4
697	9
698	9
699	14
700	14
701	8
702	4
703	12
704	8
705	9
706	12
707	7
708	10
709	13
710	11
711	13
712	9
713	16
714	12
715	12
716	11
717	10
718	19
719	8
720	10
721	9
722	4
723	16
724	12
725	11
726	10
727	10
728	7
729	12
730	17
731	5
732	11
733	15
734	10
735	13
736	13
737	12
738	14
739	17
740	8
741	12
742	15
743	14
744	16
745	13
746	9
747	13
748	18
749	9
750	9
751	16
752	13
753	15
754	16
755	12
756	18
757	12
758	13
759	14
760	12
761	19
762	12
763	13
764	8
765	18
766	15
767	18
768	22
769	17
770	14
771	16
772	16
773	17
774	10
775	13
776	13
777	19
778	12
779	11
780	14
781	10
782	17
783	13
784	26
785	16
786	19
787	16
788	22
789	20
790	20
791	22
792	19
793	15
794	10
795	11
796	12
797	13
798	20
799	21
800	22
801	24
802	18
803	16
804	19
805	21
806	12
807	18
808	18
809	19
810	18
811	17
812	18
813	18
814	17
815	13
816	15
817	17
818	12
819	17
820	11
821	26
822	21
823	22
824	11
825	13
826	26
827	21
828	23
829	22
830	17
831	19
832	18
833	15
834	19
835	25
836	19
837	18
838	15
839	12
840	16
841	17
842	20
843	13
844	17
845	19
846	18
847	23
848	20
849	23
850	21
851	19
852	21
853	10
854	10
855	11
856	16
857	19
858	21
859	25
860	20
861	17
862	12
863	20
864	23
865	19
866	14
867	17
868	19
869	25
870	19
871	13
872	20
873	20
874	24
875	24
876	12
877	19
878	22
879	17
880	17
881	11
882	13
883	17
884	18
885	18
886	22
887	14
888	20
889	11
890	20
891	16
892	28
893	17
894	16
895	12
896	17
897	16
898	15
899	14
900	12
901	17
902	17
903	14
904	17
905	9
906	13
907	12
908	14
909	15
910	15
911	19
912	20
913	15
914	16
915	24
916	13
917	17
918	17
919	18
920	12
921	23
922	14
923	14
924	6
925	13
926	19
927	21
928	16
929	9
930	16
931	18
932	13
933	16
934	11
935	16
936	16
937	8
938	16
939	16
940	12
941	17
942	21
943	13
944	16
945	12
946	20
947	13
948	21
949	15
950	14
951	20
952	17
953	17
954	17
955	15
956	18
957	10
958	13
959	18
960	11
961	12
962	13
963	19
964	18
965	10
966	13
967	17
968	12
969	13
970	12
971	17
972	15
973	10
974	14
975	20
976	13
977	13
978	17
979	20
980	15
981	12
982	16
983	12
984	13
985	11
986	17
987	17
988	15
989	17
990	19
991	12
992	17
993	14
994	13
995	15
996	12
997	14
998	10
999	11
1000	7
1001	13
1002	12
1003	4
1004	14
1005	12
1006	12
1007	20
1008	17
1009	13
1010	10
1011	15
1012	9
1013	14
1014	16
1015	18
1016	14
1017	15
1018	16
1019	8
1020	8
1021	20
1022	16
1023	16
1024	19
1025	12
1026	10
1027	21
1028	15
1029	7
1030	12
1031	11
1032	20
1033	18
1034	16
1035	13
1036	10
1037	16
1038	13
1039	17
1040	14
1041	14
1042	8
1043	17
1044	11
1045	10
1046	14
1047	11
1048	14
1049	16
1050	12
1051	11
1052	12
1053	10
1054	13
1055	13
1056	16
1057	10
1058	13
1059	14
1060	18
1061	8
1062	10
1063	6
1064	15
1065	14
1066	13
1067	13
1068	17
1069	12
1070	15
1071	10
1072	13
1073	12
1074	11
1075	6
1076	14
1077	16
1078	12
1079	19
1080	14
1081	16
1082	10
1083	13
1084	12
1085	13
1086	15
1087	14
1088	15
1089	12
1090	8
1091	15
1092	5
1093	12
1094	14
1095	10
1096	13
1097	14
1098	17
1099	21
1100	15
1101	10
1102	14
1103	17
1104	13
1105	8
1106	16
1107	8
1108	25
1109	13
1110	16
1111	11
1112	22
1113	10
1114	19
1115	16
1116	15
1117	24
1118	17
1119	9
1120	14
1121	11
1122	13
1123	14
1124	9
1125	9
1126	9
1127	13
1128	13
1129	14
1130	7
1131	13
1132	11
1133	8
1134	11
1135	11
1136	7
1137	12
1138	13
1139	15
1140	14
1141	11
1142	15
1143	9
1144	16
1145	25
1146	14
1147	18
1148	20
1149	16
1150	13
1151	14
1152	12
1153	15
1154	12
1155	14
1156	14
1157	21
1158	16
1159	18
1160	12
1161	11
1162	18
1163	16
1164	10
1165	17
1166	14
1167	20
1168	13
1169	14
1170	12
1171	20
1172	9
1173	14
1174	10
1175	12
1176	19
1177	18
1178	10
1179	18
1180	14
1181	12
1182	20
1183	16
1184	18
1185	11
1186	20
1187	15
1188	21
1189	18
1190	14
1191	15
1192	9
1193	16
1194	13
1195	12
1196	12
1197	19
1198	19
1199	20
1200	14
1201	9
1202	16
1203	18
1204	14
1205	11
1206	9
1207	17
1208	10
1209	20
1210	14
1211	17
1212	18
1213	18
1214	15
1215	20
1216	15
1217	9
1218	21
1219	12
1220	18
1221	23
1222	17
1223	16
1224	19
1225	15
1226	16
1227	12
1228	13
1229	11
1230	19
1231	14
1232	16
1233	13
1234	14
1235	16
1236	20
1237	14
1238	14
1239	19
1240	14
1241	23
1242	16
1243	16
1244	12
1245	12
1246	21
1247	11
1248	14
1249	16
1250	18
1251	17
1252	12
1253	12
1254	8
1255	19
1256	15
1257	17
1258	14
1259	12
1260	20
1261	18
1262	23
1263	25
1264	23
1265	17
1266	14
1267	22
1268	15
1269	16
1270	18
1271	14
1272	17
1273	21
1274	23
1275	21
1276	15
1277	16
1278	12
1279	17
1280	16
1281	12
1282	19
1283	18
1284	19
1285	10
1286	14
1287	10
1288	15
1289	22
1290	22
1291	15
1292	13
1293	16
1294	16
1295	18
1296	17
1297	13
1298	20
1299	15
1300	20
1301	20
1302	16
1303	18
1304	16
1305	23
1306	25
1307	12
1308	19
1309	10
1310	22
1311	17
1312	23
1313	17
1314	19
1315	19
1316	17
1317	20
1318	26
1319	11
1320	18
1321	19
1322	16
1323	13
1324	14
1325	18
1326	18
1327	14
1328	18
1329	10
1330	13
1331	16
1332	13
1333	21
1334	14
1335	19
1336	17
1337	23
1338	24
1339	21
1340	17
1341	14
1342	18
1343	17
1344	15
1345	20
1346	27
1347	20
1348	15
1349	22
1350	17
1351	15
1352	16
1353	21
1354	14
1355	19
1356	21
1357	21
1358	16
1359	18
1360	18
1361	17
1362	16
1363	16
1364	26
1365	19
1366	26
1367	26
1368	15
1369	21
1370	13
1371	21
1372	18
1373	17
1374	17
1375	14
1376	15
1377	16
1378	11
1379	19
1380	18
1381	26
1382	12
1383	17
1384	14
1385	21
1386	17
1387	15
1388	17
1389	17
1390	25
1391	22
1392	20
1393	23
1394	17
1395	22
1396	19
1397	18
1398	16
1399	15
1400	15
1401	19
1402	19
1403	19
1404	17
1405	22
1406	27
1407	21
1408	16
1409	18
1410	28
1411	13
1412	16
1413	26
1414	14
1415	21
1416	17
1417	17
1418	19
1419	24
1420	15
1421	17
1422	17
1423	14
1424	24
1425	20
1426	23
1427	17
1428	20
1429	20
1430	18
1431	21
1432	27
1433	20
1434	22
1435	15
1436	17
1437	18
1438	21
1439	19
1440	17
1441	14
1442	11
1443	24
1444	15
1445	16
1446	20
1447	20
1448	24
1449	18
1450	20
1451	20
1452	22
1453	26
1454	13
1455	19
1456	22
1457	22
1458	17
1459	19
1460	15
1461	19
1462	18
1463	22
1464	26
1465	13
1466	15
1467	20
1468	13
1469	22
1470	19
1471	22
1472	15
1473	21
1474	15
1475	25
1476	20
1477	16
1478	27
1479	15
1480	13
1481	19
1482	20
1483	26
1484	21
1485	26
1486	14
1487	18
1488	25
1489	20
1490	20
1491	16
1492	17
1493	16
1494	19
1495	21
1496	19
1497	27
1498	27
1499	21
1500	23
1501	17
1502	19
1503	13
1504	21
1505	21
1506	13
1507	26
1508	21
1509	16
1510	27
1511	16
1512	16
1513	18
1514	17
1515	22
1516	30
1517	17
1518	20
1519	13
1520	18
1521	20
1522	20
1523	25
1524	20
1525	16
1526	13
1527	21
1528	22
1529	20
1530	12
1531	23
1532	22
1533	25
1534	18
1535	20
1536	30
1537	24
1538	17
1539	20
1540	16
1541	19
1542	15
1543	19
1544	15
1545	21
1546	21
1547	22
1548	26
1549	20
1550	23
1551	19
1552	14
1553	19
1554	17
1555	12
1556	20
1557	16
1558	17
1559	16
1560	23
1561	17
1562	15
1563	15
1564	19
1565	28
1566	24
1567	24
1568	16
1569	15
1570	18
1571	31
1572	24
1573	18
1574	21
1575	28
1576	21
1577	14
1578	16
1579	24
1580	20
1581	13
1582	27
1583	21
1584	20
1585	24
1586	24
1587	28
1588	26
1589	22
1590	29
1591	19
1592	18
1593	18
1594	21
1595	33
1596	16
1597	27
1598	17
1599	25
1600	19
1601	17
1602	23
1603	20
1604	29
1605	18
1606	36
1607	23
1608	20
1609	22
1610	23
1611	20
1612	20
1613	20
1614	28
1615	22
1616	20
1617	29
1618	24
1619	19
1620	17
1621	20
1622	22
1623	24
1624	31
1625	19
1626	26
1627	20
1628	28
1629	15
1630	25
1631	21
1632	15
1633	18
1634	29
1635	20
1636	14
1637	15
1638	30
1639	23
1640	15
1641	17
1642	18
1643	24
1644	22
1645	19
1646	16
1647	17
1648	20
1649	23
1650	19
1651	14
1652	21
1653	20
1654	21
1655	23
1656	26
1657	18
1658	19
1659	18
1660	11
1661	28
1662	20
1663	22
1664	12
1665	13
1666	15
1667	19
1668	23
1669	20
1670	24
1671	16
1672	22
1673	27
1674	24
1675	18
1676	16
1677	17
1678	21
1679	24
1680	21
1681	14
1682	26
1683	22
1684	22
1685	28
1686	22
1687	19
1688	15
1689	25
1690	18
1691	25
1692	18
1693	18
1694	15
1695	14
1696	21
1697	12
1698	21
1699	14
1700	21
1701	29
1702	22
1703	17
1704	19
1705	21
1706	19
1707	19
1708	33
1709	19
1710	24
1711	21
1712	27
1713	19
1714	20
1715	17
1716	18
1717	19
1718	21
1719	24
1720	20
1721	20
1722	23
1723	16
1724	22
1725	16
1726	22
1727	15
1728	25
1729	22
1730	23
1731	22
1732	16
1733	28
1734	27
1735	27
1736	24
1737	24
1738	20
1739	25
1740	29
1741	23
1742	26
1743	21
1744	26
1745	22
1746	20
1747	17
1748	26
1749	23
1750	16
1751	18
1752	18
1753	28
1754	24
1755	27
1756	22
1757	22
1758	22
1759	22
1760	31
1761	18
1762	17
1763	18
1764	20
1765	21
1766	25
1767	27
1768	19
1769	20
1770	20
1771	24
1772	21
1773	23
1774	25
1775	26
1776	31
1777	30
1778	20
1779	19
1780	20
1781	17
1782	27
1783	21
1784	26
1785	33
1786	18
1787	24
1788	20
1789	23
1790	28
1791	28
1792	25
1793	19
1794	21
1795	23
1796	17
1797	30
1798	21
1799	19
1800	20
1801	22
1802	27
1803	27
1804	31
1805	21
1806	24
1807	28
1808	25
1809	19
1810	22
1811	23
1812	26
1813	24
1814	27
1815	22
1816	19
1817	20
1818	34
1819	31
1820	30
1821	21
1822	22
1823	28
1824	23
1825	28
1826	23
1827	19
1828	21
1829	19
1830	26
1831	18
1832	22
1833	26
1834	25
1835	26
1836	23
1837	17
1838	23
1839	24
1840	21
1841	19
1842	26
1843	21
1844	25
1845	28
1846	23
1847	20
1848	14
1849	29
1850	29
1851	16
1852	16
1853	23
1854	17
1855	11
1856	26
1857	24
1858	19
1859	29
1860	13
1861	26
1862	27
1863	22
1864	31
1865	20
1866	20
1867	22
1868	19
1869	27
1870	25
1871	23
1872	15
1873	29
1874	19
1875	17
1876	25
1877	22
1878	20
1879	26
1880	31
1881	23
1882	29
1883	22
1884	24
1885	19
1886	30
1887	23
1888	23
1889	20
1890	25
1891	21
1892	20
1893	18
1894	18
1895	24
1896	39
1897	31
1898	14
1899	18
1900	35
1901	26
1902	21
1903	34
1904	21
1905	27
1906	19
1907	26
1908	22
1909	24
1910	31
1911	20
1912	26
1913	34
1914	23
1915	24
1916	24
1917	28
1918	23
1919	15
1920	25
1921	29
1922	14
1923	17
1924	28
1925	22
1926	24
1927	22
1928	27
1929	31
1930	25
1931	26
1932	22
1933	18
1934	29
1935	16
1936	30
1937	28
1938	27
1939	20
1940	22
1941	20
1942	26
1943	30
1944	16
1945	17
1946	20
1947	22
1948	17
1949	23
1950	29
1951	25
1952	20
1953	24
1954	28
1955	20
1956	30
1957	23
1958	22
1959	22
1960	22
1961	34
1962	22
1963	34
1964	25
1965	20
1966	24
1967	31
1968	27
1969	16
1970	24
1971	22
1972	14
1973	19
1974	17
1975	21
1976	26
1977	18
1978	20
1979	21
1980	25
1981	27
1982	28
1983	18
1984	23
1985	22
1986	24
1987	28
1988	20
1989	24
1990	28
1991	29
1992	26
1993	27
1994	38
1995	23
1996	25
1997	31
1998	19
1999	23
2000	25
2001	23
2002	19
2003	24
2004	26
2005	23
2006	25
2007	24
2008	23
2009	29
2010	23
2011	31
2012	21
2013	23
2014	31
2015	25
2016	28
2017	16
2018	30
2019	32
2020	35
2021	23
2022	19
2023	26
2024	21
2025	41
2026	18
2027	24
2028	22
2029	30
2030	35
2031	18
2032	18
2033	18
2034	32
2035	24
2036	21
2037	14
2038	23
2039	20
2040	28
2041	23
2042	23
2043	26
2044	14
2045	24
2046	27
2047	25
2048	19
2049	22
2050	24
2051	27
2052	29
2053	24
2054	20
2055	27
2056	20
2057	21
2058	25
2059	24
2060	23
2061	19
2062	20
2063	30
2064	17
2065	21
2066	29
2067	25
2068	15
2069	27
2070	25
2071	32
2072	29
2073	27
2074	16
2075	31
2076	25
2077	34
2078	31
2079	38
2080	22
2081	18
2082	19
2083	25
2084	28
2085	26
2086	28
2087	13
2088	27
2089	24
2090	28
2091	23
2092	27
2093	17
2094	43
2095	26
2096	18
2097	30
2098	26
2099	28
2100	32
2101	24
2102	24
2103	23
2104	24
2105	16
2106	26
2107	24
2108	29
2109	34
2110	27
2111	28
2112	23
2113	25
2114	30
2115	26
2116	24
2117	29
2118	24
2119	24
2120	20
2121	26
2122	22
2123	31
2124	20
2125	24
2126	22
2127	26
2128	23
2129	28
2130	19
2131	30
2132	34
2133	37
2134	22
2135	18
2136	22
2137	26
2138	31
2139	34
2140	25
2141	25
2142	33
2143	17
2144	20
2145	26
2146	24
2147	30
2148	26
2149	31
2150	27
2151	22
2152	29
2153	21
2154	29
2155	24
2156	28
2157	21
2158	29
2159	25
2160	29
2161	23
2162	32
2163	23
2164	19
2165	34
2166	18
2167	28
2168	14
2169	22
2170	29
2171	27
2172	31
2173	32
2174	26
2175	30
2176	28
2177	27
2178	26
2179	20
2180	28
2181	31
2182	21
2183	21
2184	28
2185	32
2186	27
2187	41
2188	30
2189	32
2190	33
2191	30
2192	34
2193	21
2194	29
2195	34
2196	27
2197	26
2198	22
2199	28
2200	29
2201	32
2202	21
2203	26
2204	25
2205	27
2206	29
2207	32
2208	29
2209	25
2210	23
2211	24
2212	28
2213	35
2214	29
2215	28
2216	24
2217	30
2218	22
2219	26
2220	24
2221	37
2222	33
2223	28
2224	24
2225	32
2226	29
2227	25
2228	27
2229	35
2230	26
2231	20
2232	34
2233	31
2234	27
2235	22
2236	28
2237	20
2238	36
2239	22
2240	30
2241	33
2242	26
2243	18
2244	26
2245	32
2246	25
2247	26
2248	19
2249	25
2250	37
2251	24
2252	28
2253	27
2254	23
2255	31
2256	31
2257	27
2258	27
2259	32
2260	30
2261	25
2262	37
2263	27
2264	23
2265	35
2266	29
2267	24
2268	26
2269	25
2270	34
2271	29
2272	39
2273	22
2274	31
2275	32
2276	19
2277	38
2278	29
2279	23
2280	30
2281	30
2282	18
2283	17
2284	30
2285	30
2286	29
2287	23
2288	39
2289	36
2290	28
2291	37
2292	29
2293	22
2294	20
2295	32
2296	24
2297	31
2298	29
2299	27
2300	28
2301	30
2302	28
2303	24
2304	23
2305	34
2306	20
2307	21
2308	24
2309	17
2310	31
2311	26
2312	33
2313	17
2314	25
2315	36
2316	24
2317	30
2318	26
2319	19
2320	23
2321	22
2322	21
2323	32
2324	22
2325	24
2326	24
2327	27
2328	27
2329	17
2330	22
2331	23
2332	25
2333	26
2334	25
2335	31
2336	31
2337	27
2338	22
2339	22
2340	37
2341	32
2342	31
2343	29
2344	23
2345	25
2346	29
2347	22
2348	21
2349	23
2350	23
2351	27
2352	21
2353	31
2354	22
2355	19
2356	19
2357	27
2358	29
2359	28
2360	28
2361	25
2362	16
2363	18
2364	26
2365	22
2366	20
2367	26
2368	20
2369	23
2370	42
2371	16
2372	20
2373	26
2374	18
2375	22
2376	29
2377	26
2378	27
2379	34
2380	23
2381	23
2382	28
2383	33
2384	20
2385	18
2386	28
2387	16
2388	23
2389	22
2390	20
2391	27
2392	24
2393	27
2394	30
2395	27
2396	30
2397	24
2398	28
2399	24
2400	32
2401	25
2402	28
2403	26
2404	17
2405	22
2406	18
2407	27
2408	28
2409	23
2410	17
2411	22
2412	16
2413	22
2414	16
2415	21
2416	18
2417	15
2418	28
2419	20
2420	21
2421	16
2422	19
2423	27
2424	17
2425	21
2426	21
2427	18
2428	25
2429	21
2430	24
2431	18
2432	17
2433	24
2434	18
2435	17
2436	8
2437	18
2438	18
2439	12
2440	23
2441	26
2442	30
2443	19
2444	14
2445	25
2446	21
2447	16
2448	21
2449	21
2450	21
2451	26
2452	27
2453	19
2454	24
2455	38
2456	24
2457	18
2458	11
2459	21
2460	17
2461	16
2462	20
2463	21
2464	20
2465	20
2466	22
2467	23
2468	20
2469	19
2470	31
2471	20
2472	29
2473	39
2474	22
2475	23
2476	22
2477	19
2478	20
2479	16
2480	14
2481	21
2482	16
2483	15
2484	11
2485	21
2486	18
2487	13
2488	15
2489	17
2490	19
2491	29
2492	16
2493	14
2494	12
2495	22
2496	17
2497	24
2498	19
2499	20
2500	15
2501	21
2502	21
2503	18
2504	27
2505	17
2506	17
2507	16
2508	24
2509	15
2510	18
2511	16
2512	16
2513	21
2514	26
2515	22
2516	25
2517	27
2518	21
2519	18
2520	18
2521	14
2522	32
2523	17
2524	23
2525	15
2526	24
2527	15
2528	23
2529	17
2530	14
2531	17
2532	24
2533	21
2534	15
2535	15
2536	12
2537	18
2538	16
2539	19
2540	17
2541	24
2542	18
2543	23
2544	20
2545	20
2546	24
2547	12
2548	20
2549	24
2550	20
2551	12
2552	21
2553	19
2554	12
2555	12
2556	24
2557	12
2558	17
2559	13
2560	15
2561	19
2562	10
2563	17
2564	24
2565	24
2566	17
2567	17
2568	18
2569	20
2570	16
2571	20
2572	20
2573	19
2574	14
2575	14
2576	21
2577	20
2578	13
2579	19
2580	21
2581	19
2582	23
2583	18
2584	13
2585	17
2586	25
2587	22
2588	15
2589	19
2590	13
2591	8
2592	23
2593	19
2594	11
2595	19
2596	20
2597	17
2598	15
2599	19
2600	18
2601	11
2602	19
2603	19
2604	13
2605	14
2606	20
2607	19
2608	19
2609	12
2610	21
2611	12
2612	20
2613	13
2614	16
2615	20
2616	16
2617	9
2618	13
2619	10
2620	13
2621	27
2622	21
2623	22
2624	9
2625	21
2626	16
2627	18
2628	17
2629	24
2630	15
2631	16
2632	13
2633	16
2634	12
2635	15
2636	13
2637	22
2638	9
2639	15
2640	11
2641	10
2642	12
2643	15
2644	17
2645	19
2646	18
2647	12
2648	12
2649	22
2650	17
2651	23
2652	13
2653	16
2654	17
2655	21
2656	16
2657	15
2658	19
2659	18
2660	24
2661	13
2662	14
2663	21
2664	17
2665	23
2666	17
2667	22
2668	17
2669	17
2670	21
2671	19
2672	21
2673	16
2674	15
2675	12
2676	11
2677	15
2678	14
2679	18
2680	15
2681	13
2682	22
2683	14
2684	15
2685	11
2686	18
2687	15
2688	17
2689	12
2690	14
2691	22
2692	17
2693	11
2694	16
2695	14
2696	18
2697	12
2698	23
2699	22
2700	21
2701	9
2702	13
2703	20
2704	13
2705	15
2706	17
2707	14
2708	16
2709	17
2710	19
2711	13
2712	11
2713	18
2714	13
2715	18
2716	11
2717	9
2718	14
2719	12
2720	14
2721	21
2722	14
2723	12
2724	15
2725	19
2726	14
2727	12
2728	20
2729	18
2730	19
2731	17
2732	18
2733	18
2734	17
2735	15
2736	19
2737	16
2738	16
2739	14
2740	19
2741	17
2742	12
2743	11
2744	14
2745	20
2746	13
2747	22
2748	16
2749	17
2750	18
2751	22
2752	12
2753	15
2754	16
2755	20
2756	14
2757	19
2758	15
2759	18
2760	18
2761	12
2762	11
2763	21
2764	17
2765	15
2766	13
2767	17
2768	13
2769	15
2770	15
2771	16
2772	14
2773	18
2774	12
2775	22
2776	14
2777	15
2778	13
2779	21
2780	18
2781	12
2782	8
2783	16
2784	12
2785	19
2786	17
2787	14
2788	17
2789	14
2790	19
2791	15
2792	12
2793	17
2794	15
2795	19
2796	21
2797	18
2798	9
2799	19
2800	9
2801	5
2802	8
2803	19
2804	14
2805	20
2806	16
2807	17
2808	14
2809	15
2810	17
2811	13
2812	20
2813	14
2814	12
2815	15
2816	15
2817	13
2818	17
2819	10
2820	14
2821	13
2822	12
2823	14
2824	13
2825	12
2826	17
2827	20
2828	11
2829	11
2830	21
2831	17
2832	13
2833	18
2834	19
2835	20
2836	13
2837	12
2838	13
2839	16
2840	19
2841	9
2842	12
2843	11
2844	15
2845	16
2846	9
2847	14
2848	17
2849	17
2850	16
2851	13
2852	14
2853	11
2854	8
2855	13
2856	8
2857	15
2858	10
2859	10
2860	14
2861	20
2862	6
2863	24
2864	24
2865	7
2866	14
2867	12
2868	13
2869	15
2870	16
2871	12
2872	5
2873	14
2874	17
2875	21
2876	15
2877	11
2878	15
2879	11
2880	11
2881	16
2882	12
2883	14
2884	8
2885	10
2886	13
2887	12
2888	10
2889	15
2890	13
2891	14
2892	12
2893	11
2894	13
2895	19
2896	18
2897	16
2898	17
2899	13
2900	9
2901	13
2902	19
2903	9
2904	15
2905	13
2906	15
2907	13
2908	13
2909	12
2910	13
2911	14
2912	14
2913	23
2914	16
2915	12
2916	9
2917	17
2918	12
2919	21
2920	12
2921	13
2922	8
2923	18
2924	14
2925	16
2926	10
2927	16
2928	21
2929	16
2930	11
2931	15
2932	18
2933	18
2934	11
2935	11
2936	18
2937	13
2938	13
2939	17
2940	18
2941	10
2942	11
2943	7
2944	16
2945	11
2946	6
2947	14
2948	15
2949	12
2950	14
2951	24
2952	15
2953	8
2954	12
2955	19
2956	18
2957	10
2958	19
2959	18
2960	20
2961	13
2962	13
2963	9
2964	16
2965	12
2966	7
2967	20
2968	16
2969	15
2970	13
2971	14
2972	15
2973	22
2974	14
2975	15
2976	9
2977	18
2978	20
2979	15
2980	12
2981	12
2982	10
2983	19
2984	18
2985	18
2986	11
2987	17
2988	10
2989	17
2990	13
2991	14
2992	17
2993	13
2994	14
2995	16
2996	12
2997	14
2998	15
2999	12
3000	12
3001	13
3002	19
3003	15
3004	15
3005	14
3006	10
3007	22
3008	19
3009	14
3010	17
3011	21
3012	22
3013	13
3014	13
3015	12
3016	14
3017	12
3018	14
3019	17
3020	16
3021	8
3022	17
3023	16
3024	24
3025	18
3026	17
3027	22
3028	13
3029	14
3030	15
3031	14
3032	8
3033	17
3034	14
3035	16
3036	10
3037	17
3038	11
3039	15
3040	19
3041	21
3042	11
3043	11
3044	17
3045	19
3046	15
3047	15
3048	18
3049	11
3050	8
3051	13
3052	28
3053	11
3054	16
3055	19
3056	16
3057	19
3058	18
3059	17
3060	12
3061	16
3062	16
3063	11
3064	10
3065	18
3066	23
3067	21
3068	13
3069	19
3070	13
3071	22
3072	16
3073	17
3074	21
3075	17
3076	15
3077	7
3078	16
3079	10
3080	17
3081	15
3082	16
3083	24
3084	14
3085	20
3086	11
3087	22
3088	14
3089	15
3090	21
3091	18
3092	19
3093	20
3094	11
3095	8
3096	13
3097	20
3098	16
3099	13
3100	17
3101	22
3102	13
3103	18
3104	19
3105	19
3106	20
3107	17
3108	20
3109	18
3110	17
3111	13
3112	23
3113	11
3114	21
3115	15
3116	17
3117	21
3118	18
3119	11
3120	24
3121	16
3122	11
3123	19
3124	24
3125	15
3126	13
3127	21
3128	14
3129	15
3130	16
3131	15
3132	10
3133	20
3134	23
3135	21
3136	17
3137	16
3138	20
3139	20
3140	19
3141	21
3142	16
3143	24
3144	22
3145	19
3146	13
3147	12
3148	20
3149	14
3150	23
3151	18
3152	26
3153	18
3154	21
3155	21
3156	13
3157	18
3158	17
3159	24
3160	19
3161	19
3162	17
3163	24
3164	17
3165	13
3166	17
3167	18
3168	12
3169	11
3170	15
3171	22
3172	14
3173	17
3174	21
3175	12
3176	21
3177	14
3178	24
3179	25
3180	17
3181	12
3182	21
3183	21
3184	17
3185	27
3186	21
3187	12
3188	21
3189	23
3190	21
3191	20
3192	18
3193	19
3194	21
3195	16
3196	20
3197	16
3198	18
3199	18
3200	18
3201	19
3202	23
3203	23
3204	23
3205	15
3206	29
3207	20
3208	15
3209	19
3210	13
3211	26
3212	18
3213	22
3214	20
3215	29
3216	28
3217	17
3218	31
3219	25
3220	28
3221	17
3222	17
3223	22
3224	23
3225	17
3226	24
3227	20
3228	24
3229	21
3230	17
3231	18
3232	18
3233	25
3234	19
3235	21
3236	25
3237	28
3238	29
3239	14
3240	20
3241	23
3242	16
3243	27
3244	17
3245	21
3246	14
3247	19
3248	20
3249	14
3250	16
3251	15
3252	23
3253	18
3254	22
3255	24
3256	18
3257	29
3258	21
3259	19
3260	23
3261	22
3262	29
3263	16
3264	18
3265	27
3266	18
3267	24
3268	20
3269	29
3270	19
3271	20
3272	19
3273	27
3274	18
3275	18
3276	20
3277	19
3278	19
3279	22
3280	23
3281	21
3282	27
3283	19
3284	26
3285	24
3286	20
3287	25
3288	37
3289	24
3290	17
3291	26
3292	19
3293	23
3294	16
3295	23
3296	22
3297	16
3298	22
3299	30
3300	21
3301	19
3302	20
3303	29
3304	21
3305	19
3306	11
3307	20
3308	19
3309	24
3310	19
3311	19
3312	31
3313	23
3314	23
3315	21
3316	28
3317	31
3318	18
3319	31
3320	22
3321	28
3322	26
3323	19
3324	21
3325	23
3326	22
3327	22
3328	15
3329	19
3330	26
3331	20
3332	28
3333	22
3334	16
3335	22
3336	13
3337	27
3338	24
3339	20
3340	18
3341	26
3342	19
3343	20
3344	20
3345	19
3346	23
3347	18
3348	30
3349	22
3350	29
3351	27
3352	23
3353	30
3354	21
3355	18
3356	22
3357	28
3358	25
3359	24
3360	27
3361	27
3362	27
3363	18
3364	22
3365	24
3366	21
3367	26
3368	24
3369	21
3370	20
3371	25
3372	23
3373	18
3374	26
3375	26
3376	23
3377	19
3378	15
3379	21
3380	14
3381	22
3382	17
3383	16
3384	21
3385	24
3386	31
3387	27
3388	26
3389	24
3390	29
3391	19
3392	21
3393	23
3394	25
3395	23
3396	23
3397	26
3398	24
3399	15
3400	24
3401	18
3402	20
3403	21
3404	17
3405	23
3406	19
3407	25
3408	26
3409	23
3410	27
3411	24
3412	20
3413	28
3414	20
3415	20
3416	22
3417	26
3418	21
3419	23
3420	23
3421	22
3422	24
3423	21
3424	24
3425	28
3426	31
3427	22
3428	20
3429	19
3430	27
3431	18
3432	31
3433	27
3434	19
3435	29
3436	25
3437	29
3438	30
3439	29
3440	30
3441	21
3442	18
3443	27
3444	24
3445	14
3446	22
3447	18
3448	33
3449	30
3450	25
3451	28
3452	16
3453	24
3454	23
3455	19
3456	24
3457	37
3458	24
3459	22
3460	25
3461	24
3462	23
3463	24
3464	24
3465	31
3466	25
3467	21
3468	14
3469	24
3470	23
3471	30
3472	21
3473	19
3474	22
3475	22
3476	25
3477	28
3478	24
3479	32
3480	21
3481	26
3482	15
3483	16
3484	34
3485	28
3486	29
3487	28
3488	24
3489	22
3490	28
3491	20
3492	25
3493	24
3494	19
3495	26
3496	22
3497	22
3498	22
3499	23
3500	18
3501	26
3502	27
3503	22
3504	20
3505	24
3506	22
3507	17
3508	15
3509	24
3510	30
3511	16
3512	29
3513	19
3514	20
3515	25
3516	20
3517	20
3518	21
3519	21
3520	26
3521	29
3522	25
3523	29
3524	16
3525	13
3526	20
3527	17
3528	22
3529	23
3530	22
3531	28
3532	22
3533	19
3534	24
3535	21
3536	19
3537	22
3538	16
3539	24
3540	30
3541	27
3542	21
3543	22
3544	24
3545	13
3546	21
3547	25
3548	17
3549	21
3550	17
3551	23
3552	17
3553	26
3554	15
3555	20
3556	18
3557	26
3558	20
3559	21
3560	20
3561	14
3562	16
3563	14
3564	21
3565	22
3566	26
3567	24
3568	18
3569	16
3570	19
3571	21
3572	26
3573	12
3574	31
3575	23
3576	20
3577	28
3578	21
3579	19
3580	15
3581	25
3582	17
3583	15
3584	31
3585	22
3586	24
3587	39
3588	15
3589	26
3590	19
3591	19
3592	27
3593	18
3594	24
3595	21
3596	21
3597	23
3598	19
3599	20
3600	22
3601	21
3602	18
3603	22
3604	18
3605	15
3606	19
3607	27
3608	17
3609	23
3610	14
3611	28
3612	13
3613	13
3614	17
3615	12
3616	18
3617	20
3618	21
3619	14
3620	16
3621	18
3622	22
3623	17
3624	15
3625	28
3626	23
3627	16
3628	16
3629	20
3630	16
3631	22
3632	16
3633	16
3634	18
3635	26
3636	16
3637	14
3638	35
3639	23
3640	20
3641	13
3642	13
3643	12
3644	15
3645	20
3646	21
3647	20
3648	23
3649	9
3650	19
3651	21
3652	18
3653	14
3654	13
3655	15
3656	16
3657	17
3658	12
3659	14
3660	13
3661	13
3662	18
3663	10
3664	28
3665	15
3666	13
3667	13
3668	17
3669	20
3670	15
3671	15
3672	28
3673	17
3674	25
3675	17
3676	16
3677	9
3678	6
3679	19
3680	22
3681	16
3682	12
3683	8
3684	18
3685	14
3686	14
3687	15
3688	16
3689	23
3690	16
3691	18
3692	15
3693	14
3694	15
3695	18
3696	14
3697	13
3698	20
3699	19
3700	21
3701	21
3702	16
3703	13
3704	19
3705	10
3706	12
3707	23
3708	15
3709	9
3710	16
3711	13
3712	16
3713	22
3714	16
3715	9
3716	16
3717	18
3718	17
3719	11
3720	15
3721	12
3722	17
3723	14
3724	10
3725	15
3726	11
3727	10
3728	16
3729	18
3730	17
3731	8
3732	9
3733	17
3734	9
3735	14
3736	15
3737	11
3738	8
3739	6
3740	14
3741	14
3742	21
3743	13
3744	20
3745	17
3746	10
3747	13
3748	17
3749	9
3750	19
3751	19
3752	11
3753	13
3754	9
3755	8
3756	11
3757	9
3758	15
3759	10
3760	16
3761	18
3762	15
3763	13
3764	15
3765	10
3766	12
3767	16
3768	13
3769	10
3770	13
3771	11
3772	8
3773	12
3774	11
3775	13
3776	12
3777	7
3778	12
3779	17
3780	10
3781	11
3782	7
3783	13
3784	13
3785	8
3786	14
3787	13
3788	14
3789	16
3790	14
3791	11
3792	17
3793	11
3794	13
3795	14
3796	8
3797	16
3798	5
3799	12
3800	13
3801	12
3802	11
3803	7
3804	10
3805	12
3806	11
3807	15
3808	7
3809	13
3810	23
3811	13
3812	8
3813	16
3814	10
3815	14
3816	9
3817	11
3818	14
3819	17
3820	5
3821	12
3822	13
3823	18
3824	7
3825	13
3826	10
3827	11
3828	16
3829	5
3830	12
3831	15
3832	6
3833	13
3834	11
3835	17
3836	11
3837	9
3838	9
3839	12
3840	9
3841	9
3842	15
3843	9
3844	17
3845	14
3846	15
3847	10
3848	11
3849	7
3850	7
3851	12
3852	5
3853	6
3854	9
3855	4
3856	11
3857	12
3858	12
3859	17
3860	13
3861	11
3862	7
3863	9
3864	9
3865	5
3866	15
3867	9
3868	9
3869	10
3870	4
3871	11
3872	6
3873	8
3874	11
3875	11
3876	9
3877	13
3878	8
3879	9
3880	7
3881	16
3882	8
3883	8
3884	8
3885	7
3886	9
3887	7
3888	11
3889	9
3890	16
3891	8
3892	8
3893	7
3894	8
3895	13
3896	12
3897	12
3898	15
3899	7
3900	10
3901	3
3902	11
3903	13
3904	6
3905	7
3906	15
3907	14
3908	12
3909	8
3910	13
3911	11
3912	5
3913	13
3914	9
3915	9
3916	9
3917	7
3918	10
3919	10
3920	8
3921	6
3922	15
3923	8
3924	12
3925	12
3926	5
3927	13
3928	8
3929	16
3930	14
3931	6
3932	13
3933	5
3934	7
3935	9
3936	2
3937	7
3938	12
3939	12
3940	6
3941	12
3942	7
3943	8
3944	9
3945	8
3946	10
3947	7
3948	15
3949	8
3950	13
3951	10
3952	8
3953	14
3954	9
3955	16
3956	13
3957	17
3958	11
3959	13
3960	8
3961	6
3962	7
3963	10
3964	5
3965	10
3966	9
3967	5
3968	10
3969	5
3970	10
3971	7
3972	6
3973	12
3974	15
3975	11
3976	10
3977	9
3978	10
3979	11
3980	6
3981	10
3982	13
3983	12
3984	8
3985	5
3986	9
3987	7
3988	3
3989	11
3990	15
3991	7
3992	11
3993	7
3994	7
3995	6
3996	7
3997	5
3998	11
3999	11
4000	10
4001	7
4002	10
4003	11
4004	6
4005	13
4006	11
4007	11
4008	8
4009	9
4010	6
4011	6
4012	6
4013	12
4014	9
4015	5
4016	12
4017	8
4018	11
4019	8
4020	7
4021	13
4022	10
4023	6
4024	7
4025	6
4026	5
4027	6
4028	5
4029	9
4030	11
4031	11
4032	3
4033	8
4034	6
4035	10
4036	4
4037	5
4038	13
4039	4
4040	9
4041	5
4042	9
4043	3
4044	4
4045	4
4046	7
4047	10
4048	6
4049	8
4050	11
4051	8
4052	3
4053	4
4054	8
4055	7
4056	4
4057	2
4058	4
4059	5
4060	6
4061	6
4062	10
4063	8
4064	5
4065	6
4066	10
4067	8
4068	7
4069	13
4070	8
4071	5
4072	15
4073	7
4074	14
4075	8
4076	5
4077	13
4078	4
4079	9
4080	8
4081	8
4082	14
4083	7
4084	4
4085	11
4086	6
4087	14
4088	10
4089	7
4090	10
4091	6
4092	7
4093	9
4094	8
4095	13
4096	7
4097	9
4098	7
4099	7
4100	8
4101	10
4102	10
4103	9
4104	11
4105	16
4106	2
4107	6
4108	8
4109	9
4110	6
4111	5
4112	9
4113	8
4114	5
4115	5
4116	14
4117	11
4118	6
4119	10
4120	6
4121	8
4122	10
4123	10
4124	7
4125	10
4126	6
4127	8
4128	11
4129	6
4130	8
4131	4
4132	3
4133	9
4134	9
4135	10
4136	7
4137	10
4138	10
4139	7
4140	9
4141	8
4142	11
4143	5
4144	10
4145	4
4146	9
4147	10
4148	7
4149	8
4150	6
4151	5
4152	14
4153	6
4154	4
4155	4
4156	4
4157	16
4158	7
4159	5
4160	7
4161	6
4162	10
4163	5
4164	6
4165	7
4166	8
4167	9
4168	8
4169	11
4170	4
4171	6
4172	6
4173	11
4174	4
4175	7
4176	9
4177	4
4178	7
4179	6
4180	13
4181	13
4182	8
4183	9
4184	12
4185	7
4186	7
4187	4
4188	2
4189	6
4190	9
4191	14
4192	4
4193	7
4194	6
4195	9
4196	6
4197	8
4198	8
4199	15
4200	11
4201	7
4202	7
4203	8
4204	10
4205	10
4206	13
4207	4
4208	5
4209	9
4210	5
4211	8
4212	10
4213	7
4214	10
4215	6
4216	12
4217	9
4218	3
4219	9
4220	6
4221	3
4222	5
4223	8
4224	8
4225	11
4226	9
4227	5
4228	4
4229	11
4230	11
4231	6
4232	11
4233	6
4234	8
4235	11
4236	6
4237	4
4238	8
4239	7
4240	10
4241	10
4242	5
4243	11
4244	8
4245	10
4246	10
4247	4
4248	9
4249	6
4250	6
4251	9
4252	10
4253	9
4254	8
4255	8
4256	7
4257	8
4258	7
4259	4
4260	7
4261	8
4262	12
4263	6
4264	6
4265	6
4266	6
4267	5
4268	11
4269	8
4270	6
4271	7
4272	9
4273	6
4274	4
4275	8
4276	6
4277	6
4278	8
4279	11
4280	9
4281	5
4282	5
4283	6
4284	10
4285	7
4286	10
4287	7
4288	13
4289	8
4290	3
4291	7
4292	5
4293	10
4294	7
4295	4
4296	6
4297	7
4298	5
4299	4
4300	9
4301	3
4302	8
4303	7
4304	6
4305	5
4306	8
4307	5
4308	7
4309	7
4310	16
4311	8
4312	10
4313	5
4314	10
4315	13
4316	11
4317	6
4318	5
4319	3
4320	8
4321	4
4322	12
4323	6
4324	7
4325	6
4326	6
4327	2
4328	6
4329	7
4330	12
4331	9
4332	10
4333	10
4334	3
4335	6
4336	4
4337	4
4338	7
4339	13
4340	5
4341	6
4342	10
4343	6
4344	7
4345	6
4346	6
4347	7
4348	6
4349	5
4350	6
4351	7
4352	5
4353	9
4354	7
4355	7
4356	8
4357	4
4358	8
4359	1
4360	11
4361	1
4362	6
4363	10
4364	8
4365	7
4366	9
4367	3
4368	15
4369	2
4370	9
4371	4
4372	7
4373	4
4374	8
4375	7
4376	4
4377	10
4378	5
4379	6
4380	6
4381	9
4382	5
4383	7
4384	2
4385	10
4386	6
4387	7
4388	11
4389	4
4390	7
4391	5
4392	8
4393	7
4394	6
4395	12
4396	6
4397	6
4398	9
4399	8
4400	6
4401	10
4402	5
4403	10
4404	5
4405	2
4406	7
4407	5
4408	6
4409	6
4410	6
4411	8
4412	5
4413	8
4414	10
4415	10
4416	4
4417	7
4418	5
4419	5
4420	3
4421	8
4422	6
4423	8
4424	10
4425	9
4426	6
4427	2
4428	6
4429	3
4430	6
4431	7
4432	5
4433	8
4434	10
4435	4
4436	7
4437	5
4438	8
4439	3
4440	5
4441	3
4442	3
4443	4
4444	8
4445	11
4446	9
4447	8
4448	4
4449	8
4450	6
4451	5
4452	7
4453	6
4454	6
4455	6
4456	7
4457	11
4458	8
4459	6
4460	10
4461	11
4462	6
4463	8
4464	9
4465	9
4466	10
4467	7
4468	5
4469	9
4470	6
4471	4
4472	9
4473	9
4474	9
4475	7
4476	6
4477	9
4478	6
4479	4
4480	6
4481	12
4482	5
4483	7
4484	7
4485	6
4486	7
4487	6
4488	6
4489	7
4490	5
4491	4
4492	7
4493	7
4494	5
4495	8
4496	6
4497	7
4498	10
4499	5
4500	7
4501	5
4502	4
4503	3
4504	7
4505	9
4506	3
4507	5
4508	6
4509	9
4510	6
4511	6
4512	7
4513	6
4514	8
4515	6
4516	6
4517	3
4518	8
4519	9
4520	5
4521	5
4522	9
4523	6
4524	3
4525	9
4526	11
4527	6
4528	9
4529	4
4530	4
4531	5
4532	10
4533	9
4534	4
4535	7
4536	10
4537	5
4538	6
4539	5
4540	4
4541	3
4542	9
4543	5
4544	8
4545	7
4546	4
4547	5
4548	7
4549	6
4550	13
4551	7
4552	6
4553	3
4554	11
4555	9
4556	8
4557	5
4558	1
4559	5
4560	4
4561	6
4562	11
4563	6
4564	5
4565	5
4566	5
4567	5
4568	6
4569	6
4570	9
4571	8
4572	12
4573	8
4574	7
4575	4
4576	8
4577	10
4578	4
4579	13
4580	8
4581	9
4582	8
4583	7
4584	4
4585	8
4586	6
4587	3
4588	9
4589	5
4590	4
4591	4
4592	12
4593	6
4594	5
4595	8
4596	7
4597	10
4598	6
4599	9
4600	10
4601	4
4602	3
4603	10
4604	6
4605	8
4606	10
4607	7
4608	11
4609	7
4610	4
4611	2
4612	4
4613	6
4614	10
4615	7
4616	11
4617	5
4618	8
4619	7
4620	9
4621	9
4622	6
4623	7
4624	4
4625	5
4626	7
4627	9
4628	3
4629	4
4630	3
4631	7
4632	4
4633	11
4634	6
4635	7
4636	2
4637	5
4638	8
4639	4
4640	5
4641	11
4642	4
4643	8
4644	4
4645	7
4646	5
4647	3
4648	7
4649	6
4650	3
4651	6
4652	5
4653	2
4654	4
4655	9
4656	4
4657	5
4658	4
4659	5
4660	7
4661	6
4662	5
4663	11
4664	6
4665	7
4666	9
4667	6
4668	7
4669	2
4670	5
4671	2
4672	5
4673	8
4674	5
4675	3
4676	2
4677	9
4678	5
4679	4
4680	4
4681	3
4682	5
4683	4
4684	5
4685	4
4686	7
4687	8
4688	5
4689	6
4690	3
4691	8
4692	4
4693	5
4694	4
4695	3
4696	3
4697	8
4698	6
4699	8
4700	2
4701	4
4702	10
4703	4
4704	6
4705	9
4706	6
4707	3
4708	6
4709	11
4710	8
4711	8
4712	5
4713	13
4714	7
4715	5
4716	4
4717	7
4718	4
4719	8
4720	4
4721	4
4722	8
4723	4
4724	8
4725	3
4726	10
4727	9
4728	7
4729	7
4730	10
4731	8
4732	2
4733	3
4734	7
4735	8
4736	8
4737	9
4738	2
4739	5
4740	11
4741	1
4742	4
4743	4
4744	2
4745	5
4746	7
4747	3
4748	8
4749	4
4750	3
4751	5
4752	5
4753	4
4754	10
4755	4
4756	8
4757	3
4758	5
4759	5
4760	11
4761	10
4762	11
4763	7
4764	7
4765	7
4766	10
4767	3
4768	8
4769	3
4770	5
4771	6
4772	9
4773	5
4774	5
4775	4
4776	7
4777	11
4778	7
4779	5
4780	4
4781	2
4782	7
4783	9
4784	3
4785	5
4786	7
4787	7
4788	4
4789	8
4790	8
4791	10
4792	5
4793	3
4794	9
4795	5
4796	3
4797	8
4798	4
4799	7
4800	5
4801	3
4802	6
4803	5
4804	4
4805	3
4806	6
4807	6
4808	1
4809	5
4810	6
4811	7
4812	0
4813	9
4814	10
4815	6
4816	7
4817	5
4818	7
4819	7
4820	6
4821	7
4822	4
4823	6
4824	3
4825	5
4826	6
4827	6
4828	12
4829	2
4830	4
4831	7
4832	9
4833	1
4834	2
4835	7
4836	8
4837	5
4838	7
4839	8
4840	8
4841	7
4842	8
4843	4
4844	5
4845	7
4846	6
4847	11
4848	3
4849	5
4850	5
4851	6
4852	10
4853	3
4854	4
4855	6
4856	8
4857	4
4858	8
4859	5
4860	5
4861	10
4862	5
4863	8
4864	4
4865	4
4866	7
4867	6
4868	11
4869	10
4870	1
4871	7
4872	4
4873	4
4874	5
4875	7
4876	1
4877	5
4878	4
4879	4
4880	11
4881	3
4882	7
4883	5
4884	6
4885	8
4886	8
4887	5
4888	2
4889	6
4890	6
4891	3
4892	4
4893	5
4894	2
4895	5
4896	5
4897	3
4898	3
4899	4
4900	3
4901	9
4902	7
4903	5
4904	10
4905	5
4906	6
4907	8
4908	4
4909	9
4910	7
4911	6
4912	4
4913	3
4914	3
4915	4
4916	7
4917	0
4918	5
4919	4
4920	2
4921	6
4922	6
4923	8
4924	5
4925	5
4926	6
4927	7
4928	2
4929	8
4930	9
4931	10
4932	7
4933	5
4934	5
4935	11
4936	9
4937	8
4938	9
4939	9
4940	9
4941	5
4942	6
4943	4
4944	6
4945	6
4946	9
4947	1
4948	5
4949	2
4950	3
4951	4
4952	5
4953	7
4954	9
4955	9
4956	2
4957	7
4958	8
4959	10
4960	5
4961	6
4962	7
4963	6
4964	3
4965	3
4966	9
4967	12
4968	1
4969	8
4970	7
4971	11
4972	8
4973	10
4974	10
4975	3
4976	4
4977	6
4978	7
4979	7
4980	8
4981	4
4982	2
4983	3
4984	3
4985	6
4986	4
4987	5
4988	8
4989	7
4990	6
4991	7
4992	2
4993	2
4994	6
4995	10
4996	4
4997	6
4998	8
4999	7
5000	7
5001	5
5002	9
5003	3
5004	5
5005	8
5006	3
5007	7
5008	7
5009	3
5010	4
5011	6
5012	11
5013	7
5014	7
5015	5
5016	7
5017	6
5018	3
5019	2
5020	4
5021	5
5022	2
5023	2
5024	6
5025	5
5026	5
5027	6
5028	8
5029	7
5030	5
5031	7
5032	5
5033	4
5034	6
5035	1
5036	2
5037	6
5038	1
5039	5
5040	4
5041	6
5042	4
5043	8
5044	7
5045	5
5046	7
5047	8
5048	5
5049	6
5050	8
5051	5
5052	6
5053	9
5054	4
5055	7
5056	4
5057	8
5058	7
5059	4
5060	4
5061	6
5062	8
5063	5
5064	1
5065	7
5066	3
5067	4
5068	5
5069	3
5070	4
5071	6
5072	9
5073	7
5074	6
5075	2
5076	3
5077	6
5078	5
5079	6
5080	9
5081	7
5082	2
5083	5
5084	10
5085	6
5086	4
5087	4
5088	6
5089	2
5090	4
5091	1
5092	5
5093	5
5094	6
5095	3
5096	6
5097	4
5098	6
5099	6
5100	9
5101	9
5102	7
5103	2
5104	5
5105	8
5106	7
5107	5
5108	6
5109	3
5110	4
5111	3
5112	7
5113	4
5114	8
5115	9
5116	6
5117	6
5118	6
5119	13
5120	2
5121	5
5122	9
5123	4
5124	3
5125	2
5126	2
5127	9
5128	5
5129	5
5130	13
5131	9
5132	5
5133	3
5134	8
5135	8
5136	5
5137	6
5138	1
5139	5
5140	4
5141	6
5142	7
5143	6
5144	8
5145	9
5146	6
5147	7
5148	7
5149	1
5150	3
5151	3
5152	4
5153	7
5154	2
5155	1
5156	5
5157	6
5158	3
5159	6
5160	4
5161	8
5162	6
5163	6
5164	3
5165	8
5166	2
5167	11
5168	5
5169	10
5170	5
5171	8
5172	7
5173	4
5174	5
5175	6
5176	5
5177	4
5178	1
5179	3
5180	8
5181	10
5182	3
5183	5
5184	3
5185	5
5186	6
5187	2
5188	5
5189	8
5190	5
5191	5
5192	1
5193	3
5194	7
5195	7
5196	5
5197	6
5198	4
5199	8
5200	6
5201	4
5202	6
5203	9
5204	4
5205	4
5206	6
5207	8
5208	3
5209	6
5210	9
5211	7
5212	5
5213	10
5214	9
5215	2
5216	6
5217	4
5218	6
5219	8
5220	10
5221	2
5222	7
5223	5
5224	6
5225	5
5226	5
5227	10
5228	3
5229	9
5230	3
5231	4
5232	5
5233	9
5234	4
5235	11
5236	4
5237	5
5238	5
5239	3
5240	4
5241	5
5242	10
5243	3
5244	4
5245	6
5246	3
5247	6
5248	5
5249	1
5250	7
5251	4
5252	4
5253	8
5254	10
5255	4
5256	8
5257	5
5258	3
5259	5
5260	4
5261	7
5262	1
5263	9
5264	5
5265	5
5266	3
5267	4
5268	4
5269	5
5270	5
5271	1
5272	7
5273	6
5274	7
5275	3
5276	5
5277	4
5278	8
5279	4
5280	5
5281	6
5282	5
5283	4
5284	3
5285	9
5286	7
5287	7
5288	3
5289	4
5290	6
5291	10
5292	12
5293	7
5294	5
5295	9
5296	4
5297	8
5298	6
5299	3
5300	7
5301	7
5302	7
5303	7
5304	7
5305	2
5306	4
5307	4
5308	5
5309	8
5310	8
5311	1
5312	4
5313	10
5314	2
5315	2
5316	6
5317	3
5318	4
5319	2
5320	5
5321	6
5322	3
5323	4
5324	3
5325	5
5326	6
5327	8
5328	3
5329	5
5330	2
5331	6
5332	2
5333	5
5334	5
5335	7
5336	2
5337	3
5338	9
5339	1
5340	3
5341	5
5342	1
5343	2
5344	4
5345	6
5346	4
5347	6
5348	4
5349	6
5350	3
5351	7
5352	6
5353	5
5354	2
5355	6
5356	7
5357	4
5358	7
5359	9
5360	4
5361	7
5362	7
5363	7
5364	8
5365	7
5366	5
5367	6
5368	2
5369	6
5370	9
5371	7
5372	6
5373	10
5374	3
5375	4
5376	7
5377	3
5378	4
5379	6
5380	5
5381	1
5382	7
5383	3
5384	5
5385	5
5386	2
5387	4
5388	7
5389	10
5390	11
5391	6
5392	2
5393	7
5394	5
5395	6
5396	3
5397	4
5398	3
5399	9
5400	4
5401	3
5402	6
5403	4
5404	3
5405	9
5406	9
5407	4
5408	7
5409	5
5410	5
5411	7
5412	4
5413	4
5414	10
5415	7
5416	6
5417	4
5418	2
5419	6
5420	6
5421	5
5422	6
5423	7
5424	3
5425	6
5426	5
5427	4
5428	4
5429	8
5430	3
5431	6
5432	6
5433	3
5434	5
5435	5
5436	5
5437	4
5438	7
5439	4
5440	5
5441	7
5442	9
5443	4
5444	3
5445	5
5446	6
5447	6
5448	8
5449	7
5450	3
5451	7
5452	7
5453	4
5454	5
5455	6
5456	3
5457	5
5458	7
5459	6
5460	4
5461	6
5462	6
5463	7
5464	6
5465	5
5466	8
5467	8
5468	5
5469	9
5470	4
5471	4
5472	3
5473	10
5474	8
5475	3
5476	5
5477	6
5478	9
5479	7
5480	6
5481	8
5482	6
5483	2
5484	7
5485	10
5486	4
5487	7
5488	2
5489	8
5490	6
5491	13
5492	3
5493	5
5494	4
5495	3
5496	4
5497	3
5498	9
5499	9
5500	7
5501	6
5502	8
5503	4
5504	6
5505	5
5506	10
5507	6
5508	4
5509	4
5510	5
5511	8
5512	4
5513	3
5514	7
5515	8
5516	4
5517	5
5518	5
5519	2
5520	4
5521	1
5522	3
5523	9
5524	7
5525	7
5526	5
5527	5
5528	7
5529	4
5530	3
5531	6
5532	6
5533	9
5534	6
5535	11
5536	6
5537	11
5538	4
5539	4
5540	6
5541	4
5542	8
5543	4
5544	5
5545	7
5546	2
5547	4
5548	7
5549	6
5550	6
5551	4
5552	8
5553	6
5554	6
5555	6
5556	6
5557	3
5558	8
5559	4
5560	5
5561	6
5562	7
5563	9
5564	6
5565	2
5566	4
5567	8
5568	7
5569	5
5570	4
5571	5
5572	0
5573	2
5574	7
5575	7
5576	4
5577	1
5578	7
5579	5
5580	8
5581	5
5582	5
5583	3
5584	2
5585	2
5586	7
5587	10
5588	3
5589	6
5590	2
5591	7
5592	4
5593	5
5594	10
5595	6
5596	2
5597	5
5598	9
5599	11
5600	4
5601	1
5602	9
5603	7
5604	2
5605	5
5606	5
5607	3
5608	7
5609	6
5610	9
5611	7
5612	4
5613	9
5614	3
5615	6
5616	7
5617	8
5618	4
5619	7
5620	12
5621	6
5622	15
5623	8
5624	7
5625	7
5626	5
5627	7
5628	6
5629	7
5630	4
5631	13
5632	6
5633	10
5634	1
5635	5
5636	2
5637	6
5638	7
5639	7
5640	6
5641	6
5642	5
5643	3
5644	6
5645	4
5646	5
5647	6
5648	1
5649	3
5650	4
5651	6
5652	3
5653	4
5654	3
5655	7
5656	4
5657	9
5658	3
5659	6
5660	5
5661	12
5662	9
5663	6
5664	8
5665	10
5666	7
5667	8
5668	4
5669	7
5670	7
5671	3
5672	8
5673	9
5674	6
5675	7
5676	4
5677	7
5678	3
5679	4
5680	4
5681	9
5682	6
5683	8
5684	5
5685	3
5686	6
5687	10
5688	6
5689	6
5690	11
5691	6
5692	6
5693	6
5694	7
5695	4
5696	8
5697	7
5698	2
5699	3
5700	10
5701	6
5702	6
5703	3
5704	3
5705	6
5706	4
5707	12
5708	5
5709	5
5710	3
5711	5
5712	4
5713	11
5714	6
5715	3
5716	7
5717	4
5718	10
5719	5
5720	5
5721	5
5722	6
5723	5
5724	6
5725	4
5726	5
5727	12
5728	5
5729	6
5730	10
5731	4
5732	8
5733	7
5734	8
5735	6
5736	6
5737	8
5738	8
5739	9
5740	5
5741	7
5742	4
5743	5
5744	5
5745	6
5746	7
5747	6
5748	8
5749	6
5750	6
5751	8
5752	8
5753	3
5754	3
5755	5
5756	2
5757	9
5758	3
5759	7
5760	9
5761	4
5762	6
5763	7
5764	5
5765	3
5766	4
5767	6
5768	3
5769	6
5770	5
5771	2
5772	7
5773	4
5774	7
5775	4
5776	4
5777	5
5778	7
5779	5
5780	4
5781	4
5782	5
5783	8
5784	7
5785	8
5786	8
5787	5
5788	4
5789	8
5790	7
5791	9
5792	2
5793	6
5794	4
5795	5
5796	7
5797	4
5798	6
5799	3
5800	6
5801	1
5802	6
5803	8
5804	5
5805	5
5806	11
5807	6
5808	5
5809	8
5810	3
5811	4
5812	1
5813	6
5814	3
5815	8
5816	3
5817	10
5818	2
5819	11
5820	3
5821	3
5822	2
5823	5
5824	8
5825	3
5826	4
5827	7
5828	3
5829	8
5830	5
5831	2
5832	5
5833	5
5834	6
5835	5
5836	8
5837	6
5838	5
5839	8
5840	4
5841	2
5842	3
5843	5
5844	5
5845	9
5846	7
5847	4
5848	6
5849	4
5850	2
5851	6
5852	8
5853	8
5854	7
5855	10
5856	4
5857	4
5858	6
5859	6
5860	4
5861	10
5862	6
5863	2
5864	3
5865	9
5866	4
5867	3
5868	6
5869	5
5870	9
5871	2
5872	8
5873	3
5874	7
5875	5
5876	9
5877	3
5878	5
5879	5
5880	6
5881	7
5882	11
5883	5
5884	2
5885	5
5886	4
5887	6
5888	3
5889	8
5890	3
5891	3
5892	6
5893	3
5894	9
5895	5
5896	4
5897	2
5898	2
5899	5
5900	5
5901	8
5902	8
5903	6
5904	3
5905	6
5906	7
5907	6
5908	6
5909	5
5910	7
5911	6
5912	7
5913	5
5914	8
5915	5
5916	3
5917	6
5918	4
5919	7
5920	6
5921	6
5922	7
5923	5
5924	9
5925	5
5926	3
5927	4
5928	12
5929	9
5930	8
5931	4
5932	4
5933	7
5934	5
5935	5
5936	6
5937	4
5938	7
5939	4
5940	5
5941	5
5942	10
5943	1
5944	6
5945	8
5946	5
5947	7
5948	5
5949	5
5950	8
5951	5
5952	6
5953	1
5954	8
5955	9
5956	4
5957	5
5958	9
5959	7
5960	6
5961	2
5962	7
5963	9
5964	6
5965	5
5966	7
5967	4
5968	7
5969	9
5970	3
5971	6
5972	3
5973	4
5974	7
5975	4
5976	5
5977	10
5978	8
5979	7
5980	8
5981	6
5982	6
5983	8
5984	3
5985	12
5986	3
5987	9
5988	3
5989	6
5990	6
5991	7
5992	5
5993	6
5994	5
5995	9
5996	4
5997	10
5998	4
5999	9
6000	5
6001	8
6002	9
6003	8
6004	3
6005	6
6006	8
6007	6
6008	5
6009	7
6010	7
6011	6
6012	5
6013	7
6014	6
6015	6
6016	5
6017	4
6018	8
6019	6
6020	3
6021	3
6022	7
6023	6
6024	5
6025	5
6026	8
6027	6
6028	6
6029	11
6030	5
6031	7
6032	9
6033	6
6034	10
6035	4
6036	3
6037	8
6038	10
6039	5
6040	5
6041	6
6042	14
6043	9
6044	4
6045	4
6046	5
6047	3
6048	3
6049	2
6050	3
6051	6
6052	10
6053	6
6054	8
6055	4
6056	7
6057	4
6058	10
6059	4
6060	6
6061	5
6062	4
6063	7
6064	7
6065	16
6066	7
6067	4
6068	4
6069	6
6070	6
6071	5
6072	5
6073	7
6074	6
6075	6
6076	11
6077	11
6078	6
6079	4
6080	6
6081	9
6082	5
6083	7
6084	7
6085	4
6086	6
6087	7
6088	7
6089	6
6090	10
6091	9
6092	5
6093	6
6094	4
6095	3
6096	1
6097	8
6098	7
6099	10
6100	5
6101	3
6102	4
6103	7
6104	9
6105	7
6106	3
6107	3
6108	6
6109	5
6110	5
6111	7
6112	10
6113	4
6114	8
6115	5
6116	6
6117	6
6118	6
6119	10
6120	8
6121	5
6122	8
6123	7
6124	6
6125	7
6126	6
6127	7
6128	7
6129	6
6130	3
6131	7
6132	5
6133	12
6134	4
6135	4
6136	7
6137	9
6138	12
6139	4
6140	7
6141	7
6142	5
6143	7
6144	7
6145	2
6146	7
6147	5
6148	7
6149	2
6150	9
6151	4
6152	3
6153	9
6154	6
6155	8
6156	8
6157	8
6158	5
6159	5
6160	11
6161	4
6162	6
6163	9
6164	5
6165	8
6166	9
6167	4
6168	4
6169	7
6170	7
6171	7
6172	3
6173	3
6174	5
6175	5
6176	7
6177	3
6178	6
6179	8
6180	5
6181	8
6182	6
6183	4
6184	6
6185	7
6186	5
6187	8
6188	4
6189	7
6190	9
6191	7
6192	6
6193	6
6194	6
6195	5
6196	5
6197	10
6198	6
6199	5
6200	11
6201	6
6202	9
6203	7
6204	4
6205	6
6206	4
6207	9
6208	14
6209	8
6210	3
6211	14
6212	4
6213	8
6214	4
6215	7
6216	8
6217	14
6218	8
6219	8
6220	5
6221	7
6222	8
6223	6
6224	6
6225	13
6226	5
6227	3
6228	5
6229	8
6230	4
6231	7
6232	12
6233	11
6234	5
6235	6
6236	10
6237	6
6238	3
6239	8
6240	9
6241	7
6242	7
6243	2
6244	5
6245	8
6246	8
6247	8
6248	7
6249	8
6250	8
6251	4
6252	7
6253	2
6254	10
6255	1
6256	9
6257	5
6258	12
6259	8
6260	11
6261	2
6262	9
6263	7
6264	3
6265	8
6266	5
6267	7
6268	7
6269	10
6270	8
6271	4
6272	9
6273	5
6274	4
6275	10
6276	4
6277	9
6278	8
6279	7
6280	7
6281	8
6282	7
6283	12
6284	9
6285	4
6286	6
6287	6
6288	8
6289	10
6290	9
6291	6
6292	5
6293	7
6294	8
6295	7
6296	9
6297	11
6298	8
6299	11
6300	8
6301	10
6302	4
6303	5
6304	4
6305	7
6306	12
6307	4
6308	9
6309	10
6310	7
6311	10
6312	6
6313	9
6314	8
6315	5
6316	5
6317	11
6318	11
6319	15
6320	4
6321	8
6322	6
6323	7
6324	7
6325	8
6326	10
6327	11
6328	9
6329	11
6330	7
6331	12
6332	5
6333	7
6334	13
6335	8
6336	10
6337	4
6338	9
6339	8
6340	7
6341	11
6342	11
6343	7
6344	1
6345	11
6346	12
6347	9
6348	9
6349	4
6350	13
6351	7
6352	14
6353	12
6354	6
6355	14
6356	8
6357	6
6358	7
6359	8
6360	9
6361	9
6362	14
6363	7
6364	6
6365	8
6366	11
6367	11
6368	4
6369	8
6370	12
6371	5
6372	9
6373	4
6374	6
6375	10
6376	8
6377	11
6378	6
6379	11
6380	8
6381	9
6382	10
6383	12
6384	7
6385	8
6386	8
6387	12
6388	8
6389	6
6390	6
6391	10
6392	9
6393	11
6394	10
6395	16
6396	10
6397	11
6398	6
6399	11
6400	9
6401	10
6402	9
6403	4
6404	10
6405	8
6406	10
6407	13
6408	9
6409	9
6410	9
6411	6
6412	10
6413	5
6414	14
6415	9
6416	9
6417	10
6418	11
6419	15
6420	16
6421	4
6422	6
6423	12
6424	9
6425	9
6426	10
6427	6
6428	10
6429	11
6430	9
6431	18
6432	14
6433	8
6434	8
6435	9
6436	10
6437	9
6438	13
6439	15
6440	10
6441	7
6442	8
6443	14
6444	12
6445	10
6446	18
6447	5
6448	10
6449	9
6450	8
6451	7
6452	10
6453	4
6454	9
6455	9
6456	2
6457	14
6458	7
6459	10
6460	12
6461	12
6462	10
6463	6
6464	8
6465	6
6466	12
6467	9
6468	6
6469	9
6470	5
6471	8
6472	8
6473	14
6474	4
6475	5
6476	8
6477	11
6478	9
6479	9
6480	13
6481	7
6482	10
6483	8
6484	12
6485	8
6486	10
6487	7
6488	8
6489	11
6490	6
6491	5
6492	11
6493	8
6494	14
6495	9
6496	13
6497	13
6498	10
6499	11
6500	8
6501	8
6502	7
6503	17
6504	10
6505	8
6506	7
6507	6
6508	11
6509	10
6510	8
6511	7
6512	7
6513	8
6514	11
6515	2
6516	12
6517	14
6518	9
6519	14
6520	8
6521	9
6522	8
6523	5
6524	9
6525	5
6526	15
6527	11
6528	10
6529	11
6530	11
6531	10
6532	8
6533	12
6534	9
6535	13
6536	14
6537	6
6538	8
6539	9
6540	7
6541	8
6542	8
6543	7
6544	7
6545	17
6546	8
6547	8
6548	9
6549	8
6550	8
6551	8
6552	10
6553	8
6554	11
6555	11
6556	2
6557	10
6558	12
6559	14
6560	10
6561	13
6562	10
6563	10
6564	7
6565	7
6566	7
6567	9
6568	12
6569	6
6570	9
6571	10
6572	8
6573	10
6574	13
6575	9
6576	6
6577	6
6578	9
6579	6
6580	8
6581	8
6582	12
6583	7
6584	6
6585	5
6586	13
6587	12
6588	14
6589	10
6590	11
6591	10
6592	12
6593	7
6594	11
6595	12
6596	8
6597	3
6598	10
6599	10
6600	11
6601	10
6602	7
6603	13
6604	8
6605	6
6606	13
6607	17
6608	6
6609	15
6610	3
6611	6
6612	13
6613	8
6614	7
6615	7
6616	10
6617	6
6618	7
6619	7
6620	5
6621	4
6622	10
6623	13
6624	11
6625	9
6626	8
6627	14
6628	14
6629	5
6630	8
6631	9
6632	6
6633	9
6634	7
6635	11
6636	6
6637	3
6638	6
6639	7
6640	6
6641	10
6642	11
6643	8
6644	8
6645	6
6646	10
6647	8
6648	10
6649	7
6650	5
6651	8
6652	8
6653	10
6654	9
6655	7
6656	6
6657	11
6658	5
6659	8
6660	9
6661	7
6662	9
6663	11
6664	7
6665	8
6666	6
6667	3
6668	8
6669	12
6670	4
6671	8
6672	6
6673	7
6674	12
6675	8
6676	6
6677	3
6678	10
6679	13
6680	8
6681	8
6682	10
6683	7
6684	11
6685	5
6686	12
6687	4
6688	11
6689	5
6690	6
6691	8
6692	7
6693	8
6694	6
6695	10
6696	6
6697	8
6698	6
6699	3
6700	3
6701	4
6702	9
6703	10
6704	6
6705	5
6706	5
6707	6
6708	9
6709	10
6710	7
6711	6
6712	3
6713	6
6714	3
6715	7
6716	12
6717	7
6718	7
6719	5
6720	7
6721	6
6722	7
6723	6
6724	9
6725	4
6726	2
6727	5
6728	6
6729	5
6730	7
6731	9
6732	10
6733	7
6734	9
6735	9
6736	4
6737	8
6738	8
6739	6
6740	5
6741	13
6742	7
6743	10
6744	6
6745	5
6746	8
6747	8
6748	3
6749	4
6750	3
6751	6
6752	7
6753	4
6754	10
6755	6
6756	6
6757	6
6758	6
6759	4
6760	3
6761	5
6762	6
6763	1
6764	3
6765	6
6766	7
6767	4
6768	5
6769	10
6770	1
6771	3
6772	7
6773	5
6774	1
6775	7
6776	5
6777	7
6778	5
6779	3
6780	6
6781	5
6782	5
6783	6
6784	5
6785	3
6786	7
6787	6
6788	5
6789	2
6790	3
6791	7
6792	5
6793	3
6794	3
6795	11
6796	5
6797	1
6798	8
6799	1
6800	6
6801	7
6802	9
6803	7
6804	7
6805	3
6806	4
6807	7
6808	0
6809	3
6810	5
6811	2
6812	6
6813	4
6814	2
6815	1
6816	6
6817	8
6818	6
6819	5
6820	4
6821	1
6822	1
6823	2
6824	4
6825	1
6826	2
6827	2
6828	3
6829	5
6830	6
6831	1
6832	6
6833	0
6834	3
6835	3
6836	3
6837	0
6838	3
6839	3
6840	3
6841	2
6842	4
6843	3
6844	4
6845	4
6846	3
6847	4
6848	3
6849	1
6850	6
6851	0
6852	2
6853	2
6854	6
6855	0
6856	1
6857	3
6858	2
6859	6
6860	9
6861	5
6862	7
6863	4
6864	2
6865	3
6866	3
6867	4
6868	4
6869	4
6870	1
6871	3
6872	1
6873	6
6874	3
6875	4
6876	3
6877	3
6878	1
6879	7
6880	2
6881	2
6882	4
6883	3
6884	3
6885	6
6886	1
6887	2
6888	4
6889	5
6890	3
6891	2
6892	6
6893	4
6894	2
6895	1
6896	5
6897	2
6898	2
6899	2
6900	4
6901	0
6902	1
6903	1
6904	2
6905	3
6906	2
6907	2
6908	1
6909	3
6910	1
6911	0
6912	3
6913	3
6914	4
6915	1
6916	0
6917	2
6918	1
6919	0
6920	3
6921	2
6922	3
6923	2
6924	1
6925	4
6926	3
6927	2
6928	2
6929	0
6930	2
6931	1
6932	3
6933	3
6934	0
6935	4
6936	2
6937	1
6938	3
6939	0
6940	3
6941	0
6942	0
6943	1
6944	3
6945	2
6946	1
6947	5
6948	2
6949	1
6950	2
6951	1
6952	1
6953	1
6954	1
6955	1
6956	1
6957	1
6958	1
6959	1
6960	0
6961	1
6962	3
6963	1
6964	1
6965	0
6966	1
6967	1
6968	0
6969	2
6970	2
6971	2
6972	2
6973	0
6974	2
6975	0
6976	0
6977	0
6978	1
6979	2
6980	0
6981	0
6982	0
6983	1
6984	0
6985	4
6986	2
6987	0
6988	1
6989	1
6990	1
6991	1
6992	0
6993	0
6994	1
6995	2
6996	2
6997	2
6998	2
6999	1
7000	1
7001	0
7002	1
7003	2
7004	0
7005	2
7006	0
7007	1
7008	0
7009	2
7010	0
7011	2
7012	2
7013	0
7014	2
7015	0
7016	1
7017	3
7018	0
7019	2
7020	2
7021	0
7022	2
7023	1
7024	1
7025	0
7026	2
7027	3
7028	1
7029	1
7030	0
7031	0
7032	0
7033	0
7034	0
7035	0
7036	1
7037	1
7038	0
7039	1
7040	1
7041	0
7042	0
7043	0
7044	0
7045	0
7046	1
7047	1
7048	0
7049	0
7050	1
7051	0
7052	1
7053	1
7054	0
7055	0
7056	0
7057	1
7058	0
7059	1
7060	1
7061	3
7062	0
7063	0
7064	0
7065	0
7066	2
7067	1
7068	0
7069	0
7070	0
7071	0
7072	0
7073	2
7074	1
7075	0
7076	0
7077	1
7078	0
7079	3
7080	1
7081	0
7082	2
7083	1
7084	0
7085	1
7086	2
7087	1
7088	2
7089	0
7090	2
7091	0
7092	0
7093	0
7094	2
7095	0
7096	2
7097	0
7098	0
7099	0
7100	1
7101	1
7102	1
7103	1
7104	2
7105	1
7106	0
7107	1
7108	0
7109	0
7110	0
7111	2
7112	1
7113	1
7114	1
7115	0
7116	1
7117	1
7118	2
7119	1
7120	1
7121	0
7122	2
7123	1
7124	0
7125	0
7126	2
7127	0
7128	1
7129	1
7130	0
7131	1
7132	1
7133	1
7134	1
7135	1
7136	0
7137	1
7138	1
7139	1
7140	0
7141	1
7142	1
7143	0
7144	1
7145	0
7146	0
7147	1
7148	1
7149	0
7150	0
7151	1
7152	1
7153	0
7154	0
7155	0
7156	0
7157	1
7158	0
7159	0
7160	1
7161	1
7162	0
7163	1
7164	0
7165	0
7166	0
7167	1
7168	0
7169	0
7170	1
7171	1
7172	1
7173	1
7174	0
7175	1
7176	2
7177	0
7178	0
7179	0
7180	1
7181	0
7182	0
7183	1
7184	0
7185	0
7186	1
7187	0
7188	0
7189	1
7190	2
7191	0
7192	2
7193	0
7194	0
7195	0
7196	0
7197	1
7198	0
7199	0
7200	1
7201	1
7202	0
7203	0
7204	1
7205	1
7206	2
7207	1
7208	1
7209	0
7210	0
7211	0
7212	0
7213	2
7214	1
7215	0
7216	1
7217	1
7218	1
7219	1
7220	2
7221	1
7222	0
7223	0
7224	1
7225	0
7226	0
7227	1
7228	0
7229	0
7230	1
7231	2
7232	3
7233	0
7234	0
7235	0
7236	0
7237	0
7238	1
7239	2
7240	0
7241	0
7242	0
7243	2
7244	1
7245	0
7246	0
7247	0
7248	0
7249	0
7250	1
7251	0
7252	0
7253	0
7254	0
7255	0
7256	0
7257	0
7258	1
7259	3
7260	1
7261	1
7262	0
7263	0
7264	1
7265	0
7266	0
7267	2
7268	1
7269	2
7270	0
7271	0
7272	0
7273	0
7274	1
7275	0
7276	0
7277	0
7278	0
7279	2
7280	0
7281	0
7282	0
7283	2
7284	0
7285	0
7286	0
7287	1
7288	2
7289	0
7290	1
7291	3
7292	0
7293	1
7294	1
7295	0
7296	0
7297	2
7298	0
7299	1
7300	0
7301	0
7302	1
7303	1
7304	1
7305	1
7306	1
7307	1
7308	2
7309	1
7310	0
7311	0
7312	0
7313	0
7314	1
7315	0
7316	0
7317	0
7318	2
7319	1
7320	0
7321	0
7322	1
7323	1
7324	2
7325	0
7326	1
7327	0
7328	0
7329	0
7330	0
7331	0
7332	0
7333	0
7334	1
7335	0
7336	0
7337	1
7338	0
7339	3
7340	1
7341	1
7342	0
7343	0
7344	0
7345	2
7346	3
7347	0
7348	1
7349	0
7350	2
7351	0
7352	0
7353	3
7354	0
7355	0
7356	2
7357	0
7358	1
7359	1
7360	1
7361	0
7362	0
7363	0
7364	0
7365	0
7366	0
7367	0
7368	0
7369	1
7370	0
7371	0
7372	0
7373	2
7374	1
7375	0
7376	1
7377	0
7378	1
7379	1
7380	0
7381	0
7382	1
7383	0
7384	0
7385	1
7386	0
7387	0
7388	2
7389	2
7390	0
7391	2
7392	0
7393	0
7394	0
7395	0
7396	1
7397	1
7398	0
7399	0
7400	2
7401	0
7402	1
7403	0
7404	1
7405	1
7406	0
7407	0
7408	0
7409	0
7410	2
7411	1
7412	0
7413	2
7414	0
7415	0
7416	1
7417	0
7418	2
7419	2
7420	0
7421	0
7422	0
7423	0
7424	0
7425	1
7426	0
7427	0
7428	2
7429	0
7430	2
7431	0
7432	1
7433	2
7434	0
7435	0
7436	1
7437	1
7438	0
7439	1
7440	0
7441	2
7442	0
7443	1
7444	0
7445	1
7446	0
7447	1
7448	1
7449	0
7450	0
7451	2
7452	0
7453	0
7454	0
7455	0
7456	1
7457	0
7458	0
7459	0
7460	1
7461	0
7462	0
7463	1
7464	1
7465	0
7466	1
7467	1
7468	3
7469	1
7470	0
7471	2
7472	2
7473	0
7474	0
7475	1
7476	1
7477	0
7478	0
7479	3
7480	0
7481	0
7482	1
7483	1
7484	1
7485	1
7486	0
7487	1
7488	2
7489	1
7490	0
7491	0
7492	1
7493	1
7494	1
7495	0
7496	0
7497	0
7498	2
7499	0
7500	0
7501	0
7502	0
7503	1
7504	1
7505	0
7506	1
7507	2
7508	0
7509	0
7510	2
7511	0
7512	1
7513	0
7514	2
7515	0
7516	1
7517	2
7518	1
7519	0
7520	0
7521	0
7522	0
7523	0
7524	0
7525	0
7526	0
7527	0
7528	2
7529	3
7530	0
7531	1
7532	0
7533	0
7534	0
7535	0
7536	0
7537	2
7538	0
7539	0
7540	0
7541	1
7542	2
7543	0
7544	1
7545	0
7546	0
7547	1
7548	2
7549	1
7550	0
7551	0
7552	2
7553	1
7554	0
7555	0
7556	1
7557	0
7558	0
7559	4
7560	1
7561	2
7562	0
7563	1
7564	1
7565	0
7566	0
7567	0
7568	0
7569	0
7570	1
7571	0
7572	0
7573	1
7574	0
7575	1
7576	1
7577	2
7578	0
7579	2
7580	0
7581	0
7582	0
7583	1
7584	0
7585	0
7586	2
7587	1
7588	0
7589	1
7590	0
7591	2
7592	1
7593	0
7594	0
7595	0
7596	0
7597	1
7598	2
7599	1
7600	0
7601	0
7602	0
7603	1
7604	1
7605	1
7606	0
7607	1
7608	0
7609	0
7610	0
7611	3
7612	0
7613	0
7614	0
7615	1
7616	0
7617	0
7618	0
7619	0
7620	0
7621	1
7622	0
7623	1
7624	0
7625	0
7626	1
7627	0
7628	1
7629	1
7630	0
7631	1
7632	1
7633	0
7634	0
7635	0
7636	0
7637	0
7638	0
7639	1
7640	0
7641	1
7642	0
7643	0
7644	0
7645	1
7646	2
7647	1
7648	0
7649	2
7650	1
7651	2
7652	0
7653	0
7654	0
7655	0
7656	0
7657	0
7658	0
7659	3
7660	0
7661	1
7662	0
7663	0
7664	0
7665	0
7666	1
7667	2
7668	1
7669	1
7670	0
7671	1
7672	0
7673	1
7674	1
7675	0
7676	0
7677	0
7678	0
7679	1
7680	0
7681	0
7682	0
7683	0
7684	1
7685	1
7686	1
7687	0
7688	2
7689	2
7690	0
7691	0
7692	1
7693	0
7694	1
7695	0
7696	1
7697	0
7698	0
7699	0
7700	0
7701	1
7702	1
7703	1
7704	1
7705	1
7706	0
7707	0
7708	0
7709	0
7710	2
7711	0
7712	2
7713	1
7714	1
7715	1
7716	1
7717	0
7718	1
7719	0
7720	0
7721	0
7722	0
7723	0
7724	0
7725	0
7726	0
7727	0
7728	0
7729	1
7730	1
7731	3
7732	0
7733	1
7734	1
7735	0
7736	0
7737	0
7738	0
7739	2
7740	0
7741	0
7742	0
7743	1
7744	1
7745	2
7746	1
7747	2
7748	0
7749	0
7750	0
7751	1
7752	0
7753	1
7754	0
7755	0
7756	1
7757	2
7758	0
7759	1
7760	1
7761	2
7762	0
7763	0
7764	0
7765	1
7766	1
7767	1
7768	0
7769	0
7770	1
7771	0
7772	1
7773	0
7774	0
7775	0
7776	0
7777	3
7778	1
7779	1
7780	1
7781	1
7782	0
7783	0
7784	0
7785	3
7786	0
7787	1
7788	0
7789	0
7790	2
7791	1
7792	0
7793	0
7794	0
7795	2
7796	0
7797	1
7798	0
7799	1
7800	0
7801	0
7802	0
7803	2
7804	1
7805	0
7806	0
7807	0
7808	0
7809	2
7810	0
7811	0
7812	0
7813	0
7814	0
7815	2
7816	1
7817	0
7818	2
7819	1
7820	0
7821	0
7822	1
7823	0
7824	0
7825	0
7826	1
7827	0
7828	1
7829	0
7830	1
7831	2
7832	2
7833	0
7834	0
7835	1
7836	0
7837	0
7838	0
7839	2
7840	0
7841	0
7842	2
7843	1
7844	0
7845	1
7846	2
7847	0
7848	1
7849	1
7850	0
7851	0
7852	1
7853	0
7854	1
7855	1
7856	2
7857	0
7858	0
7859	0
7860	0
7861	1
7862	1
7863	2
7864	0
7865	1
7866	0
7867	0
7868	0
7869	1
7870	0
7871	1
7872	0
7873	2
7874	0
7875	0
7876	2
7877	0
7878	1
7879	0
7880	0
7881	0
7882	0
7883	1
7884	0
7885	0
7886	0
7887	0
7888	1
7889	1
7890	0
7891	0
7892	0
7893	2
7894	1
7895	0
7896	0
7897	1
7898	1
7899	1
7900	0
7901	1
7902	0
7903	0
7904	1
7905	1
7906	1
7907	0
7908	0
7909	2
7910	0
7911	0
7912	0
7913	1
7914	1
7915	0
7916	0
7917	1
7918	0
7919	1
7920	0
7921	0
7922	0
7923	0
7924	1
7925	0
7926	0
7927	0
7928	1
7929	0
7930	1
7931	0
7932	1
7933	0
7934	0
7935	0
7936	1
7937	0
7938	1
7939	0
7940	1
7941	0
7942	0
7943	1
7944	0
7945	0
7946	3
7947	0
7948	0
7949	0
7950	0
7951	0
7952	0
7953	1
7954	0
7955	0
7956	2
7957	1
7958	0
7959	0
7960	1
7961	1
7962	1
7963	2
7964	1
7965	1
7966	0
7967	0
7968	0
7969	1
7970	0
7971	0
7972	0
7973	1
7974	0
7975	1
7976	1
7977	1
7978	0
7979	0
7980	2
7981	0
7982	1
7983	2
7984	0
7985	1
7986	1
7987	0
7988	2
7989	0
7990	1
7991	0
7992	2
7993	0
7994	0
7995	0
7996	0
7997	1
7998	1
7999	0
8000	0
8001	1
8002	2
8003	1
8004	1
8005	0
8006	1
8007	0
8008	2
8009	0
8010	0
8011	2
8012	4
8013	0
8014	2
8015	0
8016	0
8017	0
8018	1
8019	0
8020	1
8021	0
8022	0
8023	1
8024	0
8025	0
8026	0
8027	1
8028	0
8029	0
8030	0
8031	0
8032	2
8033	2
8034	2
8035	0
8036	0
8037	1
8038	0
8039	0
8040	0
8041	0
8042	0
8043	0
8044	0
8045	0
8046	0
8047	0
8048	0
8049	1
8050	1
8051	0
8052	1
8053	1
8054	0
8055	0
8056	0
8057	1
8058	0
8059	0
8060	0
8061	0
8062	0
8063	1
8064	1
8065	0
8066	0
8067	0
8068	0
8069	1
8070	1
8071	0
8072	0
8073	0
8074	2
8075	0
8076	0
8077	0
8078	0
8079	0
8080	2
8081	0
8082	0
8083	0
8084	0
8085	0
8086	0
8087	0
8088	0
8089	0
8090	0
8091	0
8092	0
8093	0
8094	0
8095	0
8096	0
8097	0
8098	0
8099	0
8100	0
8101	0
8102	0
8103	0
8104	0
8105	0
8106	0
8107	0
8108	0
8109	0
8110	0
8111	0
8112	0
8113	0
8114	0
8115	0
8116	0
8117	0
8118	0
8119	0
8120	0
8121	0
8122	0
8123	0
8124	0
8125	0
8126	0
8127	0
8128	0
8129	0
8130	0
8131	0
8132	0
8133	0
8134	0
8135	0
8136	0
8137	0
8138	0
8139	0
8140	0
8141	0
8142	0
8143	0
8144	0
8145	0
8146	0
8147	0
8148	0
8149	0
8150	0
8151	0
8152	0
8153	0
8154	0
8155	0
8156	0
8157	0
8158	0
8159	0
8160	0
8161	0
8162	0
8163	0
8164	0
8165	0
8166	0
8167	0
8168	0
8169	0
8170	0
8171	0
8172	0
8173	0
8174	0
8175	0
8176	0
8177	0
8178	0
8179	0
8180	0
8181	0
8182	0
8183	0
8184	0
8185	0
8186	0
8187	0
8188	0
8189	0
8190	0
8191	0
