0	3
1	0
2	1
3	0
4	0
5	0
6	0
7	1
8	1
9	1
10	0
11	1
12	0
13	0
14	3
15	2
16	1
17	0
18	0
19	1
20	1
21	0
22	1
23	2
24	1
25	0
26	0
27	0
28	1
29	0
30	0
31	0
32	1
33	2
34	2
35	4
36	2
37	3
38	0
39	1
40	3
41	2
42	0
43	1
44	0
45	1
46	0
47	2
48	1
49	1
50	4
51	0
52	0
53	1
54	1
55	0
56	1
57	0
58	2
59	1
60	2
61	1
62	0
63	1
64	2
65	1
66	0
67	1
68	0
69	1
70	2
71	2
72	3
73	1
74	1
75	3
76	0
77	1
78	0
79	0
80	0
81	0
82	0
83	1
84	2
85	1
86	8
87	11
88	5
89	10
90	13
91	16
92	4
93	7
94	6
95	8
96	10
97	8
98	5
99	10
100	12
101	6
102	7
103	13
104	5
105	9
106	8
107	8
108	4
109	8
110	8
111	9
112	6
113	10
114	7
115	8
116	2
117	3
118	7
119	3
120	7
121	4
122	9
123	8
124	6
125	11
126	5
127	10
128	3
129	5
130	5
131	7
132	6
133	6
134	10
135	8
136	6
137	4
138	11
139	7
140	5
141	7
142	7
143	5
144	3
145	5
146	5
147	13
148	5
149	5
150	7
151	10
152	6
153	13
154	6
155	7
156	12
157	9
158	6
159	5
160	6
161	3
162	4
163	3
164	9
165	8
166	7
167	3
168	9
169	7
170	3
171	2
172	5
173	4
174	8
175	4
176	8
177	8
178	9
179	8
180	8
181	12
182	8
183	8
184	6
185	5
186	5
187	8
188	5
189	10
190	9
191	7
192	8
193	6
194	4
195	12
196	7
197	7
198	7
199	14
200	9
201	6
202	2
203	4
204	8
205	8
206	4
207	15
208	9
209	5
210	11
211	9
212	8
213	6
214	8
215	5
216	9
217	11
218	7
219	4
220	8
221	5
222	8
223	6
224	3
225	6
226	7
227	6
228	6
229	10
230	6
231	7
232	11
233	11
234	8
235	8
236	8
237	9
238	5
239	7
240	5
241	5
242	5
243	9
244	8
245	4
246	6
247	8
248	9
249	6
250	4
251	8
252	11
253	3
254	9
255	7
256	8
257	8
258	5
259	5
260	9
261	6
262	11
263	7
264	8
265	6
266	11
267	10
268	4
269	6
270	2
271	4
272	6
273	9
274	6
275	6
276	8
277	8
278	5
279	5
280	5
281	7
282	5
283	2
284	5
285	5
286	7
287	6
288	8
289	9
290	7
291	6
292	7
293	8
294	10
295	12
296	5
297	11
298	5
299	8
300	4
301	6
302	9
303	6
304	5
305	7
306	7
307	3
308	11
309	4
310	3
311	8
312	7
313	11
314	7
315	6
316	3
317	9
318	6
319	5
320	6
321	5
322	6
323	8
324	8
325	10
326	13
327	7
328	8
329	10
330	6
331	4
332	7
333	7
334	11
335	6
336	6
337	7
338	10
339	8
340	8
341	8
342	9
343	2
344	7
345	7
346	4
347	8
348	7
349	7
350	5
351	3
352	3
353	7
354	7
355	4
356	7
357	13
358	10
359	10
360	5
361	4
362	5
363	8
364	3
365	10
366	4
367	9
368	10
369	5
370	5
371	7
372	6
373	8
374	9
375	6
376	3
377	2
378	4
379	12
380	8
381	6
382	3
383	4
384	7
385	11
386	2
387	12
388	13
389	15
390	6
391	11
392	5
393	8
394	10
395	7
396	10
397	5
398	9
399	9
400	9
401	8
402	5
403	6
404	7
405	6
406	6
407	10
408	4
409	3
410	5
411	9
412	6
413	3
414	2
415	5
416	4
417	4
418	12
419	10
420	8
421	10
422	9
423	7
424	7
425	3
426	11
427	5
428	8
429	9
430	5
431	7
432	8
433	6
434	6
435	8
436	6
437	8
438	8
439	7
440	7
441	15
442	4
443	16
444	8
445	8
446	5
447	7
448	7
449	8
450	9
451	4
452	6
453	11
454	7
455	6
456	11
457	13
458	8
459	6
460	12
461	12
462	1
463	6
464	10
465	7
466	7
467	11
468	8
469	9
470	9
471	6
472	10
473	10
474	8
475	10
476	8
477	8
478	6
479	7
480	11
481	6
482	9
483	7
484	11
485	8
486	5
487	11
488	5
489	8
490	7
491	4
492	6
493	15
494	11
495	9
496	8
497	5
498	5
499	12
500	9
501	6
502	10
503	4
504	7
505	9
506	6
507	7
508	4
509	11
510	10
511	7
512	12
513	8
514	7
515	5
516	9
517	6
518	8
519	10
520	6
521	10
522	6
523	11
524	8
525	11
526	6
527	4
528	4
529	13
530	7
531	6
532	11
533	8
534	4
535	6
536	9
537	12
538	5
539	9
540	11
541	11
542	6
543	5
544	4
545	3
546	11
547	10
548	6
549	6
550	10
551	7
552	9
553	3
554	7
555	7
556	9
557	9
558	13
559	11
560	9
561	7
562	9
563	6
564	10
565	6
566	14
567	13
568	6
569	8
570	8
571	6
572	7
573	8
574	12
575	6
576	8
577	10
578	5
579	8
580	6
581	16
582	7
583	8
584	9
585	10
586	7
587	8
588	8
589	8
590	8
591	8
592	13
593	11
594	11
595	4
596	14
597	9
598	12
599	8
600	8
601	10
602	5
603	7
604	7
605	12
606	10
607	5
608	7
609	8
610	7
611	7
612	7
613	8
614	9
615	11
616	8
617	10
618	6
619	7
620	6
621	11
622	13
623	10
624	10
625	6
626	6
627	7
628	8
629	8
630	7
631	5
632	7
633	8
634	4
635	8
636	18
637	4
638	8
639	6
640	10
641	12
642	12
643	4
644	6
645	13
646	7
647	6
648	13
649	9
650	5
651	9
652	6
653	8
654	12
655	8
656	15
657	7
658	7
659	7
660	9
661	8
662	11
663	8
664	9
665	7
666	11
667	6
668	11
669	12
670	5
671	11
672	6
673	4
674	10
675	9
676	8
677	8
678	11
679	10
680	11
681	12
682	14
683	7
684	6
685	11
686	14
687	12
688	9
689	11
690	12
691	9
692	9
693	9
694	8
695	11
696	12
697	8
698	13
699	11
700	10
701	15
702	8
703	9
704	14
705	11
706	12
707	10
708	12
709	10
710	10
711	12
712	5
713	10
714	8
715	12
716	6
717	8
718	10
719	11
720	12
721	13
722	8
723	14
724	14
725	10
726	9
727	8
728	10
729	12
730	13
731	11
732	12
733	6
734	8
735	9
736	5
737	10
738	13
739	12
740	9
741	8
742	11
743	11
744	14
745	12
746	15
747	9
748	16
749	12
750	7
751	12
752	11
753	10
754	14
755	10
756	13
757	13
758	19
759	14
760	11
761	10
762	15
763	13
764	11
765	15
766	10
767	9
768	10
769	16
770	12
771	9
772	8
773	14
774	14
775	15
776	9
777	17
778	10
779	12
780	20
781	11
782	15
783	17
784	14
785	15
786	14
787	18
788	8
789	15
790	16
791	17
792	13
793	9
794	11
795	11
796	14
797	21
798	9
799	23
800	18
801	12
802	15
803	13
804	14
805	11
806	15
807	13
808	19
809	18
810	11
811	15
812	20
813	16
814	14
815	11
816	18
817	12
818	19
819	17
820	19
821	8
822	16
823	16
824	15
825	16
826	17
827	10
828	13
829	12
830	22
831	15
832	14
833	19
834	11
835	10
836	11
837	16
838	14
839	11
840	9
841	16
842	14
843	15
844	15
845	17
846	16
847	16
848	11
849	13
850	14
851	21
852	22
853	15
854	14
855	11
856	14
857	16
858	22
859	13
860	22
861	12
862	13
863	20
864	13
865	10
866	18
867	14
868	12
869	14
870	19
871	15
872	15
873	16
874	17
875	12
876	11
877	16
878	10
879	16
880	13
881	6
882	12
883	13
884	15
885	23
886	15
887	7
888	13
889	14
890	11
891	13
892	18
893	13
894	14
895	12
896	25
897	7
898	14
899	13
900	16
901	12
902	23
903	17
904	15
905	13
906	11
907	14
908	11
909	15
910	16
911	9
912	11
913	12
914	16
915	9
916	18
917	16
918	11
919	13
920	20
921	12
922	16
923	13
924	14
925	14
926	11
927	16
928	12
929	21
930	15
931	14
932	15
933	12
934	16
935	17
936	18
937	11
938	14
939	11
940	9
941	16
942	20
943	8
944	12
945	20
946	16
947	11
948	15
949	16
950	10
951	19
952	15
953	11
954	14
955	14
956	10
957	17
958	10
959	14
960	18
961	12
962	12
963	13
964	13
965	12
966	8
967	10
968	14
969	19
970	7
971	8
972	12
973	6
974	11
975	14
976	16
977	10
978	7
979	20
980	15
981	11
982	11
983	11
984	16
985	7
986	15
987	12
988	10
989	11
990	17
991	14
992	5
993	12
994	9
995	16
996	12
997	13
998	14
999	16
1000	9
1001	16
1002	13
1003	15
1004	18
1005	15
1006	10
1007	15
1008	13
1009	18
1010	15
1011	12
1012	10
1013	12
1014	16
1015	20
1016	8
1017	12
1018	16
1019	11
1020	10
1021	12
1022	8
1023	15
1024	14
1025	14
1026	10
1027	8
1028	17
1029	7
1030	12
1031	13
1032	10
1033	14
1034	10
1035	10
1036	12
1037	8
1038	16
1039	17
1040	11
1041	16
1042	13
1043	11
1044	10
1045	12
1046	8
1047	12
1048	13
1049	12
1050	12
1051	25
1052	8
1053	18
1054	11
1055	13
1056	12
1057	14
1058	16
1059	18
1060	7
1061	13
1062	11
1063	8
1064	12
1065	6
1066	12
1067	14
1068	20
1069	18
1070	11
1071	10
1072	16
1073	11
1074	13
1075	11
1076	12
1077	15
1078	16
1079	10
1080	12
1081	16
1082	10
1083	8
1084	15
1085	14
1086	13
1087	18
1088	17
1089	14
1090	11
1091	6
1092	16
1093	12
1094	6
1095	10
1096	12
1097	18
1098	5
1099	12
1100	7
1101	11
1102	11
1103	15
1104	15
1105	8
1106	15
1107	16
1108	15
1109	18
1110	19
1111	13
1112	7
1113	10
1114	15
1115	17
1116	19
1117	8
1118	16
1119	6
1120	12
1121	10
1122	13
1123	14
1124	14
1125	15
1126	10
1127	12
1128	15
1129	12
1130	11
1131	13
1132	12
1133	12
1134	16
1135	18
1136	9
1137	11
1138	18
1139	16
1140	13
1141	11
1142	14
1143	6
1144	21
1145	11
1146	12
1147	13
1148	11
1149	10
1150	12
1151	11
1152	5
1153	11
1154	9
1155	21
1156	17
1157	19
1158	14
1159	13
1160	15
1161	9
1162	13
1163	16
1164	16
1165	15
1166	13
1167	7
1168	15
1169	4
1170	11
1171	16
1172	20
1173	19
1174	17
1175	13
1176	10
1177	13
1178	16
1179	14
1180	13
1181	17
1182	6
1183	12
1184	16
1185	15
1186	12
1187	10
1188	12
1189	10
1190	12
1191	11
1192	14
1193	17
1194	19
1195	14
1196	17
1197	20
1198	10
1199	8
1200	16
1201	13
1202	19
1203	14
1204	21
1205	5
1206	15
1207	18
1208	19
1209	15
1210	10
1211	13
1212	12
1213	16
1214	17
1215	17
1216	20
1217	10
1218	21
1219	14
1220	15
1221	9
1222	10
1223	19
1224	14
1225	12
1226	18
1227	13
1228	21
1229	10
1230	9
1231	14
1232	11
1233	11
1234	16
1235	17
1236	14
1237	14
1238	15
1239	17
1240	15
1241	16
1242	14
1243	13
1244	14
1245	22
1246	6
1247	15
1248	10
1249	15
1250	16
1251	24
1252	16
1253	14
1254	10
1255	13
1256	17
1257	18
1258	13
1259	8
1260	16
1261	9
1262	13
1263	12
1264	16
1265	10
1266	13
1267	10
1268	14
1269	11
1270	17
1271	12
1272	11
1273	16
1274	20
1275	27
1276	14
1277	27
1278	17
1279	13
1280	14
1281	18
1282	15
1283	12
1284	20
1285	12
1286	12
1287	28
1288	22
1289	14
1290	12
1291	12
1292	18
1293	22
1294	15
1295	15
1296	20
1297	13
1298	8
1299	18
1300	14
1301	16
1302	19
1303	18
1304	23
1305	18
1306	24
1307	22
1308	15
1309	14
1310	18
1311	15
1312	13
1313	17
1314	22
1315	20
1316	19
1317	17
1318	18
1319	14
1320	15
1321	19
1322	27
1323	19
1324	7
1325	14
1326	17
1327	12
1328	15
1329	9
1330	20
1331	16
1332	13
1333	17
1334	14
1335	19
1336	15
1337	9
1338	10
1339	14
1340	8
1341	16
1342	15
1343	14
1344	14
1345	16
1346	14
1347	14
1348	19
1349	9
1350	11
1351	12
1352	9
1353	16
1354	13
1355	24
1356	16
1357	17
1358	11
1359	22
1360	17
1361	16
1362	23
1363	21
1364	14
1365	18
1366	11
1367	13
1368	19
1369	24
1370	15
1371	19
1372	10
1373	15
1374	16
1375	10
1376	13
1377	22
1378	13
1379	18
1380	11
1381	20
1382	19
1383	11
1384	16
1385	13
1386	19
1387	12
1388	16
1389	22
1390	20
1391	18
1392	21
1393	17
1394	13
1395	16
1396	16
1397	17
1398	20
1399	14
1400	13
1401	11
1402	11
1403	20
1404	15
1405	15
1406	17
1407	18
1408	11
1409	18
1410	14
1411	17
1412	23
1413	16
1414	11
1415	18
1416	16
1417	17
1418	20
1419	13
1420	9
1421	15
1422	13
1423	18
1424	18
1425	16
1426	13
1427	17
1428	14
1429	18
1430	18
1431	14
1432	15
1433	16
1434	13
1435	18
1436	27
1437	14
1438	14
1439	22
1440	11
1441	14
1442	15
1443	11
1444	25
1445	19
1446	18
1447	14
1448	23
1449	18
1450	19
1451	17
1452	23
1453	23
1454	13
1455	19
1456	27
1457	10
1458	17
1459	20
1460	20
1461	22
1462	21
1463	22
1464	10
1465	20
1466	18
1467	22
1468	17
1469	21
1470	22
1471	17
1472	16
1473	14
1474	23
1475	20
1476	19
1477	17
1478	17
1479	15
1480	16
1481	20
1482	15
1483	14
1484	21
1485	19
1486	10
1487	19
1488	17
1489	20
1490	23
1491	24
1492	17
1493	21
1494	21
1495	26
1496	24
1497	20
1498	14
1499	16
1500	20
1501	14
1502	25
1503	18
1504	19
1505	13
1506	21
1507	20
1508	20
1509	12
1510	10
1511	20
1512	17
1513	12
1514	23
1515	15
1516	24
1517	14
1518	14
1519	17
1520	13
1521	29
1522	16
1523	27
1524	16
1525	20
1526	16
1527	23
1528	14
1529	14
1530	17
1531	26
1532	19
1533	18
1534	10
1535	14
1536	17
1537	17
1538	21
1539	25
1540	17
1541	11
1542	16
1543	26
1544	20
1545	19
1546	18
1547	20
1548	13
1549	21
1550	22
1551	20
1552	12
1553	21
1554	16
1555	20
1556	23
1557	17
1558	29
1559	16
1560	18
1561	12
1562	19
1563	13
1564	17
1565	19
1566	18
1567	13
1568	23
1569	24
1570	29
1571	19
1572	24
1573	21
1574	17
1575	19
1576	19
1577	16
1578	17
1579	16
1580	18
1581	21
1582	28
1583	21
1584	13
1585	17
1586	27
1587	15
1588	17
1589	31
1590	19
1591	11
1592	18
1593	32
1594	14
1595	28
1596	20
1597	21
1598	22
1599	20
1600	15
1601	13
1602	18
1603	16
1604	25
1605	28
1606	20
1607	16
1608	18
1609	18
1610	18
1611	15
1612	19
1613	12
1614	13
1615	16
1616	22
1617	21
1618	20
1619	14
1620	15
1621	22
1622	15
1623	18
1624	16
1625	18
1626	18
1627	14
1628	14
1629	19
1630	17
1631	16
1632	14
1633	21
1634	17
1635	22
1636	18
1637	23
1638	15
1639	24
1640	17
1641	19
1642	14
1643	9
1644	14
1645	27
1646	21
1647	14
1648	18
1649	15
1650	23
1651	21
1652	21
1653	16
1654	20
1655	24
1656	25
1657	17
1658	13
1659	22
1660	15
1661	20
1662	24
1663	19
1664	23
1665	23
1666	21
1667	16
1668	16
1669	19
1670	16
1671	21
1672	17
1673	17
1674	28
1675	15
1676	19
1677	21
1678	19
1679	19
1680	16
1681	17
1682	29
1683	16
1684	16
1685	13
1686	16
1687	14
1688	31
1689	18
1690	26
1691	23
1692	14
1693	18
1694	25
1695	13
1696	18
1697	27
1698	18
1699	20
1700	21
1701	19
1702	23
1703	17
1704	19
1705	21
1706	24
1707	14
1708	18
1709	16
1710	15
1711	22
1712	24
1713	20
1714	20
1715	21
1716	24
1717	22
1718	26
1719	22
1720	11
1721	16
1722	18
1723	20
1724	21
1725	19
1726	23
1727	16
1728	24
1729	21
1730	19
1731	15
1732	10
1733	19
1734	18
1735	19
1736	25
1737	25
1738	19
1739	19
1740	24
1741	14
1742	20
1743	16
1744	21
1745	17
1746	18
1747	20
1748	23
1749	17
1750	14
1751	31
1752	15
1753	15
1754	18
1755	24
1756	20
1757	27
1758	26
1759	21
1760	12
1761	12
1762	22
1763	24
1764	17
1765	22
1766	21
1767	26
1768	20
1769	11
1770	23
1771	22
1772	31
1773	28
1774	19
1775	21
1776	15
1777	19
1778	33
1779	22
1780	26
1781	21
1782	13
1783	26
1784	23
1785	16
1786	21
1787	27
1788	23
1789	23
1790	20
1791	23
1792	18
1793	21
1794	23
1795	19
1796	31
1797	23
1798	25
1799	21
1800	27
1801	27
1802	21
1803	17
1804	24
1805	25
1806	23
1807	27
1808	23
1809	20
1810	17
1811	22
1812	17
1813	21
1814	12
1815	19
1816	20
1817	21
1818	19
1819	21
1820	19
1821	10
1822	28
1823	18
1824	25
1825	30
1826	28
1827	17
1828	23
1829	26
1830	19
1831	15
1832	9
1833	26
1834	17
1835	20
1836	23
1837	22
1838	14
1839	17
1840	26
1841	25
1842	20
1843	31
1844	21
1845	28
1846	18
1847	24
1848	24
1849	19
1850	23
1851	22
1852	20
1853	28
1854	22
1855	24
1856	12
1857	20
1858	26
1859	12
1860	17
1861	26
1862	22
1863	25
1864	18
1865	26
1866	24
1867	16
1868	30
1869	24
1870	17
1871	26
1872	27
1873	15
1874	20
1875	17
1876	17
1877	23
1878	16
1879	23
1880	27
1881	24
1882	17
1883	23
1884	25
1885	20
1886	18
1887	19
1888	19
1889	21
1890	19
1891	24
1892	24
1893	20
1894	23
1895	23
1896	24
1897	14
1898	27
1899	17
1900	24
1901	21
1902	22
1903	10
1904	19
1905	28
1906	16
1907	18
1908	15
1909	13
1910	13
1911	28
1912	22
1913	24
1914	20
1915	32
1916	28
1917	25
1918	20
1919	23
1920	16
1921	16
1922	24
1923	25
1924	24
1925	16
1926	18
1927	21
1928	22
1929	28
1930	25
1931	20
1932	29
1933	28
1934	22
1935	22
1936	26
1937	26
1938	23
1939	24
1940	23
1941	26
1942	22
1943	15
1944	33
1945	26
1946	30
1947	21
1948	18
1949	25
1950	30
1951	20
1952	15
1953	22
1954	17
1955	20
1956	23
1957	29
1958	17
1959	12
1960	26
1961	21
1962	26
1963	23
1964	33
1965	21
1966	22
1967	21
1968	23
1969	25
1970	20
1971	22
1972	18
1973	16
1974	29
1975	19
1976	22
1977	20
1978	32
1979	17
1980	15
1981	31
1982	22
1983	16
1984	18
1985	24
1986	27
1987	10
1988	17
1989	30
1990	27
1991	28
1992	23
1993	28
1994	24
1995	21
1996	17
1997	20
1998	27
1999	16
2000	28
2001	23
2002	17
2003	32
2004	19
2005	18
2006	38
2007	26
2008	25
2009	14
2010	18
2011	14
2012	27
2013	18
2014	21
2015	26
2016	18
2017	27
2018	24
2019	20
2020	35
2021	22
2022	26
2023	18
2024	26
2025	30
2026	31
2027	29
2028	26
2029	26
2030	27
2031	20
2032	21
2033	24
2034	23
2035	26
2036	20
2037	28
2038	25
2039	24
2040	24
2041	21
2042	19
2043	18
2044	21
2045	29
2046	31
2047	27
2048	28
2049	24
2050	22
2051	13
2052	27
2053	41
2054	22
2055	19
2056	19
2057	21
2058	23
2059	25
2060	26
2061	25
2062	21
2063	21
2064	19
2065	20
2066	21
2067	22
2068	20
2069	28
2070	23
2071	19
2072	22
2073	20
2074	27
2075	22
2076	19
2077	27
2078	21
2079	19
2080	20
2081	22
2082	22
2083	18
2084	34
2085	24
2086	27
2087	22
2088	28
2089	21
2090	26
2091	23
2092	28
2093	23
2094	24
2095	24
2096	27
2097	22
2098	21
2099	29
2100	14
2101	19
2102	24
2103	23
2104	23
2105	20
2106	31
2107	30
2108	26
2109	22
2110	24
2111	39
2112	20
2113	20
2114	29
2115	24
2116	34
2117	16
2118	26
2119	29
2120	22
2121	21
2122	23
2123	27
2124	24
2125	26
2126	21
2127	30
2128	22
2129	26
2130	23
2131	27
2132	23
2133	22
2134	23
2135	31
2136	28
2137	15
2138	18
2139	27
2140	23
2141	32
2142	39
2143	24
2144	36
2145	26
2146	15
2147	24
2148	30
2149	23
2150	24
2151	30
2152	23
2153	28
2154	22
2155	28
2156	24
2157	31
2158	27
2159	23
2160	20
2161	20
2162	30
2163	19
2164	25
2165	27
2166	18
2167	24
2168	25
2169	34
2170	21
2171	28
2172	33
2173	31
2174	27
2175	24
2176	24
2177	32
2178	26
2179	32
2180	26
2181	23
2182	23
2183	16
2184	32
2185	30
2186	29
2187	28
2188	34
2189	28
2190	38
2191	27
2192	29
2193	20
2194	28
2195	28
2196	23
2197	31
2198	23
2199	32
2200	28
2201	19
2202	27
2203	31
2204	29
2205	30
2206	28
2207	27
2208	28
2209	21
2210	26
2211	15
2212	24
2213	37
2214	25
2215	28
2216	20
2217	25
2218	26
2219	26
2220	33
2221	25
2222	30
2223	23
2224	26
2225	29
2226	25
2227	30
2228	29
2229	22
2230	28
2231	21
2232	29
2233	29
2234	24
2235	29
2236	28
2237	27
2238	27
2239	27
2240	27
2241	36
2242	29
2243	23
2244	27
2245	38
2246	27
2247	27
2248	25
2249	31
2250	22
2251	27
2252	26
2253	23
2254	31
2255	22
2256	27
2257	25
2258	34
2259	27
2260	24
2261	29
2262	28
2263	22
2264	27
2265	27
2266	31
2267	28
2268	35
2269	23
2270	30
2271	28
2272	17
2273	32
2274	32
2275	26
2276	24
2277	27
2278	21
2279	22
2280	19
2281	26
2282	19
2283	26
2284	26
2285	27
2286	23
2287	15
2288	28
2289	23
2290	26
2291	31
2292	28
2293	22
2294	18
2295	26
2296	33
2297	28
2298	18
2299	29
2300	24
2301	25
2302	25
2303	21
2304	30
2305	20
2306	32
2307	30
2308	24
2309	21
2310	21
2311	23
2312	21
2313	26
2314	35
2315	22
2316	20
2317	28
2318	29
2319	23
2320	19
2321	17
2322	23
2323	24
2324	33
2325	22
2326	15
2327	25
2328	32
2329	23
2330	26
2331	19
2332	32
2333	28
2334	13
2335	30
2336	14
2337	25
2338	26
2339	27
2340	22
2341	17
2342	27
2343	17
2344	17
2345	19
2346	24
2347	19
2348	20
2349	20
2350	25
2351	20
2352	22
2353	20
2354	20
2355	25
2356	28
2357	20
2358	22
2359	24
2360	19
2361	27
2362	26
2363	33
2364	25
2365	20
2366	19
2367	29
2368	27
2369	26
2370	24
2371	18
2372	22
2373	23
2374	19
2375	15
2376	15
2377	20
2378	17
2379	26
2380	15
2381	26
2382	26
2383	15
2384	22
2385	25
2386	28
2387	27
2388	30
2389	17
2390	19
2391	17
2392	27
2393	18
2394	16
2395	22
2396	15
2397	25
2398	20
2399	16
2400	18
2401	20
2402	22
2403	11
2404	21
2405	20
2406	17
2407	27
2408	22
2409	22
2410	26
2411	17
2412	22
2413	24
2414	21
2415	25
2416	21
2417	22
2418	19
2419	22
2420	18
2421	28
2422	28
2423	20
2424	19
2425	24
2426	21
2427	23
2428	17
2429	21
2430	24
2431	17
2432	24
2433	22
2434	26
2435	27
2436	19
2437	22
2438	24
2439	24
2440	24
2441	19
2442	25
2443	19
2444	13
2445	24
2446	20
2447	28
2448	21
2449	13
2450	11
2451	21
2452	25
2453	15
2454	26
2455	23
2456	21
2457	19
2458	23
2459	19
2460	17
2461	26
2462	16
2463	21
2464	18
2465	22
2466	11
2467	29
2468	21
2469	31
2470	20
2471	18
2472	21
2473	23
2474	13
2475	17
2476	21
2477	15
2478	13
2479	8
2480	18
2481	19
2482	17
2483	18
2484	21
2485	14
2486	21
2487	14
2488	12
2489	20
2490	23
2491	21
2492	15
2493	21
2494	18
2495	19
2496	21
2497	21
2498	16
2499	11
2500	18
2501	17
2502	21
2503	16
2504	18
2505	17
2506	14
2507	21
2508	23
2509	16
2510	22
2511	19
2512	10
2513	14
2514	13
2515	27
2516	15
2517	16
2518	17
2519	14
2520	12
2521	13
2522	20
2523	17
2524	12
2525	20
2526	15
2527	21
2528	14
2529	27
2530	10
2531	19
2532	19
2533	10
2534	24
2535	10
2536	11
2537	17
2538	17
2539	20
2540	10
2541	19
2542	15
2543	14
2544	16
2545	16
2546	16
2547	13
2548	10
2549	17
2550	18
2551	21
2552	11
2553	18
2554	20
2555	26
2556	17
2557	24
2558	19
2559	6
2560	19
2561	16
2562	19
2563	15
2564	18
2565	15
2566	16
2567	16
2568	14
2569	15
2570	16
2571	13
2572	18
2573	16
2574	14
2575	16
2576	13
2577	11
2578	15
2579	5
2580	21
2581	15
2582	20
2583	13
2584	15
2585	11
2586	14
2587	14
2588	21
2589	17
2590	23
2591	13
2592	14
2593	14
2594	14
2595	22
2596	18
2597	17
2598	16
2599	20
2600	14
2601	10
2602	23
2603	30
2604	10
2605	17
2606	17
2607	11
2608	15
2609	11
2610	12
2611	13
2612	7
2613	11
2614	11
2615	20
2616	13
2617	16
2618	14
2619	11
2620	14
2621	17
2622	13
2623	16
2624	19
2625	14
2626	12
2627	17
2628	15
2629	13
2630	20
2631	10
2632	22
2633	18
2634	15
2635	17
2636	17
2637	21
2638	11
2639	22
2640	20
2641	9
2642	24
2643	20
2644	15
2645	25
2646	10
2647	15
2648	10
2649	18
2650	14
2651	15
2652	19
2653	16
2654	9
2655	6
2656	8
2657	19
2658	15
2659	10
2660	16
2661	16
2662	17
2663	16
2664	11
2665	20
2666	14
2667	22
2668	11
2669	22
2670	16
2671	23
2672	19
2673	11
2674	23
2675	17
2676	21
2677	13
2678	13
2679	6
2680	13
2681	16
2682	16
2683	8
2684	15
2685	15
2686	23
2687	18
2688	14
2689	17
2690	21
2691	12
2692	13
2693	9
2694	22
2695	7
2696	10
2697	9
2698	13
2699	10
2700	12
2701	19
2702	24
2703	11
2704	18
2705	16
2706	19
2707	11
2708	9
2709	17
2710	9
2711	19
2712	10
2713	14
2714	5
2715	11
2716	16
2717	11
2718	17
2719	18
2720	18
2721	15
2722	15
2723	16
2724	15
2725	17
2726	19
2727	9
2728	12
2729	21
2730	18
2731	19
2732	13
2733	13
2734	13
2735	22
2736	10
2737	16
2738	19
2739	12
2740	9
2741	12
2742	8
2743	10
2744	13
2745	14
2746	12
2747	19
2748	11
2749	23
2750	16
2751	12
2752	19
2753	8
2754	16
2755	14
2756	11
2757	24
2758	14
2759	19
2760	18
2761	12
2762	13
2763	17
2764	10
2765	13
2766	16
2767	13
2768	11
2769	14
2770	12
2771	16
2772	10
2773	18
2774	16
2775	16
2776	14
2777	15
2778	10
2779	12
2780	21
2781	18
2782	14
2783	23
2784	12
2785	10
2786	14
2787	13
2788	20
2789	12
2790	13
2791	10
2792	15
2793	11
2794	16
2795	16
2796	16
2797	9
2798	13
2799	12
2800	14
2801	12
2802	20
2803	13
2804	17
2805	13
2806	12
2807	11
2808	16
2809	20
2810	10
2811	13
2812	11
2813	11
2814	12
2815	15
2816	11
2817	15
2818	15
2819	17
2820	14
2821	11
2822	15
2823	17
2824	17
2825	18
2826	10
2827	11
2828	10
2829	8
2830	18
2831	11
2832	17
2833	16
2834	4
2835	18
2836	18
2837	10
2838	12
2839	14
2840	15
2841	10
2842	12
2843	11
2844	12
2845	9
2846	13
2847	10
2848	8
2849	16
2850	19
2851	11
2852	10
2853	12
2854	14
2855	12
2856	8
2857	9
2858	8
2859	13
2860	12
2861	12
2862	10
2863	11
2864	21
2865	10
2866	15
2867	17
2868	10
2869	11
2870	17
2871	6
2872	11
2873	7
2874	12
2875	13
2876	22
2877	14
2878	11
2879	13
2880	13
2881	12
2882	9
2883	13
2884	18
2885	12
2886	16
2887	17
2888	16
2889	10
2890	13
2891	12
2892	11
2893	12
2894	16
2895	13
2896	13
2897	14
2898	11
2899	13
2900	7
2901	19
2902	9
2903	11
2904	15
2905	18
2906	11
2907	12
2908	15
2909	11
2910	9
2911	10
2912	12
2913	13
2914	10
2915	12
2916	17
2917	15
2918	12
2919	14
2920	15
2921	8
2922	5
2923	6
2924	13
2925	15
2926	13
2927	11
2928	11
2929	6
2930	11
2931	10
2932	12
2933	9
2934	14
2935	12
2936	15
2937	19
2938	11
2939	16
2940	14
2941	18
2942	10
2943	15
2944	11
2945	17
2946	8
2947	13
2948	11
2949	14
2950	9
2951	7
2952	11
2953	13
2954	13
2955	21
2956	14
2957	14
2958	11
2959	10
2960	14
2961	8
2962	13
2963	15
2964	19
2965	12
2966	11
2967	14
2968	12
2969	6
2970	8
2971	11
2972	13
2973	10
2974	10
2975	7
2976	9
2977	13
2978	11
2979	13
2980	7
2981	11
2982	8
2983	13
2984	6
2985	8
2986	14
2987	17
2988	6
2989	19
2990	17
2991	11
2992	9
2993	14
2994	11
2995	5
2996	15
2997	15
2998	8
2999	12
3000	12
3001	9
3002	12
3003	11
3004	8
3005	18
3006	16
3007	11
3008	10
3009	12
3010	11
3011	11
3012	8
3013	6
3014	9
3015	9
3016	12
3017	15
3018	7
3019	16
3020	18
3021	8
3022	8
3023	14
3024	10
3025	9
3026	14
3027	15
3028	12
3029	11
3030	11
3031	12
3032	6
3033	8
3034	10
3035	13
3036	9
3037	10
3038	9
3039	14
3040	8
3041	7
3042	11
3043	12
3044	15
3045	9
3046	13
3047	8
3048	11
3049	10
3050	8
3051	8
3052	11
3053	10
3054	11
3055	11
3056	12
3057	20
3058	15
3059	13
3060	16
3061	8
3062	14
3063	13
3064	18
3065	10
3066	14
3067	12
3068	10
3069	14
3070	12
3071	7
3072	20
3073	12
3074	14
3075	13
3076	11
3077	4
3078	17
3079	10
3080	13
3081	19
3082	10
3083	12
3084	9
3085	8
3086	8
3087	22
3088	15
3089	11
3090	10
3091	15
3092	12
3093	12
3094	14
3095	9
3096	10
3097	12
3098	12
3099	8
3100	16
3101	13
3102	13
3103	12
3104	6
3105	14
3106	11
3107	8
3108	8
3109	14
3110	8
3111	10
3112	6
3113	16
3114	11
3115	8
3116	11
3117	16
3118	10
3119	10
3120	15
3121	15
3122	12
3123	12
3124	12
3125	14
3126	4
3127	9
3128	13
3129	20
3130	12
3131	8
3132	8
3133	16
3134	14
3135	6
3136	8
3137	10
3138	9
3139	15
3140	9
3141	8
3142	11
3143	15
3144	10
3145	12
3146	10
3147	6
3148	5
3149	14
3150	9
3151	14
3152	9
3153	8
3154	10
3155	12
3156	11
3157	8
3158	13
3159	7
3160	13
3161	15
3162	10
3163	13
3164	8
3165	13
3166	11
3167	11
3168	11
3169	15
3170	9
3171	13
3172	16
3173	7
3174	11
3175	11
3176	12
3177	8
3178	12
3179	6
3180	14
3181	12
3182	12
3183	9
3184	15
3185	14
3186	8
3187	13
3188	12
3189	7
3190	4
3191	16
3192	14
3193	7
3194	10
3195	7
3196	6
3197	10
3198	13
3199	8
3200	8
3201	4
3202	8
3203	13
3204	7
3205	15
3206	11
3207	11
3208	13
3209	6
3210	13
3211	11
3212	12
3213	10
3214	12
3215	10
3216	7
3217	12
3218	13
3219	16
3220	12
3221	16
3222	8
3223	8
3224	16
3225	8
3226	12
3227	6
3228	9
3229	14
3230	15
3231	10
3232	15
3233	8
3234	11
3235	13
3236	4
3237	8
3238	8
3239	12
3240	12
3241	10
3242	12
3243	16
3244	10
3245	9
3246	10
3247	6
3248	7
3249	12
3250	12
3251	10
3252	9
3253	20
3254	13
3255	5
3256	6
3257	9
3258	8
3259	11
3260	4
3261	15
3262	14
3263	9
3264	8
3265	11
3266	8
3267	9
3268	5
3269	8
3270	12
3271	11
3272	11
3273	11
3274	14
3275	11
3276	10
3277	7
3278	7
3279	9
3280	9
3281	17
3282	8
3283	10
3284	14
3285	13
3286	10
3287	8
3288	10
3289	10
3290	8
3291	8
3292	10
3293	11
3294	7
3295	15
3296	12
3297	9
3298	10
3299	10
3300	7
3301	6
3302	9
3303	14
3304	12
3305	8
3306	7
3307	12
3308	12
3309	14
3310	12
3311	8
3312	5
3313	8
3314	10
3315	8
3316	7
3317	9
3318	10
3319	4
3320	6
3321	8
3322	8
3323	5
3324	11
3325	18
3326	10
3327	14
3328	11
3329	8
3330	10
3331	12
3332	11
3333	10
3334	10
3335	12
3336	11
3337	10
3338	12
3339	12
3340	13
3341	11
3342	13
3343	12
3344	11
3345	10
3346	9
3347	11
3348	12
3349	7
3350	12
3351	5
3352	18
3353	9
3354	7
3355	8
3356	6
3357	9
3358	8
3359	4
3360	15
3361	6
3362	9
3363	7
3364	16
3365	12
3366	6
3367	10
3368	10
3369	14
3370	7
3371	8
3372	14
3373	7
3374	20
3375	14
3376	5
3377	12
3378	7
3379	8
3380	10
3381	10
3382	11
3383	9
3384	3
3385	8
3386	11
3387	9
3388	14
3389	12
3390	10
3391	10
3392	8
3393	11
3394	8
3395	8
3396	13
3397	11
3398	18
3399	13
3400	4
3401	10
3402	8
3403	10
3404	9
3405	8
3406	9
3407	13
3408	8
3409	9
3410	11
3411	14
3412	18
3413	7
3414	12
3415	9
3416	15
3417	8
3418	10
3419	14
3420	9
3421	15
3422	14
3423	12
3424	9
3425	11
3426	15
3427	7
3428	10
3429	15
3430	9
3431	9
3432	12
3433	13
3434	13
3435	4
3436	12
3437	15
3438	14
3439	9
3440	9
3441	5
3442	9
3443	9
3444	8
3445	12
3446	12
3447	5
3448	11
3449	11
3450	8
3451	8
3452	4
3453	10
3454	8
3455	13
3456	6
3457	10
3458	8
3459	6
3460	10
3461	13
3462	17
3463	11
3464	2
3465	5
3466	12
3467	16
3468	7
3469	12
3470	6
3471	13
3472	9
3473	12
3474	9
3475	11
3476	4
3477	11
3478	9
3479	7
3480	13
3481	4
3482	14
3483	11
3484	5
3485	10
3486	4
3487	16
3488	11
3489	9
3490	9
3491	12
3492	8
3493	9
3494	9
3495	7
3496	10
3497	13
3498	9
3499	12
3500	12
3501	4
3502	18
3503	6
3504	12
3505	5
3506	8
3507	14
3508	9
3509	10
3510	6
3511	12
3512	5
3513	6
3514	6
3515	13
3516	8
3517	7
3518	14
3519	16
3520	10
3521	7
3522	13
3523	12
3524	6
3525	10
3526	6
3527	15
3528	5
3529	8
3530	7
3531	7
3532	10
3533	10
3534	10
3535	10
3536	6
3537	5
3538	13
3539	14
3540	7
3541	7
3542	12
3543	7
3544	9
3545	4
3546	9
3547	8
3548	8
3549	15
3550	6
3551	11
3552	14
3553	6
3554	9
3555	8
3556	8
3557	14
3558	10
3559	7
3560	8
3561	6
3562	7
3563	9
3564	3
3565	4
3566	10
3567	10
3568	5
3569	12
3570	7
3571	6
3572	8
3573	9
3574	9
3575	16
3576	7
3577	11
3578	12
3579	12
3580	8
3581	8
3582	7
3583	7
3584	16
3585	10
3586	14
3587	11
3588	10
3589	15
3590	8
3591	10
3592	9
3593	7
3594	5
3595	10
3596	9
3597	7
3598	13
3599	8
3600	7
3601	12
3602	7
3603	10
3604	5
3605	9
3606	17
3607	12
3608	4
3609	13
3610	18
3611	8
3612	11
3613	10
3614	12
3615	11
3616	6
3617	10
3618	8
3619	8
3620	7
3621	11
3622	10
3623	10
3624	10
3625	14
3626	10
3627	5
3628	7
3629	4
3630	6
3631	8
3632	9
3633	9
3634	9
3635	9
3636	11
3637	6
3638	13
3639	17
3640	8
3641	8
3642	7
3643	9
3644	7
3645	5
3646	8
3647	8
3648	9
3649	12
3650	16
3651	10
3652	11
3653	21
3654	11
3655	9
3656	10
3657	9
3658	13
3659	14
3660	9
3661	5
3662	13
3663	11
3664	6
3665	7
3666	5
3667	4
3668	10
3669	9
3670	4
3671	12
3672	5
3673	6
3674	8
3675	8
3676	9
3677	11
3678	9
3679	9
3680	11
3681	10
3682	9
3683	9
3684	9
3685	7
3686	10
3687	8
3688	9
3689	12
3690	7
3691	7
3692	10
3693	12
3694	9
3695	16
3696	6
3697	15
3698	7
3699	10
3700	2
3701	9
3702	9
3703	5
3704	6
3705	7
3706	11
3707	9
3708	6
3709	6
3710	4
3711	6
3712	12
3713	10
3714	3
3715	12
3716	8
3717	8
3718	9
3719	9
3720	4
3721	9
3722	9
3723	9
3724	3
3725	6
3726	13
3727	4
3728	8
3729	12
3730	9
3731	8
3732	9
3733	5
3734	15
3735	7
3736	6
3737	5
3738	12
3739	5
3740	7
3741	8
3742	10
3743	10
3744	14
3745	6
3746	6
3747	10
3748	6
3749	7
3750	11
3751	7
3752	7
3753	18
3754	10
3755	9
3756	8
3757	8
3758	9
3759	9
3760	4
3761	8
3762	10
3763	9
3764	9
3765	1
3766	6
3767	5
3768	5
3769	10
3770	7
3771	6
3772	8
3773	11
3774	8
3775	10
3776	7
3777	6
3778	7
3779	8
3780	10
3781	9
3782	11
3783	8
3784	5
3785	12
3786	8
3787	12
3788	7
3789	9
3790	10
3791	7
3792	7
3793	11
3794	7
3795	6
3796	12
3797	6
3798	9
3799	5
3800	6
3801	7
3802	13
3803	4
3804	9
3805	7
3806	11
3807	9
3808	11
3809	13
3810	12
3811	10
3812	6
3813	8
3814	16
3815	12
3816	9
3817	7
3818	6
3819	14
3820	11
3821	10
3822	4
3823	11
3824	10
3825	9
3826	8
3827	8
3828	11
3829	10
3830	8
3831	9
3832	8
3833	8
3834	7
3835	9
3836	11
3837	8
3838	5
3839	7
3840	10
3841	9
3842	16
3843	7
3844	13
3845	8
3846	5
3847	13
3848	4
3849	12
3850	12
3851	9
3852	6
3853	10
3854	9
3855	2
3856	6
3857	10
3858	14
3859	12
3860	6
3861	10
3862	9
3863	8
3864	8
3865	8
3866	8
3867	13
3868	10
3869	12
3870	7
3871	9
3872	10
3873	4
3874	14
3875	6
3876	8
3877	8
3878	11
3879	6
3880	5
3881	11
3882	9
3883	4
3884	11
3885	6
3886	6
3887	13
3888	11
3889	13
3890	8
3891	12
3892	10
3893	6
3894	7
3895	12
3896	7
3897	7
3898	11
3899	6
3900	10
3901	6
3902	10
3903	4
3904	6
3905	10
3906	9
3907	8
3908	12
3909	4
3910	7
3911	6
3912	10
3913	6
3914	9
3915	9
3916	7
3917	7
3918	6
3919	6
3920	5
3921	9
3922	8
3923	7
3924	5
3925	12
3926	14
3927	5
3928	2
3929	5
3930	5
3931	8
3932	6
3933	8
3934	8
3935	8
3936	8
3937	5
3938	6
3939	11
3940	5
3941	9
3942	6
3943	9
3944	9
3945	13
3946	12
3947	14
3948	12
3949	8
3950	11
3951	9
3952	2
3953	7
3954	9
3955	12
3956	3
3957	9
3958	5
3959	11
3960	8
3961	12
3962	6
3963	6
3964	7
3965	9
3966	5
3967	8
3968	8
3969	4
3970	7
3971	8
3972	13
3973	8
3974	9
3975	9
3976	13
3977	6
3978	15
3979	8
3980	10
3981	8
3982	4
3983	5
3984	6
3985	3
3986	10
3987	11
3988	8
3989	8
3990	10
3991	10
3992	8
3993	7
3994	13
3995	5
3996	7
3997	16
3998	9
3999	11
4000	5
4001	9
4002	7
4003	10
4004	8
4005	9
4006	6
4007	10
4008	8
4009	13
4010	7
4011	7
4012	8
4013	12
4014	10
4015	12
4016	10
4017	7
4018	7
4019	9
4020	14
4021	7
4022	13
4023	13
4024	8
4025	4
4026	9
4027	8
4028	4
4029	7
4030	9
4031	1
4032	9
4033	7
4034	8
4035	11
4036	10
4037	8
4038	6
4039	7
4040	6
4041	4
4042	13
4043	7
4044	6
4045	8
4046	5
4047	11
4048	5
4049	9
4050	13
4051	10
4052	7
4053	9
4054	6
4055	13
4056	5
4057	8
4058	11
4059	11
4060	10
4061	7
4062	7
4063	12
4064	5
4065	9
4066	9
4067	7
4068	8
4069	10
4070	5
4071	6
4072	7
4073	6
4074	7
4075	7
4076	8
4077	5
4078	8
4079	7
4080	3
4081	10
4082	15
4083	4
4084	9
4085	6
4086	6
4087	8
4088	5
4089	9
4090	10
4091	4
4092	10
4093	10
4094	7
4095	7
4096	7
4097	8
4098	10
4099	4
4100	2
4101	10
4102	6
4103	8
4104	7
4105	7
4106	8
4107	6
4108	8
4109	10
4110	9
4111	11
4112	9
4113	11
4114	6
4115	9
4116	8
4117	9
4118	5
4119	10
4120	6
4121	3
4122	8
4123	5
4124	9
4125	12
4126	5
4127	8
4128	6
4129	6
4130	3
4131	6
4132	9
4133	10
4134	13
4135	5
4136	7
4137	8
4138	11
4139	2
4140	6
4141	3
4142	9
4143	10
4144	5
4145	14
4146	5
4147	11
4148	8
4149	13
4150	8
4151	7
4152	9
4153	7
4154	8
4155	11
4156	9
4157	10
4158	10
4159	9
4160	5
4161	10
4162	8
4163	8
4164	3
4165	14
4166	5
4167	5
4168	3
4169	5
4170	6
4171	7
4172	8
4173	9
4174	7
4175	8
4176	9
4177	6
4178	12
4179	6
4180	8
4181	10
4182	5
4183	7
4184	4
4185	7
4186	6
4187	9
4188	12
4189	6
4190	6
4191	9
4192	8
4193	11
4194	3
4195	12
4196	5
4197	8
4198	11
4199	9
4200	8
4201	7
4202	12
4203	10
4204	4
4205	8
4206	10
4207	12
4208	7
4209	9
4210	5
4211	7
4212	6
4213	11
4214	11
4215	7
4216	10
4217	8
4218	7
4219	5
4220	7
4221	3
4222	9
4223	9
4224	5
4225	6
4226	7
4227	7
4228	9
4229	3
4230	9
4231	7
4232	10
4233	3
4234	7
4235	8
4236	9
4237	3
4238	4
4239	3
4240	8
4241	10
4242	6
4243	6
4244	5
4245	8
4246	4
4247	8
4248	10
4249	3
4250	8
4251	9
4252	8
4253	13
4254	6
4255	9
4256	9
4257	5
4258	7
4259	10
4260	7
4261	8
4262	8
4263	9
4264	4
4265	4
4266	8
4267	8
4268	5
4269	6
4270	9
4271	6
4272	3
4273	7
4274	11
4275	5
4276	6
4277	6
4278	6
4279	3
4280	10
4281	8
4282	12
4283	9
4284	11
4285	5
4286	5
4287	14
4288	8
4289	9
4290	6
4291	11
4292	9
4293	5
4294	8
4295	10
4296	7
4297	6
4298	6
4299	4
4300	5
4301	3
4302	8
4303	7
4304	8
4305	8
4306	12
4307	5
4308	7
4309	5
4310	6
4311	4
4312	12
4313	12
4314	8
4315	10
4316	5
4317	7
4318	2
4319	11
4320	8
4321	3
4322	11
4323	7
4324	5
4325	10
4326	12
4327	10
4328	4
4329	13
4330	6
4331	7
4332	11
4333	8
4334	5
4335	13
4336	8
4337	8
4338	9
4339	6
4340	11
4341	6
4342	5
4343	6
4344	10
4345	4
4346	11
4347	6
4348	5
4349	12
4350	7
4351	3
4352	12
4353	6
4354	6
4355	5
4356	10
4357	7
4358	11
4359	5
4360	7
4361	9
4362	1
4363	4
4364	8
4365	9
4366	4
4367	9
4368	3
4369	8
4370	4
4371	8
4372	5
4373	8
4374	6
4375	11
4376	9
4377	2
4378	5
4379	6
4380	5
4381	10
4382	10
4383	7
4384	3
4385	11
4386	17
4387	6
4388	8
4389	7
4390	9
4391	6
4392	6
4393	6
4394	10
4395	4
4396	7
4397	5
4398	11
4399	9
4400	5
4401	10
4402	3
4403	6
4404	13
4405	5
4406	5
4407	2
4408	8
4409	13
4410	10
4411	5
4412	6
4413	7
4414	8
4415	7
4416	9
4417	8
4418	6
4419	4
4420	8
4421	5
4422	11
4423	9
4424	5
4425	5
4426	8
4427	4
4428	6
4429	11
4430	8
4431	6
4432	9
4433	4
4434	4
4435	6
4436	14
4437	2
4438	5
4439	6
4440	5
4441	8
4442	7
4443	8
4444	5
4445	9
4446	4
4447	11
4448	10
4449	5
4450	10
4451	6
4452	5
4453	5
4454	6
4455	6
4456	10
4457	6
4458	2
4459	8
4460	5
4461	8
4462	7
4463	4
4464	9
4465	7
4466	8
4467	10
4468	12
4469	10
4470	9
4471	3
4472	7
4473	7
4474	5
4475	5
4476	5
4477	6
4478	5
4479	2
4480	8
4481	10
4482	2
4483	6
4484	9
4485	9
4486	4
4487	7
4488	10
4489	10
4490	10
4491	6
4492	2
4493	4
4494	10
4495	8
4496	2
4497	10
4498	4
4499	9
4500	8
4501	10
4502	5
4503	5
4504	11
4505	1
4506	7
4507	4
4508	4
4509	8
4510	8
4511	4
4512	7
4513	7
4514	2
4515	9
4516	12
4517	10
4518	3
4519	7
4520	7
4521	7
4522	6
4523	8
4524	7
4525	7
4526	9
4527	10
4528	8
4529	6
4530	6
4531	3
4532	3
4533	10
4534	7
4535	7
4536	3
4537	4
4538	10
4539	2
4540	10
4541	6
4542	6
4543	11
4544	8
4545	7
4546	7
4547	7
4548	11
4549	4
4550	8
4551	7
4552	2
4553	5
4554	3
4555	6
4556	6
4557	8
4558	8
4559	3
4560	5
4561	11
4562	4
4563	3
4564	5
4565	6
4566	9
4567	12
4568	8
4569	6
4570	7
4571	8
4572	6
4573	5
4574	6
4575	3
4576	4
4577	1
4578	8
4579	3
4580	7
4581	6
4582	5
4583	8
4584	9
4585	5
4586	6
4587	6
4588	5
4589	7
4590	5
4591	3
4592	10
4593	9
4594	6
4595	5
4596	3
4597	7
4598	2
4599	12
4600	6
4601	4
4602	6
4603	8
4604	7
4605	5
4606	4
4607	4
4608	5
4609	2
4610	4
4611	4
4612	10
4613	6
4614	4
4615	10
4616	9
4617	7
4618	5
4619	6
4620	9
4621	9
4622	6
4623	8
4624	4
4625	6
4626	10
4627	7
4628	7
4629	7
4630	5
4631	6
4632	4
4633	4
4634	8
4635	4
4636	6
4637	11
4638	2
4639	7
4640	4
4641	3
4642	8
4643	10
4644	7
4645	5
4646	9
4647	9
4648	5
4649	10
4650	6
4651	3
4652	4
4653	5
4654	6
4655	8
4656	8
4657	4
4658	11
4659	10
4660	2
4661	2
4662	4
4663	5
4664	9
4665	8
4666	8
4667	5
4668	4
4669	3
4670	7
4671	4
4672	6
4673	5
4674	3
4675	4
4676	3
4677	7
4678	7
4679	5
4680	2
4681	9
4682	10
4683	5
4684	4
4685	9
4686	3
4687	7
4688	4
4689	5
4690	5
4691	6
4692	8
4693	9
4694	6
4695	10
4696	6
4697	5
4698	4
4699	3
4700	3
4701	5
4702	7
4703	7
4704	6
4705	5
4706	10
4707	10
4708	5
4709	8
4710	4
4711	6
4712	5
4713	5
4714	7
4715	4
4716	6
4717	5
4718	8
4719	5
4720	2
4721	7
4722	6
4723	6
4724	6
4725	6
4726	5
4727	9
4728	5
4729	5
4730	5
4731	7
4732	8
4733	7
4734	4
4735	3
4736	8
4737	9
4738	7
4739	5
4740	6
4741	6
4742	6
4743	8
4744	6
4745	3
4746	4
4747	14
4748	4
4749	4
4750	7
4751	4
4752	10
4753	9
4754	5
4755	9
4756	9
4757	4
4758	4
4759	7
4760	5
4761	6
4762	6
4763	3
4764	5
4765	4
4766	5
4767	5
4768	5
4769	5
4770	6
4771	3
4772	10
4773	7
4774	3
4775	3
4776	6
4777	5
4778	6
4779	3
4780	7
4781	1
4782	4
4783	6
4784	5
4785	9
4786	11
4787	3
4788	9
4789	5
4790	0
4791	4
4792	6
4793	5
4794	7
4795	3
4796	5
4797	8
4798	4
4799	5
4800	12
4801	9
4802	11
4803	6
4804	8
4805	7
4806	9
4807	7
4808	15
4809	5
4810	8
4811	6
4812	5
4813	6
4814	4
4815	9
4816	6
4817	9
4818	3
4819	8
4820	5
4821	7
4822	9
4823	5
4824	10
4825	1
4826	5
4827	8
4828	12
4829	6
4830	4
4831	5
4832	2
4833	6
4834	7
4835	6
4836	8
4837	8
4838	5
4839	7
4840	8
4841	3
4842	9
4843	7
4844	9
4845	1
4846	8
4847	8
4848	6
4849	2
4850	4
4851	9
4852	6
4853	7
4854	7
4855	6
4856	9
4857	4
4858	5
4859	6
4860	7
4861	4
4862	6
4863	4
4864	5
4865	10
4866	4
4867	3
4868	5
4869	2
4870	4
4871	6
4872	7
4873	4
4874	2
4875	2
4876	2
4877	3
4878	4
4879	4
4880	7
4881	5
4882	5
4883	4
4884	8
4885	4
4886	3
4887	4
4888	6
4889	3
4890	4
4891	8
4892	9
4893	4
4894	2
4895	6
4896	5
4897	4
4898	3
4899	7
4900	5
4901	9
4902	4
4903	7
4904	14
4905	9
4906	3
4907	3
4908	3
4909	5
4910	11
4911	4
4912	2
4913	5
4914	3
4915	7
4916	10
4917	9
4918	4
4919	10
4920	6
4921	4
4922	3
4923	5
4924	10
4925	4
4926	4
4927	7
4928	6
4929	5
4930	5
4931	10
4932	7
4933	4
4934	4
4935	6
4936	5
4937	6
4938	3
4939	3
4940	6
4941	9
4942	4
4943	5
4944	12
4945	7
4946	0
4947	6
4948	6
4949	6
4950	4
4951	4
4952	6
4953	4
4954	6
4955	4
4956	4
4957	5
4958	7
4959	8
4960	5
4961	4
4962	4
4963	6
4964	0
4965	7
4966	8
4967	4
4968	2
4969	8
4970	8
4971	12
4972	6
4973	4
4974	10
4975	1
4976	4
4977	5
4978	3
4979	6
4980	2
4981	7
4982	9
4983	8
4984	5
4985	8
4986	7
4987	5
4988	4
4989	5
4990	7
4991	5
4992	5
4993	7
4994	9
4995	6
4996	5
4997	4
4998	11
4999	9
5000	4
5001	5
5002	5
5003	6
5004	5
5005	2
5006	8
5007	5
5008	7
5009	5
5010	3
5011	10
5012	5
5013	6
5014	4
5015	4
5016	3
5017	4
5018	9
5019	4
5020	7
5021	10
5022	2
5023	7
5024	3
5025	6
5026	7
5027	9
5028	4
5029	6
5030	5
5031	4
5032	4
5033	8
5034	2
5035	3
5036	11
5037	8
5038	6
5039	11
5040	8
5041	8
5042	9
5043	6
5044	6
5045	0
5046	3
5047	3
5048	10
5049	6
5050	4
5051	3
5052	3
5053	4
5054	8
5055	7
5056	5
5057	3
5058	3
5059	4
5060	10
5061	5
5062	3
5063	4
5064	8
5065	10
5066	3
5067	6
5068	9
5069	4
5070	9
5071	7
5072	4
5073	3
5074	6
5075	3
5076	6
5077	7
5078	4
5079	8
5080	4
5081	6
5082	6
5083	8
5084	8
5085	8
5086	6
5087	9
5088	5
5089	6
5090	3
5091	6
5092	6
5093	4
5094	3
5095	4
5096	6
5097	5
5098	2
5099	10
5100	8
5101	7
5102	7
5103	5
5104	5
5105	2
5106	4
5107	7
5108	6
5109	6
5110	2
5111	5
5112	6
5113	11
5114	4
5115	2
5116	9
5117	3
5118	11
5119	7
5120	6
5121	3
5122	5
5123	5
5124	9
5125	7
5126	4
5127	11
5128	11
5129	4
5130	8
5131	8
5132	3
5133	5
5134	7
5135	5
5136	5
5137	6
5138	8
5139	4
5140	6
5141	3
5142	5
5143	5
5144	4
5145	7
5146	4
5147	6
5148	7
5149	5
5150	3
5151	4
5152	4
5153	9
5154	9
5155	8
5156	6
5157	6
5158	11
5159	9
5160	5
5161	6
5162	6
5163	8
5164	2
5165	5
5166	6
5167	2
5168	8
5169	5
5170	8
5171	3
5172	5
5173	3
5174	3
5175	8
5176	5
5177	6
5178	5
5179	6
5180	6
5181	3
5182	7
5183	6
5184	8
5185	5
5186	6
5187	7
5188	8
5189	9
5190	3
5191	7
5192	3
5193	6
5194	4
5195	10
5196	6
5197	5
5198	5
5199	4
5200	2
5201	6
5202	3
5203	4
5204	6
5205	6
5206	6
5207	7
5208	3
5209	6
5210	5
5211	6
5212	6
5213	10
5214	5
5215	8
5216	12
5217	7
5218	10
5219	8
5220	14
5221	4
5222	10
5223	2
5224	6
5225	6
5226	5
5227	6
5228	3
5229	4
5230	4
5231	3
5232	9
5233	7
5234	3
5235	6
5236	7
5237	4
5238	8
5239	7
5240	2
5241	3
5242	5
5243	7
5244	7
5245	3
5246	5
5247	9
5248	1
5249	7
5250	5
5251	6
5252	3
5253	7
5254	6
5255	6
5256	8
5257	6
5258	6
5259	6
5260	2
5261	6
5262	5
5263	4
5264	2
5265	4
5266	6
5267	2
5268	5
5269	7
5270	8
5271	5
5272	5
5273	8
5274	3
5275	6
5276	4
5277	3
5278	7
5279	1
5280	7
5281	3
5282	7
5283	3
5284	4
5285	8
5286	6
5287	6
5288	3
5289	10
5290	9
5291	8
5292	9
5293	7
5294	4
5295	3
5296	4
5297	6
5298	4
5299	6
5300	4
5301	5
5302	4
5303	6
5304	8
5305	7
5306	5
5307	6
5308	5
5309	7
5310	6
5311	3
5312	7
5313	6
5314	9
5315	8
5316	5
5317	7
5318	7
5319	3
5320	5
5321	3
5322	6
5323	8
5324	6
5325	5
5326	6
5327	6
5328	6
5329	7
5330	9
5331	4
5332	6
5333	4
5334	8
5335	4
5336	6
5337	2
5338	7
5339	4
5340	8
5341	3
5342	3
5343	3
5344	2
5345	7
5346	7
5347	2
5348	7
5349	4
5350	11
5351	8
5352	10
5353	5
5354	8
5355	5
5356	6
5357	4
5358	14
5359	3
5360	8
5361	5
5362	6
5363	7
5364	3
5365	7
5366	7
5367	3
5368	6
5369	9
5370	2
5371	0
5372	6
5373	6
5374	4
5375	3
5376	5
5377	5
5378	4
5379	9
5380	7
5381	2
5382	11
5383	8
5384	6
5385	7
5386	8
5387	7
5388	7
5389	5
5390	3
5391	4
5392	9
5393	6
5394	6
5395	9
5396	3
5397	4
5398	5
5399	6
5400	3
5401	11
5402	6
5403	5
5404	2
5405	8
5406	3
5407	5
5408	5
5409	7
5410	3
5411	6
5412	13
5413	5
5414	4
5415	6
5416	5
5417	5
5418	2
5419	7
5420	5
5421	6
5422	4
5423	6
5424	7
5425	5
5426	6
5427	5
5428	6
5429	3
5430	5
5431	5
5432	6
5433	3
5434	3
5435	11
5436	6
5437	7
5438	3
5439	4
5440	6
5441	5
5442	8
5443	8
5444	5
5445	4
5446	5
5447	5
5448	9
5449	9
5450	2
5451	5
5452	5
5453	4
5454	6
5455	5
5456	4
5457	13
5458	5
5459	4
5460	7
5461	8
5462	5
5463	5
5464	5
5465	9
5466	7
5467	8
5468	3
5469	6
5470	5
5471	5
5472	5
5473	5
5474	8
5475	5
5476	8
5477	9
5478	3
5479	4
5480	4
5481	3
5482	8
5483	3
5484	7
5485	5
5486	6
5487	2
5488	11
5489	3
5490	5
5491	5
5492	7
5493	4
5494	7
5495	5
5496	5
5497	3
5498	10
5499	5
5500	10
5501	3
5502	4
5503	8
5504	10
5505	5
5506	3
5507	7
5508	1
5509	3
5510	8
5511	4
5512	11
5513	5
5514	7
5515	5
5516	2
5517	2
5518	6
5519	7
5520	2
5521	9
5522	3
5523	6
5524	7
5525	9
5526	4
5527	3
5528	5
5529	2
5530	1
5531	4
5532	8
5533	8
5534	7
5535	4
5536	9
5537	6
5538	6
5539	1
5540	5
5541	5
5542	4
5543	7
5544	4
5545	8
5546	3
5547	4
5548	5
5549	5
5550	10
5551	6
5552	2
5553	4
5554	3
5555	7
5556	2
5557	8
5558	4
5559	1
5560	7
5561	8
5562	5
5563	2
5564	4
5565	7
5566	3
5567	8
5568	7
5569	9
5570	8
5571	7
5572	2
5573	6
5574	5
5575	3
5576	4
5577	3
5578	5
5579	4
5580	3
5581	5
5582	2
5583	4
5584	5
5585	7
5586	5
5587	8
5588	2
5589	1
5590	5
5591	4
5592	7
5593	2
5594	6
5595	2
5596	2
5597	7
5598	10
5599	9
5600	4
5601	8
5602	6
5603	3
5604	4
5605	5
5606	9
5607	3
5608	4
5609	9
5610	3
5611	7
5612	4
5613	9
5614	5
5615	8
5616	4
5617	4
5618	3
5619	9
5620	8
5621	5
5622	8
5623	6
5624	9
5625	5
5626	9
5627	6
5628	4
5629	3
5630	5
5631	4
5632	11
5633	3
5634	2
5635	3
5636	1
5637	3
5638	11
5639	7
5640	5
5641	10
5642	7
5643	4
5644	3
5645	7
5646	5
5647	4
5648	6
5649	6
5650	6
5651	4
5652	12
5653	3
5654	4
5655	6
5656	5
5657	7
5658	9
5659	6
5660	5
5661	5
5662	4
5663	8
5664	6
5665	3
5666	6
5667	7
5668	7
5669	7
5670	10
5671	8
5672	5
5673	5
5674	6
5675	4
5676	5
5677	9
5678	4
5679	8
5680	3
5681	5
5682	6
5683	2
5684	6
5685	3
5686	8
5687	4
5688	4
5689	5
5690	11
5691	6
5692	6
5693	5
5694	4
5695	9
5696	5
5697	6
5698	5
5699	3
5700	2
5701	6
5702	0
5703	9
5704	5
5705	6
5706	3
5707	7
5708	8
5709	4
5710	3
5711	8
5712	7
5713	7
5714	6
5715	7
5716	8
5717	6
5718	12
5719	3
5720	6
5721	4
5722	6
5723	3
5724	9
5725	6
5726	7
5727	4
5728	6
5729	3
5730	10
5731	5
5732	5
5733	5
5734	5
5735	10
5736	8
5737	5
5738	9
5739	7
5740	5
5741	6
5742	4
5743	6
5744	8
5745	6
5746	5
5747	6
5748	8
5749	7
5750	7
5751	3
5752	4
5753	8
5754	3
5755	4
5756	5
5757	7
5758	8
5759	9
5760	5
5761	4
5762	6
5763	2
5764	2
5765	7
5766	8
5767	6
5768	5
5769	10
5770	8
5771	7
5772	8
5773	3
5774	2
5775	10
5776	8
5777	10
5778	6
5779	6
5780	7
5781	4
5782	6
5783	7
5784	9
5785	5
5786	4
5787	6
5788	5
5789	10
5790	8
5791	10
5792	5
5793	4
5794	7
5795	6
5796	8
5797	3
5798	8
5799	2
5800	7
5801	2
5802	7
5803	2
5804	8
5805	4
5806	6
5807	5
5808	7
5809	6
5810	8
5811	2
5812	5
5813	3
5814	6
5815	4
5816	7
5817	2
5818	4
5819	1
5820	5
5821	6
5822	3
5823	11
5824	4
5825	5
5826	4
5827	9
5828	3
5829	7
5830	10
5831	2
5832	4
5833	7
5834	7
5835	3
5836	3
5837	6
5838	10
5839	6
5840	0
5841	6
5842	7
5843	6
5844	5
5845	7
5846	9
5847	3
5848	4
5849	2
5850	4
5851	9
5852	10
5853	3
5854	2
5855	3
5856	8
5857	9
5858	7
5859	4
5860	6
5861	4
5862	9
5863	10
5864	5
5865	7
5866	4
5867	5
5868	9
5869	7
5870	5
5871	4
5872	6
5873	4
5874	5
5875	4
5876	5
5877	10
5878	7
5879	7
5880	3
5881	5
5882	6
5883	5
5884	5
5885	5
5886	5
5887	5
5888	8
5889	4
5890	7
5891	3
5892	6
5893	6
5894	7
5895	2
5896	5
5897	13
5898	11
5899	18
5900	7
5901	2
5902	4
5903	6
5904	11
5905	10
5906	4
5907	8
5908	7
5909	5
5910	5
5911	6
5912	8
5913	9
5914	3
5915	6
5916	11
5917	4
5918	4
5919	7
5920	7
5921	12
5922	8
5923	4
5924	7
5925	4
5926	3
5927	1
5928	1
5929	6
5930	10
5931	5
5932	6
5933	6
5934	9
5935	8
5936	4
5937	8
5938	9
5939	4
5940	4
5941	8
5942	7
5943	4
5944	4
5945	5
5946	9
5947	7
5948	5
5949	6
5950	4
5951	8
5952	7
5953	6
5954	7
5955	8
5956	5
5957	4
5958	10
5959	6
5960	8
5961	8
5962	7
5963	4
5964	4
5965	1
5966	7
5967	5
5968	4
5969	1
5970	5
5971	5
5972	5
5973	4
5974	2
5975	5
5976	6
5977	10
5978	4
5979	5
5980	8
5981	6
5982	7
5983	4
5984	8
5985	4
5986	7
5987	1
5988	2
5989	5
5990	4
5991	4
5992	7
5993	4
5994	6
5995	3
5996	9
5997	4
5998	8
5999	5
6000	4
6001	5
6002	4
6003	8
6004	8
6005	4
6006	7
6007	7
6008	6
6009	3
6010	8
6011	6
6012	6
6013	3
6014	4
6015	3
6016	5
6017	6
6018	7
6019	7
6020	6
6021	8
6022	5
6023	6
6024	6
6025	6
6026	8
6027	10
6028	6
6029	4
6030	5
6031	3
6032	3
6033	3
6034	7
6035	5
6036	4
6037	3
6038	7
6039	5
6040	5
6041	3
6042	5
6043	6
6044	5
6045	9
6046	8
6047	4
6048	9
6049	2
6050	5
6051	8
6052	5
6053	9
6054	4
6055	9
6056	7
6057	5
6058	9
6059	8
6060	2
6061	10
6062	6
6063	7
6064	6
6065	6
6066	6
6067	7
6068	5
6069	8
6070	5
6071	5
6072	7
6073	10
6074	9
6075	6
6076	4
6077	11
6078	10
6079	7
6080	7
6081	8
6082	8
6083	7
6084	4
6085	7
6086	7
6087	4
6088	4
6089	8
6090	6
6091	5
6092	6
6093	4
6094	6
6095	5
6096	9
6097	11
6098	5
6099	5
6100	7
6101	3
6102	5
6103	6
6104	4
6105	5
6106	1
6107	5
6108	7
6109	5
6110	9
6111	5
6112	7
6113	11
6114	5
6115	7
6116	4
6117	3
6118	6
6119	10
6120	6
6121	4
6122	6
6123	6
6124	6
6125	5
6126	9
6127	4
6128	10
6129	5
6130	7
6131	9
6132	5
6133	4
6134	4
6135	5
6136	4
6137	6
6138	6
6139	4
6140	8
6141	6
6142	6
6143	2
6144	12
6145	3
6146	3
6147	9
6148	6
6149	6
6150	7
6151	4
6152	6
6153	12
6154	7
6155	8
6156	12
6157	6
6158	4
6159	5
6160	7
6161	4
6162	6
6163	9
6164	3
6165	7
6166	8
6167	10
6168	8
6169	8
6170	5
6171	8
6172	5
6173	9
6174	10
6175	3
6176	7
6177	6
6178	2
6179	5
6180	11
6181	6
6182	8
6183	12
6184	4
6185	13
6186	6
6187	9
6188	9
6189	10
6190	12
6191	3
6192	4
6193	4
6194	8
6195	3
6196	7
6197	6
6198	10
6199	6
6200	4
6201	7
6202	6
6203	5
6204	11
6205	6
6206	6
6207	7
6208	11
6209	5
6210	15
6211	11
6212	8
6213	9
6214	8
6215	6
6216	11
6217	1
6218	10
6219	8
6220	3
6221	11
6222	8
6223	4
6224	8
6225	1
6226	9
6227	8
6228	8
6229	3
6230	8
6231	3
6232	7
6233	6
6234	12
6235	7
6236	2
6237	6
6238	6
6239	12
6240	6
6241	6
6242	9
6243	11
6244	6
6245	12
6246	7
6247	6
6248	3
6249	5
6250	8
6251	10
6252	13
6253	13
6254	9
6255	10
6256	9
6257	4
6258	12
6259	8
6260	13
6261	8
6262	6
6263	4
6264	6
6265	7
6266	4
6267	8
6268	5
6269	6
6270	14
6271	13
6272	13
6273	4
6274	12
6275	3
6276	8
6277	7
6278	5
6279	4
6280	7
6281	9
6282	9
6283	14
6284	4
6285	10
6286	9
6287	5
6288	7
6289	8
6290	7
6291	10
6292	8
6293	2
6294	7
6295	8
6296	6
6297	9
6298	8
6299	11
6300	5
6301	8
6302	14
6303	5
6304	12
6305	7
6306	7
6307	9
6308	8
6309	14
6310	7
6311	11
6312	12
6313	4
6314	8
6315	9
6316	12
6317	11
6318	10
6319	8
6320	8
6321	12
6322	12
6323	4
6324	12
6325	10
6326	8
6327	14
6328	7
6329	8
6330	6
6331	10
6332	8
6333	6
6334	7
6335	11
6336	10
6337	6
6338	4
6339	10
6340	10
6341	6
6342	5
6343	8
6344	9
6345	5
6346	10
6347	13
6348	14
6349	14
6350	10
6351	6
6352	7
6353	8
6354	9
6355	15
6356	8
6357	9
6358	11
6359	14
6360	10
6361	6
6362	7
6363	7
6364	12
6365	6
6366	8
6367	12
6368	8
6369	8
6370	4
6371	7
6372	12
6373	6
6374	9
6375	9
6376	7
6377	10
6378	7
6379	6
6380	13
6381	5
6382	1
6383	7
6384	10
6385	7
6386	8
6387	7
6388	9
6389	6
6390	11
6391	4
6392	5
6393	15
6394	8
6395	6
6396	5
6397	7
6398	9
6399	5
6400	7
6401	15
6402	9
6403	9
6404	8
6405	13
6406	11
6407	7
6408	11
6409	12
6410	11
6411	5
6412	8
6413	10
6414	13
6415	9
6416	13
6417	7
6418	17
6419	8
6420	5
6421	14
6422	12
6423	8
6424	11
6425	7
6426	12
6427	10
6428	12
6429	8
6430	14
6431	10
6432	13
6433	9
6434	8
6435	13
6436	5
6437	8
6438	9
6439	11
6440	7
6441	9
6442	12
6443	7
6444	11
6445	9
6446	10
6447	12
6448	17
6449	9
6450	12
6451	9
6452	11
6453	7
6454	16
6455	8
6456	8
6457	14
6458	7
6459	12
6460	11
6461	6
6462	7
6463	7
6464	8
6465	13
6466	4
6467	4
6468	13
6469	8
6470	10
6471	7
6472	6
6473	8
6474	6
6475	17
6476	11
6477	13
6478	11
6479	10
6480	8
6481	11
6482	13
6483	13
6484	4
6485	11
6486	7
6487	12
6488	11
6489	9
6490	8
6491	8
6492	5
6493	6
6494	11
6495	10
6496	7
6497	6
6498	9
6499	6
6500	11
6501	16
6502	5
6503	9
6504	9
6505	8
6506	8
6507	6
6508	7
6509	10
6510	11
6511	13
6512	11
6513	14
6514	8
6515	12
6516	6
6517	7
6518	13
6519	10
6520	13
6521	13
6522	9
6523	11
6524	8
6525	6
6526	11
6527	9
6528	11
6529	6
6530	12
6531	10
6532	8
6533	11
6534	9
6535	6
6536	11
6537	11
6538	9
6539	6
6540	11
6541	9
6542	10
6543	12
6544	7
6545	18
6546	6
6547	13
6548	10
6549	12
6550	11
6551	8
6552	13
6553	13
6554	8
6555	10
6556	7
6557	7
6558	13
6559	10
6560	6
6561	9
6562	8
6563	9
6564	13
6565	9
6566	9
6567	6
6568	11
6569	14
6570	16
6571	11
6572	10
6573	13
6574	6
6575	7
6576	13
6577	10
6578	9
6579	6
6580	8
6581	9
6582	10
6583	11
6584	14
6585	11
6586	9
6587	4
6588	13
6589	12
6590	9
6591	5
6592	10
6593	14
6594	8
6595	11
6596	13
6597	7
6598	5
6599	4
6600	9
6601	10
6602	4
6603	7
6604	12
6605	6
6606	9
6607	11
6608	12
6609	8
6610	10
6611	7
6612	4
6613	10
6614	10
6615	11
6616	10
6617	5
6618	6
6619	6
6620	12
6621	9
6622	11
6623	12
6624	15
6625	8
6626	8
6627	5
6628	9
6629	5
6630	12
6631	4
6632	12
6633	7
6634	5
6635	10
6636	9
6637	4
6638	11
6639	8
6640	5
6641	9
6642	7
6643	4
6644	8
6645	7
6646	8
6647	9
6648	11
6649	11
6650	12
6651	9
6652	15
6653	11
6654	9
6655	9
6656	12
6657	9
6658	11
6659	9
6660	10
6661	6
6662	9
6663	6
6664	8
6665	7
6666	8
6667	6
6668	10
6669	6
6670	3
6671	8
6672	7
6673	1
6674	5
6675	7
6676	7
6677	11
6678	10
6679	8
6680	9
6681	4
6682	8
6683	11
6684	11
6685	8
6686	9
6687	9
6688	6
6689	11
6690	6
6691	3
6692	4
6693	3
6694	6
6695	8
6696	8
6697	8
6698	11
6699	2
6700	10
6701	7
6702	9
6703	8
6704	4
6705	8
6706	9
6707	6
6708	14
6709	8
6710	7
6711	7
6712	7
6713	6
6714	6
6715	10
6716	7
6717	8
6718	11
6719	5
6720	6
6721	4
6722	6
6723	5
6724	9
6725	5
6726	9
6727	8
6728	4
6729	1
6730	6
6731	6
6732	4
6733	8
6734	7
6735	7
6736	5
6737	5
6738	7
6739	9
6740	10
6741	4
6742	3
6743	7
6744	2
6745	5
6746	6
6747	5
6748	5
6749	4
6750	6
6751	11
6752	4
6753	5
6754	3
6755	9
6756	6
6757	5
6758	8
6759	3
6760	3
6761	5
6762	5
6763	7
6764	2
6765	8
6766	5
6767	2
6768	6
6769	4
6770	3
6771	5
6772	3
6773	4
6774	7
6775	1
6776	6
6777	5
6778	3
6779	3
6780	6
6781	3
6782	6
6783	5
6784	3
6785	4
6786	6
6787	6
6788	4
6789	2
6790	8
6791	3
6792	5
6793	7
6794	5
6795	6
6796	1
6797	4
6798	9
6799	7
6800	8
6801	3
6802	1
6803	4
6804	2
6805	4
6806	5
6807	6
6808	2
6809	2
6810	4
6811	6
6812	5
6813	3
6814	8
6815	5
6816	2
6817	1
6818	3
6819	3
6820	6
6821	7
6822	3
6823	5
6824	4
6825	2
6826	1
6827	2
6828	3
6829	3
6830	2
6831	5
6832	2
6833	3
6834	5
6835	1
6836	6
6837	2
6838	4
6839	2
6840	2
6841	0
6842	1
6843	1
6844	4
6845	1
6846	2
6847	3
6848	5
6849	1
6850	2
6851	5
6852	3
6853	4
6854	3
6855	3
6856	1
6857	3
6858	5
6859	0
6860	2
6861	3
6862	2
6863	2
6864	2
6865	5
6866	4
6867	3
6868	2
6869	2
6870	0
6871	1
6872	5
6873	1
6874	5
6875	3
6876	1
6877	0
6878	1
6879	1
6880	3
6881	2
6882	3
6883	3
6884	2
6885	0
6886	2
6887	0
6888	2
6889	5
6890	2
6891	3
6892	2
6893	5
6894	3
6895	3
6896	2
6897	0
6898	0
6899	2
6900	5
6901	4
6902	1
6903	2
6904	5
6905	1
6906	1
6907	0
6908	1
6909	5
6910	2
6911	1
6912	1
6913	3
6914	1
6915	1
6916	1
6917	1
6918	2
6919	2
6920	0
6921	1
6922	1
6923	4
6924	3
6925	2
6926	1
6927	1
6928	2
6929	4
6930	5
6931	2
6932	1
6933	3
6934	1
6935	2
6936	1
6937	2
6938	0
6939	1
6940	2
6941	3
6942	1
6943	0
6944	0
6945	2
6946	1
6947	1
6948	1
6949	0
6950	1
6951	1
6952	0
6953	0
6954	0
6955	4
6956	2
6957	2
6958	4
6959	1
6960	2
6961	0
6962	2
6963	2
6964	2
6965	0
6966	1
6967	1
6968	1
6969	0
6970	0
6971	1
6972	1
6973	1
6974	2
6975	0
6976	0
6977	1
6978	3
6979	0
6980	1
6981	2
6982	2
6983	2
6984	2
6985	1
6986	3
6987	1
6988	1
6989	0
6990	0
6991	2
6992	2
6993	0
6994	1
6995	0
6996	1
6997	1
6998	1
6999	0
7000	1
7001	2
7002	4
7003	1
7004	2
7005	0
7006	2
7007	0
7008	2
7009	1
7010	0
7011	2
7012	1
7013	1
7014	0
7015	2
7016	1
7017	1
7018	0
7019	1
7020	1
7021	0
7022	0
7023	2
7024	2
7025	4
7026	3
7027	0
7028	1
7029	1
7030	4
7031	0
7032	0
7033	0
7034	2
7035	1
7036	2
7037	0
7038	0
7039	1
7040	1
7041	1
7042	1
7043	1
7044	0
7045	0
7046	3
7047	2
7048	0
7049	2
7050	2
7051	2
7052	0
7053	1
7054	1
7055	0
7056	0
7057	2
7058	1
7059	1
7060	1
7061	1
7062	0
7063	1
7064	0
7065	1
7066	1
7067	1
7068	2
7069	0
7070	0
7071	0
7072	1
7073	1
7074	1
7075	0
7076	1
7077	0
7078	0
7079	1
7080	2
7081	0
7082	0
7083	1
7084	1
7085	0
7086	0
7087	1
7088	1
7089	0
7090	0
7091	1
7092	3
7093	1
7094	1
7095	0
7096	0
7097	0
7098	1
7099	1
7100	2
7101	0
7102	0
7103	0
7104	0
7105	2
7106	1
7107	0
7108	1
7109	1
7110	1
7111	0
7112	0
7113	0
7114	1
7115	1
7116	1
7117	2
7118	0
7119	1
7120	1
7121	0
7122	0
7123	0
7124	1
7125	0
7126	1
7127	0
7128	0
7129	0
7130	1
7131	2
7132	1
7133	0
7134	0
7135	2
7136	0
7137	0
7138	0
7139	0
7140	2
7141	0
7142	0
7143	0
7144	1
7145	0
7146	0
7147	0
7148	1
7149	2
7150	2
7151	1
7152	0
7153	0
7154	0
7155	2
7156	0
7157	1
7158	1
7159	0
7160	0
7161	0
7162	0
7163	0
7164	0
7165	1
7166	0
7167	1
7168	0
7169	2
7170	1
7171	0
7172	1
7173	0
7174	1
7175	0
7176	0
7177	0
7178	0
7179	0
7180	0
7181	1
7182	0
7183	0
7184	0
7185	0
7186	0
7187	1
7188	0
7189	0
7190	0
7191	0
7192	1
7193	0
7194	1
7195	1
7196	0
7197	0
7198	0
7199	0
7200	2
7201	0
7202	2
7203	0
7204	2
7205	0
7206	1
7207	0
7208	0
7209	0
7210	0
7211	1
7212	0
7213	0
7214	0
7215	1
7216	0
7217	1
7218	1
7219	0
7220	0
7221	0
7222	0
7223	0
7224	0
7225	0
7226	0
7227	0
7228	0
7229	0
7230	0
7231	0
7232	0
7233	0
7234	0
7235	0
7236	1
7237	0
7238	1
7239	1
7240	1
7241	1
7242	1
7243	0
7244	0
7245	1
7246	0
7247	0
7248	1
7249	0
7250	0
7251	0
7252	0
7253	0
7254	1
7255	0
7256	1
7257	1
7258	1
7259	0
7260	0
7261	0
7262	0
7263	0
7264	0
7265	1
7266	0
7267	0
7268	1
7269	0
7270	1
7271	0
7272	0
7273	0
7274	0
7275	1
7276	1
7277	2
7278	1
7279	0
7280	0
7281	0
7282	0
7283	0
7284	2
7285	0
7286	0
7287	0
7288	1
7289	1
7290	0
7291	2
7292	0
7293	1
7294	0
7295	0
7296	2
7297	0
7298	1
7299	0
7300	0
7301	1
7302	1
7303	1
7304	0
7305	0
7306	1
7307	1
7308	1
7309	1
7310	0
7311	1
7312	0
7313	0
7314	1
7315	0
7316	1
7317	2
7318	0
7319	1
7320	0
7321	1
7322	0
7323	1
7324	0
7325	0
7326	0
7327	0
7328	1
7329	0
7330	0
7331	1
7332	0
7333	1
7334	0
7335	2
7336	1
7337	0
7338	0
7339	1
7340	0
7341	1
7342	0
7343	1
7344	3
7345	3
7346	0
7347	0
7348	0
7349	0
7350	0
7351	1
7352	0
7353	0
7354	0
7355	1
7356	1
7357	1
7358	1
7359	0
7360	0
7361	0
7362	0
7363	1
7364	0
7365	0
7366	2
7367	1
7368	1
7369	1
7370	0
7371	0
7372	0
7373	0
7374	1
7375	2
7376	2
7377	0
7378	1
7379	0
7380	1
7381	0
7382	0
7383	0
7384	0
7385	0
7386	0
7387	0
7388	1
7389	0
7390	0
7391	0
7392	0
7393	0
7394	1
7395	0
7396	2
7397	2
7398	0
7399	0
7400	1
7401	0
7402	0
7403	0
7404	0
7405	0
7406	4
7407	0
7408	0
7409	0
7410	1
7411	1
7412	1
7413	0
7414	0
7415	0
7416	2
7417	3
7418	0
7419	0
7420	2
7421	0
7422	0
7423	0
7424	0
7425	0
7426	0
7427	2
7428	0
7429	2
7430	0
7431	1
7432	0
7433	0
7434	0
7435	0
7436	0
7437	0
7438	0
7439	1
7440	0
7441	1
7442	1
7443	0
7444	1
7445	1
7446	1
7447	0
7448	1
7449	0
7450	1
7451	0
7452	1
7453	0
7454	2
7455	0
7456	2
7457	0
7458	0
7459	0
7460	0
7461	1
7462	0
7463	1
7464	0
7465	2
7466	1
7467	0
7468	1
7469	1
7470	0
7471	0
7472	2
7473	1
7474	0
7475	1
7476	1
7477	0
7478	1
7479	1
7480	0
7481	0
7482	1
7483	1
7484	0
7485	1
7486	0
7487	0
7488	0
7489	0
7490	1
7491	2
7492	0
7493	0
7494	0
7495	1
7496	0
7497	0
7498	1
7499	0
7500	0
7501	2
7502	0
7503	1
7504	0
7505	1
7506	0
7507	1
7508	1
7509	0
7510	0
7511	0
7512	2
7513	2
7514	0
7515	0
7516	0
7517	1
7518	0
7519	2
7520	0
7521	0
7522	0
7523	1
7524	4
7525	1
7526	0
7527	0
7528	0
7529	0
7530	0
7531	0
7532	0
7533	0
7534	1
7535	0
7536	2
7537	3
7538	2
7539	1
7540	0
7541	2
7542	2
7543	1
7544	1
7545	1
7546	1
7547	0
7548	1
7549	0
7550	0
7551	0
7552	2
7553	0
7554	0
7555	0
7556	0
7557	0
7558	2
7559	1
7560	0
7561	0
7562	0
7563	3
7564	1
7565	0
7566	1
7567	1
7568	1
7569	0
7570	1
7571	1
7572	2
7573	0
7574	0
7575	0
7576	1
7577	0
7578	2
7579	0
7580	2
7581	0
7582	0
7583	0
7584	0
7585	1
7586	2
7587	1
7588	0
7589	0
7590	0
7591	0
7592	0
7593	1
7594	1
7595	2
7596	0
7597	0
7598	0
7599	0
7600	1
7601	1
7602	0
7603	0
7604	0
7605	1
7606	2
7607	1
7608	2
7609	1
7610	0
7611	1
7612	1
7613	2
7614	0
7615	0
7616	0
7617	1
7618	0
7619	1
7620	0
7621	1
7622	0
7623	1
7624	0
7625	2
7626	1
7627	0
7628	1
7629	0
7630	0
7631	1
7632	0
7633	1
7634	0
7635	0
7636	1
7637	0
7638	1
7639	0
7640	0
7641	0
7642	1
7643	2
7644	0
7645	0
7646	0
7647	0
7648	0
7649	0
7650	0
7651	2
7652	1
7653	0
7654	0
7655	2
7656	1
7657	0
7658	0
7659	1
7660	0
7661	0
7662	0
7663	1
7664	1
7665	0
7666	1
7667	0
7668	0
7669	0
7670	0
7671	1
7672	1
7673	0
7674	0
7675	0
7676	0
7677	1
7678	0
7679	0
7680	1
7681	0
7682	1
7683	0
7684	0
7685	0
7686	0
7687	1
7688	1
7689	0
7690	1
7691	0
7692	1
7693	4
7694	1
7695	0
7696	0
7697	0
7698	0
7699	1
7700	0
7701	1
7702	0
7703	0
7704	2
7705	0
7706	2
7707	0
7708	1
7709	1
7710	1
7711	1
7712	1
7713	1
7714	0
7715	0
7716	1
7717	0
7718	0
7719	1
7720	0
7721	0
7722	1
7723	0
7724	0
7725	1
7726	3
7727	0
7728	0
7729	1
7730	1
7731	1
7732	2
7733	1
7734	0
7735	2
7736	0
7737	0
7738	0
7739	1
7740	0
7741	0
7742	0
7743	0
7744	0
7745	1
7746	0
7747	1
7748	0
7749	0
7750	0
7751	1
7752	0
7753	1
7754	1
7755	0
7756	2
7757	0
7758	0
7759	0
7760	0
7761	0
7762	1
7763	1
7764	0
7765	2
7766	0
7767	0
7768	0
7769	0
7770	0
7771	0
7772	1
7773	2
7774	1
7775	3
7776	0
7777	0
7778	0
7779	0
7780	0
7781	0
7782	1
7783	1
7784	0
7785	0
7786	0
7787	1
7788	0
7789	0
7790	0
7791	0
7792	1
7793	0
7794	0
7795	1
7796	0
7797	1
7798	1
7799	0
7800	0
7801	0
7802	0
7803	1
7804	0
7805	0
7806	1
7807	0
7808	1
7809	0
7810	1
7811	0
7812	1
7813	1
7814	1
7815	1
7816	0
7817	0
7818	1
7819	0
7820	0
7821	1
7822	0
7823	1
7824	0
7825	1
7826	0
7827	3
7828	0
7829	2
7830	1
7831	1
7832	2
7833	0
7834	0
7835	3
7836	0
7837	0
7838	0
7839	0
7840	0
7841	0
7842	1
7843	1
7844	2
7845	0
7846	0
7847	1
7848	0
7849	1
7850	0
7851	0
7852	0
7853	0
7854	1
7855	0
7856	1
7857	0
7858	1
7859	1
7860	1
7861	1
7862	0
7863	0
7864	0
7865	0
7866	0
7867	1
7868	2
7869	0
7870	0
7871	0
7872	1
7873	1
7874	2
7875	0
7876	1
7877	1
7878	0
7879	0
7880	0
7881	1
7882	2
7883	0
7884	1
7885	0
7886	1
7887	1
7888	0
7889	0
7890	0
7891	0
7892	0
7893	0
7894	0
7895	0
7896	0
7897	2
7898	0
7899	0
7900	1
7901	0
7902	1
7903	0
7904	0
7905	1
7906	1
7907	2
7908	0
7909	0
7910	2
7911	1
7912	0
7913	0
7914	2
7915	1
7916	1
7917	1
7918	1
7919	0
7920	1
7921	0
7922	0
7923	0
7924	0
7925	0
7926	0
7927	0
7928	0
7929	0
7930	1
7931	1
7932	0
7933	0
7934	1
7935	1
7936	2
7937	0
7938	0
7939	0
7940	0
7941	0
7942	0
7943	0
7944	2
7945	2
7946	0
7947	0
7948	0
7949	1
7950	1
7951	0
7952	0
7953	0
7954	0
7955	0
7956	1
7957	0
7958	0
7959	0
7960	0
7961	1
7962	0
7963	0
7964	1
7965	1
7966	0
7967	0
7968	0
7969	2
7970	2
7971	3
7972	0
7973	1
7974	0
7975	0
7976	0
7977	1
7978	1
7979	0
7980	2
7981	0
7982	0
7983	0
7984	0
7985	2
7986	1
7987	0
7988	1
7989	0
7990	2
7991	0
7992	0
7993	0
7994	0
7995	0
7996	1
7997	0
7998	3
7999	0
8000	0
8001	1
8002	1
8003	0
8004	2
8005	0
8006	0
8007	1
8008	1
8009	0
8010	1
8011	0
8012	2
8013	1
8014	3
8015	0
8016	0
8017	0
8018	1
8019	0
8020	0
8021	0
8022	0
8023	1
8024	0
8025	0
8026	0
8027	0
8028	0
8029	0
8030	0
8031	1
8032	1
8033	0
8034	0
8035	1
8036	0
8037	1
8038	0
8039	0
8040	1
8041	0
8042	0
8043	0
8044	1
8045	0
8046	0
8047	0
8048	1
8049	0
8050	0
8051	1
8052	0
8053	0
8054	0
8055	0
8056	0
8057	0
8058	0
8059	1
8060	0
8061	0
8062	0
8063	0
8064	1
8065	0
8066	0
8067	1
8068	0
8069	1
8070	0
8071	0
8072	0
8073	1
8074	0
8075	0
8076	0
8077	1
8078	0
8079	1
8080	1
8081	0
8082	2
8083	1
8084	0
8085	0
8086	0
8087	0
8088	0
8089	0
8090	0
8091	0
8092	0
8093	0
8094	0
8095	0
8096	0
8097	0
8098	0
8099	0
8100	0
8101	0
8102	0
8103	0
8104	0
8105	0
8106	0
8107	0
8108	0
8109	0
8110	0
8111	0
8112	0
8113	0
8114	0
8115	0
8116	0
8117	0
8118	1
8119	0
8120	0
8121	0
8122	0
8123	0
8124	0
8125	0
8126	0
8127	0
8128	0
8129	0
8130	0
8131	0
8132	0
8133	0
8134	0
8135	0
8136	0
8137	0
8138	0
8139	0
8140	0
8141	0
8142	0
8143	0
8144	0
8145	0
8146	0
8147	0
8148	0
8149	0
8150	0
8151	0
8152	0
8153	0
8154	0
8155	0
8156	0
8157	0
8158	0
8159	0
8160	0
8161	0
8162	0
8163	0
8164	0
8165	0
8166	0
8167	0
8168	0
8169	0
8170	0
8171	0
8172	0
8173	0
8174	0
8175	0
8176	0
8177	0
8178	0
8179	0
8180	0
8181	0
8182	0
8183	0
8184	0
8185	0
8186	0
8187	0
8188	0
8189	0
8190	0
8191	0
