0	46
1	4
2	1
3	3
4	1
5	1
6	3
7	2
8	0
9	6
10	1
11	4
12	4
13	4
14	3
15	5
16	2
17	5
18	4
19	6
20	14
21	12
22	16
23	12
24	12
25	9
26	13
27	11
28	5
29	7
30	4
31	4
32	5
33	1
34	0
35	4
36	5
37	0
38	3
39	0
40	2
41	2
42	2
43	2
44	0
45	6
46	3
47	2
48	8
49	6
50	4
51	7
52	5
53	5
54	3
55	9
56	2
57	4
58	4
59	2
60	1
61	1
62	2
63	1
64	0
65	0
66	1
67	0
68	1
69	0
70	0
71	0
72	0
73	0
74	0
75	0
76	0
77	1
78	0
79	2
80	0
81	0
82	0
83	1
84	1
85	1
86	2
87	11
88	17
89	17
90	15
91	14
92	14
93	11
94	13
95	7
96	10
97	9
98	12
99	8
100	10
101	8
102	7
103	10
104	7
105	3
106	8
107	6
108	4
109	8
110	9
111	5
112	7
113	10
114	7
115	9
116	6
117	12
118	4
119	4
120	7
121	9
122	9
123	8
124	6
125	10
126	6
127	9
128	8
129	10
130	10
131	13
132	6
133	6
134	11
135	10
136	8
137	8
138	8
139	6
140	10
141	9
142	13
143	9
144	2
145	5
146	11
147	5
148	5
149	10
150	11
151	4
152	8
153	11
154	4
155	10
156	5
157	9
158	9
159	12
160	9
161	8
162	9
163	10
164	5
165	9
166	8
167	8
168	10
169	9
170	6
171	6
172	3
173	11
174	8
175	9
176	6
177	7
178	6
179	9
180	14
181	8
182	9
183	6
184	7
185	6
186	7
187	11
188	7
189	9
190	9
191	12
192	11
193	11
194	8
195	7
196	7
197	8
198	10
199	4
200	7
201	9
202	7
203	5
204	10
205	10
206	8
207	10
208	10
209	6
210	8
211	3
212	9
213	8
214	12
215	13
216	13
217	14
218	8
219	4
220	10
221	9
222	10
223	12
224	9
225	7
226	6
227	8
228	5
229	9
230	5
231	7
232	10
233	5
234	6
235	5
236	9
237	8
238	7
239	10
240	10
241	1
242	7
243	13
244	5
245	7
246	13
247	8
248	5
249	5
250	6
251	13
252	6
253	12
254	13
255	10
256	7
257	8
258	6
259	4
260	9
261	11
262	9
263	11
264	10
265	12
266	13
267	3
268	8
269	6
270	11
271	7
272	7
273	10
274	7
275	5
276	11
277	8
278	8
279	13
280	5
281	7
282	6
283	8
284	11
285	14
286	4
287	5
288	9
289	5
290	9
291	7
292	6
293	11
294	7
295	9
296	8
297	9
298	7
299	6
300	4
301	5
302	7
303	11
304	13
305	5
306	10
307	15
308	10
309	8
310	5
311	11
312	9
313	10
314	15
315	10
316	8
317	9
318	9
319	4
320	6
321	6
322	14
323	9
324	13
325	11
326	6
327	6
328	6
329	10
330	11
331	5
332	6
333	13
334	9
335	9
336	14
337	10
338	10
339	10
340	14
341	3
342	9
343	11
344	11
345	6
346	8
347	8
348	6
349	5
350	8
351	8
352	10
353	8
354	6
355	7
356	7
357	12
358	7
359	4
360	9
361	12
362	12
363	8
364	12
365	9
366	3
367	7
368	9
369	5
370	9
371	6
372	9
373	7
374	15
375	14
376	14
377	7
378	6
379	9
380	4
381	9
382	7
383	10
384	13
385	10
386	9
387	4
388	11
389	16
390	9
391	11
392	10
393	10
394	10
395	9
396	8
397	7
398	3
399	6
400	13
401	7
402	8
403	9
404	5
405	14
406	4
407	7
408	9
409	8
410	8
411	9
412	9
413	13
414	8
415	8
416	18
417	7
418	13
419	12
420	5
421	12
422	9
423	5
424	8
425	8
426	8
427	15
428	5
429	4
430	7
431	10
432	6
433	13
434	15
435	8
436	7
437	5
438	13
439	8
440	10
441	10
442	16
443	8
444	5
445	12
446	7
447	8
448	7
449	8
450	8
451	4
452	11
453	15
454	5
455	9
456	9
457	6
458	10
459	11
460	10
461	5
462	9
463	14
464	9
465	6
466	10
467	6
468	15
469	8
470	6
471	12
472	7
473	12
474	8
475	11
476	8
477	14
478	7
479	9
480	10
481	9
482	11
483	13
484	5
485	5
486	9
487	10
488	15
489	7
490	7
491	12
492	10
493	12
494	16
495	10
496	7
497	6
498	10
499	7
500	7
501	5
502	7
503	13
504	19
505	9
506	11
507	13
508	22
509	9
510	11
511	9
512	10
513	11
514	13
515	18
516	11
517	9
518	9
519	7
520	8
521	7
522	12
523	7
524	9
525	5
526	11
527	15
528	7
529	13
530	9
531	10
532	12
533	15
534	10
535	6
536	6
537	14
538	12
539	14
540	9
541	7
542	8
543	7
544	11
545	7
546	14
547	10
548	6
549	7
550	7
551	14
552	10
553	8
554	9
555	6
556	13
557	9
558	12
559	13
560	12
561	4
562	9
563	13
564	10
565	12
566	14
567	7
568	6
569	10
570	6
571	10
572	12
573	10
574	11
575	7
576	8
577	7
578	5
579	11
580	11
581	9
582	6
583	10
584	8
585	9
586	9
587	13
588	10
589	8
590	11
591	10
592	10
593	7
594	8
595	11
596	5
597	13
598	6
599	8
600	15
601	12
602	7
603	8
604	9
605	11
606	6
607	7
608	7
609	15
610	8
611	8
612	8
613	15
614	0
615	6
616	10
617	12
618	10
619	8
620	7
621	12
622	10
623	7
624	11
625	8
626	14
627	9
628	12
629	13
630	8
631	8
632	14
633	14
634	8
635	6
636	9
637	9
638	9
639	6
640	8
641	9
642	12
643	10
644	13
645	4
646	12
647	7
648	9
649	12
650	10
651	14
652	18
653	16
654	11
655	7
656	10
657	7
658	15
659	13
660	10
661	11
662	12
663	11
664	7
665	11
666	12
667	9
668	10
669	8
670	7
671	11
672	11
673	8
674	11
675	12
676	15
677	8
678	14
679	9
680	14
681	12
682	12
683	9
684	8
685	10
686	15
687	12
688	9
689	6
690	5
691	10
692	10
693	9
694	10
695	10
696	11
697	8
698	13
699	10
700	13
701	9
702	16
703	14
704	8
705	12
706	7
707	10
708	8
709	14
710	11
711	8
712	11
713	15
714	14
715	15
716	13
717	12
718	19
719	13
720	9
721	13
722	18
723	14
724	21
725	10
726	13
727	14
728	8
729	15
730	14
731	15
732	14
733	15
734	15
735	14
736	14
737	19
738	9
739	8
740	10
741	30
742	10
743	13
744	13
745	14
746	16
747	9
748	15
749	9
750	14
751	11
752	13
753	14
754	17
755	7
756	13
757	19
758	20
759	17
760	10
761	11
762	16
763	11
764	9
765	10
766	13
767	13
768	14
769	12
770	11
771	20
772	14
773	7
774	13
775	13
776	18
777	16
778	18
779	16
780	13
781	15
782	18
783	20
784	16
785	17
786	16
787	18
788	20
789	13
790	20
791	26
792	20
793	18
794	14
795	11
796	13
797	24
798	14
799	8
800	21
801	15
802	10
803	17
804	18
805	16
806	23
807	16
808	24
809	17
810	12
811	22
812	13
813	24
814	15
815	15
816	20
817	16
818	16
819	18
820	19
821	15
822	19
823	8
824	19
825	13
826	17
827	15
828	18
829	30
830	24
831	10
832	29
833	23
834	18
835	15
836	11
837	19
838	19
839	18
840	20
841	21
842	14
843	14
844	19
845	13
846	26
847	19
848	16
849	13
850	19
851	12
852	24
853	15
854	22
855	19
856	17
857	15
858	31
859	11
860	29
861	20
862	17
863	25
864	29
865	17
866	23
867	10
868	20
869	29
870	14
871	17
872	7
873	18
874	16
875	19
876	18
877	22
878	18
879	20
880	23
881	19
882	10
883	17
884	14
885	11
886	17
887	12
888	17
889	14
890	17
891	15
892	11
893	14
894	16
895	12
896	18
897	9
898	20
899	20
900	14
901	10
902	16
903	26
904	14
905	11
906	13
907	8
908	20
909	9
910	18
911	17
912	21
913	20
914	16
915	14
916	18
917	6
918	21
919	13
920	16
921	10
922	16
923	18
924	14
925	12
926	19
927	16
928	16
929	15
930	14
931	17
932	11
933	20
934	17
935	15
936	17
937	12
938	12
939	21
940	11
941	19
942	16
943	15
944	25
945	15
946	16
947	10
948	9
949	16
950	12
951	13
952	6
953	15
954	12
955	8
956	17
957	17
958	12
959	16
960	18
961	23
962	9
963	9
964	13
965	15
966	22
967	14
968	19
969	17
970	13
971	13
972	18
973	20
974	8
975	14
976	12
977	13
978	13
979	7
980	16
981	13
982	15
983	19
984	12
985	19
986	15
987	19
988	11
989	15
990	13
991	12
992	15
993	11
994	17
995	23
996	13
997	17
998	12
999	15
1000	21
1001	12
1002	15
1003	7
1004	12
1005	13
1006	13
1007	17
1008	17
1009	14
1010	12
1011	11
1012	13
1013	14
1014	22
1015	8
1016	14
1017	8
1018	12
1019	15
1020	13
1021	8
1022	10
1023	6
1024	19
1025	9
1026	10
1027	14
1028	7
1029	23
1030	11
1031	22
1032	19
1033	12
1034	14
1035	8
1036	11
1037	11
1038	17
1039	13
1040	10
1041	12
1042	15
1043	14
1044	17
1045	15
1046	13
1047	12
1048	14
1049	17
1050	17
1051	13
1052	14
1053	15
1054	15
1055	13
1056	11
1057	21
1058	7
1059	8
1060	11
1061	12
1062	14
1063	20
1064	17
1065	14
1066	15
1067	12
1068	13
1069	8
1070	14
1071	16
1072	18
1073	15
1074	11
1075	12
1076	13
1077	19
1078	10
1079	12
1080	13
1081	20
1082	11
1083	17
1084	10
1085	16
1086	18
1087	15
1088	11
1089	7
1090	12
1091	11
1092	20
1093	13
1094	15
1095	16
1096	14
1097	16
1098	7
1099	16
1100	14
1101	15
1102	9
1103	8
1104	13
1105	16
1106	12
1107	19
1108	12
1109	22
1110	16
1111	23
1112	16
1113	13
1114	11
1115	13
1116	18
1117	15
1118	14
1119	14
1120	19
1121	11
1122	13
1123	23
1124	18
1125	16
1126	13
1127	14
1128	16
1129	8
1130	11
1131	21
1132	21
1133	15
1134	14
1135	16
1136	23
1137	14
1138	21
1139	15
1140	12
1141	17
1142	11
1143	7
1144	21
1145	17
1146	16
1147	15
1148	20
1149	17
1150	21
1151	13
1152	14
1153	23
1154	9
1155	5
1156	14
1157	15
1158	13
1159	9
1160	19
1161	17
1162	9
1163	11
1164	12
1165	18
1166	12
1167	18
1168	12
1169	16
1170	23
1171	23
1172	16
1173	22
1174	17
1175	10
1176	19
1177	15
1178	12
1179	12
1180	23
1181	16
1182	14
1183	13
1184	13
1185	17
1186	16
1187	11
1188	16
1189	13
1190	18
1191	19
1192	15
1193	12
1194	15
1195	15
1196	13
1197	18
1198	13
1199	18
1200	21
1201	16
1202	17
1203	20
1204	16
1205	20
1206	12
1207	23
1208	7
1209	8
1210	18
1211	14
1212	15
1213	17
1214	16
1215	17
1216	11
1217	19
1218	21
1219	19
1220	18
1221	18
1222	15
1223	13
1224	7
1225	16
1226	19
1227	19
1228	22
1229	10
1230	15
1231	22
1232	13
1233	14
1234	19
1235	21
1236	17
1237	18
1238	22
1239	17
1240	18
1241	19
1242	23
1243	10
1244	20
1245	19
1246	18
1247	17
1248	10
1249	16
1250	20
1251	19
1252	18
1253	17
1254	20
1255	12
1256	10
1257	18
1258	17
1259	19
1260	13
1261	7
1262	18
1263	13
1264	12
1265	16
1266	14
1267	14
1268	17
1269	11
1270	21
1271	19
1272	15
1273	20
1274	17
1275	17
1276	13
1277	14
1278	13
1279	10
1280	20
1281	19
1282	16
1283	17
1284	21
1285	10
1286	12
1287	21
1288	16
1289	13
1290	15
1291	12
1292	10
1293	23
1294	16
1295	15
1296	22
1297	21
1298	12
1299	25
1300	25
1301	14
1302	13
1303	19
1304	13
1305	19
1306	14
1307	14
1308	14
1309	14
1310	20
1311	19
1312	11
1313	18
1314	14
1315	14
1316	16
1317	16
1318	24
1319	25
1320	17
1321	11
1322	15
1323	23
1324	18
1325	23
1326	23
1327	21
1328	21
1329	19
1330	17
1331	21
1332	15
1333	19
1334	12
1335	23
1336	19
1337	18
1338	17
1339	15
1340	27
1341	15
1342	14
1343	12
1344	19
1345	25
1346	21
1347	11
1348	16
1349	20
1350	18
1351	21
1352	28
1353	14
1354	20
1355	10
1356	21
1357	18
1358	16
1359	20
1360	24
1361	16
1362	12
1363	17
1364	18
1365	16
1366	17
1367	24
1368	27
1369	20
1370	17
1371	19
1372	25
1373	21
1374	17
1375	18
1376	18
1377	16
1378	26
1379	27
1380	15
1381	18
1382	16
1383	11
1384	16
1385	18
1386	20
1387	12
1388	21
1389	15
1390	15
1391	23
1392	29
1393	18
1394	14
1395	17
1396	21
1397	15
1398	21
1399	29
1400	21
1401	17
1402	22
1403	21
1404	25
1405	23
1406	20
1407	18
1408	21
1409	16
1410	23
1411	15
1412	22
1413	16
1414	15
1415	19
1416	22
1417	16
1418	13
1419	18
1420	26
1421	8
1422	24
1423	17
1424	18
1425	24
1426	23
1427	19
1428	22
1429	17
1430	23
1431	21
1432	20
1433	22
1434	16
1435	22
1436	12
1437	23
1438	15
1439	15
1440	13
1441	15
1442	13
1443	18
1444	17
1445	14
1446	23
1447	25
1448	23
1449	27
1450	25
1451	20
1452	12
1453	25
1454	25
1455	13
1456	15
1457	25
1458	24
1459	29
1460	13
1461	20
1462	16
1463	18
1464	19
1465	17
1466	22
1467	20
1468	23
1469	21
1470	31
1471	18
1472	20
1473	22
1474	19
1475	17
1476	17
1477	16
1478	21
1479	15
1480	25
1481	20
1482	25
1483	29
1484	17
1485	19
1486	22
1487	18
1488	14
1489	18
1490	23
1491	17
1492	26
1493	18
1494	18
1495	26
1496	20
1497	28
1498	16
1499	22
1500	17
1501	19
1502	17
1503	10
1504	16
1505	12
1506	16
1507	30
1508	27
1509	22
1510	30
1511	21
1512	24
1513	26
1514	20
1515	23
1516	28
1517	16
1518	22
1519	27
1520	16
1521	18
1522	21
1523	22
1524	19
1525	22
1526	24
1527	22
1528	20
1529	20
1530	26
1531	11
1532	22
1533	13
1534	18
1535	27
1536	30
1537	21
1538	19
1539	14
1540	14
1541	19
1542	21
1543	20
1544	22
1545	25
1546	23
1547	19
1548	28
1549	16
1550	20
1551	30
1552	21
1553	23
1554	21
1555	16
1556	27
1557	24
1558	25
1559	22
1560	18
1561	27
1562	27
1563	19
1564	23
1565	28
1566	27
1567	18
1568	26
1569	19
1570	16
1571	27
1572	16
1573	24
1574	24
1575	25
1576	13
1577	20
1578	23
1579	19
1580	38
1581	23
1582	26
1583	24
1584	23
1585	17
1586	18
1587	16
1588	17
1589	26
1590	17
1591	17
1592	16
1593	21
1594	17
1595	21
1596	15
1597	20
1598	16
1599	28
1600	19
1601	20
1602	26
1603	19
1604	17
1605	21
1606	15
1607	28
1608	21
1609	19
1610	17
1611	21
1612	17
1613	24
1614	21
1615	17
1616	21
1617	16
1618	23
1619	21
1620	18
1621	27
1622	30
1623	20
1624	23
1625	17
1626	22
1627	25
1628	15
1629	20
1630	15
1631	30
1632	22
1633	25
1634	18
1635	26
1636	17
1637	31
1638	18
1639	23
1640	13
1641	22
1642	25
1643	24
1644	21
1645	25
1646	18
1647	23
1648	26
1649	16
1650	17
1651	22
1652	20
1653	18
1654	16
1655	23
1656	26
1657	23
1658	22
1659	19
1660	23
1661	24
1662	31
1663	19
1664	24
1665	21
1666	21
1667	19
1668	29
1669	30
1670	19
1671	24
1672	15
1673	13
1674	23
1675	25
1676	18
1677	15
1678	19
1679	20
1680	22
1681	17
1682	23
1683	19
1684	11
1685	18
1686	21
1687	18
1688	23
1689	17
1690	18
1691	24
1692	13
1693	30
1694	16
1695	19
1696	24
1697	31
1698	24
1699	32
1700	20
1701	19
1702	31
1703	29
1704	13
1705	22
1706	20
1707	20
1708	28
1709	21
1710	19
1711	18
1712	23
1713	27
1714	27
1715	22
1716	31
1717	21
1718	26
1719	25
1720	22
1721	19
1722	26
1723	26
1724	25
1725	19
1726	24
1727	17
1728	21
1729	14
1730	22
1731	23
1732	24
1733	19
1734	24
1735	21
1736	18
1737	22
1738	27
1739	21
1740	28
1741	23
1742	29
1743	20
1744	23
1745	22
1746	16
1747	28
1748	24
1749	28
1750	17
1751	21
1752	25
1753	27
1754	28
1755	10
1756	15
1757	12
1758	19
1759	22
1760	21
1761	22
1762	15
1763	20
1764	14
1765	19
1766	24
1767	20
1768	32
1769	23
1770	16
1771	18
1772	23
1773	22
1774	23
1775	32
1776	31
1777	26
1778	23
1779	22
1780	23
1781	18
1782	18
1783	19
1784	21
1785	24
1786	22
1787	16
1788	20
1789	24
1790	20
1791	16
1792	17
1793	22
1794	22
1795	25
1796	20
1797	28
1798	22
1799	22
1800	21
1801	26
1802	15
1803	31
1804	31
1805	18
1806	26
1807	23
1808	34
1809	21
1810	18
1811	20
1812	23
1813	17
1814	19
1815	32
1816	25
1817	17
1818	31
1819	25
1820	24
1821	20
1822	28
1823	28
1824	23
1825	26
1826	26
1827	27
1828	27
1829	26
1830	26
1831	18
1832	19
1833	22
1834	30
1835	25
1836	21
1837	32
1838	22
1839	21
1840	24
1841	24
1842	19
1843	19
1844	10
1845	23
1846	17
1847	20
1848	26
1849	25
1850	17
1851	21
1852	20
1853	27
1854	15
1855	26
1856	25
1857	32
1858	21
1859	17
1860	24
1861	23
1862	30
1863	12
1864	17
1865	24
1866	26
1867	24
1868	17
1869	30
1870	26
1871	17
1872	22
1873	34
1874	22
1875	25
1876	32
1877	32
1878	22
1879	26
1880	26
1881	22
1882	24
1883	25
1884	26
1885	17
1886	20
1887	22
1888	26
1889	20
1890	25
1891	14
1892	30
1893	27
1894	11
1895	24
1896	15
1897	24
1898	19
1899	21
1900	17
1901	25
1902	21
1903	22
1904	24
1905	23
1906	22
1907	21
1908	24
1909	34
1910	27
1911	20
1912	26
1913	21
1914	21
1915	24
1916	27
1917	20
1918	38
1919	23
1920	21
1921	23
1922	18
1923	19
1924	25
1925	19
1926	26
1927	24
1928	29
1929	37
1930	29
1931	22
1932	31
1933	20
1934	20
1935	19
1936	23
1937	25
1938	29
1939	20
1940	26
1941	32
1942	24
1943	33
1944	26
1945	20
1946	17
1947	22
1948	19
1949	27
1950	18
1951	27
1952	23
1953	28
1954	26
1955	23
1956	15
1957	26
1958	29
1959	25
1960	26
1961	21
1962	25
1963	29
1964	24
1965	27
1966	15
1967	33
1968	31
1969	26
1970	25
1971	19
1972	24
1973	29
1974	17
1975	28
1976	22
1977	21
1978	29
1979	20
1980	29
1981	33
1982	28
1983	26
1984	21
1985	36
1986	25
1987	36
1988	29
1989	27
1990	26
1991	25
1992	25
1993	28
1994	21
1995	24
1996	31
1997	28
1998	22
1999	21
2000	23
2001	24
2002	28
2003	16
2004	29
2005	23
2006	27
2007	15
2008	21
2009	18
2010	21
2011	27
2012	20
2013	22
2014	24
2015	22
2016	26
2017	29
2018	19
2019	23
2020	20
2021	21
2022	22
2023	20
2024	23
2025	22
2026	29
2027	24
2028	39
2029	28
2030	33
2031	31
2032	25
2033	38
2034	31
2035	24
2036	27
2037	18
2038	24
2039	21
2040	23
2041	27
2042	25
2043	26
2044	21
2045	23
2046	16
2047	29
2048	27
2049	28
2050	32
2051	27
2052	22
2053	30
2054	28
2055	25
2056	19
2057	18
2058	26
2059	29
2060	26
2061	33
2062	28
2063	26
2064	29
2065	28
2066	30
2067	15
2068	22
2069	22
2070	22
2071	24
2072	20
2073	19
2074	16
2075	26
2076	24
2077	25
2078	32
2079	26
2080	27
2081	27
2082	18
2083	22
2084	32
2085	25
2086	34
2087	23
2088	19
2089	15
2090	26
2091	31
2092	28
2093	25
2094	28
2095	27
2096	22
2097	31
2098	37
2099	33
2100	37
2101	24
2102	15
2103	25
2104	23
2105	22
2106	28
2107	25
2108	34
2109	20
2110	20
2111	24
2112	15
2113	22
2114	22
2115	35
2116	23
2117	29
2118	26
2119	26
2120	27
2121	29
2122	28
2123	33
2124	28
2125	27
2126	21
2127	20
2128	27
2129	23
2130	23
2131	25
2132	22
2133	25
2134	20
2135	24
2136	18
2137	20
2138	32
2139	22
2140	28
2141	34
2142	21
2143	25
2144	23
2145	29
2146	30
2147	20
2148	24
2149	34
2150	30
2151	31
2152	28
2153	23
2154	34
2155	19
2156	21
2157	21
2158	31
2159	24
2160	24
2161	35
2162	31
2163	19
2164	33
2165	29
2166	23
2167	28
2168	26
2169	26
2170	23
2171	20
2172	21
2173	25
2174	29
2175	28
2176	28
2177	29
2178	20
2179	37
2180	21
2181	23
2182	30
2183	29
2184	25
2185	20
2186	28
2187	24
2188	29
2189	21
2190	36
2191	31
2192	20
2193	22
2194	27
2195	26
2196	30
2197	28
2198	27
2199	16
2200	24
2201	18
2202	36
2203	24
2204	24
2205	26
2206	31
2207	36
2208	34
2209	29
2210	35
2211	28
2212	26
2213	32
2214	20
2215	23
2216	23
2217	32
2218	22
2219	24
2220	26
2221	32
2222	25
2223	27
2224	22
2225	27
2226	20
2227	26
2228	30
2229	32
2230	16
2231	33
2232	29
2233	36
2234	23
2235	28
2236	30
2237	24
2238	25
2239	33
2240	31
2241	29
2242	22
2243	17
2244	27
2245	23
2246	17
2247	26
2248	29
2249	33
2250	40
2251	20
2252	29
2253	21
2254	24
2255	23
2256	20
2257	34
2258	27
2259	19
2260	20
2261	18
2262	27
2263	26
2264	12
2265	32
2266	32
2267	24
2268	25
2269	29
2270	18
2271	29
2272	21
2273	33
2274	29
2275	25
2276	35
2277	21
2278	20
2279	35
2280	26
2281	25
2282	32
2283	19
2284	25
2285	24
2286	23
2287	34
2288	26
2289	19
2290	23
2291	18
2292	24
2293	33
2294	20
2295	33
2296	25
2297	24
2298	22
2299	31
2300	26
2301	23
2302	25
2303	16
2304	17
2305	23
2306	28
2307	25
2308	26
2309	21
2310	36
2311	18
2312	30
2313	32
2314	22
2315	31
2316	17
2317	29
2318	40
2319	27
2320	27
2321	25
2322	13
2323	23
2324	24
2325	21
2326	22
2327	23
2328	27
2329	21
2330	26
2331	26
2332	14
2333	27
2334	20
2335	28
2336	26
2337	17
2338	24
2339	29
2340	18
2341	19
2342	22
2343	24
2344	18
2345	22
2346	24
2347	24
2348	24
2349	22
2350	25
2351	25
2352	22
2353	25
2354	21
2355	26
2356	27
2357	24
2358	21
2359	18
2360	21
2361	21
2362	23
2363	22
2364	26
2365	19
2366	24
2367	17
2368	19
2369	14
2370	22
2371	21
2372	16
2373	18
2374	22
2375	25
2376	19
2377	37
2378	30
2379	28
2380	29
2381	21
2382	10
2383	21
2384	33
2385	33
2386	25
2387	13
2388	24
2389	25
2390	20
2391	13
2392	24
2393	29
2394	24
2395	27
2396	15
2397	21
2398	19
2399	18
2400	19
2401	29
2402	16
2403	12
2404	20
2405	18
2406	15
2407	16
2408	16
2409	22
2410	17
2411	20
2412	24
2413	11
2414	24
2415	22
2416	17
2417	25
2418	26
2419	28
2420	20
2421	21
2422	19
2423	16
2424	16
2425	21
2426	28
2427	18
2428	22
2429	17
2430	25
2431	22
2432	27
2433	12
2434	16
2435	25
2436	21
2437	24
2438	21
2439	22
2440	13
2441	21
2442	21
2443	28
2444	18
2445	20
2446	13
2447	23
2448	19
2449	22
2450	26
2451	29
2452	13
2453	19
2454	17
2455	16
2456	23
2457	11
2458	19
2459	23
2460	27
2461	19
2462	11
2463	19
2464	30
2465	15
2466	21
2467	17
2468	15
2469	12
2470	15
2471	17
2472	16
2473	17
2474	14
2475	23
2476	29
2477	11
2478	16
2479	8
2480	20
2481	18
2482	11
2483	13
2484	22
2485	17
2486	15
2487	17
2488	10
2489	17
2490	19
2491	12
2492	19
2493	18
2494	17
2495	18
2496	17
2497	25
2498	7
2499	13
2500	22
2501	20
2502	15
2503	20
2504	18
2505	24
2506	13
2507	13
2508	16
2509	21
2510	17
2511	29
2512	25
2513	12
2514	24
2515	12
2516	12
2517	13
2518	35
2519	14
2520	20
2521	15
2522	20
2523	21
2524	13
2525	16
2526	22
2527	16
2528	21
2529	20
2530	21
2531	19
2532	17
2533	18
2534	21
2535	18
2536	14
2537	13
2538	20
2539	16
2540	22
2541	17
2542	13
2543	13
2544	16
2545	13
2546	21
2547	30
2548	16
2549	9
2550	7
2551	18
2552	18
2553	15
2554	19
2555	20
2556	17
2557	20
2558	14
2559	21
2560	20
2561	20
2562	24
2563	16
2564	27
2565	21
2566	23
2567	33
2568	23
2569	23
2570	24
2571	20
2572	23
2573	16
2574	24
2575	12
2576	16
2577	15
2578	18
2579	15
2580	19
2581	25
2582	23
2583	18
2584	16
2585	17
2586	20
2587	16
2588	14
2589	20
2590	16
2591	16
2592	18
2593	20
2594	18
2595	11
2596	18
2597	20
2598	25
2599	12
2600	16
2601	17
2602	11
2603	22
2604	21
2605	19
2606	19
2607	15
2608	11
2609	16
2610	10
2611	17
2612	21
2613	17
2614	22
2615	12
2616	11
2617	14
2618	12
2619	19
2620	17
2621	16
2622	11
2623	14
2624	18
2625	7
2626	17
2627	22
2628	24
2629	9
2630	14
2631	13
2632	20
2633	19
2634	10
2635	13
2636	7
2637	22
2638	19
2639	15
2640	15
2641	16
2642	13
2643	15
2644	12
2645	18
2646	16
2647	18
2648	12
2649	16
2650	16
2651	10
2652	14
2653	15
2654	16
2655	15
2656	11
2657	13
2658	15
2659	14
2660	15
2661	19
2662	10
2663	15
2664	16
2665	19
2666	17
2667	10
2668	22
2669	22
2670	12
2671	20
2672	16
2673	13
2674	24
2675	21
2676	18
2677	11
2678	21
2679	10
2680	23
2681	16
2682	14
2683	18
2684	16
2685	18
2686	11
2687	13
2688	16
2689	23
2690	11
2691	13
2692	17
2693	23
2694	11
2695	12
2696	13
2697	13
2698	17
2699	13
2700	21
2701	13
2702	14
2703	20
2704	16
2705	17
2706	13
2707	18
2708	24
2709	16
2710	15
2711	13
2712	16
2713	15
2714	14
2715	10
2716	18
2717	16
2718	17
2719	15
2720	12
2721	16
2722	18
2723	15
2724	12
2725	18
2726	13
2727	11
2728	17
2729	15
2730	17
2731	14
2732	22
2733	14
2734	21
2735	16
2736	25
2737	12
2738	13
2739	16
2740	19
2741	16
2742	23
2743	20
2744	20
2745	12
2746	16
2747	12
2748	11
2749	14
2750	17
2751	15
2752	15
2753	15
2754	14
2755	18
2756	17
2757	17
2758	19
2759	16
2760	19
2761	19
2762	20
2763	14
2764	14
2765	13
2766	10
2767	20
2768	20
2769	12
2770	9
2771	21
2772	15
2773	15
2774	20
2775	27
2776	17
2777	13
2778	18
2779	16
2780	16
2781	18
2782	15
2783	17
2784	14
2785	17
2786	10
2787	18
2788	20
2789	15
2790	14
2791	14
2792	14
2793	22
2794	18
2795	15
2796	10
2797	14
2798	16
2799	17
2800	19
2801	18
2802	21
2803	12
2804	15
2805	11
2806	16
2807	9
2808	12
2809	18
2810	17
2811	17
2812	13
2813	15
2814	16
2815	20
2816	21
2817	15
2818	21
2819	23
2820	26
2821	21
2822	18
2823	18
2824	13
2825	9
2826	16
2827	15
2828	17
2829	18
2830	15
2831	18
2832	17
2833	18
2834	10
2835	7
2836	13
2837	14
2838	18
2839	15
2840	19
2841	27
2842	11
2843	13
2844	18
2845	18
2846	20
2847	25
2848	21
2849	20
2850	21
2851	22
2852	17
2853	19
2854	12
2855	21
2856	15
2857	18
2858	15
2859	11
2860	10
2861	24
2862	10
2863	13
2864	19
2865	16
2866	17
2867	13
2868	16
2869	11
2870	19
2871	20
2872	13
2873	14
2874	20
2875	12
2876	14
2877	20
2878	23
2879	15
2880	15
2881	17
2882	16
2883	24
2884	16
2885	19
2886	13
2887	16
2888	18
2889	15
2890	17
2891	13
2892	25
2893	22
2894	19
2895	17
2896	14
2897	26
2898	14
2899	21
2900	16
2901	11
2902	14
2903	18
2904	20
2905	7
2906	20
2907	17
2908	20
2909	19
2910	19
2911	24
2912	22
2913	21
2914	18
2915	16
2916	16
2917	26
2918	11
2919	14
2920	21
2921	16
2922	19
2923	16
2924	11
2925	34
2926	16
2927	15
2928	22
2929	17
2930	19
2931	18
2932	22
2933	24
2934	20
2935	14
2936	18
2937	19
2938	24
2939	12
2940	20
2941	10
2942	17
2943	20
2944	14
2945	17
2946	12
2947	25
2948	14
2949	14
2950	25
2951	23
2952	15
2953	18
2954	19
2955	20
2956	23
2957	15
2958	12
2959	12
2960	15
2961	19
2962	21
2963	23
2964	20
2965	18
2966	22
2967	17
2968	18
2969	19
2970	22
2971	25
2972	18
2973	17
2974	17
2975	19
2976	18
2977	19
2978	18
2979	19
2980	20
2981	15
2982	17
2983	19
2984	21
2985	12
2986	15
2987	18
2988	16
2989	23
2990	26
2991	10
2992	30
2993	16
2994	20
2995	21
2996	23
2997	19
2998	17
2999	20
3000	19
3001	22
3002	23
3003	22
3004	19
3005	14
3006	21
3007	15
3008	15
3009	15
3010	16
3011	19
3012	17
3013	22
3014	21
3015	20
3016	29
3017	13
3018	26
3019	20
3020	11
3021	21
3022	13
3023	18
3024	17
3025	25
3026	23
3027	21
3028	27
3029	20
3030	22
3031	24
3032	21
3033	30
3034	9
3035	25
3036	19
3037	26
3038	29
3039	25
3040	25
3041	34
3042	18
3043	23
3044	21
3045	25
3046	17
3047	18
3048	28
3049	28
3050	23
3051	22
3052	21
3053	23
3054	17
3055	31
3056	20
3057	25
3058	19
3059	18
3060	22
3061	22
3062	19
3063	26
3064	24
3065	20
3066	15
3067	19
3068	18
3069	23
3070	20
3071	25
3072	19
3073	19
3074	19
3075	30
3076	17
3077	21
3078	19
3079	35
3080	23
3081	21
3082	20
3083	18
3084	19
3085	23
3086	18
3087	16
3088	35
3089	25
3090	25
3091	24
3092	26
3093	28
3094	25
3095	25
3096	27
3097	31
3098	23
3099	23
3100	17
3101	23
3102	19
3103	34
3104	33
3105	28
3106	20
3107	19
3108	29
3109	22
3110	22
3111	26
3112	24
3113	23
3114	24
3115	22
3116	35
3117	20
3118	16
3119	21
3120	21
3121	17
3122	28
3123	17
3124	11
3125	25
3126	15
3127	24
3128	19
3129	27
3130	24
3131	16
3132	23
3133	22
3134	16
3135	20
3136	24
3137	12
3138	23
3139	39
3140	25
3141	36
3142	18
3143	25
3144	20
3145	21
3146	24
3147	27
3148	30
3149	25
3150	18
3151	25
3152	25
3153	28
3154	18
3155	26
3156	26
3157	25
3158	34
3159	28
3160	25
3161	17
3162	17
3163	24
3164	27
3165	27
3166	30
3167	21
3168	14
3169	21
3170	19
3171	19
3172	32
3173	21
3174	32
3175	28
3176	31
3177	22
3178	23
3179	24
3180	30
3181	33
3182	30
3183	30
3184	22
3185	17
3186	23
3187	31
3188	23
3189	24
3190	20
3191	25
3192	24
3193	26
3194	24
3195	29
3196	23
3197	29
3198	29
3199	26
3200	13
3201	20
3202	35
3203	26
3204	25
3205	27
3206	16
3207	18
3208	19
3209	18
3210	25
3211	24
3212	22
3213	27
3214	26
3215	26
3216	26
3217	26
3218	25
3219	22
3220	27
3221	32
3222	24
3223	18
3224	25
3225	25
3226	24
3227	21
3228	28
3229	27
3230	31
3231	19
3232	29
3233	23
3234	25
3235	19
3236	22
3237	23
3238	26
3239	27
3240	23
3241	25
3242	30
3243	28
3244	21
3245	29
3246	28
3247	27
3248	22
3249	21
3250	37
3251	39
3252	25
3253	27
3254	27
3255	21
3256	28
3257	20
3258	21
3259	25
3260	11
3261	22
3262	25
3263	26
3264	26
3265	21
3266	20
3267	26
3268	32
3269	25
3270	23
3271	23
3272	28
3273	18
3274	16
3275	25
3276	30
3277	21
3278	20
3279	24
3280	32
3281	33
3282	27
3283	18
3284	27
3285	29
3286	17
3287	26
3288	17
3289	27
3290	25
3291	21
3292	23
3293	30
3294	20
3295	22
3296	32
3297	29
3298	28
3299	23
3300	25
3301	19
3302	17
3303	22
3304	21
3305	24
3306	18
3307	27
3308	23
3309	23
3310	26
3311	25
3312	33
3313	27
3314	29
3315	15
3316	22
3317	26
3318	16
3319	23
3320	20
3321	21
3322	16
3323	17
3324	19
3325	23
3326	24
3327	23
3328	32
3329	28
3330	30
3331	28
3332	32
3333	28
3334	30
3335	18
3336	28
3337	22
3338	28
3339	16
3340	18
3341	30
3342	15
3343	24
3344	27
3345	23
3346	23
3347	31
3348	24
3349	15
3350	24
3351	31
3352	34
3353	18
3354	26
3355	22
3356	28
3357	13
3358	25
3359	25
3360	23
3361	29
3362	24
3363	16
3364	23
3365	21
3366	17
3367	19
3368	26
3369	18
3370	24
3371	16
3372	21
3373	20
3374	23
3375	23
3376	23
3377	18
3378	17
3379	25
3380	23
3381	24
3382	22
3383	19
3384	22
3385	20
3386	27
3387	25
3388	21
3389	17
3390	25
3391	29
3392	22
3393	19
3394	23
3395	15
3396	16
3397	17
3398	16
3399	22
3400	19
3401	18
3402	17
3403	19
3404	14
3405	25
3406	23
3407	21
3408	23
3409	13
3410	27
3411	11
3412	25
3413	21
3414	21
3415	22
3416	23
3417	23
3418	15
3419	21
3420	21
3421	19
3422	18
3423	12
3424	19
3425	24
3426	24
3427	18
3428	12
3429	17
3430	13
3431	21
3432	21
3433	19
3434	14
3435	20
3436	18
3437	18
3438	23
3439	21
3440	14
3441	24
3442	24
3443	17
3444	24
3445	23
3446	16
3447	20
3448	18
3449	23
3450	30
3451	18
3452	24
3453	14
3454	36
3455	20
3456	24
3457	13
3458	15
3459	25
3460	13
3461	27
3462	18
3463	24
3464	18
3465	23
3466	23
3467	24
3468	24
3469	24
3470	19
3471	20
3472	16
3473	16
3474	17
3475	15
3476	17
3477	23
3478	21
3479	22
3480	12
3481	18
3482	14
3483	18
3484	20
3485	15
3486	25
3487	17
3488	17
3489	20
3490	9
3491	20
3492	13
3493	20
3494	17
3495	16
3496	14
3497	10
3498	26
3499	18
3500	20
3501	15
3502	19
3503	14
3504	14
3505	17
3506	11
3507	19
3508	18
3509	7
3510	12
3511	22
3512	16
3513	16
3514	15
3515	18
3516	18
3517	12
3518	16
3519	12
3520	14
3521	17
3522	20
3523	12
3524	18
3525	18
3526	15
3527	13
3528	19
3529	12
3530	12
3531	16
3532	13
3533	23
3534	12
3535	12
3536	19
3537	15
3538	16
3539	23
3540	15
3541	10
3542	11
3543	15
3544	24
3545	15
3546	15
3547	19
3548	17
3549	10
3550	15
3551	8
3552	14
3553	16
3554	13
3555	15
3556	14
3557	11
3558	11
3559	16
3560	19
3561	17
3562	17
3563	16
3564	22
3565	24
3566	16
3567	12
3568	18
3569	11
3570	18
3571	14
3572	14
3573	17
3574	15
3575	10
3576	16
3577	19
3578	12
3579	23
3580	19
3581	10
3582	11
3583	14
3584	13
3585	19
3586	16
3587	13
3588	18
3589	12
3590	17
3591	17
3592	18
3593	14
3594	13
3595	12
3596	9
3597	19
3598	14
3599	11
3600	9
3601	17
3602	15
3603	18
3604	11
3605	13
3606	19
3607	15
3608	15
3609	9
3610	11
3611	17
3612	11
3613	12
3614	17
3615	10
3616	13
3617	19
3618	10
3619	18
3620	16
3621	12
3622	9
3623	3
3624	10
3625	16
3626	12
3627	21
3628	14
3629	8
3630	12
3631	14
3632	13
3633	15
3634	10
3635	14
3636	11
3637	16
3638	14
3639	12
3640	14
3641	12
3642	12
3643	9
3644	20
3645	10
3646	10
3647	7
3648	6
3649	13
3650	21
3651	17
3652	11
3653	10
3654	16
3655	13
3656	12
3657	10
3658	16
3659	9
3660	14
3661	9
3662	9
3663	12
3664	6
3665	12
3666	13
3667	12
3668	8
3669	18
3670	10
3671	10
3672	10
3673	11
3674	11
3675	7
3676	6
3677	14
3678	15
3679	8
3680	9
3681	15
3682	6
3683	16
3684	10
3685	12
3686	10
3687	5
3688	13
3689	12
3690	12
3691	15
3692	12
3693	11
3694	9
3695	10
3696	13
3697	17
3698	11
3699	5
3700	14
3701	9
3702	11
3703	20
3704	14
3705	10
3706	10
3707	14
3708	14
3709	9
3710	7
3711	10
3712	15
3713	9
3714	8
3715	10
3716	11
3717	6
3718	8
3719	10
3720	8
3721	10
3722	15
3723	11
3724	12
3725	11
3726	11
3727	14
3728	6
3729	15
3730	13
3731	8
3732	8
3733	5
3734	15
3735	10
3736	10
3737	13
3738	15
3739	10
3740	13
3741	6
3742	9
3743	3
3744	9
3745	15
3746	5
3747	18
3748	5
3749	10
3750	7
3751	13
3752	17
3753	9
3754	14
3755	13
3756	14
3757	11
3758	8
3759	10
3760	10
3761	10
3762	11
3763	11
3764	6
3765	7
3766	11
3767	7
3768	11
3769	8
3770	8
3771	15
3772	8
3773	11
3774	10
3775	6
3776	5
3777	13
3778	9
3779	7
3780	11
3781	11
3782	12
3783	7
3784	11
3785	7
3786	10
3787	10
3788	9
3789	7
3790	9
3791	12
3792	11
3793	10
3794	8
3795	11
3796	7
3797	10
3798	6
3799	8
3800	10
3801	8
3802	7
3803	5
3804	15
3805	14
3806	9
3807	6
3808	7
3809	7
3810	11
3811	7
3812	13
3813	7
3814	4
3815	14
3816	6
3817	12
3818	13
3819	8
3820	11
3821	10
3822	8
3823	7
3824	9
3825	12
3826	6
3827	10
3828	8
3829	7
3830	7
3831	11
3832	15
3833	10
3834	13
3835	5
3836	11
3837	8
3838	10
3839	11
3840	9
3841	9
3842	7
3843	9
3844	8
3845	14
3846	8
3847	12
3848	10
3849	10
3850	10
3851	15
3852	11
3853	9
3854	3
3855	6
3856	6
3857	14
3858	4
3859	10
3860	17
3861	11
3862	10
3863	11
3864	10
3865	7
3866	13
3867	8
3868	13
3869	10
3870	6
3871	5
3872	12
3873	9
3874	7
3875	11
3876	7
3877	8
3878	7
3879	10
3880	6
3881	9
3882	8
3883	10
3884	8
3885	5
3886	6
3887	10
3888	13
3889	11
3890	7
3891	5
3892	7
3893	8
3894	8
3895	13
3896	11
3897	4
3898	6
3899	10
3900	11
3901	3
3902	9
3903	9
3904	2
3905	8
3906	9
3907	11
3908	10
3909	10
3910	5
3911	17
3912	6
3913	17
3914	7
3915	5
3916	14
3917	9
3918	10
3919	8
3920	14
3921	5
3922	9
3923	8
3924	10
3925	8
3926	12
3927	12
3928	10
3929	10
3930	7
3931	8
3932	11
3933	8
3934	8
3935	15
3936	10
3937	8
3938	10
3939	12
3940	10
3941	9
3942	13
3943	9
3944	10
3945	14
3946	10
3947	7
3948	8
3949	7
3950	8
3951	8
3952	10
3953	11
3954	5
3955	7
3956	6
3957	5
3958	11
3959	5
3960	7
3961	9
3962	10
3963	12
3964	8
3965	10
3966	11
3967	6
3968	7
3969	10
3970	10
3971	7
3972	12
3973	4
3974	10
3975	9
3976	11
3977	13
3978	10
3979	7
3980	10
3981	9
3982	9
3983	6
3984	8
3985	14
3986	9
3987	12
3988	10
3989	5
3990	5
3991	6
3992	6
3993	14
3994	11
3995	12
3996	6
3997	5
3998	8
3999	18
4000	10
4001	5
4002	12
4003	18
4004	10
4005	11
4006	16
4007	5
4008	4
4009	8
4010	7
4011	9
4012	9
4013	11
4014	13
4015	9
4016	10
4017	5
4018	13
4019	15
4020	15
4021	13
4022	10
4023	12
4024	11
4025	8
4026	9
4027	7
4028	14
4029	13
4030	4
4031	14
4032	13
4033	8
4034	12
4035	11
4036	7
4037	9
4038	11
4039	6
4040	7
4041	6
4042	6
4043	11
4044	9
4045	5
4046	7
4047	8
4048	7
4049	12
4050	6
4051	6
4052	7
4053	5
4054	4
4055	11
4056	7
4057	5
4058	7
4059	12
4060	7
4061	6
4062	11
4063	8
4064	7
4065	5
4066	8
4067	4
4068	7
4069	10
4070	7
4071	7
4072	6
4073	7
4074	11
4075	9
4076	10
4077	6
4078	8
4079	10
4080	12
4081	9
4082	12
4083	10
4084	8
4085	7
4086	7
4087	9
4088	7
4089	17
4090	5
4091	6
4092	10
4093	4
4094	7
4095	9
4096	9
4097	6
4098	13
4099	8
4100	5
4101	8
4102	9
4103	8
4104	7
4105	5
4106	4
4107	12
4108	11
4109	3
4110	7
4111	6
4112	7
4113	9
4114	12
4115	9
4116	13
4117	5
4118	6
4119	13
4120	7
4121	9
4122	8
4123	9
4124	10
4125	6
4126	12
4127	5
4128	10
4129	13
4130	5
4131	10
4132	13
4133	7
4134	5
4135	8
4136	5
4137	7
4138	11
4139	5
4140	9
4141	11
4142	7
4143	11
4144	11
4145	7
4146	11
4147	11
4148	11
4149	6
4150	7
4151	4
4152	7
4153	8
4154	12
4155	8
4156	9
4157	10
4158	7
4159	11
4160	8
4161	8
4162	4
4163	5
4164	9
4165	8
4166	10
4167	9
4168	8
4169	9
4170	9
4171	12
4172	8
4173	3
4174	3
4175	6
4176	7
4177	8
4178	11
4179	8
4180	7
4181	0
4182	6
4183	9
4184	12
4185	14
4186	5
4187	13
4188	9
4189	6
4190	6
4191	5
4192	12
4193	9
4194	5
4195	5
4196	8
4197	7
4198	6
4199	13
4200	6
4201	8
4202	8
4203	9
4204	6
4205	12
4206	8
4207	8
4208	12
4209	6
4210	5
4211	11
4212	12
4213	8
4214	8
4215	9
4216	7
4217	7
4218	14
4219	12
4220	5
4221	10
4222	3
4223	11
4224	7
4225	7
4226	11
4227	10
4228	7
4229	7
4230	4
4231	10
4232	7
4233	13
4234	12
4235	12
4236	7
4237	5
4238	10
4239	4
4240	12
4241	10
4242	10
4243	6
4244	11
4245	10
4246	13
4247	11
4248	9
4249	9
4250	6
4251	11
4252	6
4253	10
4254	11
4255	6
4256	7
4257	9
4258	8
4259	10
4260	3
4261	11
4262	8
4263	5
4264	11
4265	9
4266	9
4267	9
4268	6
4269	7
4270	5
4271	13
4272	8
4273	9
4274	4
4275	7
4276	7
4277	7
4278	10
4279	11
4280	10
4281	8
4282	11
4283	11
4284	5
4285	9
4286	11
4287	14
4288	11
4289	12
4290	8
4291	5
4292	7
4293	8
4294	8
4295	9
4296	9
4297	4
4298	9
4299	7
4300	10
4301	16
4302	6
4303	8
4304	5
4305	7
4306	7
4307	10
4308	14
4309	6
4310	9
4311	10
4312	5
4313	2
4314	7
4315	4
4316	8
4317	3
4318	9
4319	6
4320	10
4321	9
4322	9
4323	10
4324	9
4325	9
4326	4
4327	8
4328	14
4329	13
4330	7
4331	12
4332	3
4333	5
4334	8
4335	10
4336	4
4337	7
4338	15
4339	6
4340	11
4341	8
4342	7
4343	6
4344	5
4345	10
4346	8
4347	7
4348	4
4349	11
4350	11
4351	8
4352	8
4353	2
4354	7
4355	6
4356	12
4357	7
4358	5
4359	5
4360	7
4361	9
4362	6
4363	8
4364	8
4365	9
4366	9
4367	8
4368	9
4369	9
4370	2
4371	4
4372	8
4373	8
4374	8
4375	5
4376	9
4377	5
4378	14
4379	15
4380	5
4381	7
4382	5
4383	9
4384	7
4385	12
4386	5
4387	5
4388	7
4389	8
4390	8
4391	6
4392	5
4393	3
4394	7
4395	11
4396	7
4397	8
4398	7
4399	7
4400	6
4401	8
4402	6
4403	8
4404	7
4405	6
4406	10
4407	7
4408	4
4409	5
4410	9
4411	4
4412	10
4413	11
4414	8
4415	12
4416	5
4417	4
4418	8
4419	13
4420	8
4421	6
4422	7
4423	6
4424	7
4425	13
4426	9
4427	5
4428	9
4429	7
4430	4
4431	5
4432	9
4433	5
4434	5
4435	9
4436	8
4437	13
4438	5
4439	6
4440	6
4441	11
4442	9
4443	6
4444	9
4445	8
4446	10
4447	9
4448	9
4449	6
4450	4
4451	3
4452	10
4453	9
4454	7
4455	9
4456	5
4457	10
4458	8
4459	12
4460	8
4461	8
4462	14
4463	4
4464	6
4465	5
4466	4
4467	5
4468	8
4469	10
4470	8
4471	13
4472	8
4473	4
4474	5
4475	7
4476	5
4477	5
4478	11
4479	8
4480	7
4481	5
4482	7
4483	6
4484	3
4485	6
4486	6
4487	10
4488	8
4489	10
4490	9
4491	6
4492	8
4493	8
4494	10
4495	10
4496	6
4497	6
4498	13
4499	7
4500	8
4501	5
4502	7
4503	8
4504	8
4505	9
4506	5
4507	12
4508	4
4509	11
4510	7
4511	6
4512	10
4513	12
4514	12
4515	5
4516	8
4517	9
4518	9
4519	6
4520	2
4521	7
4522	7
4523	4
4524	6
4525	8
4526	8
4527	6
4528	9
4529	11
4530	5
4531	11
4532	8
4533	8
4534	11
4535	8
4536	8
4537	7
4538	9
4539	11
4540	9
4541	10
4542	7
4543	6
4544	5
4545	8
4546	6
4547	5
4548	6
4549	6
4550	9
4551	8
4552	6
4553	3
4554	9
4555	12
4556	6
4557	5
4558	13
4559	6
4560	9
4561	9
4562	7
4563	8
4564	5
4565	11
4566	10
4567	9
4568	6
4569	15
4570	11
4571	10
4572	9
4573	7
4574	3
4575	9
4576	7
4577	11
4578	11
4579	3
4580	5
4581	7
4582	12
4583	4
4584	7
4585	9
4586	8
4587	12
4588	6
4589	10
4590	10
4591	7
4592	4
4593	6
4594	4
4595	10
4596	6
4597	5
4598	5
4599	8
4600	9
4601	8
4602	10
4603	6
4604	9
4605	4
4606	5
4607	5
4608	5
4609	8
4610	6
4611	4
4612	5
4613	8
4614	4
4615	6
4616	6
4617	8
4618	4
4619	5
4620	7
4621	8
4622	5
4623	9
4624	14
4625	7
4626	10
4627	7
4628	9
4629	3
4630	6
4631	8
4632	5
4633	11
4634	8
4635	5
4636	8
4637	7
4638	7
4639	8
4640	6
4641	4
4642	5
4643	7
4644	4
4645	7
4646	4
4647	4
4648	8
4649	11
4650	5
4651	7
4652	5
4653	14
4654	10
4655	6
4656	7
4657	11
4658	7
4659	5
4660	1
4661	6
4662	9
4663	2
4664	5
4665	10
4666	6
4667	9
4668	6
4669	6
4670	11
4671	10
4672	5
4673	5
4674	5
4675	6
4676	8
4677	9
4678	8
4679	5
4680	5
4681	5
4682	7
4683	3
4684	3
4685	9
4686	11
4687	4
4688	9
4689	9
4690	7
4691	7
4692	9
4693	3
4694	8
4695	9
4696	5
4697	2
4698	9
4699	7
4700	4
4701	8
4702	9
4703	8
4704	7
4705	6
4706	9
4707	7
4708	5
4709	8
4710	4
4711	3
4712	6
4713	9
4714	6
4715	6
4716	7
4717	8
4718	6
4719	9
4720	8
4721	5
4722	4
4723	10
4724	5
4725	8
4726	11
4727	8
4728	9
4729	6
4730	9
4731	11
4732	4
4733	5
4734	15
4735	4
4736	7
4737	5
4738	3
4739	5
4740	7
4741	7
4742	8
4743	8
4744	2
4745	9
4746	12
4747	5
4748	5
4749	8
4750	7
4751	5
4752	6
4753	9
4754	8
4755	7
4756	12
4757	5
4758	10
4759	11
4760	3
4761	7
4762	9
4763	6
4764	5
4765	6
4766	10
4767	6
4768	7
4769	8
4770	5
4771	5
4772	4
4773	9
4774	10
4775	6
4776	8
4777	4
4778	10
4779	12
4780	4
4781	7
4782	8
4783	3
4784	3
4785	13
4786	6
4787	8
4788	6
4789	8
4790	15
4791	7
4792	5
4793	5
4794	12
4795	9
4796	10
4797	3
4798	2
4799	13
4800	7
4801	6
4802	8
4803	13
4804	8
4805	5
4806	6
4807	7
4808	8
4809	3
4810	10
4811	7
4812	8
4813	6
4814	8
4815	5
4816	10
4817	10
4818	8
4819	4
4820	6
4821	3
4822	8
4823	7
4824	5
4825	5
4826	5
4827	9
4828	2
4829	3
4830	8
4831	4
4832	2
4833	3
4834	9
4835	3
4836	3
4837	9
4838	10
4839	4
4840	3
4841	6
4842	3
4843	6
4844	8
4845	3
4846	8
4847	6
4848	6
4849	6
4850	11
4851	11
4852	7
4853	8
4854	6
4855	8
4856	5
4857	6
4858	6
4859	6
4860	8
4861	5
4862	6
4863	8
4864	4
4865	5
4866	4
4867	7
4868	7
4869	3
4870	9
4871	10
4872	3
4873	8
4874	5
4875	8
4876	7
4877	5
4878	10
4879	6
4880	6
4881	6
4882	4
4883	9
4884	7
4885	12
4886	3
4887	5
4888	5
4889	5
4890	8
4891	3
4892	6
4893	8
4894	4
4895	8
4896	9
4897	5
4898	17
4899	3
4900	6
4901	6
4902	3
4903	3
4904	8
4905	7
4906	7
4907	4
4908	4
4909	4
4910	7
4911	9
4912	9
4913	5
4914	11
4915	8
4916	8
4917	9
4918	5
4919	11
4920	6
4921	6
4922	7
4923	5
4924	7
4925	4
4926	7
4927	8
4928	9
4929	7
4930	4
4931	3
4932	7
4933	9
4934	6
4935	7
4936	9
4937	8
4938	5
4939	7
4940	8
4941	5
4942	7
4943	6
4944	8
4945	6
4946	4
4947	8
4948	7
4949	7
4950	10
4951	6
4952	6
4953	10
4954	8
4955	6
4956	3
4957	4
4958	6
4959	6
4960	1
4961	5
4962	10
4963	8
4964	7
4965	9
4966	5
4967	9
4968	3
4969	4
4970	10
4971	5
4972	9
4973	6
4974	6
4975	4
4976	7
4977	4
4978	5
4979	5
4980	3
4981	4
4982	12
4983	6
4984	7
4985	8
4986	7
4987	7
4988	4
4989	6
4990	9
4991	6
4992	6
4993	7
4994	9
4995	5
4996	6
4997	6
4998	5
4999	5
5000	9
5001	7
5002	8
5003	6
5004	9
5005	11
5006	10
5007	1
5008	3
5009	7
5010	4
5011	10
5012	5
5013	4
5014	2
5015	10
5016	13
5017	4
5018	5
5019	7
5020	5
5021	7
5022	5
5023	2
5024	9
5025	6
5026	4
5027	5
5028	7
5029	2
5030	5
5031	6
5032	13
5033	2
5034	5
5035	2
5036	5
5037	7
5038	3
5039	14
5040	7
5041	6
5042	4
5043	7
5044	5
5045	4
5046	4
5047	7
5048	4
5049	6
5050	5
5051	6
5052	8
5053	6
5054	4
5055	5
5056	6
5057	5
5058	6
5059	10
5060	6
5061	5
5062	9
5063	11
5064	7
5065	12
5066	11
5067	3
5068	2
5069	5
5070	5
5071	8
5072	9
5073	4
5074	11
5075	9
5076	8
5077	7
5078	10
5079	3
5080	4
5081	10
5082	11
5083	7
5084	4
5085	9
5086	9
5087	8
5088	3
5089	6
5090	7
5091	9
5092	9
5093	9
5094	6
5095	8
5096	6
5097	9
5098	7
5099	8
5100	9
5101	5
5102	6
5103	10
5104	6
5105	8
5106	6
5107	7
5108	8
5109	7
5110	9
5111	3
5112	4
5113	7
5114	9
5115	9
5116	9
5117	5
5118	11
5119	5
5120	5
5121	5
5122	7
5123	6
5124	8
5125	8
5126	6
5127	4
5128	7
5129	6
5130	3
5131	3
5132	6
5133	4
5134	5
5135	7
5136	8
5137	6
5138	3
5139	7
5140	10
5141	7
5142	7
5143	7
5144	8
5145	9
5146	11
5147	7
5148	6
5149	6
5150	3
5151	1
5152	7
5153	4
5154	9
5155	6
5156	4
5157	7
5158	6
5159	8
5160	8
5161	8
5162	5
5163	5
5164	10
5165	6
5166	5
5167	7
5168	4
5169	5
5170	5
5171	6
5172	7
5173	8
5174	14
5175	8
5176	8
5177	4
5178	6
5179	8
5180	5
5181	8
5182	6
5183	4
5184	5
5185	6
5186	7
5187	8
5188	6
5189	4
5190	5
5191	4
5192	6
5193	2
5194	6
5195	6
5196	8
5197	9
5198	3
5199	5
5200	7
5201	8
5202	9
5203	4
5204	10
5205	7
5206	10
5207	5
5208	5
5209	6
5210	4
5211	7
5212	6
5213	4
5214	6
5215	4
5216	9
5217	3
5218	14
5219	10
5220	10
5221	2
5222	4
5223	5
5224	9
5225	6
5226	9
5227	10
5228	9
5229	6
5230	6
5231	9
5232	3
5233	4
5234	6
5235	4
5236	3
5237	6
5238	5
5239	7
5240	6
5241	11
5242	7
5243	6
5244	5
5245	4
5246	8
5247	3
5248	5
5249	5
5250	5
5251	4
5252	9
5253	4
5254	3
5255	6
5256	15
5257	10
5258	6
5259	5
5260	7
5261	9
5262	6
5263	6
5264	7
5265	9
5266	9
5267	5
5268	4
5269	8
5270	12
5271	5
5272	5
5273	5
5274	8
5275	9
5276	8
5277	10
5278	5
5279	9
5280	7
5281	8
5282	4
5283	5
5284	7
5285	2
5286	6
5287	5
5288	6
5289	5
5290	3
5291	6
5292	8
5293	8
5294	4
5295	11
5296	10
5297	8
5298	10
5299	7
5300	6
5301	8
5302	2
5303	11
5304	6
5305	7
5306	4
5307	6
5308	11
5309	4
5310	5
5311	7
5312	2
5313	10
5314	7
5315	12
5316	6
5317	2
5318	4
5319	3
5320	4
5321	3
5322	6
5323	3
5324	6
5325	7
5326	9
5327	11
5328	3
5329	9
5330	8
5331	8
5332	5
5333	5
5334	9
5335	6
5336	7
5337	5
5338	8
5339	5
5340	6
5341	3
5342	9
5343	5
5344	9
5345	2
5346	5
5347	2
5348	6
5349	11
5350	8
5351	2
5352	7
5353	7
5354	6
5355	9
5356	6
5357	6
5358	11
5359	3
5360	6
5361	6
5362	5
5363	2
5364	13
5365	10
5366	11
5367	13
5368	9
5369	6
5370	3
5371	7
5372	3
5373	3
5374	7
5375	7
5376	5
5377	4
5378	9
5379	11
5380	7
5381	9
5382	3
5383	6
5384	4
5385	4
5386	7
5387	6
5388	2
5389	3
5390	4
5391	6
5392	8
5393	8
5394	4
5395	5
5396	7
5397	4
5398	5
5399	8
5400	2
5401	4
5402	8
5403	7
5404	3
5405	6
5406	8
5407	1
5408	6
5409	4
5410	8
5411	3
5412	7
5413	6
5414	4
5415	5
5416	5
5417	6
5418	8
5419	3
5420	6
5421	9
5422	4
5423	5
5424	12
5425	7
5426	5
5427	9
5428	4
5429	5
5430	10
5431	7
5432	12
5433	8
5434	3
5435	3
5436	3
5437	7
5438	7
5439	6
5440	7
5441	6
5442	10
5443	6
5444	8
5445	3
5446	5
5447	2
5448	4
5449	9
5450	9
5451	5
5452	8
5453	5
5454	1
5455	4
5456	10
5457	9
5458	8
5459	6
5460	4
5461	4
5462	6
5463	4
5464	5
5465	8
5466	7
5467	7
5468	6
5469	2
5470	4
5471	3
5472	4
5473	9
5474	7
5475	6
5476	3
5477	13
5478	5
5479	7
5480	5
5481	9
5482	8
5483	6
5484	12
5485	10
5486	5
5487	5
5488	7
5489	8
5490	6
5491	6
5492	6
5493	4
5494	6
5495	5
5496	4
5497	6
5498	7
5499	2
5500	7
5501	5
5502	5
5503	9
5504	9
5505	4
5506	2
5507	7
5508	8
5509	8
5510	3
5511	5
5512	7
5513	8
5514	4
5515	6
5516	5
5517	3
5518	7
5519	8
5520	4
5521	4
5522	9
5523	15
5524	7
5525	2
5526	3
5527	4
5528	10
5529	5
5530	4
5531	5
5532	5
5533	12
5534	6
5535	4
5536	6
5537	4
5538	4
5539	9
5540	6
5541	6
5542	6
5543	8
5544	7
5545	9
5546	4
5547	9
5548	10
5549	5
5550	9
5551	15
5552	6
5553	2
5554	3
5555	6
5556	3
5557	6
5558	7
5559	5
5560	5
5561	5
5562	3
5563	7
5564	5
5565	9
5566	9
5567	8
5568	1
5569	4
5570	6
5571	3
5572	8
5573	7
5574	8
5575	5
5576	6
5577	8
5578	8
5579	5
5580	5
5581	7
5582	6
5583	8
5584	6
5585	10
5586	12
5587	7
5588	5
5589	5
5590	3
5591	4
5592	2
5593	7
5594	8
5595	2
5596	4
5597	2
5598	10
5599	8
5600	12
5601	10
5602	3
5603	11
5604	10
5605	13
5606	6
5607	10
5608	4
5609	4
5610	4
5611	9
5612	9
5613	11
5614	5
5615	4
5616	8
5617	4
5618	8
5619	6
5620	6
5621	8
5622	1
5623	7
5624	4
5625	5
5626	9
5627	5
5628	6
5629	11
5630	1
5631	7
5632	5
5633	6
5634	7
5635	3
5636	6
5637	7
5638	7
5639	11
5640	6
5641	5
5642	14
5643	5
5644	4
5645	6
5646	3
5647	4
5648	8
5649	5
5650	7
5651	6
5652	3
5653	10
5654	9
5655	8
5656	6
5657	8
5658	4
5659	7
5660	4
5661	7
5662	5
5663	3
5664	5
5665	6
5666	5
5667	6
5668	10
5669	6
5670	5
5671	9
5672	7
5673	5
5674	6
5675	5
5676	9
5677	6
5678	3
5679	5
5680	7
5681	6
5682	8
5683	5
5684	6
5685	9
5686	6
5687	4
5688	6
5689	10
5690	2
5691	4
5692	3
5693	8
5694	6
5695	9
5696	7
5697	4
5698	7
5699	6
5700	3
5701	7
5702	8
5703	6
5704	8
5705	5
5706	6
5707	3
5708	6
5709	3
5710	5
5711	4
5712	8
5713	7
5714	7
5715	12
5716	6
5717	5
5718	7
5719	6
5720	10
5721	8
5722	7
5723	5
5724	5
5725	10
5726	6
5727	3
5728	7
5729	6
5730	7
5731	10
5732	8
5733	14
5734	6
5735	6
5736	4
5737	6
5738	3
5739	6
5740	4
5741	5
5742	5
5743	10
5744	8
5745	4
5746	11
5747	4
5748	4
5749	9
5750	6
5751	4
5752	9
5753	4
5754	5
5755	9
5756	5
5757	4
5758	2
5759	6
5760	9
5761	2
5762	9
5763	9
5764	5
5765	9
5766	2
5767	7
5768	7
5769	5
5770	9
5771	7
5772	8
5773	5
5774	6
5775	7
5776	10
5777	6
5778	5
5779	5
5780	5
5781	1
5782	16
5783	2
5784	10
5785	6
5786	8
5787	11
5788	3
5789	6
5790	6
5791	4
5792	9
5793	3
5794	9
5795	8
5796	8
5797	6
5798	6
5799	7
5800	9
5801	6
5802	7
5803	8
5804	7
5805	5
5806	6
5807	4
5808	7
5809	7
5810	9
5811	5
5812	5
5813	11
5814	8
5815	7
5816	7
5817	3
5818	6
5819	5
5820	8
5821	12
5822	4
5823	4
5824	11
5825	6
5826	9
5827	5
5828	7
5829	5
5830	12
5831	6
5832	5
5833	9
5834	12
5835	5
5836	4
5837	9
5838	6
5839	8
5840	3
5841	8
5842	6
5843	10
5844	6
5845	9
5846	5
5847	4
5848	9
5849	7
5850	7
5851	10
5852	7
5853	6
5854	10
5855	7
5856	6
5857	16
5858	6
5859	6
5860	5
5861	2
5862	6
5863	7
5864	6
5865	4
5866	7
5867	6
5868	14
5869	6
5870	8
5871	6
5872	6
5873	7
5874	9
5875	11
5876	1
5877	10
5878	7
5879	7
5880	7
5881	5
5882	5
5883	7
5884	2
5885	9
5886	7
5887	4
5888	3
5889	10
5890	4
5891	11
5892	10
5893	5
5894	4
5895	3
5896	10
5897	5
5898	8
5899	5
5900	8
5901	4
5902	9
5903	5
5904	8
5905	9
5906	7
5907	7
5908	6
5909	6
5910	7
5911	6
5912	7
5913	6
5914	1
5915	9
5916	8
5917	8
5918	8
5919	5
5920	10
5921	3
5922	7
5923	4
5924	8
5925	5
5926	6
5927	13
5928	5
5929	4
5930	8
5931	9
5932	5
5933	7
5934	8
5935	6
5936	9
5937	10
5938	7
5939	2
5940	5
5941	5
5942	6
5943	7
5944	6
5945	6
5946	5
5947	8
5948	10
5949	6
5950	9
5951	8
5952	4
5953	6
5954	4
5955	5
5956	8
5957	9
5958	4
5959	13
5960	7
5961	10
5962	7
5963	5
5964	10
5965	7
5966	4
5967	4
5968	10
5969	9
5970	4
5971	6
5972	9
5973	11
5974	6
5975	12
5976	9
5977	3
5978	2
5979	5
5980	5
5981	3
5982	5
5983	4
5984	9
5985	5
5986	7
5987	4
5988	4
5989	14
5990	8
5991	8
5992	6
5993	7
5994	2
5995	11
5996	9
5997	9
5998	8
5999	8
6000	3
6001	11
6002	5
6003	3
6004	3
6005	12
6006	7
6007	6
6008	8
6009	5
6010	5
6011	6
6012	2
6013	6
6014	11
6015	9
6016	9
6017	8
6018	10
6019	8
6020	2
6021	7
6022	9
6023	8
6024	11
6025	5
6026	4
6027	10
6028	6
6029	7
6030	7
6031	9
6032	7
6033	6
6034	8
6035	6
6036	6
6037	3
6038	9
6039	7
6040	8
6041	5
6042	7
6043	8
6044	6
6045	9
6046	6
6047	6
6048	3
6049	5
6050	4
6051	7
6052	11
6053	11
6054	13
6055	8
6056	7
6057	8
6058	12
6059	9
6060	5
6061	6
6062	11
6063	13
6064	6
6065	6
6066	10
6067	10
6068	2
6069	7
6070	6
6071	8
6072	7
6073	8
6074	5
6075	5
6076	4
6077	5
6078	11
6079	9
6080	12
6081	10
6082	5
6083	5
6084	6
6085	7
6086	7
6087	5
6088	7
6089	8
6090	10
6091	7
6092	3
6093	7
6094	7
6095	10
6096	6
6097	5
6098	7
6099	10
6100	10
6101	8
6102	9
6103	9
6104	4
6105	6
6106	8
6107	8
6108	8
6109	13
6110	7
6111	6
6112	5
6113	9
6114	2
6115	9
6116	9
6117	6
6118	6
6119	5
6120	9
6121	10
6122	6
6123	8
6124	6
6125	9
6126	8
6127	10
6128	6
6129	11
6130	8
6131	6
6132	7
6133	9
6134	11
6135	7
6136	8
6137	10
6138	13
6139	11
6140	7
6141	7
6142	12
6143	8
6144	10
6145	8
6146	8
6147	3
6148	6
6149	7
6150	5
6151	7
6152	8
6153	7
6154	6
6155	4
6156	7
6157	7
6158	8
6159	8
6160	13
6161	8
6162	12
6163	5
6164	13
6165	8
6166	9
6167	11
6168	9
6169	11
6170	6
6171	9
6172	10
6173	6
6174	5
6175	11
6176	7
6177	3
6178	8
6179	4
6180	12
6181	8
6182	9
6183	10
6184	10
6185	12
6186	8
6187	10
6188	5
6189	6
6190	6
6191	6
6192	11
6193	9
6194	5
6195	7
6196	4
6197	8
6198	10
6199	9
6200	8
6201	8
6202	7
6203	7
6204	7
6205	11
6206	8
6207	7
6208	9
6209	12
6210	6
6211	10
6212	7
6213	3
6214	7
6215	12
6216	7
6217	6
6218	11
6219	9
6220	7
6221	9
6222	14
6223	9
6224	10
6225	8
6226	8
6227	9
6228	8
6229	6
6230	6
6231	5
6232	7
6233	10
6234	6
6235	9
6236	6
6237	9
6238	7
6239	6
6240	14
6241	8
6242	5
6243	9
6244	7
6245	10
6246	12
6247	5
6248	9
6249	8
6250	12
6251	7
6252	12
6253	6
6254	7
6255	14
6256	13
6257	7
6258	9
6259	12
6260	11
6261	8
6262	10
6263	8
6264	10
6265	9
6266	8
6267	6
6268	7
6269	9
6270	6
6271	7
6272	10
6273	9
6274	10
6275	7
6276	7
6277	9
6278	12
6279	8
6280	4
6281	8
6282	8
6283	11
6284	9
6285	11
6286	14
6287	6
6288	9
6289	7
6290	11
6291	11
6292	6
6293	9
6294	12
6295	6
6296	6
6297	2
6298	8
6299	8
6300	11
6301	6
6302	11
6303	13
6304	11
6305	14
6306	11
6307	16
6308	6
6309	12
6310	9
6311	8
6312	11
6313	10
6314	3
6315	12
6316	5
6317	16
6318	12
6319	9
6320	10
6321	6
6322	14
6323	7
6324	9
6325	6
6326	8
6327	7
6328	13
6329	6
6330	10
6331	10
6332	7
6333	12
6334	10
6335	10
6336	9
6337	14
6338	5
6339	9
6340	10
6341	10
6342	16
6343	13
6344	10
6345	6
6346	5
6347	7
6348	3
6349	8
6350	6
6351	13
6352	9
6353	13
6354	8
6355	9
6356	13
6357	9
6358	12
6359	13
6360	13
6361	10
6362	8
6363	12
6364	16
6365	14
6366	10
6367	10
6368	13
6369	7
6370	11
6371	13
6372	15
6373	10
6374	14
6375	17
6376	12
6377	9
6378	14
6379	11
6380	16
6381	8
6382	8
6383	13
6384	14
6385	10
6386	11
6387	16
6388	15
6389	11
6390	11
6391	14
6392	13
6393	11
6394	8
6395	9
6396	8
6397	10
6398	13
6399	11
6400	10
6401	19
6402	11
6403	6
6404	8
6405	15
6406	14
6407	7
6408	10
6409	13
6410	13
6411	11
6412	8
6413	11
6414	12
6415	6
6416	13
6417	9
6418	10
6419	11
6420	9
6421	5
6422	9
6423	9
6424	7
6425	11
6426	9
6427	7
6428	16
6429	12
6430	12
6431	10
6432	18
6433	12
6434	15
6435	13
6436	7
6437	9
6438	13
6439	10
6440	9
6441	12
6442	11
6443	10
6444	10
6445	14
6446	11
6447	16
6448	14
6449	18
6450	12
6451	8
6452	16
6453	15
6454	7
6455	14
6456	11
6457	11
6458	16
6459	15
6460	12
6461	17
6462	12
6463	14
6464	14
6465	12
6466	12
6467	15
6468	12
6469	9
6470	9
6471	8
6472	12
6473	15
6474	12
6475	8
6476	14
6477	12
6478	7
6479	15
6480	8
6481	12
6482	9
6483	10
6484	7
6485	19
6486	9
6487	16
6488	14
6489	14
6490	11
6491	5
6492	12
6493	13
6494	12
6495	11
6496	9
6497	9
6498	9
6499	13
6500	13
6501	10
6502	14
6503	11
6504	7
6505	10
6506	13
6507	15
6508	12
6509	16
6510	14
6511	14
6512	15
6513	8
6514	11
6515	20
6516	13
6517	9
6518	6
6519	13
6520	15
6521	10
6522	10
6523	21
6524	10
6525	14
6526	10
6527	9
6528	8
6529	11
6530	12
6531	13
6532	13
6533	11
6534	11
6535	11
6536	13
6537	9
6538	14
6539	13
6540	12
6541	18
6542	6
6543	12
6544	22
6545	13
6546	7
6547	16
6548	15
6549	8
6550	16
6551	14
6552	11
6553	9
6554	15
6555	11
6556	16
6557	7
6558	11
6559	13
6560	14
6561	6
6562	9
6563	11
6564	12
6565	12
6566	11
6567	10
6568	17
6569	8
6570	8
6571	7
6572	7
6573	14
6574	10
6575	14
6576	13
6577	9
6578	16
6579	7
6580	6
6581	7
6582	8
6583	15
6584	14
6585	13
6586	8
6587	11
6588	9
6589	13
6590	9
6591	9
6592	14
6593	17
6594	12
6595	10
6596	6
6597	17
6598	12
6599	16
6600	5
6601	13
6602	10
6603	6
6604	16
6605	10
6606	12
6607	11
6608	11
6609	11
6610	9
6611	10
6612	18
6613	13
6614	10
6615	6
6616	8
6617	9
6618	10
6619	13
6620	12
6621	2
6622	10
6623	14
6624	6
6625	6
6626	14
6627	10
6628	12
6629	9
6630	14
6631	12
6632	8
6633	10
6634	13
6635	6
6636	8
6637	11
6638	15
6639	8
6640	7
6641	7
6642	6
6643	7
6644	4
6645	8
6646	6
6647	9
6648	10
6649	11
6650	8
6651	13
6652	7
6653	7
6654	8
6655	9
6656	7
6657	13
6658	5
6659	13
6660	8
6661	10
6662	8
6663	6
6664	7
6665	8
6666	5
6667	9
6668	11
6669	12
6670	7
6671	15
6672	6
6673	9
6674	6
6675	9
6676	9
6677	11
6678	9
6679	3
6680	7
6681	6
6682	7
6683	8
6684	4
6685	7
6686	9
6687	7
6688	9
6689	4
6690	9
6691	14
6692	5
6693	5
6694	10
6695	4
6696	7
6697	6
6698	8
6699	13
6700	8
6701	5
6702	7
6703	7
6704	9
6705	6
6706	9
6707	9
6708	8
6709	9
6710	10
6711	8
6712	7
6713	6
6714	8
6715	16
6716	9
6717	6
6718	8
6719	11
6720	6
6721	5
6722	7
6723	11
6724	6
6725	8
6726	6
6727	5
6728	10
6729	10
6730	8
6731	4
6732	7
6733	10
6734	7
6735	7
6736	10
6737	4
6738	6
6739	8
6740	15
6741	7
6742	13
6743	8
6744	2
6745	4
6746	7
6747	8
6748	6
6749	10
6750	4
6751	4
6752	6
6753	12
6754	5
6755	6
6756	10
6757	11
6758	8
6759	11
6760	10
6761	6
6762	4
6763	7
6764	4
6765	7
6766	6
6767	4
6768	8
6769	5
6770	4
6771	7
6772	10
6773	4
6774	5
6775	4
6776	3
6777	7
6778	5
6779	2
6780	9
6781	7
6782	7
6783	11
6784	6
6785	5
6786	6
6787	7
6788	4
6789	5
6790	7
6791	8
6792	6
6793	3
6794	1
6795	7
6796	8
6797	4
6798	4
6799	5
6800	5
6801	2
6802	1
6803	9
6804	5
6805	3
6806	6
6807	4
6808	5
6809	3
6810	4
6811	3
6812	4
6813	5
6814	4
6815	2
6816	6
6817	7
6818	3
6819	6
6820	4
6821	4
6822	5
6823	4
6824	11
6825	4
6826	3
6827	7
6828	3
6829	4
6830	3
6831	3
6832	2
6833	4
6834	5
6835	4
6836	4
6837	2
6838	5
6839	5
6840	2
6841	4
6842	2
6843	5
6844	2
6845	5
6846	3
6847	2
6848	1
6849	3
6850	1
6851	4
6852	3
6853	4
6854	3
6855	7
6856	4
6857	2
6858	1
6859	3
6860	3
6861	2
6862	3
6863	3
6864	2
6865	3
6866	2
6867	6
6868	4
6869	1
6870	6
6871	5
6872	1
6873	2
6874	1
6875	3
6876	2
6877	6
6878	7
6879	5
6880	4
6881	2
6882	5
6883	5
6884	3
6885	2
6886	1
6887	1
6888	5
6889	2
6890	1
6891	3
6892	3
6893	3
6894	2
6895	2
6896	1
6897	0
6898	1
6899	0
6900	5
6901	3
6902	1
6903	1
6904	4
6905	1
6906	2
6907	2
6908	3
6909	3
6910	0
6911	1
6912	5
6913	1
6914	2
6915	5
6916	1
6917	2
6918	2
6919	1
6920	2
6921	1
6922	3
6923	3
6924	4
6925	2
6926	1
6927	0
6928	4
6929	1
6930	2
6931	2
6932	2
6933	3
6934	3
6935	1
6936	1
6937	1
6938	1
6939	1
6940	2
6941	3
6942	2
6943	3
6944	2
6945	0
6946	1
6947	1
6948	1
6949	3
6950	1
6951	0
6952	0
6953	2
6954	2
6955	1
6956	2
6957	2
6958	0
6959	1
6960	0
6961	2
6962	0
6963	3
6964	3
6965	2
6966	0
6967	1
6968	2
6969	0
6970	3
6971	0
6972	3
6973	0
6974	0
6975	3
6976	2
6977	2
6978	1
6979	5
6980	0
6981	0
6982	2
6983	0
6984	2
6985	0
6986	1
6987	2
6988	1
6989	1
6990	0
6991	1
6992	0
6993	0
6994	3
6995	1
6996	1
6997	0
6998	3
6999	4
7000	1
7001	3
7002	0
7003	0
7004	3
7005	2
7006	1
7007	0
7008	2
7009	0
7010	1
7011	2
7012	2
7013	1
7014	0
7015	3
7016	0
7017	2
7018	0
7019	1
7020	1
7021	0
7022	0
7023	0
7024	1
7025	0
7026	1
7027	2
7028	2
7029	0
7030	1
7031	5
7032	2
7033	1
7034	1
7035	2
7036	1
7037	1
7038	0
7039	2
7040	2
7041	2
7042	1
7043	1
7044	1
7045	0
7046	0
7047	1
7048	0
7049	0
7050	0
7051	3
7052	0
7053	0
7054	1
7055	0
7056	0
7057	0
7058	1
7059	1
7060	0
7061	2
7062	1
7063	1
7064	0
7065	0
7066	2
7067	3
7068	0
7069	1
7070	3
7071	1
7072	0
7073	1
7074	2
7075	0
7076	0
7077	1
7078	1
7079	1
7080	1
7081	1
7082	2
7083	0
7084	1
7085	1
7086	0
7087	1
7088	0
7089	1
7090	1
7091	2
7092	2
7093	1
7094	1
7095	0
7096	0
7097	0
7098	0
7099	1
7100	1
7101	1
7102	2
7103	2
7104	1
7105	0
7106	0
7107	0
7108	2
7109	1
7110	1
7111	2
7112	0
7113	0
7114	1
7115	0
7116	0
7117	0
7118	0
7119	2
7120	0
7121	0
7122	1
7123	2
7124	2
7125	0
7126	0
7127	1
7128	0
7129	0
7130	0
7131	2
7132	2
7133	0
7134	2
7135	2
7136	2
7137	0
7138	0
7139	0
7140	4
7141	0
7142	0
7143	0
7144	0
7145	1
7146	0
7147	0
7148	1
7149	0
7150	0
7151	0
7152	2
7153	2
7154	2
7155	1
7156	0
7157	0
7158	0
7159	0
7160	2
7161	1
7162	0
7163	1
7164	0
7165	0
7166	0
7167	0
7168	0
7169	0
7170	1
7171	1
7172	0
7173	0
7174	1
7175	0
7176	0
7177	1
7178	0
7179	1
7180	1
7181	1
7182	1
7183	2
7184	0
7185	0
7186	0
7187	1
7188	2
7189	0
7190	1
7191	1
7192	0
7193	0
7194	1
7195	0
7196	1
7197	0
7198	1
7199	1
7200	0
7201	1
7202	1
7203	1
7204	3
7205	0
7206	1
7207	1
7208	1
7209	2
7210	0
7211	0
7212	1
7213	1
7214	2
7215	1
7216	0
7217	0
7218	2
7219	0
7220	1
7221	0
7222	0
7223	2
7224	0
7225	0
7226	2
7227	0
7228	2
7229	1
7230	0
7231	0
7232	0
7233	0
7234	0
7235	1
7236	0
7237	1
7238	0
7239	0
7240	0
7241	1
7242	2
7243	1
7244	0
7245	0
7246	0
7247	0
7248	2
7249	0
7250	2
7251	0
7252	0
7253	2
7254	1
7255	0
7256	1
7257	1
7258	1
7259	1
7260	2
7261	0
7262	0
7263	0
7264	0
7265	1
7266	2
7267	1
7268	0
7269	1
7270	1
7271	0
7272	0
7273	0
7274	0
7275	0
7276	0
7277	1
7278	1
7279	0
7280	0
7281	3
7282	1
7283	0
7284	0
7285	0
7286	0
7287	0
7288	1
7289	0
7290	3
7291	1
7292	0
7293	0
7294	0
7295	1
7296	2
7297	0
7298	1
7299	0
7300	3
7301	1
7302	0
7303	0
7304	0
7305	0
7306	1
7307	0
7308	0
7309	1
7310	2
7311	0
7312	0
7313	0
7314	2
7315	0
7316	1
7317	0
7318	2
7319	0
7320	1
7321	0
7322	0
7323	3
7324	1
7325	1
7326	0
7327	0
7328	1
7329	0
7330	0
7331	0
7332	1
7333	1
7334	0
7335	1
7336	1
7337	0
7338	2
7339	0
7340	0
7341	0
7342	0
7343	1
7344	0
7345	1
7346	1
7347	0
7348	4
7349	0
7350	0
7351	1
7352	0
7353	0
7354	2
7355	0
7356	0
7357	1
7358	0
7359	0
7360	0
7361	0
7362	2
7363	0
7364	2
7365	0
7366	2
7367	0
7368	0
7369	0
7370	1
7371	1
7372	1
7373	1
7374	0
7375	0
7376	5
7377	0
7378	0
7379	1
7380	0
7381	1
7382	0
7383	0
7384	0
7385	1
7386	2
7387	0
7388	2
7389	0
7390	0
7391	1
7392	0
7393	0
7394	0
7395	0
7396	1
7397	2
7398	0
7399	0
7400	1
7401	0
7402	1
7403	0
7404	1
7405	0
7406	1
7407	1
7408	1
7409	1
7410	1
7411	1
7412	1
7413	0
7414	0
7415	1
7416	0
7417	0
7418	0
7419	0
7420	1
7421	2
7422	1
7423	0
7424	0
7425	1
7426	0
7427	0
7428	0
7429	0
7430	0
7431	1
7432	0
7433	1
7434	1
7435	0
7436	0
7437	3
7438	0
7439	0
7440	1
7441	1
7442	1
7443	0
7444	1
7445	0
7446	0
7447	0
7448	0
7449	1
7450	0
7451	0
7452	0
7453	1
7454	1
7455	2
7456	0
7457	0
7458	0
7459	0
7460	0
7461	0
7462	1
7463	0
7464	2
7465	2
7466	1
7467	0
7468	1
7469	1
7470	1
7471	1
7472	0
7473	0
7474	0
7475	2
7476	0
7477	0
7478	0
7479	1
7480	2
7481	0
7482	0
7483	1
7484	0
7485	0
7486	0
7487	0
7488	0
7489	1
7490	0
7491	0
7492	1
7493	0
7494	1
7495	1
7496	0
7497	0
7498	0
7499	0
7500	2
7501	0
7502	1
7503	0
7504	1
7505	1
7506	0
7507	1
7508	0
7509	1
7510	1
7511	0
7512	0
7513	0
7514	0
7515	1
7516	0
7517	0
7518	0
7519	0
7520	0
7521	0
7522	0
7523	0
7524	1
7525	2
7526	0
7527	0
7528	0
7529	0
7530	1
7531	0
7532	0
7533	0
7534	0
7535	2
7536	1
7537	2
7538	0
7539	0
7540	1
7541	0
7542	0
7543	1
7544	0
7545	0
7546	1
7547	0
7548	0
7549	2
7550	1
7551	0
7552	1
7553	0
7554	1
7555	0
7556	0
7557	1
7558	1
7559	0
7560	1
7561	1
7562	1
7563	1
7564	1
7565	0
7566	0
7567	0
7568	0
7569	3
7570	0
7571	1
7572	0
7573	2
7574	0
7575	1
7576	1
7577	0
7578	2
7579	0
7580	2
7581	0
7582	2
7583	0
7584	0
7585	2
7586	0
7587	0
7588	0
7589	1
7590	0
7591	0
7592	1
7593	0
7594	1
7595	0
7596	1
7597	0
7598	0
7599	1
7600	0
7601	0
7602	0
7603	2
7604	1
7605	1
7606	0
7607	1
7608	0
7609	0
7610	1
7611	0
7612	0
7613	0
7614	1
7615	0
7616	0
7617	0
7618	0
7619	1
7620	1
7621	0
7622	1
7623	0
7624	2
7625	2
7626	0
7627	1
7628	1
7629	0
7630	2
7631	0
7632	0
7633	0
7634	0
7635	0
7636	2
7637	2
7638	0
7639	0
7640	1
7641	1
7642	0
7643	1
7644	3
7645	0
7646	2
7647	0
7648	2
7649	1
7650	0
7651	0
7652	0
7653	0
7654	0
7655	1
7656	0
7657	2
7658	0
7659	0
7660	1
7661	0
7662	1
7663	1
7664	0
7665	2
7666	2
7667	0
7668	1
7669	0
7670	2
7671	0
7672	1
7673	2
7674	0
7675	0
7676	0
7677	1
7678	1
7679	0
7680	1
7681	2
7682	2
7683	0
7684	0
7685	0
7686	2
7687	2
7688	2
7689	1
7690	0
7691	0
7692	1
7693	1
7694	0
7695	0
7696	1
7697	2
7698	1
7699	0
7700	0
7701	0
7702	0
7703	1
7704	0
7705	0
7706	0
7707	0
7708	1
7709	0
7710	0
7711	0
7712	1
7713	2
7714	2
7715	0
7716	0
7717	0
7718	0
7719	0
7720	0
7721	0
7722	0
7723	0
7724	1
7725	1
7726	2
7727	0
7728	0
7729	1
7730	0
7731	1
7732	0
7733	0
7734	1
7735	0
7736	2
7737	1
7738	0
7739	0
7740	0
7741	1
7742	0
7743	0
7744	0
7745	0
7746	1
7747	0
7748	1
7749	0
7750	0
7751	0
7752	1
7753	1
7754	0
7755	0
7756	0
7757	0
7758	0
7759	1
7760	1
7761	0
7762	0
7763	0
7764	0
7765	2
7766	0
7767	0
7768	0
7769	2
7770	0
7771	0
7772	1
7773	2
7774	0
7775	0
7776	0
7777	0
7778	0
7779	1
7780	0
7781	1
7782	3
7783	0
7784	1
7785	0
7786	0
7787	2
7788	2
7789	1
7790	0
7791	0
7792	1
7793	0
7794	1
7795	1
7796	0
7797	0
7798	0
7799	0
7800	2
7801	0
7802	0
7803	1
7804	0
7805	1
7806	0
7807	1
7808	0
7809	1
7810	0
7811	0
7812	2
7813	1
7814	2
7815	1
7816	0
7817	2
7818	0
7819	1
7820	0
7821	1
7822	0
7823	0
7824	0
7825	1
7826	1
7827	0
7828	0
7829	0
7830	0
7831	0
7832	0
7833	0
7834	0
7835	0
7836	0
7837	1
7838	1
7839	1
7840	0
7841	0
7842	0
7843	0
7844	1
7845	1
7846	1
7847	0
7848	1
7849	0
7850	2
7851	1
7852	0
7853	0
7854	1
7855	1
7856	0
7857	2
7858	0
7859	0
7860	1
7861	1
7862	0
7863	0
7864	0
7865	0
7866	1
7867	0
7868	0
7869	1
7870	1
7871	0
7872	1
7873	0
7874	1
7875	0
7876	1
7877	1
7878	0
7879	0
7880	0
7881	2
7882	0
7883	0
7884	1
7885	0
7886	2
7887	2
7888	0
7889	1
7890	2
7891	0
7892	1
7893	0
7894	0
7895	0
7896	0
7897	0
7898	0
7899	1
7900	0
7901	1
7902	0
7903	0
7904	0
7905	0
7906	1
7907	0
7908	0
7909	1
7910	0
7911	0
7912	1
7913	2
7914	1
7915	0
7916	1
7917	2
7918	0
7919	0
7920	0
7921	1
7922	1
7923	0
7924	1
7925	0
7926	1
7927	0
7928	1
7929	2
7930	1
7931	0
7932	1
7933	0
7934	1
7935	1
7936	1
7937	0
7938	0
7939	0
7940	0
7941	0
7942	0
7943	1
7944	2
7945	1
7946	1
7947	0
7948	0
7949	0
7950	1
7951	0
7952	3
7953	0
7954	0
7955	1
7956	1
7957	0
7958	0
7959	0
7960	0
7961	0
7962	1
7963	0
7964	2
7965	0
7966	1
7967	0
7968	0
7969	0
7970	0
7971	0
7972	1
7973	0
7974	0
7975	0
7976	0
7977	0
7978	1
7979	1
7980	0
7981	0
7982	1
7983	1
7984	0
7985	0
7986	0
7987	0
7988	0
7989	0
7990	0
7991	1
7992	0
7993	0
7994	1
7995	2
7996	0
7997	1
7998	0
7999	2
8000	0
8001	0
8002	0
8003	0
8004	0
8005	1
8006	1
8007	0
8008	1
8009	0
8010	1
8011	1
8012	0
8013	0
8014	0
8015	0
8016	2
8017	0
8018	0
8019	1
8020	0
8021	1
8022	0
8023	0
8024	0
8025	0
8026	2
8027	1
8028	0
8029	0
8030	2
8031	0
8032	0
8033	0
8034	0
8035	1
8036	0
8037	0
8038	1
8039	0
8040	1
8041	1
8042	0
8043	0
8044	0
8045	1
8046	0
8047	1
8048	0
8049	2
8050	0
8051	2
8052	0
8053	2
8054	0
8055	0
8056	0
8057	0
8058	1
8059	0
8060	0
8061	0
8062	0
8063	1
8064	0
8065	1
8066	0
8067	0
8068	1
8069	0
8070	1
8071	1
8072	0
8073	0
8074	1
8075	0
8076	0
8077	0
8078	3
8079	0
8080	0
8081	0
8082	1
8083	0
8084	0
8085	0
8086	1
8087	0
8088	0
8089	0
8090	0
8091	0
8092	0
8093	0
8094	0
8095	0
8096	0
8097	0
8098	0
8099	0
8100	0
8101	0
8102	0
8103	0
8104	0
8105	0
8106	0
8107	0
8108	0
8109	0
8110	0
8111	0
8112	0
8113	0
8114	0
8115	0
8116	0
8117	0
8118	0
8119	0
8120	0
8121	0
8122	0
8123	0
8124	0
8125	0
8126	0
8127	0
8128	0
8129	0
8130	0
8131	0
8132	0
8133	0
8134	0
8135	0
8136	0
8137	0
8138	0
8139	0
8140	0
8141	0
8142	0
8143	0
8144	0
8145	0
8146	0
8147	0
8148	0
8149	0
8150	0
8151	0
8152	0
8153	0
8154	0
8155	0
8156	0
8157	0
8158	0
8159	0
8160	0
8161	0
8162	0
8163	0
8164	0
8165	0
8166	0
8167	0
8168	0
8169	0
8170	0
8171	0
8172	0
8173	0
8174	0
8175	0
8176	0
8177	0
8178	0
8179	0
8180	0
8181	0
8182	0
8183	0
8184	0
8185	0
8186	0
8187	0
8188	0
8189	0
8190	0
8191	0
