0	0
1	0
2	0
3	0
4	0
5	0
6	0
7	0
8	0
9	0
10	0
11	0
12	0
13	0
14	0
15	0
16	0
17	0
18	0
19	0
20	0
21	0
22	0
23	0
24	0
25	0
26	0
27	0
28	0
29	0
30	0
31	0
32	0
33	0
34	0
35	0
36	0
37	0
38	0
39	0
40	0
41	0
42	0
43	0
44	0
45	0
46	0
47	0
48	0
49	0
50	0
51	0
52	0
53	0
54	0
55	0
56	0
57	0
58	0
59	0
60	0
61	0
62	0
63	0
64	0
65	0
66	0
67	0
68	0
69	0
70	0
71	0
72	0
73	0
74	0
75	0
76	0
77	0
78	0
79	0
80	0
81	0
82	0
83	0
84	1
85	2
86	7
87	11
88	10
89	17
90	15
91	6
92	11
93	11
94	11
95	5
96	6
97	11
98	10
99	6
100	5
101	7
102	9
103	12
104	5
105	9
106	4
107	5
108	10
109	6
110	7
111	9
112	8
113	3
114	11
115	6
116	7
117	7
118	4
119	9
120	14
121	10
122	9
123	8
124	10
125	7
126	9
127	3
128	5
129	5
130	11
131	4
132	6
133	11
134	8
135	7
136	6
137	13
138	6
139	6
140	6
141	8
142	5
143	4
144	13
145	9
146	9
147	12
148	6
149	2
150	7
151	10
152	9
153	8
154	3
155	7
156	6
157	8
158	8
159	3
160	7
161	9
162	8
163	5
164	10
165	4
166	5
167	13
168	7
169	7
170	6
171	11
172	7
173	9
174	8
175	5
176	7
177	2
178	1
179	5
180	7
181	10
182	9
183	10
184	10
185	11
186	7
187	5
188	7
189	1
190	4
191	8
192	3
193	2
194	7
195	9
196	10
197	5
198	7
199	2
200	7
201	6
202	9
203	3
204	6
205	9
206	8
207	7
208	3
209	5
210	9
211	7
212	8
213	7
214	7
215	5
216	9
217	2
218	6
219	7
220	11
221	9
222	10
223	7
224	6
225	9
226	9
227	8
228	15
229	11
230	9
231	9
232	9
233	4
234	3
235	8
236	8
237	7
238	8
239	6
240	8
241	6
242	5
243	6
244	6
245	4
246	10
247	10
248	4
249	6
250	6
251	3
252	7
253	6
254	6
255	16
256	6
257	5
258	11
259	5
260	6
261	4
262	9
263	8
264	5
265	8
266	4
267	4
268	6
269	4
270	4
271	5
272	6
273	4
274	5
275	6
276	9
277	6
278	11
279	3
280	10
281	7
282	10
283	5
284	7
285	7
286	8
287	7
288	9
289	11
290	5
291	4
292	17
293	4
294	5
295	10
296	8
297	7
298	5
299	9
300	4
301	8
302	9
303	8
304	7
305	6
306	10
307	6
308	15
309	11
310	10
311	5
312	10
313	7
314	13
315	6
316	7
317	4
318	13
319	9
320	7
321	9
322	6
323	7
324	9
325	7
326	6
327	9
328	8
329	6
330	3
331	8
332	7
333	7
334	5
335	7
336	6
337	8
338	10
339	7
340	8
341	4
342	9
343	12
344	5
345	10
346	5
347	8
348	8
349	11
350	5
351	11
352	8
353	11
354	9
355	4
356	7
357	4
358	8
359	8
360	9
361	13
362	9
363	8
364	10
365	10
366	10
367	10
368	7
369	10
370	7
371	9
372	13
373	8
374	7
375	7
376	4
377	5
378	1
379	11
380	4
381	13
382	5
383	11
384	12
385	10
386	6
387	4
388	5
389	7
390	11
391	3
392	7
393	4
394	4
395	10
396	9
397	7
398	11
399	6
400	10
401	11
402	12
403	3
404	7
405	8
406	8
407	8
408	11
409	5
410	13
411	5
412	6
413	7
414	12
415	7
416	6
417	5
418	9
419	8
420	12
421	10
422	6
423	8
424	8
425	10
426	6
427	9
428	1
429	13
430	5
431	4
432	8
433	8
434	15
435	5
436	7
437	2
438	10
439	13
440	7
441	12
442	7
443	11
444	7
445	8
446	14
447	14
448	5
449	5
450	9
451	5
452	4
453	7
454	6
455	7
456	5
457	10
458	4
459	12
460	10
461	7
462	11
463	12
464	13
465	5
466	9
467	10
468	14
469	10
470	7
471	3
472	5
473	14
474	8
475	4
476	4
477	7
478	3
479	13
480	10
481	10
482	5
483	8
484	4
485	11
486	12
487	7
488	4
489	16
490	8
491	9
492	4
493	12
494	7
495	12
496	13
497	7
498	11
499	7
500	13
501	12
502	7
503	6
504	6
505	8
506	10
507	6
508	10
509	11
510	8
511	11
512	13
513	11
514	6
515	7
516	10
517	12
518	6
519	7
520	6
521	9
522	5
523	10
524	6
525	6
526	6
527	9
528	10
529	9
530	9
531	9
532	8
533	10
534	7
535	14
536	7
537	15
538	11
539	10
540	11
541	12
542	9
543	5
544	7
545	9
546	5
547	8
548	12
549	16
550	7
551	10
552	5
553	6
554	16
555	14
556	6
557	8
558	8
559	8
560	9
561	8
562	6
563	9
564	9
565	9
566	8
567	12
568	9
569	7
570	11
571	5
572	6
573	11
574	8
575	7
576	14
577	7
578	11
579	6
580	11
581	7
582	6
583	5
584	6
585	10
586	7
587	6
588	8
589	5
590	11
591	5
592	6
593	10
594	7
595	7
596	9
597	11
598	8
599	12
600	7
601	8
602	12
603	7
604	13
605	6
606	11
607	6
608	9
609	12
610	4
611	10
612	12
613	11
614	8
615	14
616	15
617	11
618	8
619	6
620	8
621	13
622	15
623	8
624	5
625	9
626	6
627	9
628	10
629	6
630	11
631	3
632	8
633	7
634	10
635	5
636	14
637	13
638	14
639	5
640	7
641	9
642	9
643	9
644	13
645	4
646	10
647	18
648	7
649	14
650	12
651	9
652	9
653	13
654	7
655	12
656	12
657	7
658	15
659	16
660	7
661	12
662	8
663	10
664	17
665	4
666	6
667	9
668	10
669	8
670	7
671	12
672	10
673	9
674	10
675	14
676	12
677	8
678	13
679	10
680	4
681	11
682	15
683	10
684	12
685	13
686	15
687	8
688	5
689	11
690	8
691	11
692	9
693	14
694	15
695	11
696	7
697	8
698	12
699	5
700	15
701	13
702	14
703	18
704	10
705	13
706	8
707	11
708	8
709	15
710	12
711	7
712	14
713	7
714	8
715	11
716	10
717	10
718	10
719	10
720	8
721	13
722	9
723	8
724	10
725	14
726	9
727	14
728	11
729	6
730	10
731	11
732	11
733	6
734	10
735	11
736	10
737	16
738	10
739	5
740	17
741	11
742	12
743	10
744	9
745	8
746	7
747	17
748	13
749	9
750	14
751	10
752	14
753	11
754	7
755	13
756	12
757	16
758	13
759	11
760	13
761	11
762	21
763	13
764	10
765	8
766	10
767	16
768	13
769	14
770	14
771	19
772	8
773	9
774	11
775	14
776	16
777	19
778	23
779	11
780	14
781	12
782	14
783	11
784	16
785	18
786	16
787	13
788	15
789	19
790	16
791	17
792	17
793	23
794	16
795	13
796	16
797	14
798	13
799	13
800	18
801	18
802	9
803	18
804	15
805	12
806	10
807	14
808	10
809	16
810	15
811	20
812	10
813	16
814	17
815	23
816	16
817	18
818	20
819	13
820	18
821	18
822	17
823	12
824	15
825	16
826	15
827	11
828	22
829	18
830	13
831	17
832	15
833	14
834	27
835	23
836	17
837	14
838	23
839	28
840	10
841	20
842	11
843	20
844	17
845	15
846	11
847	14
848	20
849	18
850	11
851	15
852	16
853	19
854	15
855	18
856	17
857	21
858	14
859	12
860	18
861	14
862	16
863	10
864	11
865	18
866	17
867	17
868	14
869	21
870	13
871	15
872	19
873	12
874	22
875	14
876	20
877	12
878	18
879	16
880	11
881	14
882	12
883	16
884	13
885	12
886	16
887	13
888	17
889	11
890	11
891	18
892	13
893	11
894	10
895	8
896	16
897	7
898	8
899	13
900	17
901	20
902	16
903	18
904	12
905	17
906	16
907	15
908	13
909	15
910	19
911	15
912	10
913	10
914	17
915	22
916	15
917	18
918	12
919	15
920	10
921	16
922	9
923	18
924	12
925	14
926	13
927	24
928	17
929	13
930	12
931	16
932	9
933	17
934	14
935	10
936	17
937	18
938	17
939	13
940	11
941	11
942	18
943	13
944	13
945	13
946	17
947	16
948	14
949	16
950	17
951	15
952	15
953	7
954	7
955	21
956	20
957	17
958	12
959	18
960	15
961	21
962	4
963	11
964	17
965	13
966	11
967	21
968	14
969	9
970	11
971	16
972	14
973	19
974	16
975	18
976	15
977	9
978	15
979	17
980	14
981	15
982	19
983	9
984	10
985	20
986	16
987	3
988	18
989	13
990	13
991	10
992	18
993	11
994	10
995	15
996	6
997	15
998	24
999	7
1000	9
1001	13
1002	16
1003	5
1004	14
1005	5
1006	16
1007	12
1008	11
1009	11
1010	6
1011	10
1012	15
1013	14
1014	18
1015	11
1016	7
1017	13
1018	15
1019	14
1020	12
1021	18
1022	13
1023	17
1024	10
1025	14
1026	11
1027	9
1028	20
1029	15
1030	7
1031	13
1032	12
1033	15
1034	13
1035	15
1036	13
1037	12
1038	11
1039	13
1040	17
1041	12
1042	11
1043	15
1044	13
1045	13
1046	12
1047	10
1048	8
1049	9
1050	13
1051	12
1052	19
1053	10
1054	16
1055	12
1056	16
1057	15
1058	10
1059	21
1060	22
1061	12
1062	12
1063	14
1064	17
1065	16
1066	17
1067	8
1068	18
1069	9
1070	20
1071	9
1072	9
1073	13
1074	10
1075	15
1076	9
1077	17
1078	13
1079	8
1080	9
1081	18
1082	10
1083	19
1084	21
1085	8
1086	12
1087	12
1088	17
1089	18
1090	9
1091	14
1092	17
1093	9
1094	10
1095	12
1096	11
1097	11
1098	13
1099	16
1100	13
1101	11
1102	11
1103	6
1104	8
1105	17
1106	15
1107	10
1108	22
1109	18
1110	18
1111	18
1112	10
1113	14
1114	15
1115	12
1116	8
1117	10
1118	17
1119	8
1120	18
1121	15
1122	11
1123	7
1124	12
1125	12
1126	12
1127	14
1128	10
1129	14
1130	12
1131	20
1132	15
1133	11
1134	13
1135	10
1136	14
1137	15
1138	14
1139	13
1140	13
1141	18
1142	20
1143	19
1144	13
1145	21
1146	13
1147	16
1148	11
1149	9
1150	12
1151	15
1152	22
1153	16
1154	14
1155	13
1156	14
1157	8
1158	13
1159	8
1160	12
1161	21
1162	18
1163	17
1164	10
1165	10
1166	15
1167	13
1168	20
1169	16
1170	12
1171	16
1172	10
1173	13
1174	11
1175	14
1176	7
1177	14
1178	12
1179	14
1180	18
1181	17
1182	17
1183	16
1184	20
1185	18
1186	17
1187	14
1188	12
1189	15
1190	13
1191	14
1192	14
1193	12
1194	22
1195	17
1196	15
1197	7
1198	14
1199	13
1200	16
1201	15
1202	13
1203	17
1204	14
1205	14
1206	11
1207	19
1208	16
1209	12
1210	16
1211	11
1212	16
1213	14
1214	14
1215	13
1216	17
1217	7
1218	13
1219	12
1220	16
1221	15
1222	20
1223	10
1224	16
1225	14
1226	19
1227	12
1228	20
1229	23
1230	11
1231	12
1232	13
1233	20
1234	20
1235	14
1236	14
1237	15
1238	14
1239	13
1240	19
1241	14
1242	16
1243	10
1244	15
1245	19
1246	12
1247	9
1248	15
1249	18
1250	17
1251	12
1252	21
1253	22
1254	13
1255	19
1256	11
1257	24
1258	15
1259	17
1260	20
1261	11
1262	19
1263	13
1264	8
1265	20
1266	18
1267	8
1268	20
1269	18
1270	18
1271	18
1272	11
1273	18
1274	16
1275	17
1276	17
1277	17
1278	12
1279	28
1280	21
1281	18
1282	14
1283	12
1284	16
1285	16
1286	16
1287	11
1288	14
1289	20
1290	19
1291	15
1292	17
1293	20
1294	11
1295	14
1296	22
1297	17
1298	18
1299	10
1300	16
1301	13
1302	19
1303	15
1304	19
1305	17
1306	12
1307	16
1308	18
1309	15
1310	14
1311	24
1312	11
1313	10
1314	23
1315	15
1316	21
1317	22
1318	13
1319	22
1320	10
1321	18
1322	16
1323	20
1324	14
1325	12
1326	14
1327	20
1328	18
1329	17
1330	11
1331	18
1332	17
1333	26
1334	20
1335	12
1336	18
1337	17
1338	10
1339	18
1340	11
1341	16
1342	18
1343	15
1344	24
1345	12
1346	20
1347	16
1348	13
1349	23
1350	14
1351	18
1352	23
1353	21
1354	17
1355	18
1356	20
1357	16
1358	13
1359	21
1360	18
1361	26
1362	23
1363	12
1364	22
1365	14
1366	22
1367	16
1368	21
1369	22
1370	15
1371	17
1372	15
1373	16
1374	23
1375	14
1376	18
1377	17
1378	13
1379	20
1380	22
1381	15
1382	16
1383	14
1384	17
1385	14
1386	17
1387	16
1388	21
1389	14
1390	24
1391	22
1392	20
1393	21
1394	15
1395	20
1396	18
1397	21
1398	13
1399	18
1400	21
1401	23
1402	15
1403	14
1404	17
1405	19
1406	15
1407	20
1408	10
1409	18
1410	24
1411	19
1412	14
1413	25
1414	15
1415	13
1416	15
1417	16
1418	21
1419	20
1420	12
1421	22
1422	20
1423	14
1424	19
1425	16
1426	17
1427	30
1428	22
1429	14
1430	20
1431	17
1432	16
1433	23
1434	18
1435	16
1436	19
1437	25
1438	17
1439	16
1440	16
1441	21
1442	15
1443	14
1444	15
1445	9
1446	21
1447	22
1448	14
1449	19
1450	20
1451	18
1452	20
1453	19
1454	18
1455	12
1456	25
1457	16
1458	17
1459	26
1460	18
1461	16
1462	20
1463	13
1464	16
1465	18
1466	20
1467	9
1468	19
1469	19
1470	16
1471	20
1472	12
1473	21
1474	15
1475	20
1476	11
1477	28
1478	13
1479	16
1480	10
1481	19
1482	19
1483	12
1484	21
1485	26
1486	23
1487	16
1488	14
1489	15
1490	27
1491	22
1492	25
1493	21
1494	16
1495	17
1496	21
1497	27
1498	22
1499	16
1500	17
1501	12
1502	18
1503	19
1504	20
1505	16
1506	8
1507	15
1508	22
1509	30
1510	21
1511	19
1512	22
1513	18
1514	18
1515	17
1516	27
1517	21
1518	15
1519	17
1520	12
1521	20
1522	23
1523	19
1524	20
1525	19
1526	23
1527	20
1528	13
1529	20
1530	28
1531	18
1532	18
1533	25
1534	16
1535	17
1536	17
1537	19
1538	24
1539	20
1540	17
1541	28
1542	19
1543	15
1544	24
1545	19
1546	18
1547	18
1548	22
1549	18
1550	11
1551	19
1552	14
1553	27
1554	18
1555	18
1556	16
1557	17
1558	9
1559	23
1560	19
1561	19
1562	19
1563	18
1564	21
1565	18
1566	15
1567	22
1568	20
1569	24
1570	15
1571	19
1572	27
1573	23
1574	20
1575	16
1576	23
1577	25
1578	18
1579	19
1580	23
1581	16
1582	19
1583	18
1584	26
1585	26
1586	17
1587	27
1588	24
1589	15
1590	20
1591	21
1592	20
1593	20
1594	19
1595	19
1596	11
1597	20
1598	24
1599	16
1600	13
1601	24
1602	25
1603	19
1604	19
1605	26
1606	28
1607	26
1608	20
1609	21
1610	19
1611	17
1612	17
1613	19
1614	20
1615	19
1616	18
1617	36
1618	19
1619	19
1620	17
1621	14
1622	24
1623	17
1624	17
1625	25
1626	30
1627	21
1628	21
1629	25
1630	26
1631	20
1632	27
1633	18
1634	26
1635	19
1636	19
1637	19
1638	25
1639	14
1640	22
1641	21
1642	18
1643	14
1644	24
1645	21
1646	23
1647	19
1648	33
1649	18
1650	24
1651	33
1652	24
1653	19
1654	24
1655	22
1656	30
1657	19
1658	21
1659	17
1660	18
1661	23
1662	24
1663	20
1664	14
1665	24
1666	22
1667	17
1668	16
1669	27
1670	18
1671	19
1672	15
1673	14
1674	20
1675	22
1676	23
1677	14
1678	18
1679	19
1680	16
1681	25
1682	27
1683	25
1684	21
1685	22
1686	17
1687	19
1688	20
1689	19
1690	16
1691	18
1692	17
1693	17
1694	20
1695	14
1696	23
1697	25
1698	14
1699	20
1700	13
1701	24
1702	18
1703	18
1704	17
1705	17
1706	19
1707	20
1708	20
1709	19
1710	18
1711	14
1712	22
1713	26
1714	18
1715	23
1716	15
1717	17
1718	24
1719	15
1720	17
1721	16
1722	21
1723	25
1724	23
1725	15
1726	23
1727	12
1728	22
1729	22
1730	19
1731	17
1732	21
1733	22
1734	22
1735	23
1736	23
1737	22
1738	22
1739	23
1740	19
1741	12
1742	22
1743	24
1744	25
1745	10
1746	35
1747	16
1748	27
1749	28
1750	23
1751	22
1752	23
1753	18
1754	20
1755	24
1756	22
1757	21
1758	19
1759	20
1760	19
1761	23
1762	23
1763	22
1764	16
1765	15
1766	17
1767	18
1768	27
1769	21
1770	21
1771	18
1772	25
1773	18
1774	21
1775	22
1776	11
1777	14
1778	25
1779	21
1780	28
1781	23
1782	20
1783	17
1784	23
1785	17
1786	14
1787	27
1788	24
1789	14
1790	21
1791	20
1792	26
1793	17
1794	23
1795	21
1796	17
1797	27
1798	17
1799	22
1800	14
1801	21
1802	22
1803	25
1804	23
1805	24
1806	29
1807	18
1808	16
1809	23
1810	34
1811	22
1812	23
1813	17
1814	15
1815	26
1816	25
1817	24
1818	26
1819	24
1820	29
1821	17
1822	20
1823	22
1824	17
1825	22
1826	27
1827	23
1828	30
1829	21
1830	24
1831	25
1832	29
1833	21
1834	17
1835	23
1836	24
1837	24
1838	20
1839	25
1840	15
1841	21
1842	14
1843	24
1844	18
1845	21
1846	36
1847	26
1848	29
1849	18
1850	14
1851	20
1852	16
1853	26
1854	18
1855	26
1856	26
1857	30
1858	21
1859	28
1860	19
1861	19
1862	20
1863	25
1864	19
1865	22
1866	19
1867	31
1868	14
1869	18
1870	25
1871	20
1872	19
1873	25
1874	13
1875	25
1876	27
1877	18
1878	13
1879	18
1880	25
1881	22
1882	25
1883	27
1884	23
1885	11
1886	20
1887	28
1888	19
1889	23
1890	22
1891	15
1892	24
1893	24
1894	25
1895	22
1896	21
1897	26
1898	23
1899	18
1900	28
1901	26
1902	20
1903	25
1904	21
1905	30
1906	17
1907	19
1908	31
1909	19
1910	21
1911	13
1912	24
1913	20
1914	23
1915	20
1916	30
1917	17
1918	24
1919	17
1920	20
1921	22
1922	20
1923	25
1924	22
1925	20
1926	29
1927	28
1928	25
1929	16
1930	20
1931	13
1932	25
1933	20
1934	16
1935	22
1936	25
1937	25
1938	31
1939	15
1940	28
1941	21
1942	24
1943	25
1944	26
1945	26
1946	25
1947	25
1948	19
1949	14
1950	29
1951	24
1952	20
1953	26
1954	24
1955	19
1956	25
1957	27
1958	21
1959	23
1960	31
1961	22
1962	22
1963	18
1964	27
1965	26
1966	26
1967	24
1968	19
1969	26
1970	24
1971	21
1972	17
1973	20
1974	17
1975	24
1976	19
1977	18
1978	34
1979	26
1980	23
1981	26
1982	25
1983	35
1984	27
1985	20
1986	21
1987	19
1988	23
1989	30
1990	26
1991	25
1992	22
1993	14
1994	17
1995	19
1996	23
1997	20
1998	27
1999	23
2000	20
2001	29
2002	28
2003	21
2004	24
2005	26
2006	25
2007	16
2008	23
2009	27
2010	20
2011	13
2012	34
2013	19
2014	16
2015	20
2016	20
2017	26
2018	23
2019	25
2020	16
2021	24
2022	23
2023	29
2024	26
2025	19
2026	25
2027	24
2028	31
2029	23
2030	23
2031	19
2032	28
2033	25
2034	27
2035	22
2036	14
2037	20
2038	31
2039	12
2040	24
2041	16
2042	23
2043	11
2044	25
2045	27
2046	22
2047	22
2048	20
2049	28
2050	22
2051	25
2052	28
2053	22
2054	16
2055	25
2056	20
2057	21
2058	23
2059	27
2060	18
2061	18
2062	15
2063	20
2064	15
2065	22
2066	35
2067	30
2068	22
2069	26
2070	23
2071	21
2072	34
2073	17
2074	20
2075	30
2076	25
2077	21
2078	26
2079	21
2080	21
2081	27
2082	18
2083	16
2084	17
2085	23
2086	34
2087	18
2088	17
2089	28
2090	29
2091	30
2092	20
2093	21
2094	16
2095	20
2096	23
2097	8
2098	22
2099	23
2100	25
2101	23
2102	20
2103	26
2104	29
2105	25
2106	36
2107	31
2108	25
2109	21
2110	24
2111	25
2112	33
2113	23
2114	25
2115	25
2116	20
2117	21
2118	25
2119	17
2120	25
2121	26
2122	24
2123	34
2124	24
2125	31
2126	24
2127	24
2128	36
2129	23
2130	31
2131	28
2132	25
2133	24
2134	21
2135	29
2136	26
2137	23
2138	20
2139	20
2140	15
2141	31
2142	32
2143	37
2144	23
2145	28
2146	22
2147	22
2148	30
2149	31
2150	28
2151	18
2152	25
2153	21
2154	31
2155	38
2156	26
2157	24
2158	23
2159	21
2160	31
2161	26
2162	21
2163	30
2164	30
2165	28
2166	29
2167	31
2168	36
2169	25
2170	22
2171	23
2172	29
2173	28
2174	22
2175	20
2176	27
2177	22
2178	32
2179	29
2180	15
2181	32
2182	31
2183	23
2184	26
2185	28
2186	24
2187	27
2188	30
2189	21
2190	21
2191	27
2192	27
2193	36
2194	26
2195	22
2196	32
2197	29
2198	22
2199	21
2200	26
2201	26
2202	30
2203	31
2204	21
2205	18
2206	24
2207	21
2208	19
2209	22
2210	24
2211	27
2212	27
2213	21
2214	24
2215	24
2216	28
2217	21
2218	26
2219	24
2220	26
2221	30
2222	32
2223	21
2224	25
2225	21
2226	19
2227	32
2228	27
2229	30
2230	28
2231	28
2232	18
2233	17
2234	30
2235	26
2236	22
2237	22
2238	26
2239	18
2240	26
2241	26
2242	27
2243	24
2244	21
2245	19
2246	21
2247	27
2248	26
2249	26
2250	26
2251	29
2252	17
2253	25
2254	29
2255	23
2256	23
2257	23
2258	21
2259	25
2260	27
2261	31
2262	19
2263	22
2264	21
2265	28
2266	36
2267	28
2268	25
2269	30
2270	23
2271	20
2272	27
2273	23
2274	30
2275	28
2276	21
2277	26
2278	26
2279	25
2280	27
2281	15
2282	23
2283	22
2284	32
2285	15
2286	28
2287	25
2288	21
2289	22
2290	24
2291	23
2292	23
2293	29
2294	27
2295	20
2296	20
2297	18
2298	17
2299	21
2300	26
2301	28
2302	24
2303	28
2304	21
2305	20
2306	23
2307	29
2308	21
2309	19
2310	15
2311	23
2312	25
2313	27
2314	21
2315	28
2316	23
2317	21
2318	24
2319	21
2320	16
2321	28
2322	33
2323	20
2324	28
2325	23
2326	15
2327	22
2328	19
2329	17
2330	13
2331	27
2332	26
2333	30
2334	29
2335	21
2336	18
2337	19
2338	12
2339	32
2340	18
2341	21
2342	22
2343	26
2344	20
2345	26
2346	21
2347	25
2348	26
2349	15
2350	22
2351	25
2352	20
2353	21
2354	25
2355	17
2356	24
2357	22
2358	18
2359	19
2360	26
2361	19
2362	20
2363	29
2364	15
2365	29
2366	18
2367	21
2368	23
2369	22
2370	22
2371	14
2372	22
2373	25
2374	16
2375	24
2376	24
2377	16
2378	22
2379	23
2380	24
2381	22
2382	30
2383	20
2384	24
2385	17
2386	19
2387	19
2388	15
2389	22
2390	21
2391	20
2392	21
2393	8
2394	15
2395	21
2396	12
2397	23
2398	22
2399	31
2400	17
2401	24
2402	14
2403	18
2404	27
2405	28
2406	24
2407	24
2408	24
2409	26
2410	21
2411	13
2412	24
2413	20
2414	15
2415	18
2416	16
2417	16
2418	31
2419	15
2420	24
2421	19
2422	22
2423	17
2424	18
2425	20
2426	20
2427	22
2428	23
2429	17
2430	13
2431	27
2432	26
2433	16
2434	30
2435	23
2436	20
2437	20
2438	24
2439	24
2440	24
2441	17
2442	16
2443	18
2444	24
2445	18
2446	21
2447	22
2448	15
2449	23
2450	22
2451	17
2452	9
2453	19
2454	23
2455	26
2456	16
2457	21
2458	20
2459	20
2460	17
2461	13
2462	22
2463	17
2464	20
2465	8
2466	27
2467	23
2468	13
2469	16
2470	20
2471	21
2472	12
2473	16
2474	28
2475	24
2476	21
2477	22
2478	24
2479	20
2480	20
2481	21
2482	15
2483	10
2484	14
2485	20
2486	15
2487	16
2488	29
2489	22
2490	19
2491	19
2492	20
2493	14
2494	19
2495	11
2496	23
2497	13
2498	17
2499	16
2500	16
2501	20
2502	24
2503	26
2504	20
2505	20
2506	13
2507	12
2508	14
2509	15
2510	22
2511	14
2512	14
2513	12
2514	18
2515	25
2516	14
2517	22
2518	12
2519	8
2520	20
2521	23
2522	25
2523	18
2524	15
2525	23
2526	12
2527	21
2528	13
2529	13
2530	23
2531	17
2532	14
2533	20
2534	17
2535	16
2536	27
2537	26
2538	17
2539	17
2540	6
2541	11
2542	21
2543	16
2544	12
2545	21
2546	15
2547	19
2548	18
2549	5
2550	23
2551	19
2552	16
2553	22
2554	17
2555	15
2556	19
2557	11
2558	12
2559	15
2560	13
2561	17
2562	16
2563	18
2564	17
2565	21
2566	14
2567	17
2568	15
2569	15
2570	22
2571	22
2572	16
2573	21
2574	13
2575	16
2576	29
2577	19
2578	13
2579	14
2580	17
2581	22
2582	15
2583	10
2584	20
2585	11
2586	12
2587	8
2588	13
2589	21
2590	17
2591	18
2592	17
2593	11
2594	14
2595	17
2596	14
2597	16
2598	17
2599	20
2600	15
2601	25
2602	17
2603	12
2604	10
2605	22
2606	11
2607	11
2608	25
2609	15
2610	18
2611	19
2612	15
2613	17
2614	13
2615	12
2616	16
2617	15
2618	13
2619	19
2620	11
2621	15
2622	15
2623	12
2624	15
2625	13
2626	19
2627	11
2628	9
2629	14
2630	18
2631	19
2632	13
2633	14
2634	13
2635	28
2636	22
2637	14
2638	10
2639	16
2640	19
2641	24
2642	11
2643	13
2644	13
2645	10
2646	14
2647	16
2648	14
2649	13
2650	16
2651	17
2652	19
2653	14
2654	19
2655	14
2656	17
2657	13
2658	8
2659	13
2660	14
2661	18
2662	11
2663	15
2664	24
2665	22
2666	17
2667	18
2668	11
2669	9
2670	15
2671	16
2672	19
2673	13
2674	11
2675	16
2676	17
2677	15
2678	14
2679	14
2680	21
2681	23
2682	14
2683	10
2684	22
2685	18
2686	9
2687	14
2688	13
2689	13
2690	11
2691	20
2692	14
2693	13
2694	14
2695	14
2696	21
2697	13
2698	9
2699	17
2700	15
2701	17
2702	13
2703	9
2704	15
2705	20
2706	15
2707	17
2708	20
2709	16
2710	9
2711	15
2712	13
2713	20
2714	18
2715	14
2716	10
2717	15
2718	14
2719	15
2720	9
2721	14
2722	9
2723	15
2724	19
2725	18
2726	14
2727	11
2728	15
2729	10
2730	13
2731	14
2732	16
2733	12
2734	11
2735	12
2736	15
2737	15
2738	12
2739	17
2740	16
2741	14
2742	14
2743	22
2744	10
2745	20
2746	17
2747	13
2748	18
2749	20
2750	14
2751	13
2752	19
2753	11
2754	19
2755	13
2756	19
2757	18
2758	17
2759	10
2760	13
2761	16
2762	9
2763	21
2764	14
2765	14
2766	15
2767	16
2768	8
2769	12
2770	14
2771	9
2772	11
2773	9
2774	10
2775	10
2776	22
2777	10
2778	16
2779	15
2780	14
2781	8
2782	19
2783	17
2784	15
2785	9
2786	14
2787	12
2788	9
2789	12
2790	17
2791	13
2792	16
2793	10
2794	15
2795	14
2796	11
2797	13
2798	14
2799	19
2800	18
2801	16
2802	11
2803	14
2804	22
2805	9
2806	13
2807	11
2808	8
2809	13
2810	25
2811	9
2812	19
2813	16
2814	12
2815	12
2816	8
2817	13
2818	10
2819	17
2820	18
2821	10
2822	10
2823	20
2824	12
2825	17
2826	17
2827	9
2828	15
2829	23
2830	10
2831	11
2832	15
2833	20
2834	17
2835	13
2836	9
2837	17
2838	17
2839	11
2840	7
2841	18
2842	12
2843	12
2844	6
2845	12
2846	20
2847	14
2848	13
2849	16
2850	14
2851	20
2852	17
2853	13
2854	13
2855	16
2856	10
2857	9
2858	14
2859	17
2860	17
2861	15
2862	13
2863	14
2864	11
2865	16
2866	15
2867	18
2868	12
2869	20
2870	9
2871	16
2872	12
2873	14
2874	15
2875	12
2876	15
2877	16
2878	19
2879	19
2880	13
2881	21
2882	7
2883	10
2884	10
2885	14
2886	12
2887	11
2888	10
2889	6
2890	8
2891	14
2892	16
2893	17
2894	9
2895	10
2896	16
2897	9
2898	18
2899	12
2900	13
2901	16
2902	11
2903	8
2904	9
2905	14
2906	9
2907	13
2908	14
2909	12
2910	10
2911	8
2912	14
2913	18
2914	11
2915	18
2916	17
2917	13
2918	13
2919	14
2920	16
2921	12
2922	12
2923	13
2924	13
2925	15
2926	10
2927	15
2928	6
2929	11
2930	11
2931	14
2932	16
2933	17
2934	10
2935	12
2936	9
2937	12
2938	12
2939	11
2940	15
2941	15
2942	21
2943	13
2944	10
2945	18
2946	11
2947	20
2948	15
2949	14
2950	17
2951	7
2952	13
2953	15
2954	16
2955	14
2956	16
2957	21
2958	17
2959	24
2960	14
2961	18
2962	11
2963	13
2964	13
2965	10
2966	12
2967	12
2968	8
2969	9
2970	15
2971	11
2972	12
2973	14
2974	19
2975	8
2976	9
2977	11
2978	17
2979	9
2980	13
2981	14
2982	11
2983	12
2984	15
2985	16
2986	10
2987	9
2988	14
2989	22
2990	13
2991	15
2992	12
2993	15
2994	13
2995	10
2996	14
2997	13
2998	16
2999	10
3000	9
3001	12
3002	8
3003	11
3004	15
3005	16
3006	15
3007	14
3008	10
3009	7
3010	19
3011	9
3012	12
3013	14
3014	13
3015	11
3016	12
3017	11
3018	15
3019	13
3020	12
3021	12
3022	17
3023	12
3024	11
3025	13
3026	11
3027	14
3028	10
3029	7
3030	12
3031	20
3032	14
3033	16
3034	20
3035	14
3036	15
3037	10
3038	21
3039	8
3040	14
3041	22
3042	11
3043	20
3044	8
3045	14
3046	19
3047	10
3048	13
3049	11
3050	11
3051	10
3052	19
3053	13
3054	13
3055	13
3056	10
3057	11
3058	7
3059	12
3060	8
3061	18
3062	21
3063	8
3064	8
3065	10
3066	16
3067	16
3068	11
3069	16
3070	12
3071	12
3072	19
3073	13
3074	15
3075	16
3076	11
3077	14
3078	16
3079	16
3080	16
3081	16
3082	9
3083	14
3084	14
3085	14
3086	13
3087	14
3088	11
3089	16
3090	9
3091	10
3092	13
3093	19
3094	13
3095	15
3096	11
3097	14
3098	10
3099	9
3100	13
3101	15
3102	12
3103	12
3104	9
3105	21
3106	9
3107	12
3108	9
3109	16
3110	9
3111	16
3112	11
3113	14
3114	13
3115	8
3116	16
3117	7
3118	18
3119	12
3120	12
3121	12
3122	15
3123	15
3124	11
3125	10
3126	7
3127	8
3128	12
3129	10
3130	14
3131	17
3132	15
3133	12
3134	16
3135	10
3136	14
3137	15
3138	13
3139	10
3140	10
3141	15
3142	10
3143	8
3144	11
3145	19
3146	14
3147	17
3148	12
3149	9
3150	19
3151	21
3152	11
3153	12
3154	10
3155	13
3156	12
3157	11
3158	8
3159	12
3160	5
3161	11
3162	10
3163	6
3164	6
3165	10
3166	10
3167	11
3168	11
3169	8
3170	12
3171	14
3172	10
3173	9
3174	18
3175	12
3176	9
3177	12
3178	16
3179	14
3180	8
3181	6
3182	9
3183	12
3184	11
3185	14
3186	6
3187	16
3188	18
3189	7
3190	12
3191	14
3192	14
3193	12
3194	10
3195	8
3196	12
3197	13
3198	9
3199	13
3200	15
3201	9
3202	10
3203	10
3204	12
3205	8
3206	10
3207	7
3208	15
3209	8
3210	18
3211	15
3212	12
3213	9
3214	9
3215	8
3216	17
3217	11
3218	12
3219	15
3220	13
3221	13
3222	12
3223	13
3224	7
3225	6
3226	7
3227	11
3228	11
3229	12
3230	9
3231	14
3232	8
3233	14
3234	14
3235	13
3236	10
3237	12
3238	15
3239	17
3240	14
3241	7
3242	13
3243	14
3244	10
3245	9
3246	7
3247	13
3248	8
3249	14
3250	20
3251	9
3252	9
3253	14
3254	15
3255	11
3256	11
3257	11
3258	14
3259	24
3260	5
3261	13
3262	9
3263	19
3264	11
3265	7
3266	8
3267	8
3268	8
3269	7
3270	6
3271	8
3272	11
3273	10
3274	15
3275	20
3276	6
3277	8
3278	14
3279	9
3280	9
3281	9
3282	5
3283	13
3284	18
3285	7
3286	6
3287	10
3288	9
3289	10
3290	11
3291	14
3292	12
3293	13
3294	8
3295	11
3296	15
3297	9
3298	11
3299	8
3300	7
3301	13
3302	9
3303	12
3304	8
3305	9
3306	14
3307	9
3308	4
3309	11
3310	16
3311	17
3312	8
3313	15
3314	7
3315	12
3316	9
3317	7
3318	17
3319	13
3320	10
3321	8
3322	6
3323	9
3324	6
3325	20
3326	7
3327	15
3328	9
3329	13
3330	11
3331	11
3332	12
3333	9
3334	10
3335	3
3336	10
3337	10
3338	11
3339	9
3340	11
3341	8
3342	11
3343	13
3344	7
3345	9
3346	13
3347	13
3348	4
3349	10
3350	10
3351	13
3352	8
3353	16
3354	6
3355	13
3356	13
3357	10
3358	6
3359	12
3360	13
3361	10
3362	9
3363	14
3364	12
3365	14
3366	14
3367	13
3368	9
3369	11
3370	13
3371	14
3372	11
3373	8
3374	8
3375	5
3376	18
3377	13
3378	11
3379	14
3380	19
3381	13
3382	14
3383	6
3384	8
3385	12
3386	7
3387	7
3388	4
3389	10
3390	7
3391	13
3392	11
3393	19
3394	13
3395	9
3396	14
3397	10
3398	13
3399	8
3400	12
3401	10
3402	14
3403	13
3404	16
3405	13
3406	5
3407	8
3408	8
3409	6
3410	9
3411	9
3412	9
3413	14
3414	10
3415	9
3416	5
3417	12
3418	10
3419	14
3420	13
3421	15
3422	11
3423	16
3424	9
3425	10
3426	10
3427	7
3428	4
3429	6
3430	16
3431	7
3432	11
3433	9
3434	12
3435	10
3436	12
3437	17
3438	9
3439	12
3440	14
3441	14
3442	14
3443	17
3444	11
3445	12
3446	12
3447	9
3448	11
3449	9
3450	11
3451	14
3452	10
3453	11
3454	6
3455	12
3456	4
3457	9
3458	7
3459	14
3460	10
3461	6
3462	3
3463	5
3464	14
3465	8
3466	11
3467	11
3468	7
3469	12
3470	13
3471	6
3472	13
3473	10
3474	13
3475	13
3476	8
3477	9
3478	13
3479	14
3480	8
3481	12
3482	6
3483	7
3484	7
3485	10
3486	12
3487	12
3488	6
3489	11
3490	4
3491	12
3492	13
3493	8
3494	11
3495	8
3496	8
3497	10
3498	5
3499	10
3500	9
3501	6
3502	15
3503	10
3504	12
3505	10
3506	6
3507	13
3508	12
3509	14
3510	13
3511	8
3512	16
3513	8
3514	8
3515	12
3516	8
3517	8
3518	11
3519	15
3520	5
3521	7
3522	19
3523	8
3524	6
3525	17
3526	7
3527	7
3528	12
3529	8
3530	10
3531	7
3532	8
3533	14
3534	5
3535	11
3536	9
3537	13
3538	16
3539	11
3540	14
3541	8
3542	11
3543	17
3544	15
3545	10
3546	7
3547	8
3548	15
3549	11
3550	11
3551	3
3552	9
3553	7
3554	16
3555	11
3556	13
3557	11
3558	9
3559	14
3560	9
3561	10
3562	6
3563	8
3564	10
3565	15
3566	12
3567	2
3568	12
3569	12
3570	12
3571	12
3572	12
3573	14
3574	9
3575	11
3576	10
3577	19
3578	6
3579	6
3580	15
3581	15
3582	10
3583	6
3584	12
3585	9
3586	11
3587	8
3588	9
3589	5
3590	9
3591	5
3592	8
3593	7
3594	9
3595	9
3596	10
3597	13
3598	14
3599	10
3600	9
3601	14
3602	7
3603	12
3604	8
3605	11
3606	8
3607	13
3608	5
3609	7
3610	10
3611	9
3612	10
3613	5
3614	12
3615	6
3616	14
3617	7
3618	10
3619	12
3620	12
3621	8
3622	9
3623	9
3624	16
3625	12
3626	11
3627	12
3628	7
3629	8
3630	10
3631	13
3632	9
3633	14
3634	6
3635	7
3636	8
3637	8
3638	10
3639	12
3640	12
3641	9
3642	13
3643	8
3644	6
3645	16
3646	8
3647	14
3648	12
3649	8
3650	7
3651	11
3652	8
3653	7
3654	14
3655	7
3656	11
3657	9
3658	7
3659	15
3660	12
3661	16
3662	14
3663	12
3664	10
3665	6
3666	12
3667	11
3668	14
3669	10
3670	12
3671	9
3672	6
3673	10
3674	7
3675	4
3676	11
3677	15
3678	6
3679	7
3680	11
3681	7
3682	6
3683	13
3684	5
3685	11
3686	7
3687	13
3688	13
3689	10
3690	4
3691	11
3692	15
3693	10
3694	14
3695	12
3696	13
3697	8
3698	12
3699	9
3700	13
3701	8
3702	10
3703	11
3704	5
3705	10
3706	12
3707	8
3708	5
3709	15
3710	9
3711	8
3712	14
3713	5
3714	7
3715	10
3716	3
3717	6
3718	12
3719	8
3720	8
3721	4
3722	13
3723	15
3724	8
3725	7
3726	14
3727	12
3728	9
3729	7
3730	10
3731	14
3732	12
3733	8
3734	6
3735	11
3736	8
3737	13
3738	6
3739	10
3740	9
3741	12
3742	12
3743	8
3744	11
3745	11
3746	10
3747	9
3748	13
3749	8
3750	8
3751	4
3752	11
3753	9
3754	6
3755	7
3756	8
3757	8
3758	4
3759	13
3760	14
3761	9
3762	6
3763	11
3764	11
3765	4
3766	10
3767	9
3768	11
3769	17
3770	10
3771	11
3772	11
3773	7
3774	12
3775	10
3776	6
3777	7
3778	10
3779	9
3780	14
3781	8
3782	8
3783	8
3784	12
3785	10
3786	7
3787	7
3788	9
3789	12
3790	12
3791	14
3792	11
3793	8
3794	7
3795	7
3796	8
3797	7
3798	12
3799	11
3800	9
3801	5
3802	7
3803	11
3804	5
3805	16
3806	16
3807	6
3808	6
3809	10
3810	6
3811	8
3812	13
3813	7
3814	8
3815	6
3816	7
3817	6
3818	11
3819	15
3820	5
3821	11
3822	10
3823	11
3824	9
3825	9
3826	2
3827	15
3828	10
3829	11
3830	3
3831	9
3832	15
3833	9
3834	10
3835	14
3836	6
3837	14
3838	8
3839	8
3840	3
3841	11
3842	7
3843	12
3844	8
3845	9
3846	10
3847	11
3848	11
3849	7
3850	9
3851	11
3852	14
3853	10
3854	11
3855	10
3856	7
3857	9
3858	7
3859	14
3860	14
3861	8
3862	7
3863	15
3864	9
3865	8
3866	9
3867	11
3868	10
3869	4
3870	7
3871	11
3872	11
3873	7
3874	5
3875	8
3876	13
3877	9
3878	4
3879	11
3880	5
3881	10
3882	10
3883	5
3884	8
3885	8
3886	11
3887	6
3888	11
3889	9
3890	12
3891	6
3892	5
3893	12
3894	5
3895	10
3896	8
3897	4
3898	6
3899	9
3900	9
3901	8
3902	8
3903	4
3904	10
3905	10
3906	10
3907	14
3908	13
3909	7
3910	16
3911	5
3912	6
3913	10
3914	5
3915	12
3916	8
3917	10
3918	12
3919	10
3920	5
3921	11
3922	17
3923	9
3924	11
3925	15
3926	9
3927	7
3928	10
3929	11
3930	15
3931	11
3932	8
3933	7
3934	7
3935	6
3936	12
3937	7
3938	10
3939	8
3940	12
3941	6
3942	8
3943	8
3944	8
3945	8
3946	12
3947	5
3948	12
3949	8
3950	7
3951	9
3952	8
3953	5
3954	8
3955	11
3956	9
3957	11
3958	8
3959	8
3960	5
3961	9
3962	8
3963	12
3964	7
3965	5
3966	9
3967	9
3968	13
3969	11
3970	7
3971	9
3972	9
3973	14
3974	7
3975	9
3976	13
3977	12
3978	10
3979	8
3980	11
3981	14
3982	9
3983	9
3984	10
3985	9
3986	12
3987	9
3988	10
3989	13
3990	10
3991	7
3992	10
3993	10
3994	5
3995	6
3996	5
3997	5
3998	11
3999	7
4000	10
4001	6
4002	14
4003	5
4004	16
4005	10
4006	4
4007	2
4008	11
4009	9
4010	10
4011	7
4012	7
4013	9
4014	8
4015	6
4016	10
4017	8
4018	9
4019	10
4020	4
4021	11
4022	6
4023	10
4024	15
4025	8
4026	7
4027	11
4028	6
4029	5
4030	10
4031	8
4032	13
4033	12
4034	9
4035	12
4036	8
4037	9
4038	13
4039	6
4040	9
4041	10
4042	5
4043	7
4044	14
4045	7
4046	8
4047	8
4048	7
4049	5
4050	12
4051	9
4052	9
4053	6
4054	12
4055	8
4056	12
4057	6
4058	6
4059	6
4060	7
4061	7
4062	9
4063	11
4064	10
4065	5
4066	8
4067	6
4068	17
4069	6
4070	8
4071	9
4072	10
4073	11
4074	9
4075	12
4076	7
4077	10
4078	14
4079	11
4080	12
4081	9
4082	6
4083	7
4084	4
4085	3
4086	10
4087	10
4088	5
4089	9
4090	6
4091	11
4092	11
4093	7
4094	4
4095	10
4096	10
4097	12
4098	7
4099	8
4100	19
4101	5
4102	10
4103	8
4104	12
4105	7
4106	7
4107	12
4108	7
4109	16
4110	9
4111	7
4112	7
4113	6
4114	8
4115	10
4116	8
4117	11
4118	9
4119	11
4120	12
4121	5
4122	4
4123	3
4124	11
4125	11
4126	13
4127	7
4128	8
4129	8
4130	11
4131	5
4132	5
4133	12
4134	9
4135	14
4136	7
4137	7
4138	7
4139	12
4140	4
4141	4
4142	5
4143	4
4144	9
4145	9
4146	10
4147	8
4148	12
4149	13
4150	7
4151	11
4152	8
4153	11
4154	10
4155	9
4156	6
4157	14
4158	8
4159	5
4160	4
4161	8
4162	9
4163	7
4164	8
4165	5
4166	10
4167	11
4168	7
4169	4
4170	8
4171	9
4172	7
4173	12
4174	5
4175	5
4176	11
4177	9
4178	12
4179	13
4180	8
4181	7
4182	10
4183	9
4184	11
4185	7
4186	10
4187	8
4188	8
4189	10
4190	8
4191	10
4192	6
4193	5
4194	8
4195	8
4196	8
4197	6
4198	12
4199	3
4200	4
4201	10
4202	8
4203	10
4204	9
4205	13
4206	6
4207	5
4208	9
4209	9
4210	5
4211	5
4212	12
4213	8
4214	7
4215	4
4216	9
4217	8
4218	10
4219	3
4220	10
4221	9
4222	12
4223	7
4224	13
4225	8
4226	11
4227	6
4228	11
4229	10
4230	3
4231	10
4232	8
4233	6
4234	5
4235	10
4236	7
4237	10
4238	5
4239	6
4240	6
4241	8
4242	6
4243	6
4244	3
4245	7
4246	10
4247	7
4248	7
4249	6
4250	8
4251	13
4252	2
4253	8
4254	10
4255	5
4256	9
4257	6
4258	6
4259	4
4260	3
4261	7
4262	17
4263	7
4264	3
4265	5
4266	8
4267	9
4268	4
4269	4
4270	10
4271	9
4272	5
4273	7
4274	10
4275	11
4276	17
4277	10
4278	9
4279	6
4280	7
4281	6
4282	5
4283	11
4284	6
4285	10
4286	6
4287	7
4288	7
4289	8
4290	14
4291	5
4292	8
4293	8
4294	7
4295	6
4296	6
4297	10
4298	7
4299	7
4300	7
4301	7
4302	7
4303	10
4304	5
4305	13
4306	8
4307	13
4308	9
4309	9
4310	11
4311	7
4312	5
4313	7
4314	7
4315	8
4316	7
4317	4
4318	13
4319	9
4320	10
4321	4
4322	10
4323	4
4324	10
4325	8
4326	3
4327	7
4328	6
4329	4
4330	10
4331	11
4332	8
4333	9
4334	7
4335	7
4336	6
4337	4
4338	5
4339	5
4340	5
4341	5
4342	8
4343	6
4344	4
4345	5
4346	7
4347	5
4348	9
4349	7
4350	9
4351	4
4352	10
4353	5
4354	6
4355	4
4356	11
4357	9
4358	6
4359	15
4360	8
4361	11
4362	8
4363	6
4364	13
4365	7
4366	8
4367	5
4368	7
4369	7
4370	9
4371	7
4372	9
4373	7
4374	8
4375	4
4376	5
4377	7
4378	9
4379	12
4380	10
4381	8
4382	7
4383	9
4384	11
4385	5
4386	7
4387	4
4388	5
4389	4
4390	11
4391	4
4392	7
4393	6
4394	9
4395	13
4396	6
4397	12
4398	9
4399	8
4400	10
4401	5
4402	4
4403	9
4404	13
4405	7
4406	7
4407	5
4408	4
4409	11
4410	7
4411	7
4412	7
4413	11
4414	4
4415	6
4416	5
4417	7
4418	9
4419	9
4420	11
4421	7
4422	3
4423	7
4424	6
4425	5
4426	3
4427	7
4428	8
4429	9
4430	7
4431	4
4432	4
4433	9
4434	12
4435	8
4436	8
4437	8
4438	6
4439	5
4440	3
4441	8
4442	8
4443	10
4444	7
4445	8
4446	6
4447	5
4448	8
4449	11
4450	7
4451	13
4452	6
4453	8
4454	10
4455	12
4456	6
4457	8
4458	6
4459	8
4460	8
4461	7
4462	10
4463	2
4464	7
4465	9
4466	8
4467	6
4468	5
4469	6
4470	10
4471	9
4472	9
4473	6
4474	8
4475	9
4476	8
4477	4
4478	4
4479	8
4480	6
4481	10
4482	6
4483	9
4484	5
4485	6
4486	8
4487	12
4488	7
4489	2
4490	8
4491	6
4492	9
4493	2
4494	11
4495	13
4496	7
4497	7
4498	5
4499	8
4500	10
4501	7
4502	6
4503	5
4504	5
4505	5
4506	7
4507	6
4508	8
4509	7
4510	12
4511	5
4512	11
4513	9
4514	7
4515	12
4516	10
4517	7
4518	10
4519	5
4520	6
4521	4
4522	10
4523	5
4524	11
4525	6
4526	5
4527	1
4528	5
4529	8
4530	6
4531	10
4532	8
4533	4
4534	9
4535	9
4536	5
4537	4
4538	12
4539	7
4540	9
4541	9
4542	5
4543	9
4544	7
4545	8
4546	7
4547	4
4548	9
4549	6
4550	8
4551	2
4552	4
4553	6
4554	6
4555	7
4556	7
4557	9
4558	6
4559	10
4560	4
4561	7
4562	9
4563	8
4564	14
4565	8
4566	6
4567	9
4568	4
4569	4
4570	8
4571	8
4572	10
4573	8
4574	13
4575	1
4576	7
4577	4
4578	4
4579	10
4580	8
4581	9
4582	10
4583	8
4584	5
4585	11
4586	4
4587	9
4588	2
4589	4
4590	9
4591	6
4592	7
4593	9
4594	2
4595	6
4596	6
4597	4
4598	1
4599	2
4600	4
4601	4
4602	6
4603	8
4604	3
4605	6
4606	10
4607	6
4608	7
4609	7
4610	5
4611	13
4612	8
4613	9
4614	9
4615	2
4616	11
4617	12
4618	6
4619	4
4620	6
4621	6
4622	4
4623	9
4624	6
4625	6
4626	6
4627	5
4628	8
4629	9
4630	9
4631	1
4632	5
4633	4
4634	8
4635	6
4636	8
4637	5
4638	12
4639	4
4640	3
4641	4
4642	10
4643	6
4644	10
4645	9
4646	8
4647	6
4648	5
4649	7
4650	4
4651	9
4652	10
4653	2
4654	10
4655	9
4656	5
4657	9
4658	8
4659	4
4660	8
4661	6
4662	10
4663	10
4664	4
4665	4
4666	5
4667	3
4668	5
4669	10
4670	4
4671	10
4672	3
4673	1
4674	3
4675	4
4676	6
4677	8
4678	8
4679	9
4680	5
4681	3
4682	4
4683	3
4684	6
4685	5
4686	6
4687	3
4688	11
4689	6
4690	7
4691	3
4692	7
4693	5
4694	8
4695	6
4696	6
4697	10
4698	5
4699	4
4700	4
4701	8
4702	8
4703	8
4704	6
4705	8
4706	11
4707	6
4708	5
4709	10
4710	4
4711	8
4712	6
4713	6
4714	7
4715	5
4716	12
4717	7
4718	6
4719	7
4720	11
4721	5
4722	8
4723	12
4724	8
4725	5
4726	5
4727	4
4728	8
4729	4
4730	7
4731	7
4732	10
4733	5
4734	9
4735	9
4736	10
4737	8
4738	7
4739	4
4740	7
4741	3
4742	5
4743	6
4744	5
4745	7
4746	8
4747	4
4748	8
4749	10
4750	5
4751	9
4752	8
4753	2
4754	7
4755	6
4756	8
4757	5
4758	7
4759	7
4760	6
4761	4
4762	4
4763	6
4764	7
4765	8
4766	5
4767	2
4768	8
4769	5
4770	11
4771	7
4772	9
4773	14
4774	5
4775	7
4776	4
4777	11
4778	5
4779	5
4780	3
4781	6
4782	9
4783	8
4784	4
4785	8
4786	8
4787	8
4788	7
4789	7
4790	3
4791	4
4792	3
4793	7
4794	9
4795	7
4796	1
4797	6
4798	5
4799	4
4800	4
4801	5
4802	3
4803	8
4804	7
4805	6
4806	6
4807	4
4808	7
4809	7
4810	9
4811	6
4812	7
4813	2
4814	9
4815	9
4816	14
4817	8
4818	6
4819	7
4820	15
4821	6
4822	11
4823	9
4824	5
4825	3
4826	12
4827	6
4828	7
4829	6
4830	5
4831	3
4832	4
4833	4
4834	5
4835	7
4836	11
4837	8
4838	10
4839	9
4840	8
4841	11
4842	9
4843	7
4844	11
4845	4
4846	7
4847	14
4848	12
4849	9
4850	10
4851	6
4852	6
4853	5
4854	8
4855	8
4856	4
4857	7
4858	2
4859	6
4860	6
4861	7
4862	10
4863	8
4864	6
4865	7
4866	8
4867	3
4868	8
4869	7
4870	13
4871	3
4872	9
4873	7
4874	7
4875	7
4876	11
4877	5
4878	2
4879	5
4880	6
4881	5
4882	6
4883	7
4884	10
4885	7
4886	4
4887	8
4888	10
4889	6
4890	6
4891	12
4892	5
4893	6
4894	13
4895	4
4896	11
4897	5
4898	2
4899	5
4900	6
4901	6
4902	5
4903	3
4904	6
4905	7
4906	7
4907	7
4908	6
4909	6
4910	7
4911	4
4912	3
4913	7
4914	9
4915	3
4916	9
4917	6
4918	14
4919	11
4920	4
4921	7
4922	2
4923	12
4924	6
4925	5
4926	6
4927	7
4928	2
4929	6
4930	3
4931	9
4932	6
4933	6
4934	4
4935	6
4936	5
4937	6
4938	2
4939	7
4940	5
4941	6
4942	5
4943	2
4944	3
4945	5
4946	7
4947	5
4948	5
4949	4
4950	4
4951	7
4952	9
4953	7
4954	8
4955	7
4956	4
4957	8
4958	4
4959	3
4960	3
4961	5
4962	4
4963	5
4964	7
4965	6
4966	4
4967	14
4968	6
4969	6
4970	9
4971	2
4972	4
4973	4
4974	6
4975	2
4976	2
4977	7
4978	3
4979	10
4980	9
4981	4
4982	6
4983	4
4984	8
4985	8
4986	11
4987	6
4988	4
4989	7
4990	7
4991	4
4992	9
4993	9
4994	9
4995	8
4996	10
4997	7
4998	4
4999	4
5000	6
5001	7
5002	3
5003	6
5004	5
5005	4
5006	3
5007	7
5008	8
5009	14
5010	9
5011	7
5012	7
5013	8
5014	9
5015	9
5016	5
5017	5
5018	13
5019	5
5020	8
5021	7
5022	10
5023	5
5024	5
5025	7
5026	11
5027	7
5028	5
5029	4
5030	7
5031	9
5032	4
5033	9
5034	7
5035	7
5036	9
5037	8
5038	5
5039	2
5040	10
5041	6
5042	4
5043	5
5044	9
5045	12
5046	7
5047	4
5048	9
5049	11
5050	5
5051	9
5052	5
5053	5
5054	6
5055	5
5056	7
5057	7
5058	5
5059	8
5060	8
5061	8
5062	7
5063	8
5064	5
5065	4
5066	7
5067	8
5068	4
5069	4
5070	1
5071	12
5072	7
5073	6
5074	6
5075	4
5076	8
5077	2
5078	7
5079	5
5080	2
5081	12
5082	8
5083	6
5084	5
5085	4
5086	10
5087	6
5088	6
5089	5
5090	5
5091	4
5092	8
5093	10
5094	6
5095	8
5096	7
5097	6
5098	3
5099	12
5100	8
5101	15
5102	6
5103	8
5104	5
5105	5
5106	8
5107	7
5108	6
5109	10
5110	4
5111	1
5112	6
5113	5
5114	8
5115	10
5116	6
5117	10
5118	8
5119	8
5120	8
5121	4
5122	14
5123	4
5124	7
5125	5
5126	7
5127	8
5128	8
5129	6
5130	9
5131	6
5132	6
5133	6
5134	9
5135	8
5136	8
5137	8
5138	12
5139	6
5140	3
5141	5
5142	7
5143	9
5144	8
5145	3
5146	4
5147	4
5148	2
5149	8
5150	4
5151	3
5152	5
5153	2
5154	6
5155	9
5156	10
5157	9
5158	7
5159	4
5160	7
5161	2
5162	8
5163	12
5164	9
5165	10
5166	0
5167	7
5168	9
5169	4
5170	3
5171	14
5172	4
5173	3
5174	6
5175	6
5176	3
5177	8
5178	3
5179	9
5180	7
5181	11
5182	11
5183	8
5184	7
5185	12
5186	7
5187	8
5188	4
5189	8
5190	9
5191	4
5192	3
5193	7
5194	8
5195	7
5196	9
5197	7
5198	7
5199	4
5200	7
5201	4
5202	5
5203	8
5204	5
5205	6
5206	9
5207	6
5208	5
5209	3
5210	8
5211	7
5212	9
5213	6
5214	7
5215	12
5216	10
5217	5
5218	5
5219	3
5220	9
5221	9
5222	6
5223	8
5224	3
5225	4
5226	6
5227	6
5228	9
5229	7
5230	9
5231	9
5232	4
5233	7
5234	9
5235	3
5236	9
5237	10
5238	3
5239	6
5240	7
5241	3
5242	10
5243	4
5244	6
5245	8
5246	5
5247	7
5248	9
5249	5
5250	5
5251	5
5252	8
5253	7
5254	10
5255	5
5256	5
5257	4
5258	5
5259	9
5260	9
5261	6
5262	8
5263	4
5264	8
5265	5
5266	7
5267	5
5268	4
5269	5
5270	5
5271	9
5272	8
5273	6
5274	3
5275	4
5276	5
5277	5
5278	9
5279	8
5280	11
5281	7
5282	6
5283	10
5284	6
5285	4
5286	4
5287	8
5288	4
5289	9
5290	7
5291	4
5292	6
5293	6
5294	3
5295	5
5296	3
5297	5
5298	6
5299	5
5300	1
5301	4
5302	9
5303	9
5304	11
5305	12
5306	7
5307	13
5308	4
5309	5
5310	2
5311	2
5312	6
5313	6
5314	6
5315	5
5316	4
5317	5
5318	3
5319	8
5320	8
5321	8
5322	9
5323	3
5324	4
5325	7
5326	2
5327	9
5328	3
5329	7
5330	6
5331	7
5332	3
5333	8
5334	3
5335	4
5336	3
5337	9
5338	6
5339	7
5340	5
5341	11
5342	6
5343	12
5344	7
5345	5
5346	4
5347	5
5348	6
5349	7
5350	10
5351	6
5352	5
5353	4
5354	4
5355	4
5356	8
5357	8
5358	7
5359	5
5360	4
5361	5
5362	6
5363	7
5364	7
5365	6
5366	2
5367	9
5368	4
5369	9
5370	12
5371	7
5372	8
5373	2
5374	4
5375	8
5376	6
5377	6
5378	6
5379	7
5380	5
5381	7
5382	4
5383	10
5384	8
5385	9
5386	5
5387	10
5388	7
5389	4
5390	8
5391	3
5392	3
5393	11
5394	4
5395	7
5396	8
5397	6
5398	8
5399	11
5400	4
5401	4
5402	5
5403	9
5404	7
5405	6
5406	6
5407	3
5408	5
5409	4
5410	6
5411	6
5412	10
5413	4
5414	9
5415	5
5416	6
5417	2
5418	9
5419	5
5420	5
5421	6
5422	4
5423	8
5424	4
5425	6
5426	1
5427	5
5428	7
5429	7
5430	8
5431	9
5432	7
5433	2
5434	6
5435	2
5436	7
5437	4
5438	4
5439	5
5440	7
5441	5
5442	7
5443	8
5444	7
5445	5
5446	9
5447	6
5448	8
5449	3
5450	12
5451	6
5452	9
5453	11
5454	8
5455	9
5456	10
5457	5
5458	3
5459	6
5460	8
5461	10
5462	4
5463	5
5464	8
5465	6
5466	10
5467	6
5468	3
5469	5
5470	4
5471	5
5472	6
5473	11
5474	4
5475	10
5476	5
5477	5
5478	6
5479	4
5480	5
5481	8
5482	4
5483	5
5484	3
5485	6
5486	7
5487	11
5488	8
5489	8
5490	12
5491	8
5492	5
5493	2
5494	10
5495	5
5496	5
5497	8
5498	12
5499	5
5500	2
5501	5
5502	4
5503	2
5504	4
5505	6
5506	5
5507	8
5508	5
5509	5
5510	9
5511	8
5512	7
5513	6
5514	4
5515	1
5516	5
5517	3
5518	10
5519	3
5520	7
5521	9
5522	3
5523	7
5524	7
5525	4
5526	8
5527	7
5528	6
5529	5
5530	6
5531	6
5532	9
5533	8
5534	7
5535	6
5536	6
5537	7
5538	6
5539	2
5540	3
5541	6
5542	9
5543	5
5544	5
5545	4
5546	7
5547	4
5548	5
5549	2
5550	7
5551	3
5552	5
5553	8
5554	8
5555	8
5556	5
5557	9
5558	2
5559	4
5560	3
5561	7
5562	7
5563	6
5564	5
5565	6
5566	6
5567	7
5568	7
5569	7
5570	7
5571	6
5572	8
5573	4
5574	5
5575	7
5576	6
5577	7
5578	4
5579	5
5580	7
5581	7
5582	3
5583	9
5584	8
5585	7
5586	7
5587	4
5588	9
5589	3
5590	7
5591	6
5592	9
5593	6
5594	12
5595	6
5596	4
5597	7
5598	13
5599	8
5600	5
5601	5
5602	7
5603	5
5604	6
5605	5
5606	9
5607	5
5608	6
5609	4
5610	7
5611	8
5612	9
5613	4
5614	8
5615	6
5616	9
5617	6
5618	7
5619	4
5620	7
5621	5
5622	6
5623	4
5624	7
5625	8
5626	5
5627	7
5628	3
5629	6
5630	5
5631	7
5632	5
5633	7
5634	6
5635	8
5636	5
5637	11
5638	8
5639	3
5640	9
5641	4
5642	8
5643	3
5644	5
5645	5
5646	7
5647	10
5648	5
5649	10
5650	5
5651	7
5652	3
5653	4
5654	5
5655	6
5656	4
5657	3
5658	4
5659	5
5660	7
5661	4
5662	2
5663	5
5664	8
5665	8
5666	4
5667	7
5668	9
5669	6
5670	8
5671	6
5672	5
5673	8
5674	4
5675	4
5676	3
5677	3
5678	10
5679	11
5680	4
5681	8
5682	13
5683	8
5684	5
5685	10
5686	3
5687	3
5688	3
5689	6
5690	2
5691	3
5692	6
5693	4
5694	7
5695	6
5696	8
5697	8
5698	6
5699	8
5700	5
5701	9
5702	1
5703	9
5704	4
5705	4
5706	8
5707	5
5708	6
5709	7
5710	5
5711	12
5712	7
5713	6
5714	8
5715	5
5716	6
5717	11
5718	7
5719	11
5720	9
5721	8
5722	3
5723	4
5724	6
5725	10
5726	6
5727	5
5728	3
5729	10
5730	8
5731	5
5732	11
5733	7
5734	13
5735	4
5736	5
5737	2
5738	6
5739	5
5740	9
5741	7
5742	12
5743	6
5744	5
5745	11
5746	4
5747	7
5748	5
5749	4
5750	10
5751	11
5752	7
5753	9
5754	7
5755	10
5756	8
5757	6
5758	2
5759	5
5760	5
5761	4
5762	2
5763	7
5764	6
5765	3
5766	4
5767	7
5768	5
5769	8
5770	5
5771	5
5772	4
5773	10
5774	3
5775	6
5776	11
5777	6
5778	5
5779	7
5780	9
5781	7
5782	12
5783	5
5784	10
5785	7
5786	1
5787	9
5788	9
5789	6
5790	9
5791	5
5792	3
5793	6
5794	5
5795	7
5796	4
5797	4
5798	11
5799	6
5800	13
5801	7
5802	8
5803	9
5804	8
5805	7
5806	3
5807	4
5808	4
5809	8
5810	10
5811	3
5812	4
5813	4
5814	7
5815	8
5816	4
5817	9
5818	4
5819	9
5820	7
5821	7
5822	11
5823	10
5824	2
5825	6
5826	6
5827	9
5828	7
5829	6
5830	10
5831	8
5832	8
5833	11
5834	4
5835	7
5836	5
5837	10
5838	3
5839	6
5840	4
5841	5
5842	9
5843	7
5844	5
5845	10
5846	6
5847	3
5848	3
5849	5
5850	10
5851	6
5852	3
5853	7
5854	5
5855	6
5856	4
5857	6
5858	6
5859	9
5860	9
5861	3
5862	13
5863	2
5864	10
5865	9
5866	1
5867	9
5868	9
5869	4
5870	12
5871	5
5872	4
5873	11
5874	5
5875	9
5876	9
5877	4
5878	1
5879	7
5880	8
5881	7
5882	9
5883	13
5884	7
5885	5
5886	6
5887	7
5888	8
5889	5
5890	7
5891	5
5892	6
5893	3
5894	6
5895	8
5896	11
5897	6
5898	5
5899	11
5900	4
5901	7
5902	2
5903	5
5904	6
5905	4
5906	5
5907	8
5908	6
5909	4
5910	8
5911	5
5912	7
5913	9
5914	9
5915	7
5916	6
5917	7
5918	4
5919	5
5920	6
5921	7
5922	8
5923	9
5924	5
5925	9
5926	4
5927	4
5928	9
5929	6
5930	6
5931	4
5932	5
5933	5
5934	4
5935	7
5936	9
5937	11
5938	6
5939	11
5940	5
5941	5
5942	4
5943	8
5944	12
5945	11
5946	7
5947	10
5948	11
5949	8
5950	7
5951	8
5952	8
5953	3
5954	3
5955	6
5956	12
5957	7
5958	5
5959	6
5960	3
5961	1
5962	8
5963	6
5964	7
5965	8
5966	4
5967	5
5968	6
5969	5
5970	6
5971	11
5972	8
5973	9
5974	4
5975	6
5976	4
5977	10
5978	5
5979	9
5980	6
5981	11
5982	6
5983	6
5984	10
5985	7
5986	6
5987	8
5988	7
5989	4
5990	5
5991	10
5992	13
5993	6
5994	3
5995	11
5996	5
5997	5
5998	2
5999	5
6000	9
6001	8
6002	8
6003	9
6004	5
6005	5
6006	11
6007	7
6008	13
6009	9
6010	10
6011	4
6012	12
6013	9
6014	6
6015	9
6016	7
6017	10
6018	5
6019	6
6020	7
6021	6
6022	7
6023	7
6024	11
6025	7
6026	9
6027	6
6028	6
6029	9
6030	10
6031	9
6032	4
6033	12
6034	4
6035	5
6036	9
6037	3
6038	6
6039	12
6040	8
6041	4
6042	7
6043	10
6044	2
6045	6
6046	7
6047	7
6048	9
6049	8
6050	6
6051	5
6052	8
6053	1
6054	9
6055	9
6056	7
6057	3
6058	7
6059	8
6060	7
6061	7
6062	6
6063	8
6064	7
6065	7
6066	5
6067	8
6068	8
6069	7
6070	6
6071	12
6072	6
6073	6
6074	8
6075	4
6076	9
6077	8
6078	4
6079	7
6080	7
6081	11
6082	6
6083	6
6084	9
6085	8
6086	3
6087	5
6088	8
6089	10
6090	10
6091	8
6092	12
6093	3
6094	5
6095	5
6096	10
6097	7
6098	9
6099	6
6100	8
6101	9
6102	7
6103	6
6104	4
6105	8
6106	9
6107	4
6108	6
6109	11
6110	10
6111	10
6112	8
6113	8
6114	7
6115	3
6116	6
6117	8
6118	12
6119	5
6120	7
6121	7
6122	3
6123	10
6124	8
6125	7
6126	5
6127	14
6128	8
6129	5
6130	14
6131	6
6132	10
6133	6
6134	9
6135	10
6136	4
6137	6
6138	3
6139	8
6140	9
6141	5
6142	12
6143	10
6144	7
6145	10
6146	7
6147	7
6148	5
6149	12
6150	4
6151	10
6152	10
6153	4
6154	8
6155	7
6156	12
6157	7
6158	8
6159	12
6160	6
6161	9
6162	15
6163	8
6164	8
6165	11
6166	17
6167	11
6168	11
6169	9
6170	5
6171	7
6172	12
6173	13
6174	9
6175	13
6176	8
6177	4
6178	13
6179	9
6180	10
6181	8
6182	9
6183	10
6184	5
6185	7
6186	9
6187	7
6188	10
6189	5
6190	9
6191	9
6192	9
6193	8
6194	7
6195	8
6196	6
6197	10
6198	12
6199	7
6200	5
6201	7
6202	12
6203	10
6204	6
6205	13
6206	11
6207	6
6208	6
6209	14
6210	6
6211	6
6212	2
6213	9
6214	9
6215	11
6216	7
6217	14
6218	14
6219	4
6220	5
6221	6
6222	12
6223	9
6224	5
6225	11
6226	13
6227	10
6228	4
6229	10
6230	4
6231	7
6232	10
6233	8
6234	9
6235	10
6236	6
6237	11
6238	11
6239	10
6240	5
6241	8
6242	9
6243	6
6244	4
6245	10
6246	11
6247	14
6248	9
6249	10
6250	14
6251	10
6252	9
6253	10
6254	10
6255	13
6256	8
6257	10
6258	8
6259	11
6260	10
6261	11
6262	11
6263	11
6264	9
6265	9
6266	14
6267	8
6268	6
6269	9
6270	3
6271	2
6272	6
6273	13
6274	11
6275	7
6276	9
6277	8
6278	11
6279	12
6280	11
6281	8
6282	7
6283	4
6284	11
6285	12
6286	8
6287	8
6288	9
6289	12
6290	4
6291	8
6292	6
6293	13
6294	7
6295	7
6296	5
6297	10
6298	8
6299	8
6300	14
6301	10
6302	13
6303	9
6304	15
6305	13
6306	12
6307	9
6308	8
6309	8
6310	7
6311	5
6312	11
6313	14
6314	12
6315	14
6316	11
6317	11
6318	13
6319	11
6320	12
6321	14
6322	6
6323	15
6324	7
6325	12
6326	5
6327	15
6328	10
6329	10
6330	11
6331	8
6332	8
6333	12
6334	8
6335	12
6336	8
6337	10
6338	14
6339	17
6340	12
6341	11
6342	12
6343	8
6344	8
6345	12
6346	2
6347	7
6348	7
6349	14
6350	12
6351	8
6352	13
6353	12
6354	10
6355	11
6356	9
6357	14
6358	12
6359	12
6360	12
6361	10
6362	5
6363	8
6364	9
6365	10
6366	10
6367	5
6368	16
6369	8
6370	6
6371	6
6372	10
6373	7
6374	16
6375	6
6376	14
6377	5
6378	9
6379	3
6380	13
6381	10
6382	9
6383	8
6384	13
6385	14
6386	13
6387	3
6388	3
6389	15
6390	14
6391	12
6392	11
6393	10
6394	15
6395	13
6396	12
6397	9
6398	11
6399	11
6400	14
6401	12
6402	14
6403	7
6404	8
6405	10
6406	10
6407	18
6408	9
6409	9
6410	8
6411	7
6412	5
6413	11
6414	11
6415	18
6416	8
6417	12
6418	11
6419	15
6420	13
6421	23
6422	12
6423	13
6424	12
6425	20
6426	12
6427	17
6428	17
6429	15
6430	13
6431	5
6432	11
6433	6
6434	13
6435	7
6436	19
6437	14
6438	13
6439	17
6440	15
6441	14
6442	11
6443	9
6444	15
6445	11
6446	6
6447	6
6448	10
6449	12
6450	10
6451	10
6452	17
6453	10
6454	11
6455	16
6456	8
6457	10
6458	11
6459	10
6460	10
6461	8
6462	8
6463	18
6464	8
6465	15
6466	11
6467	13
6468	13
6469	13
6470	12
6471	12
6472	14
6473	10
6474	14
6475	10
6476	10
6477	10
6478	21
6479	5
6480	16
6481	10
6482	19
6483	13
6484	11
6485	9
6486	9
6487	14
6488	10
6489	14
6490	10
6491	11
6492	9
6493	9
6494	18
6495	11
6496	8
6497	14
6498	11
6499	10
6500	11
6501	13
6502	15
6503	14
6504	9
6505	13
6506	11
6507	14
6508	14
6509	11
6510	8
6511	11
6512	11
6513	11
6514	16
6515	8
6516	11
6517	10
6518	9
6519	5
6520	14
6521	11
6522	16
6523	12
6524	10
6525	12
6526	11
6527	10
6528	9
6529	15
6530	16
6531	14
6532	7
6533	5
6534	12
6535	10
6536	13
6537	12
6538	12
6539	13
6540	11
6541	13
6542	12
6543	16
6544	9
6545	11
6546	8
6547	15
6548	9
6549	11
6550	12
6551	12
6552	7
6553	15
6554	10
6555	11
6556	7
6557	5
6558	10
6559	15
6560	14
6561	17
6562	11
6563	13
6564	9
6565	10
6566	10
6567	13
6568	8
6569	6
6570	15
6571	11
6572	8
6573	13
6574	10
6575	12
6576	9
6577	13
6578	9
6579	10
6580	19
6581	13
6582	9
6583	10
6584	10
6585	16
6586	10
6587	8
6588	10
6589	12
6590	12
6591	10
6592	11
6593	11
6594	7
6595	15
6596	11
6597	6
6598	4
6599	8
6600	8
6601	8
6602	13
6603	8
6604	7
6605	14
6606	13
6607	8
6608	10
6609	10
6610	14
6611	15
6612	6
6613	7
6614	11
6615	10
6616	12
6617	7
6618	13
6619	11
6620	10
6621	10
6622	9
6623	11
6624	8
6625	9
6626	12
6627	13
6628	7
6629	9
6630	8
6631	10
6632	3
6633	5
6634	8
6635	11
6636	13
6637	10
6638	8
6639	9
6640	10
6641	10
6642	9
6643	13
6644	12
6645	7
6646	8
6647	8
6648	9
6649	12
6650	7
6651	8
6652	13
6653	7
6654	14
6655	8
6656	10
6657	8
6658	9
6659	7
6660	9
6661	9
6662	16
6663	8
6664	8
6665	10
6666	8
6667	12
6668	13
6669	7
6670	6
6671	12
6672	10
6673	10
6674	6
6675	4
6676	11
6677	17
6678	12
6679	15
6680	9
6681	9
6682	6
6683	13
6684	10
6685	7
6686	7
6687	11
6688	7
6689	12
6690	3
6691	12
6692	6
6693	6
6694	11
6695	3
6696	11
6697	10
6698	11
6699	11
6700	9
6701	10
6702	7
6703	10
6704	8
6705	6
6706	6
6707	10
6708	8
6709	11
6710	4
6711	6
6712	12
6713	8
6714	9
6715	3
6716	11
6717	9
6718	6
6719	6
6720	9
6721	8
6722	4
6723	5
6724	4
6725	5
6726	8
6727	3
6728	7
6729	7
6730	7
6731	4
6732	9
6733	6
6734	6
6735	14
6736	6
6737	8
6738	10
6739	7
6740	4
6741	7
6742	9
6743	3
6744	2
6745	7
6746	7
6747	8
6748	5
6749	6
6750	9
6751	5
6752	7
6753	6
6754	5
6755	7
6756	4
6757	5
6758	5
6759	1
6760	5
6761	5
6762	5
6763	2
6764	5
6765	6
6766	3
6767	4
6768	1
6769	1
6770	4
6771	4
6772	9
6773	12
6774	9
6775	6
6776	4
6777	4
6778	5
6779	7
6780	11
6781	5
6782	7
6783	4
6784	3
6785	5
6786	5
6787	5
6788	6
6789	1
6790	2
6791	5
6792	3
6793	7
6794	8
6795	2
6796	5
6797	4
6798	5
6799	5
6800	1
6801	4
6802	5
6803	2
6804	3
6805	6
6806	4
6807	6
6808	6
6809	2
6810	5
6811	7
6812	3
6813	5
6814	7
6815	5
6816	7
6817	6
6818	1
6819	5
6820	6
6821	3
6822	4
6823	6
6824	5
6825	5
6826	9
6827	6
6828	4
6829	5
6830	3
6831	10
6832	5
6833	7
6834	2
6835	3
6836	2
6837	2
6838	4
6839	1
6840	6
6841	1
6842	4
6843	3
6844	4
6845	2
6846	3
6847	2
6848	7
6849	2
6850	2
6851	3
6852	0
6853	4
6854	2
6855	2
6856	3
6857	3
6858	3
6859	1
6860	4
6861	4
6862	1
6863	0
6864	1
6865	1
6866	5
6867	4
6868	4
6869	1
6870	5
6871	5
6872	2
6873	0
6874	4
6875	3
6876	1
6877	2
6878	5
6879	3
6880	2
6881	3
6882	3
6883	3
6884	3
6885	4
6886	4
6887	2
6888	1
6889	3
6890	3
6891	6
6892	4
6893	3
6894	3
6895	2
6896	5
6897	2
6898	1
6899	0
6900	1
6901	3
6902	2
6903	2
6904	4
6905	3
6906	3
6907	0
6908	0
6909	0
6910	0
6911	3
6912	3
6913	3
6914	4
6915	3
6916	2
6917	0
6918	2
6919	1
6920	8
6921	1
6922	1
6923	3
6924	3
6925	3
6926	2
6927	2
6928	3
6929	2
6930	3
6931	1
6932	3
6933	1
6934	0
6935	2
6936	2
6937	5
6938	5
6939	0
6940	1
6941	4
6942	3
6943	1
6944	4
6945	1
6946	4
6947	0
6948	2
6949	1
6950	1
6951	1
6952	2
6953	2
6954	1
6955	0
6956	3
6957	2
6958	2
6959	2
6960	1
6961	0
6962	1
6963	1
6964	0
6965	2
6966	2
6967	0
6968	1
6969	2
6970	1
6971	3
6972	1
6973	1
6974	2
6975	0
6976	2
6977	0
6978	3
6979	1
6980	3
6981	0
6982	0
6983	1
6984	1
6985	0
6986	1
6987	0
6988	2
6989	0
6990	1
6991	2
6992	2
6993	2
6994	1
6995	2
6996	0
6997	2
6998	2
6999	0
7000	1
7001	3
7002	0
7003	0
7004	2
7005	1
7006	2
7007	0
7008	1
7009	1
7010	2
7011	1
7012	1
7013	1
7014	4
7015	0
7016	0
7017	0
7018	3
7019	1
7020	2
7021	3
7022	3
7023	0
7024	2
7025	0
7026	2
7027	0
7028	1
7029	1
7030	1
7031	1
7032	0
7033	1
7034	0
7035	0
7036	2
7037	1
7038	2
7039	0
7040	1
7041	1
7042	2
7043	4
7044	0
7045	1
7046	0
7047	2
7048	1
7049	0
7050	0
7051	2
7052	1
7053	2
7054	4
7055	0
7056	0
7057	0
7058	1
7059	0
7060	1
7061	0
7062	2
7063	0
7064	1
7065	0
7066	1
7067	0
7068	1
7069	0
7070	0
7071	0
7072	1
7073	1
7074	0
7075	1
7076	0
7077	1
7078	1
7079	4
7080	1
7081	2
7082	2
7083	1
7084	1
7085	1
7086	1
7087	0
7088	0
7089	1
7090	2
7091	1
7092	1
7093	0
7094	0
7095	0
7096	0
7097	1
7098	1
7099	0
7100	0
7101	0
7102	1
7103	0
7104	2
7105	0
7106	0
7107	1
7108	0
7109	0
7110	1
7111	1
7112	1
7113	2
7114	2
7115	1
7116	1
7117	1
7118	2
7119	1
7120	0
7121	0
7122	1
7123	1
7124	0
7125	0
7126	1
7127	0
7128	0
7129	0
7130	0
7131	0
7132	0
7133	0
7134	0
7135	0
7136	1
7137	1
7138	1
7139	1
7140	1
7141	1
7142	0
7143	1
7144	0
7145	0
7146	0
7147	2
7148	0
7149	0
7150	0
7151	0
7152	1
7153	1
7154	0
7155	2
7156	0
7157	0
7158	0
7159	0
7160	2
7161	1
7162	0
7163	0
7164	3
7165	1
7166	0
7167	0
7168	1
7169	0
7170	0
7171	2
7172	0
7173	0
7174	1
7175	0
7176	2
7177	0
7178	0
7179	0
7180	0
7181	0
7182	0
7183	1
7184	0
7185	1
7186	0
7187	1
7188	2
7189	0
7190	1
7191	1
7192	1
7193	2
7194	5
7195	0
7196	1
7197	0
7198	0
7199	0
7200	0
7201	0
7202	0
7203	0
7204	1
7205	1
7206	1
7207	0
7208	0
7209	1
7210	0
7211	0
7212	0
7213	0
7214	0
7215	1
7216	0
7217	2
7218	0
7219	0
7220	0
7221	0
7222	0
7223	1
7224	0
7225	1
7226	1
7227	0
7228	0
7229	0
7230	1
7231	1
7232	2
7233	0
7234	0
7235	0
7236	2
7237	2
7238	0
7239	1
7240	0
7241	0
7242	1
7243	0
7244	0
7245	1
7246	0
7247	0
7248	0
7249	1
7250	1
7251	1
7252	0
7253	0
7254	0
7255	0
7256	1
7257	0
7258	0
7259	0
7260	0
7261	0
7262	0
7263	0
7264	0
7265	1
7266	0
7267	0
7268	1
7269	1
7270	0
7271	0
7272	1
7273	0
7274	0
7275	0
7276	0
7277	0
7278	0
7279	1
7280	0
7281	0
7282	0
7283	0
7284	3
7285	0
7286	0
7287	0
7288	0
7289	0
7290	1
7291	0
7292	0
7293	0
7294	0
7295	0
7296	1
7297	1
7298	1
7299	1
7300	0
7301	1
7302	0
7303	1
7304	1
7305	3
7306	0
7307	0
7308	2
7309	1
7310	0
7311	0
7312	0
7313	1
7314	0
7315	0
7316	1
7317	1
7318	1
7319	1
7320	0
7321	1
7322	0
7323	0
7324	1
7325	0
7326	0
7327	1
7328	1
7329	0
7330	1
7331	0
7332	1
7333	0
7334	0
7335	0
7336	0
7337	1
7338	0
7339	0
7340	0
7341	0
7342	0
7343	2
7344	0
7345	0
7346	1
7347	0
7348	0
7349	0
7350	0
7351	0
7352	0
7353	0
7354	0
7355	1
7356	0
7357	0
7358	0
7359	1
7360	0
7361	0
7362	0
7363	1
7364	0
7365	1
7366	1
7367	1
7368	0
7369	0
7370	0
7371	0
7372	0
7373	1
7374	1
7375	1
7376	1
7377	1
7378	1
7379	1
7380	0
7381	1
7382	0
7383	0
7384	0
7385	0
7386	2
7387	0
7388	0
7389	1
7390	2
7391	0
7392	0
7393	0
7394	1
7395	0
7396	0
7397	1
7398	0
7399	0
7400	0
7401	1
7402	0
7403	2
7404	0
7405	1
7406	1
7407	0
7408	0
7409	1
7410	1
7411	1
7412	0
7413	2
7414	0
7415	1
7416	1
7417	0
7418	0
7419	1
7420	0
7421	0
7422	0
7423	1
7424	1
7425	1
7426	1
7427	1
7428	0
7429	1
7430	0
7431	3
7432	1
7433	2
7434	0
7435	0
7436	0
7437	1
7438	2
7439	0
7440	0
7441	0
7442	0
7443	0
7444	2
7445	0
7446	0
7447	0
7448	0
7449	0
7450	1
7451	1
7452	0
7453	0
7454	0
7455	0
7456	0
7457	0
7458	2
7459	3
7460	0
7461	1
7462	0
7463	0
7464	0
7465	1
7466	0
7467	0
7468	0
7469	0
7470	0
7471	0
7472	0
7473	0
7474	2
7475	0
7476	1
7477	0
7478	1
7479	1
7480	1
7481	1
7482	0
7483	0
7484	1
7485	0
7486	1
7487	0
7488	1
7489	0
7490	0
7491	1
7492	1
7493	1
7494	0
7495	1
7496	1
7497	1
7498	1
7499	2
7500	1
7501	1
7502	0
7503	2
7504	0
7505	0
7506	0
7507	1
7508	2
7509	1
7510	1
7511	0
7512	0
7513	0
7514	1
7515	0
7516	1
7517	0
7518	0
7519	0
7520	0
7521	0
7522	0
7523	2
7524	1
7525	2
7526	1
7527	0
7528	0
7529	0
7530	0
7531	1
7532	1
7533	0
7534	0
7535	0
7536	1
7537	2
7538	3
7539	0
7540	1
7541	1
7542	3
7543	1
7544	0
7545	0
7546	0
7547	0
7548	3
7549	0
7550	0
7551	1
7552	1
7553	0
7554	0
7555	1
7556	0
7557	0
7558	0
7559	1
7560	0
7561	0
7562	0
7563	0
7564	0
7565	0
7566	1
7567	1
7568	0
7569	1
7570	0
7571	0
7572	0
7573	0
7574	0
7575	0
7576	0
7577	1
7578	1
7579	0
7580	1
7581	0
7582	0
7583	0
7584	1
7585	0
7586	0
7587	2
7588	1
7589	1
7590	0
7591	0
7592	0
7593	1
7594	0
7595	0
7596	1
7597	0
7598	0
7599	0
7600	0
7601	0
7602	0
7603	0
7604	1
7605	0
7606	0
7607	0
7608	0
7609	1
7610	1
7611	0
7612	1
7613	1
7614	1
7615	0
7616	0
7617	1
7618	1
7619	1
7620	1
7621	0
7622	0
7623	0
7624	0
7625	0
7626	1
7627	0
7628	0
7629	2
7630	1
7631	0
7632	0
7633	1
7634	0
7635	0
7636	1
7637	1
7638	1
7639	0
7640	1
7641	0
7642	2
7643	1
7644	0
7645	0
7646	0
7647	1
7648	1
7649	0
7650	0
7651	0
7652	0
7653	1
7654	0
7655	0
7656	0
7657	0
7658	2
7659	0
7660	0
7661	1
7662	1
7663	1
7664	0
7665	0
7666	2
7667	1
7668	0
7669	0
7670	0
7671	3
7672	0
7673	0
7674	2
7675	0
7676	0
7677	0
7678	0
7679	0
7680	1
7681	1
7682	0
7683	2
7684	0
7685	0
7686	0
7687	0
7688	1
7689	1
7690	0
7691	1
7692	1
7693	0
7694	1
7695	0
7696	0
7697	0
7698	1
7699	0
7700	1
7701	0
7702	0
7703	1
7704	0
7705	1
7706	1
7707	1
7708	0
7709	2
7710	1
7711	1
7712	2
7713	0
7714	0
7715	0
7716	1
7717	1
7718	0
7719	0
7720	0
7721	1
7722	1
7723	1
7724	0
7725	0
7726	2
7727	0
7728	1
7729	0
7730	0
7731	0
7732	1
7733	2
7734	0
7735	0
7736	1
7737	0
7738	0
7739	1
7740	3
7741	0
7742	0
7743	0
7744	3
7745	1
7746	1
7747	1
7748	0
7749	1
7750	1
7751	0
7752	2
7753	0
7754	0
7755	0
7756	0
7757	0
7758	0
7759	1
7760	1
7761	0
7762	0
7763	0
7764	2
7765	0
7766	0
7767	1
7768	2
7769	1
7770	0
7771	0
7772	0
7773	0
7774	0
7775	1
7776	1
7777	1
7778	1
7779	0
7780	0
7781	1
7782	0
7783	1
7784	1
7785	0
7786	0
7787	2
7788	1
7789	0
7790	0
7791	0
7792	0
7793	1
7794	1
7795	2
7796	0
7797	1
7798	0
7799	0
7800	0
7801	0
7802	0
7803	1
7804	0
7805	0
7806	0
7807	2
7808	1
7809	1
7810	0
7811	0
7812	1
7813	0
7814	2
7815	0
7816	3
7817	0
7818	0
7819	2
7820	1
7821	0
7822	0
7823	0
7824	2
7825	0
7826	0
7827	2
7828	0
7829	1
7830	0
7831	0
7832	1
7833	2
7834	0
7835	1
7836	0
7837	1
7838	1
7839	0
7840	2
7841	1
7842	1
7843	2
7844	0
7845	1
7846	1
7847	1
7848	0
7849	1
7850	0
7851	0
7852	0
7853	0
7854	0
7855	0
7856	0
7857	0
7858	1
7859	0
7860	1
7861	1
7862	0
7863	2
7864	0
7865	0
7866	0
7867	0
7868	1
7869	0
7870	2
7871	1
7872	0
7873	1
7874	0
7875	1
7876	2
7877	0
7878	0
7879	0
7880	0
7881	0
7882	0
7883	1
7884	0
7885	2
7886	3
7887	0
7888	0
7889	0
7890	0
7891	0
7892	0
7893	1
7894	0
7895	1
7896	0
7897	2
7898	0
7899	1
7900	0
7901	0
7902	1
7903	1
7904	0
7905	0
7906	1
7907	2
7908	0
7909	0
7910	1
7911	1
7912	1
7913	0
7914	0
7915	1
7916	0
7917	1
7918	1
7919	2
7920	1
7921	1
7922	0
7923	0
7924	0
7925	0
7926	0
7927	1
7928	0
7929	0
7930	0
7931	0
7932	0
7933	0
7934	1
7935	0
7936	0
7937	1
7938	0
7939	1
7940	1
7941	0
7942	0
7943	0
7944	2
7945	0
7946	0
7947	0
7948	1
7949	0
7950	1
7951	2
7952	0
7953	0
7954	0
7955	0
7956	0
7957	1
7958	0
7959	1
7960	0
7961	1
7962	0
7963	1
7964	2
7965	0
7966	1
7967	1
7968	1
7969	1
7970	1
7971	1
7972	0
7973	0
7974	0
7975	1
7976	1
7977	1
7978	0
7979	0
7980	0
7981	1
7982	0
7983	1
7984	0
7985	1
7986	0
7987	3
7988	0
7989	0
7990	0
7991	1
7992	0
7993	0
7994	1
7995	1
7996	0
7997	2
7998	1
7999	1
8000	1
8001	0
8002	0
8003	1
8004	0
8005	0
8006	1
8007	1
8008	0
8009	1
8010	1
8011	1
8012	1
8013	1
8014	1
8015	1
8016	0
8017	0
8018	0
8019	0
8020	0
8021	2
8022	0
8023	0
8024	1
8025	0
8026	0
8027	1
8028	1
8029	1
8030	1
8031	0
8032	0
8033	0
8034	0
8035	0
8036	0
8037	0
8038	0
8039	0
8040	2
8041	0
8042	1
8043	0
8044	1
8045	0
8046	0
8047	2
8048	0
8049	1
8050	1
8051	1
8052	1
8053	0
8054	0
8055	0
8056	0
8057	0
8058	1
8059	0
8060	0
8061	1
8062	0
8063	0
8064	1
8065	0
8066	0
8067	1
8068	0
8069	0
8070	2
8071	1
8072	1
8073	2
8074	0
8075	0
8076	0
8077	0
8078	1
8079	0
8080	0
8081	0
8082	0
8083	0
8084	0
8085	0
8086	0
8087	0
8088	0
8089	0
8090	0
8091	0
8092	0
8093	0
8094	0
8095	0
8096	0
8097	0
8098	0
8099	0
8100	0
8101	0
8102	0
8103	0
8104	0
8105	0
8106	0
8107	0
8108	0
8109	0
8110	0
8111	0
8112	0
8113	0
8114	0
8115	0
8116	0
8117	0
8118	0
8119	0
8120	0
8121	0
8122	0
8123	0
8124	0
8125	0
8126	0
8127	0
8128	0
8129	0
8130	0
8131	0
8132	0
8133	0
8134	0
8135	0
8136	0
8137	0
8138	0
8139	0
8140	0
8141	0
8142	0
8143	0
8144	0
8145	0
8146	0
8147	0
8148	0
8149	0
8150	0
8151	0
8152	0
8153	0
8154	0
8155	0
8156	0
8157	0
8158	0
8159	0
8160	0
8161	0
8162	0
8163	0
8164	0
8165	0
8166	0
8167	0
8168	0
8169	0
8170	0
8171	0
8172	0
8173	0
8174	0
8175	0
8176	0
8177	0
8178	0
8179	0
8180	0
8181	0
8182	0
8183	0
8184	0
8185	0
8186	0
8187	0
8188	0
8189	0
8190	0
8191	0
