0	0
1	0
2	0
3	0
4	0
5	0
6	0
7	0
8	0
9	0
10	0
11	0
12	0
13	0
14	0
15	0
16	0
17	0
18	0
19	0
20	0
21	0
22	0
23	0
24	0
25	0
26	0
27	0
28	0
29	0
30	0
31	0
32	0
33	0
34	0
35	0
36	0
37	0
38	0
39	0
40	0
41	0
42	0
43	0
44	0
45	0
46	0
47	0
48	0
49	0
50	0
51	0
52	0
53	0
54	0
55	0
56	0
57	0
58	0
59	0
60	0
61	0
62	0
63	0
64	0
65	0
66	0
67	0
68	0
69	0
70	0
71	0
72	0
73	0
74	0
75	0
76	0
77	0
78	0
79	0
80	0
81	0
82	0
83	0
84	3
85	0
86	5
87	11
88	14
89	13
90	11
91	11
92	14
93	11
94	15
95	13
96	7
97	11
98	10
99	8
100	11
101	9
102	3
103	8
104	7
105	5
106	6
107	7
108	9
109	7
110	5
111	6
112	10
113	7
114	4
115	6
116	6
117	9
118	6
119	8
120	11
121	5
122	7
123	7
124	7
125	10
126	12
127	3
128	5
129	4
130	6
131	6
132	9
133	8
134	6
135	5
136	9
137	6
138	6
139	13
140	12
141	10
142	5
143	10
144	5
145	10
146	12
147	4
148	11
149	11
150	6
151	6
152	9
153	9
154	7
155	7
156	8
157	15
158	9
159	7
160	10
161	7
162	5
163	8
164	12
165	7
166	4
167	8
168	5
169	7
170	5
171	11
172	15
173	8
174	7
175	10
176	2
177	6
178	7
179	7
180	6
181	8
182	7
183	7
184	8
185	6
186	8
187	6
188	5
189	3
190	7
191	10
192	5
193	11
194	6
195	2
196	8
197	9
198	13
199	4
200	7
201	3
202	12
203	11
204	4
205	5
206	7
207	5
208	8
209	7
210	8
211	6
212	9
213	7
214	11
215	12
216	5
217	13
218	9
219	7
220	7
221	8
222	8
223	10
224	6
225	9
226	7
227	10
228	10
229	7
230	11
231	7
232	15
233	11
234	9
235	6
236	10
237	12
238	14
239	9
240	17
241	12
242	7
243	15
244	9
245	8
246	12
247	6
248	8
249	11
250	7
251	8
252	11
253	6
254	8
255	9
256	3
257	9
258	9
259	12
260	19
261	7
262	7
263	10
264	7
265	4
266	2
267	9
268	11
269	11
270	10
271	11
272	9
273	10
274	15
275	6
276	6
277	7
278	7
279	7
280	9
281	11
282	5
283	8
284	8
285	8
286	11
287	9
288	6
289	8
290	12
291	10
292	12
293	17
294	11
295	7
296	4
297	7
298	8
299	9
300	12
301	9
302	7
303	12
304	14
305	5
306	7
307	8
308	11
309	8
310	6
311	12
312	10
313	1
314	9
315	10
316	11
317	8
318	14
319	8
320	8
321	7
322	8
323	2
324	7
325	8
326	7
327	3
328	10
329	11
330	5
331	6
332	9
333	5
334	11
335	10
336	12
337	10
338	8
339	10
340	10
341	8
342	6
343	9
344	12
345	6
346	9
347	9
348	4
349	8
350	5
351	10
352	5
353	10
354	11
355	5
356	10
357	12
358	8
359	10
360	6
361	10
362	3
363	6
364	7
365	13
366	8
367	10
368	14
369	10
370	10
371	5
372	11
373	11
374	7
375	11
376	17
377	10
378	12
379	7
380	11
381	8
382	16
383	11
384	6
385	16
386	12
387	9
388	10
389	9
390	12
391	11
392	9
393	16
394	6
395	12
396	11
397	7
398	10
399	9
400	7
401	7
402	8
403	13
404	8
405	5
406	8
407	7
408	7
409	9
410	10
411	11
412	7
413	10
414	7
415	9
416	10
417	12
418	10
419	9
420	7
421	11
422	9
423	10
424	4
425	6
426	7
427	13
428	8
429	5
430	14
431	7
432	9
433	9
434	10
435	12
436	10
437	7
438	12
439	6
440	10
441	17
442	13
443	9
444	5
445	5
446	9
447	7
448	4
449	4
450	10
451	14
452	15
453	6
454	6
455	9
456	7
457	3
458	10
459	16
460	7
461	7
462	9
463	9
464	14
465	7
466	8
467	5
468	11
469	9
470	5
471	11
472	5
473	10
474	10
475	7
476	10
477	9
478	13
479	5
480	14
481	5
482	6
483	10
484	11
485	7
486	12
487	8
488	11
489	7
490	8
491	16
492	14
493	15
494	6
495	11
496	9
497	12
498	10
499	11
500	14
501	12
502	12
503	7
504	8
505	7
506	10
507	14
508	17
509	11
510	4
511	9
512	13
513	9
514	11
515	9
516	15
517	16
518	13
519	8
520	8
521	10
522	13
523	14
524	8
525	9
526	8
527	10
528	12
529	7
530	11
531	7
532	11
533	10
534	7
535	7
536	11
537	9
538	10
539	13
540	12
541	12
542	11
543	12
544	8
545	13
546	13
547	14
548	15
549	9
550	11
551	8
552	12
553	11
554	11
555	10
556	10
557	14
558	9
559	14
560	6
561	9
562	16
563	6
564	13
565	10
566	8
567	20
568	11
569	9
570	9
571	15
572	11
573	11
574	7
575	6
576	6
577	14
578	10
579	8
580	10
581	8
582	12
583	10
584	16
585	6
586	7
587	11
588	10
589	8
590	6
591	11
592	11
593	14
594	9
595	5
596	12
597	14
598	11
599	10
600	9
601	13
602	15
603	15
604	6
605	8
606	8
607	9
608	4
609	12
610	12
611	6
612	19
613	6
614	10
615	12
616	9
617	15
618	14
619	7
620	11
621	11
622	9
623	9
624	15
625	13
626	10
627	9
628	15
629	11
630	14
631	12
632	17
633	12
634	8
635	12
636	11
637	18
638	6
639	6
640	17
641	11
642	14
643	9
644	7
645	8
646	8
647	12
648	9
649	12
650	10
651	12
652	9
653	9
654	7
655	15
656	11
657	12
658	10
659	14
660	2
661	8
662	7
663	8
664	7
665	12
666	5
667	10
668	15
669	10
670	10
671	14
672	12
673	14
674	12
675	7
676	12
677	10
678	15
679	11
680	21
681	12
682	10
683	13
684	8
685	15
686	14
687	8
688	11
689	15
690	10
691	9
692	14
693	14
694	13
695	5
696	17
697	7
698	7
699	13
700	12
701	14
702	12
703	10
704	11
705	10
706	15
707	11
708	18
709	9
710	12
711	9
712	11
713	19
714	13
715	11
716	10
717	5
718	12
719	10
720	6
721	10
722	12
723	10
724	14
725	16
726	13
727	16
728	12
729	10
730	13
731	15
732	15
733	10
734	9
735	15
736	17
737	10
738	14
739	13
740	13
741	13
742	12
743	8
744	11
745	10
746	15
747	11
748	13
749	13
750	15
751	17
752	13
753	14
754	21
755	9
756	12
757	12
758	14
759	15
760	18
761	14
762	17
763	16
764	15
765	18
766	17
767	12
768	17
769	8
770	18
771	17
772	14
773	13
774	11
775	17
776	21
777	17
778	18
779	18
780	11
781	10
782	29
783	19
784	14
785	20
786	18
787	15
788	17
789	19
790	18
791	19
792	10
793	15
794	21
795	24
796	12
797	21
798	14
799	20
800	16
801	20
802	14
803	18
804	12
805	19
806	22
807	18
808	19
809	17
810	24
811	17
812	23
813	18
814	10
815	22
816	16
817	15
818	18
819	14
820	15
821	16
822	29
823	25
824	21
825	17
826	22
827	14
828	16
829	28
830	15
831	13
832	21
833	23
834	25
835	32
836	22
837	27
838	17
839	14
840	22
841	16
842	21
843	15
844	18
845	17
846	13
847	18
848	25
849	19
850	14
851	23
852	14
853	19
854	13
855	21
856	16
857	23
858	20
859	17
860	20
861	22
862	17
863	18
864	25
865	20
866	19
867	17
868	18
869	18
870	15
871	21
872	22
873	24
874	12
875	20
876	19
877	15
878	19
879	19
880	19
881	16
882	21
883	12
884	18
885	16
886	16
887	15
888	14
889	12
890	19
891	20
892	18
893	21
894	19
895	23
896	16
897	15
898	18
899	18
900	23
901	22
902	16
903	9
904	16
905	13
906	12
907	17
908	18
909	15
910	15
911	21
912	19
913	15
914	21
915	23
916	17
917	19
918	16
919	7
920	16
921	10
922	22
923	14
924	16
925	14
926	20
927	9
928	13
929	21
930	16
931	12
932	22
933	13
934	17
935	18
936	17
937	12
938	15
939	14
940	19
941	21
942	16
943	11
944	13
945	17
946	10
947	21
948	19
949	17
950	14
951	11
952	16
953	18
954	13
955	15
956	16
957	15
958	12
959	10
960	17
961	13
962	16
963	18
964	21
965	24
966	18
967	11
968	21
969	16
970	12
971	17
972	18
973	12
974	15
975	12
976	19
977	17
978	21
979	13
980	23
981	25
982	17
983	15
984	24
985	25
986	13
987	15
988	16
989	15
990	18
991	16
992	18
993	11
994	12
995	21
996	11
997	23
998	9
999	15
1000	10
1001	17
1002	13
1003	19
1004	19
1005	15
1006	17
1007	16
1008	10
1009	20
1010	17
1011	14
1012	9
1013	16
1014	20
1015	12
1016	16
1017	16
1018	17
1019	19
1020	22
1021	18
1022	12
1023	12
1024	17
1025	22
1026	13
1027	19
1028	11
1029	8
1030	18
1031	7
1032	17
1033	9
1034	12
1035	12
1036	12
1037	17
1038	13
1039	12
1040	13
1041	10
1042	11
1043	10
1044	11
1045	11
1046	13
1047	6
1048	17
1049	11
1050	17
1051	18
1052	31
1053	12
1054	12
1055	18
1056	14
1057	15
1058	13
1059	14
1060	18
1061	14
1062	9
1063	11
1064	9
1065	16
1066	21
1067	15
1068	13
1069	12
1070	16
1071	14
1072	12
1073	13
1074	14
1075	26
1076	11
1077	14
1078	18
1079	10
1080	14
1081	13
1082	18
1083	13
1084	8
1085	21
1086	7
1087	14
1088	14
1089	11
1090	7
1091	23
1092	13
1093	15
1094	11
1095	14
1096	17
1097	14
1098	25
1099	20
1100	18
1101	14
1102	16
1103	21
1104	7
1105	15
1106	25
1107	9
1108	21
1109	15
1110	12
1111	15
1112	19
1113	15
1114	13
1115	8
1116	15
1117	11
1118	16
1119	13
1120	21
1121	13
1122	20
1123	13
1124	17
1125	18
1126	19
1127	16
1128	17
1129	19
1130	20
1131	12
1132	11
1133	9
1134	12
1135	15
1136	16
1137	16
1138	17
1139	17
1140	18
1141	15
1142	15
1143	12
1144	13
1145	19
1146	13
1147	18
1148	18
1149	6
1150	13
1151	10
1152	17
1153	17
1154	12
1155	18
1156	15
1157	19
1158	8
1159	18
1160	15
1161	19
1162	18
1163	15
1164	9
1165	13
1166	13
1167	18
1168	18
1169	11
1170	18
1171	13
1172	17
1173	19
1174	14
1175	16
1176	15
1177	10
1178	16
1179	16
1180	16
1181	16
1182	18
1183	16
1184	25
1185	10
1186	15
1187	9
1188	16
1189	17
1190	13
1191	10
1192	16
1193	14
1194	19
1195	16
1196	17
1197	11
1198	8
1199	13
1200	18
1201	25
1202	14
1203	16
1204	19
1205	15
1206	21
1207	19
1208	11
1209	17
1210	11
1211	21
1212	17
1213	12
1214	18
1215	18
1216	13
1217	18
1218	15
1219	25
1220	13
1221	20
1222	17
1223	18
1224	15
1225	24
1226	14
1227	24
1228	17
1229	11
1230	15
1231	18
1232	15
1233	9
1234	13
1235	19
1236	20
1237	21
1238	20
1239	23
1240	13
1241	16
1242	16
1243	13
1244	12
1245	25
1246	19
1247	17
1248	18
1249	19
1250	19
1251	24
1252	16
1253	21
1254	16
1255	21
1256	20
1257	18
1258	17
1259	20
1260	22
1261	15
1262	23
1263	14
1264	19
1265	19
1266	14
1267	23
1268	10
1269	18
1270	10
1271	17
1272	24
1273	13
1274	22
1275	13
1276	25
1277	16
1278	14
1279	19
1280	15
1281	26
1282	22
1283	18
1284	27
1285	17
1286	17
1287	21
1288	12
1289	17
1290	19
1291	14
1292	17
1293	17
1294	24
1295	14
1296	12
1297	13
1298	19
1299	19
1300	20
1301	21
1302	16
1303	11
1304	19
1305	14
1306	20
1307	18
1308	23
1309	21
1310	15
1311	26
1312	25
1313	12
1314	22
1315	14
1316	14
1317	27
1318	23
1319	24
1320	19
1321	26
1322	12
1323	20
1324	22
1325	24
1326	20
1327	23
1328	23
1329	22
1330	17
1331	10
1332	25
1333	13
1334	26
1335	25
1336	20
1337	24
1338	13
1339	16
1340	8
1341	16
1342	16
1343	10
1344	21
1345	22
1346	15
1347	24
1348	22
1349	20
1350	17
1351	21
1352	22
1353	26
1354	19
1355	27
1356	19
1357	23
1358	16
1359	29
1360	18
1361	21
1362	25
1363	19
1364	19
1365	20
1366	19
1367	17
1368	18
1369	19
1370	17
1371	25
1372	24
1373	26
1374	22
1375	20
1376	21
1377	16
1378	21
1379	15
1380	22
1381	17
1382	22
1383	15
1384	14
1385	23
1386	21
1387	24
1388	18
1389	15
1390	18
1391	11
1392	19
1393	25
1394	18
1395	17
1396	28
1397	22
1398	22
1399	20
1400	20
1401	19
1402	26
1403	20
1404	21
1405	22
1406	20
1407	20
1408	27
1409	21
1410	17
1411	25
1412	18
1413	14
1414	14
1415	17
1416	29
1417	26
1418	27
1419	21
1420	27
1421	20
1422	14
1423	23
1424	17
1425	18
1426	17
1427	17
1428	18
1429	17
1430	21
1431	9
1432	12
1433	19
1434	22
1435	28
1436	29
1437	14
1438	29
1439	16
1440	21
1441	30
1442	21
1443	25
1444	18
1445	20
1446	22
1447	21
1448	17
1449	18
1450	17
1451	24
1452	15
1453	15
1454	25
1455	14
1456	18
1457	22
1458	19
1459	14
1460	17
1461	18
1462	30
1463	15
1464	21
1465	14
1466	27
1467	27
1468	19
1469	27
1470	21
1471	21
1472	17
1473	21
1474	20
1475	22
1476	18
1477	18
1478	22
1479	20
1480	23
1481	17
1482	26
1483	13
1484	15
1485	22
1486	20
1487	21
1488	19
1489	26
1490	17
1491	37
1492	26
1493	24
1494	16
1495	20
1496	16
1497	28
1498	18
1499	31
1500	25
1501	16
1502	16
1503	23
1504	17
1505	16
1506	27
1507	20
1508	23
1509	26
1510	21
1511	17
1512	30
1513	18
1514	21
1515	19
1516	24
1517	21
1518	25
1519	24
1520	17
1521	19
1522	14
1523	24
1524	25
1525	20
1526	21
1527	20
1528	21
1529	19
1530	18
1531	29
1532	12
1533	17
1534	21
1535	22
1536	21
1537	32
1538	20
1539	19
1540	16
1541	17
1542	30
1543	16
1544	17
1545	14
1546	20
1547	22
1548	24
1549	23
1550	26
1551	21
1552	24
1553	17
1554	15
1555	22
1556	25
1557	17
1558	26
1559	18
1560	16
1561	23
1562	13
1563	26
1564	20
1565	20
1566	16
1567	21
1568	23
1569	18
1570	27
1571	28
1572	26
1573	16
1574	27
1575	17
1576	15
1577	28
1578	19
1579	20
1580	24
1581	30
1582	18
1583	19
1584	24
1585	23
1586	21
1587	22
1588	21
1589	31
1590	19
1591	20
1592	20
1593	20
1594	28
1595	21
1596	25
1597	29
1598	18
1599	29
1600	18
1601	16
1602	17
1603	28
1604	24
1605	23
1606	21
1607	16
1608	21
1609	16
1610	23
1611	24
1612	26
1613	25
1614	24
1615	23
1616	26
1617	21
1618	22
1619	15
1620	27
1621	15
1622	26
1623	32
1624	24
1625	21
1626	18
1627	24
1628	28
1629	16
1630	22
1631	15
1632	17
1633	18
1634	28
1635	29
1636	19
1637	25
1638	22
1639	24
1640	21
1641	20
1642	20
1643	12
1644	21
1645	17
1646	21
1647	18
1648	15
1649	15
1650	15
1651	20
1652	28
1653	28
1654	16
1655	23
1656	21
1657	31
1658	21
1659	14
1660	28
1661	19
1662	24
1663	23
1664	21
1665	18
1666	19
1667	19
1668	26
1669	22
1670	20
1671	22
1672	19
1673	28
1674	21
1675	18
1676	20
1677	27
1678	22
1679	29
1680	21
1681	21
1682	16
1683	26
1684	17
1685	21
1686	17
1687	28
1688	14
1689	25
1690	21
1691	20
1692	24
1693	24
1694	20
1695	20
1696	24
1697	17
1698	20
1699	21
1700	24
1701	15
1702	26
1703	27
1704	19
1705	24
1706	24
1707	21
1708	23
1709	21
1710	17
1711	23
1712	16
1713	27
1714	23
1715	17
1716	20
1717	27
1718	20
1719	25
1720	18
1721	28
1722	15
1723	27
1724	10
1725	19
1726	22
1727	23
1728	24
1729	20
1730	15
1731	24
1732	25
1733	19
1734	30
1735	18
1736	19
1737	19
1738	25
1739	21
1740	18
1741	18
1742	20
1743	22
1744	21
1745	35
1746	27
1747	22
1748	20
1749	25
1750	28
1751	24
1752	36
1753	24
1754	21
1755	33
1756	19
1757	14
1758	23
1759	28
1760	17
1761	26
1762	27
1763	18
1764	18
1765	14
1766	29
1767	27
1768	26
1769	17
1770	24
1771	21
1772	32
1773	31
1774	22
1775	19
1776	25
1777	27
1778	31
1779	26
1780	19
1781	22
1782	21
1783	28
1784	27
1785	18
1786	19
1787	18
1788	21
1789	15
1790	14
1791	26
1792	25
1793	22
1794	20
1795	23
1796	23
1797	18
1798	25
1799	24
1800	22
1801	20
1802	23
1803	20
1804	27
1805	20
1806	23
1807	16
1808	15
1809	23
1810	18
1811	27
1812	23
1813	24
1814	26
1815	23
1816	22
1817	21
1818	26
1819	24
1820	24
1821	25
1822	18
1823	29
1824	27
1825	20
1826	19
1827	27
1828	25
1829	31
1830	24
1831	16
1832	21
1833	29
1834	17
1835	32
1836	16
1837	25
1838	35
1839	12
1840	25
1841	25
1842	26
1843	16
1844	27
1845	18
1846	24
1847	25
1848	27
1849	28
1850	26
1851	21
1852	25
1853	25
1854	28
1855	24
1856	21
1857	27
1858	27
1859	23
1860	22
1861	22
1862	27
1863	30
1864	22
1865	22
1866	25
1867	21
1868	24
1869	20
1870	24
1871	20
1872	21
1873	23
1874	16
1875	14
1876	28
1877	15
1878	22
1879	23
1880	18
1881	23
1882	34
1883	18
1884	24
1885	22
1886	23
1887	22
1888	23
1889	26
1890	18
1891	22
1892	24
1893	26
1894	25
1895	23
1896	19
1897	33
1898	26
1899	21
1900	23
1901	19
1902	28
1903	20
1904	25
1905	24
1906	17
1907	22
1908	31
1909	30
1910	27
1911	20
1912	19
1913	18
1914	33
1915	23
1916	30
1917	24
1918	28
1919	21
1920	33
1921	26
1922	23
1923	38
1924	21
1925	20
1926	24
1927	27
1928	28
1929	34
1930	25
1931	25
1932	22
1933	25
1934	24
1935	30
1936	23
1937	22
1938	27
1939	27
1940	20
1941	30
1942	22
1943	26
1944	28
1945	24
1946	19
1947	24
1948	21
1949	24
1950	31
1951	27
1952	21
1953	34
1954	23
1955	24
1956	27
1957	24
1958	22
1959	27
1960	27
1961	34
1962	17
1963	27
1964	19
1965	23
1966	25
1967	26
1968	16
1969	18
1970	25
1971	22
1972	26
1973	21
1974	22
1975	22
1976	22
1977	32
1978	25
1979	20
1980	27
1981	26
1982	29
1983	18
1984	14
1985	21
1986	30
1987	24
1988	21
1989	21
1990	27
1991	18
1992	21
1993	27
1994	20
1995	22
1996	23
1997	37
1998	24
1999	20
2000	23
2001	26
2002	20
2003	19
2004	21
2005	24
2006	21
2007	28
2008	27
2009	27
2010	32
2011	24
2012	27
2013	22
2014	15
2015	26
2016	24
2017	27
2018	26
2019	16
2020	19
2021	24
2022	23
2023	24
2024	33
2025	21
2026	27
2027	26
2028	15
2029	27
2030	22
2031	19
2032	19
2033	25
2034	20
2035	27
2036	33
2037	32
2038	32
2039	26
2040	28
2041	16
2042	24
2043	19
2044	20
2045	19
2046	22
2047	22
2048	36
2049	17
2050	21
2051	28
2052	35
2053	23
2054	26
2055	34
2056	26
2057	26
2058	26
2059	32
2060	36
2061	18
2062	26
2063	25
2064	27
2065	26
2066	30
2067	27
2068	24
2069	26
2070	22
2071	23
2072	34
2073	26
2074	28
2075	19
2076	25
2077	24
2078	26
2079	23
2080	21
2081	28
2082	29
2083	42
2084	20
2085	33
2086	30
2087	25
2088	31
2089	27
2090	33
2091	27
2092	21
2093	22
2094	33
2095	25
2096	35
2097	23
2098	16
2099	32
2100	35
2101	34
2102	31
2103	23
2104	43
2105	24
2106	36
2107	28
2108	22
2109	22
2110	34
2111	22
2112	20
2113	26
2114	24
2115	16
2116	37
2117	36
2118	23
2119	32
2120	21
2121	22
2122	29
2123	17
2124	19
2125	28
2126	16
2127	27
2128	26
2129	32
2130	26
2131	39
2132	28
2133	23
2134	30
2135	25
2136	25
2137	32
2138	29
2139	31
2140	24
2141	31
2142	23
2143	29
2144	22
2145	28
2146	31
2147	22
2148	22
2149	28
2150	30
2151	20
2152	23
2153	26
2154	18
2155	32
2156	25
2157	28
2158	21
2159	14
2160	21
2161	35
2162	39
2163	24
2164	25
2165	21
2166	27
2167	29
2168	32
2169	21
2170	30
2171	26
2172	22
2173	25
2174	21
2175	17
2176	30
2177	30
2178	28
2179	23
2180	25
2181	27
2182	17
2183	21
2184	32
2185	23
2186	26
2187	24
2188	23
2189	21
2190	29
2191	24
2192	15
2193	31
2194	20
2195	21
2196	30
2197	27
2198	32
2199	24
2200	32
2201	20
2202	26
2203	19
2204	32
2205	30
2206	30
2207	39
2208	19
2209	31
2210	30
2211	27
2212	28
2213	21
2214	38
2215	30
2216	19
2217	26
2218	25
2219	22
2220	25
2221	16
2222	25
2223	30
2224	33
2225	29
2226	22
2227	18
2228	26
2229	22
2230	36
2231	26
2232	18
2233	21
2234	24
2235	29
2236	23
2237	23
2238	35
2239	16
2240	30
2241	20
2242	19
2243	25
2244	23
2245	30
2246	18
2247	29
2248	21
2249	24
2250	22
2251	22
2252	29
2253	16
2254	25
2255	29
2256	25
2257	28
2258	33
2259	25
2260	30
2261	25
2262	23
2263	25
2264	26
2265	31
2266	21
2267	27
2268	18
2269	28
2270	24
2271	22
2272	24
2273	27
2274	24
2275	21
2276	29
2277	31
2278	21
2279	23
2280	22
2281	24
2282	27
2283	19
2284	22
2285	18
2286	26
2287	21
2288	16
2289	26
2290	14
2291	22
2292	24
2293	29
2294	26
2295	21
2296	23
2297	17
2298	25
2299	24
2300	24
2301	26
2302	20
2303	17
2304	24
2305	23
2306	22
2307	29
2308	23
2309	27
2310	22
2311	23
2312	18
2313	23
2314	25
2315	16
2316	21
2317	23
2318	19
2319	14
2320	26
2321	21
2322	32
2323	19
2324	20
2325	17
2326	23
2327	29
2328	24
2329	19
2330	27
2331	22
2332	15
2333	17
2334	21
2335	23
2336	9
2337	22
2338	20
2339	25
2340	25
2341	27
2342	19
2343	30
2344	22
2345	26
2346	25
2347	25
2348	18
2349	27
2350	21
2351	25
2352	18
2353	34
2354	20
2355	16
2356	28
2357	22
2358	20
2359	25
2360	22
2361	28
2362	16
2363	25
2364	21
2365	19
2366	21
2367	24
2368	20
2369	32
2370	17
2371	24
2372	24
2373	28
2374	16
2375	25
2376	20
2377	18
2378	20
2379	19
2380	19
2381	21
2382	24
2383	20
2384	25
2385	10
2386	23
2387	29
2388	21
2389	26
2390	18
2391	14
2392	17
2393	11
2394	19
2395	23
2396	27
2397	30
2398	20
2399	13
2400	23
2401	28
2402	20
2403	21
2404	20
2405	23
2406	24
2407	16
2408	23
2409	19
2410	16
2411	27
2412	19
2413	26
2414	18
2415	14
2416	17
2417	14
2418	20
2419	30
2420	17
2421	22
2422	22
2423	16
2424	16
2425	19
2426	18
2427	22
2428	23
2429	14
2430	22
2431	26
2432	20
2433	22
2434	23
2435	20
2436	22
2437	27
2438	14
2439	27
2440	23
2441	19
2442	21
2443	28
2444	24
2445	19
2446	22
2447	18
2448	17
2449	16
2450	11
2451	15
2452	15
2453	20
2454	16
2455	26
2456	18
2457	17
2458	17
2459	16
2460	17
2461	15
2462	11
2463	17
2464	15
2465	18
2466	17
2467	15
2468	21
2469	16
2470	22
2471	17
2472	17
2473	20
2474	24
2475	23
2476	19
2477	14
2478	20
2479	21
2480	23
2481	22
2482	18
2483	19
2484	20
2485	20
2486	13
2487	19
2488	11
2489	21
2490	20
2491	17
2492	19
2493	22
2494	23
2495	15
2496	13
2497	14
2498	17
2499	19
2500	18
2501	22
2502	16
2503	23
2504	18
2505	21
2506	15
2507	21
2508	20
2509	20
2510	19
2511	21
2512	21
2513	24
2514	22
2515	21
2516	19
2517	18
2518	22
2519	21
2520	17
2521	15
2522	23
2523	22
2524	25
2525	14
2526	27
2527	15
2528	16
2529	24
2530	17
2531	13
2532	14
2533	18
2534	31
2535	23
2536	22
2537	18
2538	17
2539	12
2540	20
2541	10
2542	16
2543	21
2544	13
2545	18
2546	18
2547	15
2548	29
2549	17
2550	20
2551	18
2552	13
2553	22
2554	23
2555	16
2556	18
2557	16
2558	12
2559	19
2560	20
2561	15
2562	17
2563	17
2564	26
2565	20
2566	12
2567	13
2568	20
2569	14
2570	19
2571	14
2572	21
2573	18
2574	12
2575	17
2576	18
2577	19
2578	18
2579	18
2580	13
2581	20
2582	19
2583	13
2584	16
2585	26
2586	16
2587	16
2588	14
2589	12
2590	13
2591	22
2592	16
2593	14
2594	23
2595	16
2596	20
2597	14
2598	17
2599	20
2600	24
2601	15
2602	18
2603	20
2604	17
2605	26
2606	24
2607	16
2608	19
2609	12
2610	22
2611	15
2612	18
2613	16
2614	16
2615	26
2616	23
2617	21
2618	25
2619	19
2620	14
2621	19
2622	14
2623	16
2624	19
2625	9
2626	11
2627	11
2628	12
2629	18
2630	17
2631	14
2632	20
2633	24
2634	12
2635	18
2636	12
2637	17
2638	16
2639	20
2640	19
2641	18
2642	18
2643	16
2644	14
2645	21
2646	19
2647	10
2648	19
2649	13
2650	13
2651	14
2652	19
2653	19
2654	13
2655	27
2656	19
2657	23
2658	17
2659	16
2660	22
2661	9
2662	13
2663	20
2664	9
2665	14
2666	18
2667	25
2668	13
2669	23
2670	17
2671	19
2672	26
2673	16
2674	17
2675	22
2676	11
2677	21
2678	17
2679	20
2680	22
2681	13
2682	13
2683	19
2684	20
2685	16
2686	18
2687	18
2688	19
2689	25
2690	23
2691	18
2692	9
2693	16
2694	21
2695	25
2696	18
2697	15
2698	17
2699	17
2700	18
2701	16
2702	27
2703	16
2704	23
2705	17
2706	15
2707	13
2708	16
2709	12
2710	14
2711	13
2712	19
2713	20
2714	18
2715	9
2716	14
2717	16
2718	26
2719	11
2720	29
2721	12
2722	18
2723	19
2724	20
2725	14
2726	22
2727	19
2728	13
2729	20
2730	18
2731	18
2732	12
2733	20
2734	19
2735	17
2736	27
2737	23
2738	15
2739	18
2740	21
2741	14
2742	21
2743	16
2744	21
2745	15
2746	13
2747	21
2748	21
2749	14
2750	16
2751	21
2752	14
2753	14
2754	17
2755	32
2756	19
2757	26
2758	18
2759	21
2760	14
2761	18
2762	16
2763	24
2764	23
2765	17
2766	22
2767	18
2768	17
2769	14
2770	23
2771	17
2772	15
2773	19
2774	17
2775	14
2776	31
2777	25
2778	28
2779	18
2780	16
2781	22
2782	17
2783	17
2784	22
2785	18
2786	29
2787	19
2788	21
2789	20
2790	19
2791	16
2792	20
2793	23
2794	11
2795	24
2796	17
2797	25
2798	19
2799	20
2800	19
2801	21
2802	29
2803	18
2804	22
2805	23
2806	19
2807	12
2808	20
2809	21
2810	13
2811	14
2812	22
2813	24
2814	18
2815	15
2816	22
2817	19
2818	17
2819	31
2820	29
2821	23
2822	21
2823	27
2824	19
2825	14
2826	23
2827	32
2828	25
2829	18
2830	21
2831	20
2832	23
2833	30
2834	16
2835	18
2836	29
2837	16
2838	20
2839	20
2840	15
2841	22
2842	22
2843	21
2844	22
2845	25
2846	16
2847	17
2848	16
2849	22
2850	17
2851	25
2852	20
2853	27
2854	24
2855	23
2856	20
2857	22
2858	20
2859	25
2860	20
2861	21
2862	17
2863	30
2864	16
2865	20
2866	25
2867	17
2868	20
2869	18
2870	21
2871	26
2872	21
2873	22
2874	27
2875	24
2876	22
2877	27
2878	22
2879	21
2880	23
2881	22
2882	27
2883	26
2884	20
2885	24
2886	23
2887	32
2888	14
2889	29
2890	13
2891	12
2892	20
2893	18
2894	18
2895	27
2896	14
2897	15
2898	20
2899	26
2900	27
2901	19
2902	14
2903	24
2904	28
2905	29
2906	24
2907	21
2908	23
2909	26
2910	25
2911	21
2912	23
2913	25
2914	30
2915	22
2916	22
2917	19
2918	29
2919	25
2920	25
2921	25
2922	26
2923	21
2924	23
2925	15
2926	22
2927	16
2928	27
2929	29
2930	22
2931	23
2932	21
2933	24
2934	25
2935	25
2936	26
2937	29
2938	23
2939	26
2940	26
2941	24
2942	28
2943	25
2944	26
2945	21
2946	23
2947	18
2948	14
2949	16
2950	25
2951	18
2952	27
2953	19
2954	24
2955	24
2956	20
2957	33
2958	22
2959	25
2960	15
2961	21
2962	22
2963	19
2964	29
2965	21
2966	25
2967	20
2968	23
2969	25
2970	28
2971	26
2972	22
2973	32
2974	21
2975	23
2976	17
2977	22
2978	29
2979	33
2980	13
2981	22
2982	28
2983	29
2984	20
2985	23
2986	22
2987	18
2988	24
2989	28
2990	26
2991	17
2992	30
2993	22
2994	23
2995	25
2996	25
2997	24
2998	37
2999	30
3000	25
3001	24
3002	25
3003	15
3004	30
3005	40
3006	31
3007	8
3008	31
3009	21
3010	25
3011	23
3012	27
3013	32
3014	24
3015	31
3016	16
3017	19
3018	21
3019	26
3020	24
3021	22
3022	28
3023	17
3024	23
3025	20
3026	21
3027	24
3028	20
3029	35
3030	24
3031	17
3032	25
3033	28
3034	21
3035	18
3036	33
3037	33
3038	26
3039	20
3040	21
3041	34
3042	28
3043	30
3044	24
3045	26
3046	21
3047	20
3048	23
3049	32
3050	31
3051	22
3052	11
3053	31
3054	27
3055	32
3056	29
3057	28
3058	27
3059	18
3060	21
3061	20
3062	20
3063	17
3064	22
3065	37
3066	20
3067	21
3068	20
3069	22
3070	27
3071	18
3072	34
3073	23
3074	23
3075	17
3076	26
3077	31
3078	34
3079	18
3080	35
3081	17
3082	30
3083	20
3084	22
3085	26
3086	25
3087	22
3088	18
3089	30
3090	29
3091	31
3092	25
3093	16
3094	27
3095	22
3096	28
3097	21
3098	22
3099	18
3100	36
3101	17
3102	32
3103	32
3104	26
3105	20
3106	33
3107	27
3108	30
3109	23
3110	20
3111	27
3112	25
3113	21
3114	24
3115	34
3116	30
3117	22
3118	17
3119	22
3120	36
3121	26
3122	30
3123	24
3124	36
3125	23
3126	27
3127	29
3128	22
3129	19
3130	28
3131	38
3132	35
3133	31
3134	23
3135	33
3136	25
3137	28
3138	35
3139	26
3140	32
3141	24
3142	24
3143	24
3144	25
3145	18
3146	28
3147	16
3148	26
3149	30
3150	29
3151	23
3152	28
3153	26
3154	25
3155	33
3156	37
3157	21
3158	22
3159	16
3160	23
3161	22
3162	19
3163	24
3164	34
3165	32
3166	32
3167	24
3168	25
3169	30
3170	18
3171	27
3172	24
3173	31
3174	34
3175	24
3176	29
3177	24
3178	24
3179	26
3180	27
3181	22
3182	28
3183	23
3184	29
3185	23
3186	30
3187	28
3188	21
3189	24
3190	30
3191	24
3192	26
3193	33
3194	23
3195	18
3196	32
3197	23
3198	30
3199	31
3200	16
3201	17
3202	24
3203	26
3204	20
3205	22
3206	23
3207	27
3208	28
3209	36
3210	17
3211	27
3212	26
3213	30
3214	25
3215	29
3216	27
3217	25
3218	16
3219	15
3220	20
3221	24
3222	29
3223	21
3224	18
3225	23
3226	19
3227	31
3228	23
3229	17
3230	20
3231	16
3232	30
3233	14
3234	9
3235	31
3236	25
3237	40
3238	19
3239	28
3240	22
3241	25
3242	22
3243	24
3244	21
3245	25
3246	15
3247	15
3248	29
3249	23
3250	17
3251	28
3252	24
3253	17
3254	23
3255	22
3256	23
3257	15
3258	22
3259	24
3260	19
3261	21
3262	15
3263	24
3264	23
3265	32
3266	21
3267	20
3268	30
3269	24
3270	14
3271	18
3272	19
3273	15
3274	32
3275	18
3276	21
3277	21
3278	27
3279	17
3280	16
3281	19
3282	17
3283	16
3284	22
3285	24
3286	20
3287	23
3288	20
3289	16
3290	10
3291	19
3292	16
3293	24
3294	23
3295	26
3296	17
3297	16
3298	23
3299	15
3300	27
3301	24
3302	22
3303	16
3304	18
3305	16
3306	20
3307	22
3308	23
3309	20
3310	16
3311	20
3312	19
3313	16
3314	24
3315	17
3316	20
3317	23
3318	15
3319	19
3320	24
3321	21
3322	14
3323	21
3324	17
3325	21
3326	22
3327	16
3328	22
3329	26
3330	16
3331	17
3332	12
3333	17
3334	27
3335	13
3336	26
3337	18
3338	19
3339	19
3340	14
3341	30
3342	12
3343	12
3344	20
3345	13
3346	22
3347	15
3348	20
3349	15
3350	18
3351	19
3352	16
3353	19
3354	22
3355	18
3356	14
3357	15
3358	16
3359	19
3360	17
3361	16
3362	17
3363	21
3364	16
3365	17
3366	17
3367	15
3368	24
3369	17
3370	12
3371	15
3372	11
3373	19
3374	17
3375	20
3376	16
3377	18
3378	18
3379	11
3380	14
3381	18
3382	20
3383	13
3384	16
3385	13
3386	10
3387	14
3388	18
3389	12
3390	18
3391	14
3392	10
3393	15
3394	15
3395	15
3396	13
3397	12
3398	21
3399	11
3400	20
3401	20
3402	12
3403	15
3404	20
3405	17
3406	16
3407	20
3408	22
3409	13
3410	11
3411	18
3412	18
3413	13
3414	22
3415	18
3416	21
3417	13
3418	12
3419	16
3420	8
3421	11
3422	15
3423	9
3424	11
3425	21
3426	17
3427	7
3428	16
3429	15
3430	13
3431	18
3432	16
3433	14
3434	11
3435	17
3436	19
3437	18
3438	20
3439	15
3440	17
3441	20
3442	17
3443	15
3444	9
3445	18
3446	11
3447	11
3448	13
3449	24
3450	8
3451	10
3452	12
3453	14
3454	15
3455	17
3456	10
3457	12
3458	11
3459	8
3460	15
3461	14
3462	18
3463	13
3464	7
3465	14
3466	16
3467	20
3468	18
3469	11
3470	15
3471	12
3472	19
3473	13
3474	10
3475	16
3476	6
3477	18
3478	9
3479	17
3480	17
3481	14
3482	11
3483	12
3484	9
3485	12
3486	17
3487	13
3488	12
3489	17
3490	18
3491	7
3492	13
3493	11
3494	6
3495	18
3496	18
3497	18
3498	8
3499	12
3500	15
3501	10
3502	11
3503	22
3504	7
3505	15
3506	18
3507	12
3508	15
3509	8
3510	13
3511	15
3512	17
3513	11
3514	14
3515	13
3516	2
3517	8
3518	12
3519	18
3520	10
3521	11
3522	15
3523	20
3524	21
3525	7
3526	10
3527	9
3528	7
3529	16
3530	18
3531	10
3532	14
3533	8
3534	18
3535	18
3536	16
3537	7
3538	6
3539	17
3540	11
3541	9
3542	9
3543	15
3544	6
3545	16
3546	13
3547	9
3548	11
3549	8
3550	9
3551	12
3552	15
3553	12
3554	11
3555	15
3556	7
3557	8
3558	7
3559	15
3560	17
3561	9
3562	15
3563	11
3564	11
3565	13
3566	13
3567	13
3568	19
3569	10
3570	7
3571	14
3572	9
3573	11
3574	11
3575	8
3576	10
3577	11
3578	13
3579	10
3580	14
3581	11
3582	16
3583	9
3584	9
3585	7
3586	9
3587	14
3588	14
3589	8
3590	18
3591	13
3592	14
3593	13
3594	14
3595	13
3596	15
3597	11
3598	15
3599	8
3600	12
3601	8
3602	9
3603	10
3604	9
3605	13
3606	13
3607	9
3608	9
3609	8
3610	12
3611	11
3612	11
3613	13
3614	11
3615	12
3616	8
3617	18
3618	5
3619	12
3620	15
3621	8
3622	7
3623	10
3624	11
3625	14
3626	13
3627	17
3628	10
3629	13
3630	13
3631	11
3632	9
3633	15
3634	13
3635	9
3636	12
3637	8
3638	6
3639	16
3640	9
3641	5
3642	12
3643	4
3644	14
3645	17
3646	7
3647	8
3648	11
3649	13
3650	13
3651	10
3652	15
3653	14
3654	7
3655	8
3656	10
3657	11
3658	12
3659	12
3660	11
3661	17
3662	14
3663	11
3664	14
3665	9
3666	11
3667	8
3668	8
3669	10
3670	9
3671	6
3672	12
3673	9
3674	11
3675	7
3676	10
3677	6
3678	20
3679	7
3680	16
3681	15
3682	7
3683	14
3684	13
3685	16
3686	9
3687	12
3688	10
3689	9
3690	15
3691	14
3692	8
3693	15
3694	11
3695	11
3696	16
3697	11
3698	11
3699	7
3700	7
3701	9
3702	13
3703	9
3704	11
3705	17
3706	8
3707	8
3708	9
3709	10
3710	15
3711	5
3712	10
3713	16
3714	10
3715	13
3716	14
3717	16
3718	6
3719	10
3720	10
3721	11
3722	10
3723	10
3724	11
3725	11
3726	9
3727	14
3728	5
3729	7
3730	10
3731	8
3732	13
3733	10
3734	5
3735	6
3736	10
3737	20
3738	12
3739	13
3740	8
3741	11
3742	9
3743	10
3744	14
3745	14
3746	16
3747	11
3748	15
3749	7
3750	14
3751	12
3752	13
3753	7
3754	11
3755	12
3756	12
3757	9
3758	9
3759	15
3760	8
3761	9
3762	14
3763	11
3764	12
3765	11
3766	8
3767	12
3768	10
3769	10
3770	14
3771	7
3772	12
3773	15
3774	7
3775	9
3776	12
3777	10
3778	17
3779	12
3780	12
3781	11
3782	10
3783	15
3784	13
3785	11
3786	13
3787	11
3788	7
3789	12
3790	9
3791	10
3792	9
3793	9
3794	8
3795	8
3796	10
3797	9
3798	7
3799	12
3800	8
3801	13
3802	10
3803	10
3804	12
3805	12
3806	9
3807	14
3808	8
3809	7
3810	10
3811	12
3812	12
3813	12
3814	15
3815	19
3816	8
3817	10
3818	15
3819	9
3820	11
3821	5
3822	17
3823	10
3824	10
3825	8
3826	7
3827	10
3828	11
3829	13
3830	4
3831	8
3832	9
3833	8
3834	12
3835	11
3836	16
3837	13
3838	10
3839	6
3840	5
3841	12
3842	9
3843	6
3844	9
3845	9
3846	5
3847	8
3848	14
3849	11
3850	11
3851	7
3852	10
3853	10
3854	13
3855	10
3856	15
3857	7
3858	14
3859	10
3860	7
3861	16
3862	14
3863	9
3864	3
3865	13
3866	9
3867	11
3868	15
3869	10
3870	5
3871	6
3872	10
3873	8
3874	7
3875	4
3876	14
3877	4
3878	10
3879	14
3880	7
3881	14
3882	4
3883	7
3884	6
3885	11
3886	5
3887	11
3888	9
3889	11
3890	14
3891	10
3892	12
3893	11
3894	11
3895	14
3896	4
3897	11
3898	11
3899	10
3900	12
3901	11
3902	15
3903	8
3904	10
3905	10
3906	9
3907	17
3908	15
3909	9
3910	15
3911	12
3912	11
3913	9
3914	6
3915	9
3916	13
3917	12
3918	12
3919	3
3920	8
3921	6
3922	11
3923	13
3924	6
3925	9
3926	9
3927	11
3928	10
3929	16
3930	9
3931	12
3932	13
3933	5
3934	7
3935	11
3936	13
3937	9
3938	14
3939	6
3940	9
3941	7
3942	14
3943	6
3944	10
3945	12
3946	12
3947	12
3948	13
3949	10
3950	11
3951	8
3952	11
3953	13
3954	15
3955	9
3956	11
3957	8
3958	17
3959	11
3960	8
3961	9
3962	13
3963	10
3964	6
3965	4
3966	8
3967	7
3968	6
3969	13
3970	9
3971	9
3972	9
3973	7
3974	10
3975	10
3976	6
3977	9
3978	7
3979	11
3980	10
3981	8
3982	12
3983	7
3984	6
3985	5
3986	15
3987	12
3988	20
3989	8
3990	6
3991	9
3992	8
3993	6
3994	8
3995	5
3996	9
3997	9
3998	10
3999	17
4000	10
4001	7
4002	10
4003	11
4004	9
4005	11
4006	8
4007	9
4008	10
4009	7
4010	6
4011	9
4012	7
4013	8
4014	11
4015	11
4016	13
4017	12
4018	12
4019	7
4020	7
4021	8
4022	17
4023	7
4024	20
4025	8
4026	5
4027	4
4028	9
4029	13
4030	9
4031	6
4032	8
4033	14
4034	9
4035	15
4036	19
4037	9
4038	15
4039	9
4040	11
4041	11
4042	7
4043	13
4044	9
4045	4
4046	16
4047	12
4048	3
4049	10
4050	11
4051	7
4052	13
4053	11
4054	9
4055	13
4056	4
4057	9
4058	3
4059	7
4060	5
4061	7
4062	20
4063	9
4064	7
4065	10
4066	14
4067	13
4068	5
4069	7
4070	7
4071	12
4072	11
4073	10
4074	11
4075	10
4076	8
4077	7
4078	17
4079	8
4080	13
4081	3
4082	14
4083	6
4084	13
4085	14
4086	16
4087	5
4088	3
4089	5
4090	13
4091	5
4092	6
4093	11
4094	11
4095	16
4096	11
4097	9
4098	11
4099	13
4100	7
4101	3
4102	10
4103	9
4104	6
4105	10
4106	7
4107	12
4108	8
4109	7
4110	8
4111	8
4112	4
4113	5
4114	6
4115	9
4116	12
4117	11
4118	7
4119	10
4120	6
4121	7
4122	14
4123	13
4124	10
4125	10
4126	11
4127	7
4128	7
4129	12
4130	9
4131	9
4132	8
4133	7
4134	12
4135	5
4136	12
4137	7
4138	8
4139	7
4140	10
4141	8
4142	6
4143	10
4144	8
4145	10
4146	10
4147	8
4148	12
4149	14
4150	18
4151	5
4152	9
4153	12
4154	9
4155	9
4156	5
4157	8
4158	7
4159	10
4160	9
4161	8
4162	5
4163	16
4164	8
4165	9
4166	6
4167	14
4168	5
4169	11
4170	4
4171	5
4172	13
4173	9
4174	9
4175	5
4176	9
4177	7
4178	5
4179	10
4180	10
4181	8
4182	5
4183	6
4184	7
4185	10
4186	9
4187	3
4188	11
4189	9
4190	13
4191	7
4192	13
4193	1
4194	10
4195	9
4196	9
4197	7
4198	7
4199	13
4200	4
4201	10
4202	11
4203	6
4204	7
4205	7
4206	12
4207	12
4208	12
4209	7
4210	10
4211	9
4212	9
4213	10
4214	12
4215	9
4216	11
4217	10
4218	8
4219	8
4220	8
4221	7
4222	5
4223	7
4224	11
4225	6
4226	9
4227	8
4228	8
4229	13
4230	7
4231	12
4232	9
4233	6
4234	8
4235	9
4236	9
4237	9
4238	8
4239	7
4240	10
4241	7
4242	10
4243	16
4244	12
4245	9
4246	8
4247	13
4248	10
4249	13
4250	8
4251	9
4252	4
4253	12
4254	6
4255	8
4256	12
4257	6
4258	8
4259	10
4260	9
4261	10
4262	8
4263	11
4264	13
4265	14
4266	8
4267	4
4268	7
4269	9
4270	7
4271	9
4272	10
4273	6
4274	7
4275	10
4276	3
4277	8
4278	10
4279	11
4280	13
4281	9
4282	16
4283	12
4284	3
4285	11
4286	5
4287	10
4288	10
4289	15
4290	9
4291	9
4292	9
4293	5
4294	13
4295	11
4296	5
4297	7
4298	9
4299	10
4300	10
4301	3
4302	15
4303	6
4304	7
4305	5
4306	8
4307	14
4308	7
4309	9
4310	8
4311	11
4312	8
4313	13
4314	7
4315	8
4316	12
4317	3
4318	10
4319	5
4320	14
4321	7
4322	6
4323	12
4324	10
4325	5
4326	10
4327	4
4328	11
4329	8
4330	10
4331	5
4332	10
4333	7
4334	6
4335	14
4336	4
4337	7
4338	6
4339	8
4340	6
4341	8
4342	12
4343	11
4344	7
4345	8
4346	12
4347	9
4348	11
4349	4
4350	6
4351	5
4352	10
4353	10
4354	10
4355	3
4356	11
4357	14
4358	11
4359	8
4360	6
4361	10
4362	11
4363	10
4364	5
4365	10
4366	9
4367	4
4368	13
4369	10
4370	9
4371	9
4372	15
4373	7
4374	8
4375	10
4376	7
4377	14
4378	6
4379	5
4380	11
4381	9
4382	7
4383	9
4384	5
4385	9
4386	10
4387	8
4388	8
4389	11
4390	5
4391	13
4392	9
4393	4
4394	3
4395	7
4396	6
4397	10
4398	11
4399	7
4400	7
4401	7
4402	5
4403	9
4404	10
4405	5
4406	4
4407	13
4408	8
4409	7
4410	8
4411	5
4412	10
4413	11
4414	6
4415	6
4416	9
4417	7
4418	7
4419	13
4420	6
4421	4
4422	8
4423	7
4424	9
4425	9
4426	11
4427	12
4428	8
4429	10
4430	14
4431	6
4432	7
4433	8
4434	2
4435	7
4436	7
4437	4
4438	6
4439	7
4440	5
4441	12
4442	9
4443	9
4444	9
4445	8
4446	9
4447	10
4448	9
4449	8
4450	3
4451	3
4452	8
4453	7
4454	8
4455	9
4456	8
4457	6
4458	9
4459	11
4460	5
4461	11
4462	5
4463	11
4464	8
4465	10
4466	4
4467	7
4468	15
4469	13
4470	5
4471	5
4472	10
4473	7
4474	7
4475	12
4476	6
4477	10
4478	13
4479	6
4480	8
4481	8
4482	6
4483	5
4484	7
4485	7
4486	9
4487	11
4488	9
4489	11
4490	6
4491	11
4492	7
4493	5
4494	12
4495	11
4496	7
4497	12
4498	4
4499	6
4500	10
4501	12
4502	11
4503	6
4504	10
4505	10
4506	1
4507	7
4508	8
4509	8
4510	10
4511	12
4512	9
4513	6
4514	10
4515	11
4516	6
4517	13
4518	5
4519	9
4520	9
4521	5
4522	6
4523	6
4524	3
4525	9
4526	8
4527	10
4528	6
4529	6
4530	10
4531	7
4532	5
4533	6
4534	12
4535	16
4536	11
4537	3
4538	7
4539	10
4540	8
4541	5
4542	8
4543	8
4544	10
4545	7
4546	10
4547	9
4548	12
4549	9
4550	2
4551	8
4552	5
4553	11
4554	5
4555	7
4556	10
4557	3
4558	8
4559	7
4560	11
4561	5
4562	10
4563	12
4564	5
4565	6
4566	5
4567	4
4568	9
4569	3
4570	9
4571	8
4572	12
4573	7
4574	10
4575	8
4576	5
4577	9
4578	9
4579	7
4580	6
4581	6
4582	5
4583	8
4584	9
4585	8
4586	5
4587	11
4588	14
4589	6
4590	6
4591	8
4592	11
4593	10
4594	6
4595	10
4596	5
4597	7
4598	7
4599	7
4600	5
4601	11
4602	8
4603	9
4604	7
4605	12
4606	4
4607	12
4608	5
4609	6
4610	9
4611	6
4612	9
4613	7
4614	9
4615	6
4616	9
4617	10
4618	7
4619	8
4620	8
4621	6
4622	8
4623	7
4624	6
4625	9
4626	8
4627	9
4628	8
4629	10
4630	12
4631	12
4632	9
4633	11
4634	10
4635	5
4636	8
4637	7
4638	8
4639	8
4640	7
4641	13
4642	5
4643	5
4644	8
4645	6
4646	6
4647	5
4648	8
4649	9
4650	5
4651	6
4652	7
4653	2
4654	6
4655	5
4656	7
4657	9
4658	7
4659	5
4660	5
4661	3
4662	8
4663	7
4664	4
4665	6
4666	5
4667	8
4668	9
4669	9
4670	13
4671	7
4672	2
4673	3
4674	6
4675	8
4676	7
4677	5
4678	8
4679	7
4680	10
4681	12
4682	4
4683	6
4684	8
4685	10
4686	10
4687	5
4688	10
4689	5
4690	5
4691	3
4692	6
4693	9
4694	6
4695	6
4696	6
4697	9
4698	7
4699	10
4700	4
4701	11
4702	6
4703	10
4704	2
4705	10
4706	7
4707	7
4708	5
4709	9
4710	9
4711	6
4712	10
4713	6
4714	5
4715	7
4716	13
4717	7
4718	7
4719	12
4720	7
4721	9
4722	9
4723	6
4724	6
4725	4
4726	9
4727	7
4728	7
4729	4
4730	3
4731	8
4732	4
4733	6
4734	8
4735	5
4736	7
4737	9
4738	7
4739	10
4740	6
4741	10
4742	10
4743	9
4744	5
4745	7
4746	9
4747	9
4748	4
4749	6
4750	9
4751	10
4752	8
4753	6
4754	5
4755	9
4756	8
4757	7
4758	5
4759	11
4760	3
4761	11
4762	9
4763	3
4764	7
4765	11
4766	13
4767	10
4768	7
4769	7
4770	11
4771	9
4772	4
4773	5
4774	7
4775	11
4776	5
4777	8
4778	7
4779	7
4780	7
4781	2
4782	3
4783	7
4784	4
4785	9
4786	9
4787	8
4788	10
4789	7
4790	9
4791	6
4792	7
4793	10
4794	10
4795	7
4796	10
4797	5
4798	11
4799	5
4800	6
4801	10
4802	12
4803	10
4804	6
4805	3
4806	4
4807	6
4808	10
4809	8
4810	5
4811	9
4812	8
4813	9
4814	10
4815	10
4816	7
4817	10
4818	8
4819	1
4820	4
4821	9
4822	10
4823	2
4824	3
4825	6
4826	6
4827	5
4828	11
4829	9
4830	1
4831	8
4832	14
4833	7
4834	11
4835	10
4836	5
4837	7
4838	9
4839	6
4840	8
4841	6
4842	8
4843	6
4844	4
4845	5
4846	6
4847	4
4848	5
4849	1
4850	6
4851	5
4852	8
4853	9
4854	4
4855	12
4856	7
4857	7
4858	4
4859	7
4860	7
4861	12
4862	7
4863	11
4864	7
4865	7
4866	10
4867	4
4868	3
4869	5
4870	9
4871	13
4872	6
4873	6
4874	10
4875	3
4876	5
4877	8
4878	7
4879	7
4880	6
4881	7
4882	6
4883	6
4884	10
4885	5
4886	7
4887	8
4888	8
4889	9
4890	5
4891	10
4892	6
4893	4
4894	6
4895	13
4896	4
4897	6
4898	6
4899	4
4900	5
4901	4
4902	8
4903	5
4904	7
4905	5
4906	6
4907	8
4908	6
4909	8
4910	7
4911	3
4912	8
4913	5
4914	4
4915	6
4916	10
4917	11
4918	10
4919	7
4920	5
4921	7
4922	7
4923	6
4924	5
4925	7
4926	4
4927	4
4928	9
4929	5
4930	6
4931	7
4932	10
4933	5
4934	8
4935	7
4936	3
4937	8
4938	12
4939	6
4940	8
4941	9
4942	10
4943	8
4944	3
4945	3
4946	7
4947	6
4948	6
4949	8
4950	4
4951	6
4952	6
4953	8
4954	7
4955	9
4956	6
4957	6
4958	5
4959	8
4960	7
4961	7
4962	4
4963	9
4964	8
4965	9
4966	11
4967	11
4968	4
4969	9
4970	7
4971	5
4972	10
4973	9
4974	11
4975	8
4976	9
4977	7
4978	5
4979	8
4980	6
4981	9
4982	6
4983	8
4984	8
4985	3
4986	5
4987	5
4988	7
4989	9
4990	9
4991	5
4992	6
4993	11
4994	6
4995	7
4996	8
4997	8
4998	7
4999	12
5000	9
5001	3
5002	7
5003	6
5004	7
5005	6
5006	12
5007	6
5008	12
5009	7
5010	12
5011	5
5012	10
5013	9
5014	5
5015	8
5016	7
5017	8
5018	7
5019	3
5020	7
5021	11
5022	4
5023	8
5024	10
5025	14
5026	9
5027	9
5028	7
5029	9
5030	5
5031	4
5032	8
5033	8
5034	12
5035	4
5036	3
5037	8
5038	8
5039	2
5040	11
5041	7
5042	2
5043	10
5044	8
5045	8
5046	8
5047	7
5048	12
5049	4
5050	4
5051	12
5052	15
5053	7
5054	6
5055	6
5056	11
5057	6
5058	8
5059	8
5060	5
5061	9
5062	3
5063	4
5064	8
5065	6
5066	8
5067	10
5068	7
5069	8
5070	8
5071	8
5072	9
5073	4
5074	10
5075	7
5076	7
5077	4
5078	9
5079	5
5080	7
5081	6
5082	14
5083	7
5084	8
5085	7
5086	5
5087	9
5088	5
5089	11
5090	7
5091	7
5092	10
5093	8
5094	6
5095	8
5096	8
5097	8
5098	10
5099	2
5100	4
5101	9
5102	5
5103	9
5104	5
5105	7
5106	8
5107	11
5108	8
5109	5
5110	7
5111	10
5112	6
5113	6
5114	7
5115	4
5116	6
5117	10
5118	8
5119	7
5120	5
5121	7
5122	8
5123	8
5124	7
5125	9
5126	5
5127	7
5128	7
5129	8
5130	4
5131	8
5132	8
5133	9
5134	7
5135	9
5136	11
5137	11
5138	5
5139	6
5140	7
5141	11
5142	3
5143	13
5144	5
5145	8
5146	7
5147	6
5148	2
5149	4
5150	7
5151	7
5152	11
5153	6
5154	13
5155	6
5156	8
5157	3
5158	11
5159	7
5160	9
5161	7
5162	7
5163	5
5164	9
5165	6
5166	7
5167	6
5168	5
5169	8
5170	10
5171	5
5172	9
5173	6
5174	10
5175	10
5176	7
5177	5
5178	7
5179	9
5180	7
5181	15
5182	9
5183	6
5184	2
5185	9
5186	8
5187	5
5188	2
5189	5
5190	10
5191	10
5192	9
5193	9
5194	8
5195	6
5196	5
5197	11
5198	3
5199	5
5200	9
5201	2
5202	2
5203	5
5204	8
5205	11
5206	5
5207	7
5208	5
5209	5
5210	3
5211	10
5212	7
5213	12
5214	8
5215	8
5216	4
5217	5
5218	6
5219	12
5220	4
5221	8
5222	6
5223	5
5224	4
5225	7
5226	3
5227	8
5228	7
5229	11
5230	3
5231	7
5232	5
5233	3
5234	8
5235	9
5236	6
5237	9
5238	10
5239	7
5240	6
5241	8
5242	1
5243	4
5244	8
5245	10
5246	7
5247	8
5248	5
5249	13
5250	7
5251	6
5252	9
5253	6
5254	7
5255	7
5256	13
5257	15
5258	8
5259	12
5260	9
5261	5
5262	9
5263	10
5264	7
5265	2
5266	7
5267	12
5268	4
5269	4
5270	5
5271	8
5272	7
5273	9
5274	2
5275	4
5276	4
5277	7
5278	10
5279	10
5280	14
5281	7
5282	9
5283	12
5284	6
5285	9
5286	6
5287	9
5288	8
5289	5
5290	7
5291	6
5292	4
5293	9
5294	17
5295	8
5296	9
5297	6
5298	12
5299	7
5300	3
5301	11
5302	7
5303	9
5304	9
5305	6
5306	10
5307	12
5308	8
5309	8
5310	9
5311	4
5312	3
5313	4
5314	8
5315	10
5316	1
5317	8
5318	6
5319	9
5320	6
5321	7
5322	6
5323	3
5324	6
5325	6
5326	5
5327	4
5328	9
5329	10
5330	7
5331	13
5332	5
5333	4
5334	2
5335	8
5336	5
5337	9
5338	9
5339	6
5340	5
5341	8
5342	8
5343	4
5344	9
5345	10
5346	10
5347	6
5348	7
5349	10
5350	7
5351	11
5352	8
5353	9
5354	6
5355	8
5356	5
5357	8
5358	4
5359	8
5360	7
5361	4
5362	8
5363	10
5364	5
5365	4
5366	5
5367	9
5368	9
5369	4
5370	7
5371	7
5372	8
5373	8
5374	9
5375	11
5376	10
5377	6
5378	2
5379	5
5380	4
5381	5
5382	6
5383	5
5384	6
5385	12
5386	12
5387	5
5388	9
5389	6
5390	4
5391	7
5392	8
5393	11
5394	6
5395	8
5396	5
5397	9
5398	6
5399	8
5400	8
5401	8
5402	4
5403	10
5404	3
5405	10
5406	6
5407	6
5408	2
5409	4
5410	4
5411	13
5412	5
5413	7
5414	7
5415	11
5416	7
5417	4
5418	9
5419	6
5420	9
5421	12
5422	4
5423	4
5424	7
5425	5
5426	11
5427	10
5428	6
5429	9
5430	5
5431	4
5432	9
5433	5
5434	7
5435	4
5436	5
5437	6
5438	9
5439	13
5440	8
5441	6
5442	11
5443	2
5444	5
5445	5
5446	11
5447	6
5448	12
5449	3
5450	8
5451	4
5452	8
5453	6
5454	8
5455	6
5456	5
5457	10
5458	9
5459	6
5460	6
5461	8
5462	9
5463	5
5464	10
5465	14
5466	9
5467	8
5468	5
5469	14
5470	10
5471	11
5472	9
5473	3
5474	8
5475	7
5476	8
5477	9
5478	5
5479	12
5480	8
5481	3
5482	5
5483	5
5484	12
5485	7
5486	6
5487	10
5488	8
5489	12
5490	11
5491	7
5492	4
5493	9
5494	6
5495	4
5496	5
5497	8
5498	5
5499	7
5500	11
5501	4
5502	12
5503	5
5504	4
5505	7
5506	7
5507	8
5508	10
5509	10
5510	12
5511	6
5512	4
5513	9
5514	5
5515	9
5516	7
5517	8
5518	4
5519	7
5520	1
5521	7
5522	2
5523	6
5524	9
5525	10
5526	7
5527	7
5528	10
5529	5
5530	6
5531	11
5532	8
5533	6
5534	7
5535	10
5536	3
5537	5
5538	6
5539	11
5540	7
5541	6
5542	4
5543	8
5544	10
5545	9
5546	8
5547	13
5548	6
5549	8
5550	4
5551	4
5552	12
5553	11
5554	4
5555	8
5556	7
5557	10
5558	8
5559	11
5560	9
5561	8
5562	3
5563	6
5564	6
5565	9
5566	8
5567	7
5568	6
5569	10
5570	9
5571	4
5572	7
5573	10
5574	6
5575	8
5576	3
5577	5
5578	16
5579	5
5580	13
5581	7
5582	8
5583	7
5584	11
5585	10
5586	10
5587	9
5588	11
5589	4
5590	10
5591	4
5592	5
5593	3
5594	10
5595	10
5596	9
5597	5
5598	12
5599	8
5600	5
5601	5
5602	7
5603	12
5604	5
5605	5
5606	12
5607	3
5608	9
5609	4
5610	5
5611	9
5612	2
5613	8
5614	4
5615	9
5616	6
5617	6
5618	4
5619	6
5620	6
5621	2
5622	2
5623	5
5624	4
5625	6
5626	8
5627	5
5628	10
5629	10
5630	7
5631	8
5632	5
5633	9
5634	6
5635	3
5636	2
5637	8
5638	9
5639	5
5640	6
5641	8
5642	11
5643	13
5644	4
5645	6
5646	6
5647	4
5648	7
5649	10
5650	8
5651	5
5652	14
5653	8
5654	4
5655	4
5656	7
5657	11
5658	8
5659	6
5660	11
5661	10
5662	6
5663	8
5664	1
5665	6
5666	6
5667	4
5668	9
5669	9
5670	3
5671	12
5672	5
5673	9
5674	6
5675	10
5676	9
5677	15
5678	2
5679	6
5680	10
5681	9
5682	9
5683	9
5684	10
5685	4
5686	8
5687	12
5688	3
5689	4
5690	6
5691	12
5692	11
5693	7
5694	9
5695	6
5696	9
5697	14
5698	3
5699	5
5700	8
5701	3
5702	4
5703	9
5704	4
5705	7
5706	8
5707	5
5708	14
5709	11
5710	7
5711	9
5712	4
5713	10
5714	10
5715	8
5716	9
5717	9
5718	5
5719	3
5720	8
5721	13
5722	10
5723	4
5724	7
5725	9
5726	5
5727	7
5728	5
5729	7
5730	7
5731	7
5732	4
5733	9
5734	10
5735	11
5736	12
5737	9
5738	9
5739	7
5740	14
5741	8
5742	7
5743	11
5744	10
5745	7
5746	9
5747	6
5748	9
5749	9
5750	4
5751	5
5752	12
5753	5
5754	4
5755	7
5756	9
5757	3
5758	7
5759	10
5760	9
5761	7
5762	10
5763	5
5764	9
5765	7
5766	8
5767	7
5768	5
5769	8
5770	7
5771	7
5772	6
5773	5
5774	6
5775	4
5776	8
5777	5
5778	6
5779	6
5780	7
5781	8
5782	6
5783	7
5784	3
5785	8
5786	8
5787	6
5788	10
5789	8
5790	8
5791	11
5792	8
5793	8
5794	4
5795	8
5796	6
5797	8
5798	8
5799	8
5800	4
5801	14
5802	13
5803	6
5804	7
5805	7
5806	16
5807	9
5808	4
5809	3
5810	3
5811	7
5812	2
5813	7
5814	10
5815	7
5816	5
5817	7
5818	7
5819	5
5820	7
5821	9
5822	7
5823	8
5824	11
5825	4
5826	5
5827	11
5828	10
5829	9
5830	15
5831	5
5832	3
5833	10
5834	10
5835	10
5836	9
5837	4
5838	5
5839	7
5840	8
5841	5
5842	7
5843	3
5844	9
5845	7
5846	10
5847	7
5848	8
5849	5
5850	3
5851	7
5852	7
5853	9
5854	5
5855	8
5856	5
5857	5
5858	7
5859	5
5860	6
5861	7
5862	6
5863	7
5864	16
5865	5
5866	9
5867	3
5868	8
5869	6
5870	4
5871	0
5872	7
5873	6
5874	6
5875	14
5876	9
5877	7
5878	7
5879	5
5880	14
5881	8
5882	4
5883	8
5884	5
5885	8
5886	5
5887	10
5888	7
5889	5
5890	7
5891	4
5892	5
5893	2
5894	8
5895	4
5896	8
5897	5
5898	5
5899	3
5900	6
5901	8
5902	5
5903	10
5904	5
5905	9
5906	5
5907	8
5908	12
5909	7
5910	4
5911	7
5912	10
5913	5
5914	6
5915	7
5916	7
5917	6
5918	12
5919	12
5920	5
5921	8
5922	3
5923	5
5924	7
5925	5
5926	5
5927	10
5928	11
5929	8
5930	10
5931	10
5932	9
5933	9
5934	9
5935	9
5936	13
5937	3
5938	11
5939	13
5940	9
5941	6
5942	7
5943	8
5944	10
5945	11
5946	8
5947	10
5948	10
5949	3
5950	8
5951	13
5952	16
5953	12
5954	9
5955	5
5956	9
5957	6
5958	9
5959	6
5960	6
5961	8
5962	3
5963	5
5964	10
5965	6
5966	10
5967	9
5968	11
5969	7
5970	7
5971	7
5972	14
5973	9
5974	5
5975	7
5976	7
5977	8
5978	5
5979	9
5980	7
5981	8
5982	4
5983	8
5984	9
5985	5
5986	5
5987	8
5988	6
5989	6
5990	7
5991	10
5992	7
5993	5
5994	6
5995	4
5996	10
5997	6
5998	9
5999	11
6000	8
6001	8
6002	8
6003	8
6004	9
6005	9
6006	8
6007	8
6008	12
6009	13
6010	11
6011	9
6012	10
6013	9
6014	8
6015	10
6016	4
6017	8
6018	6
6019	8
6020	10
6021	9
6022	8
6023	6
6024	6
6025	17
6026	5
6027	10
6028	7
6029	10
6030	9
6031	3
6032	6
6033	6
6034	6
6035	7
6036	12
6037	3
6038	6
6039	11
6040	9
6041	5
6042	6
6043	12
6044	8
6045	9
6046	11
6047	9
6048	5
6049	3
6050	6
6051	7
6052	9
6053	9
6054	6
6055	8
6056	10
6057	11
6058	4
6059	6
6060	14
6061	12
6062	9
6063	4
6064	15
6065	14
6066	7
6067	9
6068	8
6069	7
6070	9
6071	12
6072	10
6073	21
6074	14
6075	8
6076	8
6077	3
6078	6
6079	8
6080	8
6081	13
6082	9
6083	3
6084	6
6085	16
6086	9
6087	12
6088	12
6089	16
6090	8
6091	13
6092	7
6093	8
6094	9
6095	9
6096	5
6097	9
6098	6
6099	10
6100	7
6101	11
6102	6
6103	6
6104	8
6105	12
6106	8
6107	12
6108	13
6109	9
6110	9
6111	3
6112	11
6113	9
6114	14
6115	5
6116	12
6117	10
6118	9
6119	3
6120	13
6121	10
6122	8
6123	8
6124	10
6125	7
6126	6
6127	6
6128	10
6129	11
6130	8
6131	9
6132	5
6133	10
6134	16
6135	6
6136	10
6137	7
6138	5
6139	9
6140	9
6141	12
6142	5
6143	9
6144	5
6145	10
6146	9
6147	12
6148	8
6149	9
6150	14
6151	11
6152	17
6153	6
6154	10
6155	8
6156	10
6157	11
6158	13
6159	8
6160	7
6161	9
6162	7
6163	10
6164	9
6165	5
6166	9
6167	10
6168	9
6169	12
6170	7
6171	6
6172	10
6173	10
6174	18
6175	10
6176	15
6177	8
6178	10
6179	9
6180	15
6181	4
6182	10
6183	9
6184	8
6185	9
6186	9
6187	14
6188	9
6189	9
6190	6
6191	10
6192	18
6193	8
6194	7
6195	7
6196	22
6197	12
6198	8
6199	8
6200	10
6201	12
6202	11
6203	11
6204	9
6205	14
6206	10
6207	7
6208	11
6209	6
6210	6
6211	8
6212	14
6213	10
6214	9
6215	10
6216	13
6217	8
6218	13
6219	9
6220	7
6221	5
6222	9
6223	9
6224	13
6225	13
6226	11
6227	9
6228	14
6229	10
6230	10
6231	11
6232	13
6233	8
6234	6
6235	11
6236	7
6237	5
6238	16
6239	7
6240	7
6241	7
6242	18
6243	13
6244	14
6245	4
6246	5
6247	12
6248	11
6249	5
6250	13
6251	12
6252	13
6253	9
6254	14
6255	9
6256	12
6257	8
6258	11
6259	5
6260	12
6261	8
6262	12
6263	8
6264	12
6265	16
6266	11
6267	16
6268	12
6269	12
6270	16
6271	9
6272	13
6273	8
6274	8
6275	11
6276	9
6277	9
6278	8
6279	7
6280	13
6281	10
6282	11
6283	16
6284	14
6285	8
6286	10
6287	13
6288	6
6289	18
6290	20
6291	12
6292	12
6293	13
6294	11
6295	12
6296	19
6297	9
6298	10
6299	11
6300	16
6301	15
6302	10
6303	12
6304	9
6305	7
6306	16
6307	16
6308	13
6309	8
6310	6
6311	9
6312	12
6313	15
6314	10
6315	15
6316	11
6317	13
6318	12
6319	14
6320	14
6321	11
6322	11
6323	10
6324	10
6325	8
6326	7
6327	7
6328	12
6329	15
6330	14
6331	10
6332	9
6333	9
6334	13
6335	15
6336	19
6337	5
6338	10
6339	10
6340	11
6341	8
6342	12
6343	10
6344	7
6345	13
6346	8
6347	10
6348	10
6349	9
6350	16
6351	10
6352	13
6353	12
6354	12
6355	14
6356	14
6357	16
6358	15
6359	12
6360	13
6361	13
6362	15
6363	9
6364	11
6365	14
6366	15
6367	11
6368	13
6369	11
6370	21
6371	13
6372	12
6373	14
6374	15
6375	15
6376	16
6377	13
6378	13
6379	7
6380	14
6381	22
6382	16
6383	13
6384	14
6385	18
6386	11
6387	12
6388	12
6389	12
6390	12
6391	10
6392	13
6393	13
6394	8
6395	10
6396	15
6397	17
6398	11
6399	10
6400	16
6401	13
6402	13
6403	13
6404	11
6405	14
6406	19
6407	17
6408	14
6409	11
6410	14
6411	13
6412	13
6413	12
6414	13
6415	10
6416	11
6417	17
6418	18
6419	9
6420	12
6421	17
6422	11
6423	15
6424	16
6425	12
6426	7
6427	9
6428	16
6429	7
6430	17
6431	19
6432	16
6433	12
6434	27
6435	9
6436	18
6437	12
6438	16
6439	13
6440	15
6441	11
6442	12
6443	14
6444	15
6445	9
6446	14
6447	15
6448	12
6449	14
6450	15
6451	12
6452	12
6453	14
6454	5
6455	13
6456	11
6457	8
6458	9
6459	8
6460	15
6461	17
6462	17
6463	16
6464	18
6465	13
6466	14
6467	16
6468	13
6469	17
6470	12
6471	12
6472	14
6473	8
6474	13
6475	12
6476	17
6477	15
6478	13
6479	13
6480	10
6481	12
6482	16
6483	19
6484	12
6485	13
6486	12
6487	17
6488	8
6489	13
6490	10
6491	16
6492	20
6493	16
6494	16
6495	11
6496	12
6497	14
6498	16
6499	9
6500	13
6501	13
6502	11
6503	17
6504	8
6505	14
6506	11
6507	16
6508	16
6509	16
6510	15
6511	9
6512	16
6513	9
6514	15
6515	12
6516	12
6517	13
6518	6
6519	15
6520	11
6521	10
6522	12
6523	11
6524	17
6525	11
6526	8
6527	14
6528	12
6529	15
6530	7
6531	11
6532	12
6533	11
6534	15
6535	8
6536	13
6537	21
6538	13
6539	19
6540	11
6541	15
6542	9
6543	12
6544	11
6545	16
6546	15
6547	14
6548	12
6549	13
6550	13
6551	12
6552	15
6553	13
6554	8
6555	16
6556	13
6557	6
6558	13
6559	9
6560	7
6561	14
6562	9
6563	13
6564	14
6565	19
6566	17
6567	15
6568	12
6569	12
6570	22
6571	13
6572	11
6573	13
6574	14
6575	11
6576	8
6577	15
6578	11
6579	16
6580	14
6581	17
6582	15
6583	12
6584	13
6585	10
6586	12
6587	17
6588	13
6589	13
6590	12
6591	9
6592	15
6593	9
6594	12
6595	13
6596	19
6597	15
6598	10
6599	13
6600	14
6601	10
6602	11
6603	15
6604	8
6605	17
6606	12
6607	16
6608	10
6609	16
6610	13
6611	11
6612	13
6613	9
6614	13
6615	11
6616	7
6617	13
6618	11
6619	15
6620	8
6621	11
6622	14
6623	16
6624	10
6625	7
6626	11
6627	11
6628	9
6629	13
6630	6
6631	16
6632	6
6633	14
6634	7
6635	15
6636	9
6637	9
6638	11
6639	12
6640	12
6641	16
6642	13
6643	16
6644	8
6645	12
6646	10
6647	13
6648	11
6649	12
6650	15
6651	10
6652	21
6653	10
6654	11
6655	10
6656	12
6657	11
6658	12
6659	6
6660	5
6661	12
6662	14
6663	16
6664	11
6665	13
6666	11
6667	9
6668	12
6669	10
6670	18
6671	13
6672	6
6673	9
6674	10
6675	13
6676	12
6677	11
6678	8
6679	16
6680	11
6681	13
6682	14
6683	11
6684	5
6685	8
6686	12
6687	10
6688	10
6689	9
6690	7
6691	15
6692	10
6693	12
6694	12
6695	10
6696	6
6697	6
6698	7
6699	12
6700	5
6701	8
6702	9
6703	10
6704	6
6705	3
6706	11
6707	12
6708	8
6709	11
6710	9
6711	9
6712	9
6713	8
6714	5
6715	8
6716	9
6717	10
6718	6
6719	11
6720	4
6721	8
6722	7
6723	8
6724	10
6725	8
6726	8
6727	4
6728	6
6729	7
6730	12
6731	10
6732	5
6733	12
6734	7
6735	7
6736	11
6737	11
6738	6
6739	6
6740	9
6741	11
6742	9
6743	10
6744	4
6745	9
6746	2
6747	8
6748	4
6749	3
6750	6
6751	3
6752	5
6753	4
6754	8
6755	7
6756	2
6757	6
6758	8
6759	3
6760	13
6761	8
6762	5
6763	6
6764	8
6765	3
6766	7
6767	10
6768	10
6769	9
6770	7
6771	5
6772	4
6773	4
6774	10
6775	8
6776	10
6777	8
6778	4
6779	7
6780	9
6781	6
6782	6
6783	5
6784	8
6785	5
6786	8
6787	8
6788	6
6789	12
6790	7
6791	1
6792	4
6793	3
6794	4
6795	6
6796	8
6797	5
6798	7
6799	3
6800	1
6801	4
6802	3
6803	7
6804	7
6805	7
6806	3
6807	4
6808	7
6809	5
6810	4
6811	5
6812	4
6813	6
6814	4
6815	2
6816	2
6817	3
6818	2
6819	5
6820	2
6821	3
6822	7
6823	4
6824	2
6825	9
6826	5
6827	4
6828	5
6829	3
6830	8
6831	7
6832	3
6833	3
6834	1
6835	3
6836	3
6837	1
6838	4
6839	5
6840	2
6841	1
6842	5
6843	6
6844	3
6845	4
6846	4
6847	11
6848	2
6849	4
6850	3
6851	4
6852	5
6853	4
6854	4
6855	3
6856	1
6857	2
6858	4
6859	5
6860	3
6861	3
6862	4
6863	2
6864	3
6865	4
6866	3
6867	3
6868	7
6869	3
6870	1
6871	6
6872	2
6873	0
6874	2
6875	5
6876	0
6877	6
6878	5
6879	3
6880	2
6881	3
6882	4
6883	1
6884	1
6885	4
6886	7
6887	6
6888	3
6889	1
6890	3
6891	1
6892	3
6893	5
6894	6
6895	2
6896	5
6897	5
6898	1
6899	4
6900	3
6901	5
6902	3
6903	6
6904	1
6905	2
6906	4
6907	0
6908	2
6909	4
6910	4
6911	0
6912	3
6913	3
6914	1
6915	0
6916	2
6917	4
6918	5
6919	3
6920	1
6921	6
6922	3
6923	2
6924	3
6925	2
6926	2
6927	1
6928	2
6929	0
6930	1
6931	1
6932	3
6933	2
6934	1
6935	2
6936	1
6937	0
6938	1
6939	1
6940	1
6941	1
6942	0
6943	4
6944	0
6945	2
6946	5
6947	2
6948	4
6949	2
6950	1
6951	0
6952	3
6953	1
6954	3
6955	2
6956	2
6957	1
6958	2
6959	1
6960	0
6961	2
6962	2
6963	2
6964	1
6965	0
6966	1
6967	2
6968	2
6969	4
6970	2
6971	4
6972	1
6973	0
6974	1
6975	2
6976	4
6977	1
6978	1
6979	1
6980	0
6981	3
6982	2
6983	2
6984	0
6985	3
6986	1
6987	2
6988	2
6989	0
6990	1
6991	2
6992	2
6993	2
6994	0
6995	1
6996	3
6997	1
6998	2
6999	2
7000	2
7001	3
7002	0
7003	1
7004	1
7005	1
7006	2
7007	4
7008	1
7009	1
7010	3
7011	2
7012	3
7013	0
7014	1
7015	2
7016	0
7017	0
7018	2
7019	1
7020	2
7021	3
7022	2
7023	2
7024	1
7025	2
7026	0
7027	1
7028	0
7029	0
7030	1
7031	3
7032	0
7033	0
7034	0
7035	3
7036	2
7037	2
7038	1
7039	1
7040	1
7041	0
7042	1
7043	2
7044	1
7045	0
7046	1
7047	1
7048	2
7049	1
7050	1
7051	2
7052	2
7053	4
7054	1
7055	1
7056	4
7057	0
7058	1
7059	2
7060	0
7061	1
7062	0
7063	3
7064	0
7065	1
7066	0
7067	1
7068	0
7069	2
7070	0
7071	2
7072	1
7073	1
7074	1
7075	0
7076	0
7077	2
7078	1
7079	1
7080	1
7081	1
7082	1
7083	0
7084	0
7085	0
7086	2
7087	0
7088	0
7089	1
7090	2
7091	0
7092	2
7093	0
7094	1
7095	1
7096	3
7097	2
7098	0
7099	2
7100	0
7101	0
7102	2
7103	0
7104	0
7105	0
7106	0
7107	0
7108	1
7109	3
7110	2
7111	0
7112	0
7113	0
7114	0
7115	0
7116	0
7117	1
7118	1
7119	1
7120	1
7121	0
7122	3
7123	0
7124	1
7125	1
7126	0
7127	0
7128	1
7129	0
7130	2
7131	2
7132	0
7133	0
7134	2
7135	0
7136	0
7137	2
7138	3
7139	0
7140	0
7141	0
7142	0
7143	0
7144	0
7145	1
7146	0
7147	1
7148	2
7149	3
7150	2
7151	0
7152	0
7153	1
7154	0
7155	1
7156	1
7157	0
7158	1
7159	1
7160	0
7161	0
7162	0
7163	3
7164	3
7165	0
7166	0
7167	0
7168	1
7169	3
7170	1
7171	0
7172	0
7173	1
7174	0
7175	1
7176	1
7177	1
7178	0
7179	0
7180	1
7181	1
7182	0
7183	0
7184	1
7185	2
7186	0
7187	1
7188	1
7189	0
7190	0
7191	0
7192	0
7193	1
7194	0
7195	1
7196	0
7197	0
7198	2
7199	4
7200	0
7201	1
7202	0
7203	2
7204	0
7205	1
7206	0
7207	0
7208	0
7209	1
7210	0
7211	1
7212	0
7213	0
7214	1
7215	1
7216	1
7217	0
7218	0
7219	1
7220	1
7221	1
7222	1
7223	0
7224	0
7225	1
7226	0
7227	1
7228	0
7229	0
7230	2
7231	0
7232	1
7233	0
7234	2
7235	0
7236	1
7237	1
7238	0
7239	1
7240	1
7241	0
7242	0
7243	1
7244	0
7245	0
7246	1
7247	1
7248	0
7249	1
7250	1
7251	0
7252	0
7253	0
7254	0
7255	0
7256	0
7257	1
7258	0
7259	0
7260	0
7261	1
7262	0
7263	3
7264	1
7265	0
7266	0
7267	0
7268	0
7269	0
7270	0
7271	0
7272	1
7273	0
7274	1
7275	0
7276	3
7277	2
7278	1
7279	1
7280	0
7281	1
7282	0
7283	1
7284	2
7285	0
7286	1
7287	0
7288	2
7289	0
7290	0
7291	0
7292	0
7293	0
7294	2
7295	1
7296	1
7297	0
7298	1
7299	1
7300	2
7301	0
7302	1
7303	0
7304	2
7305	0
7306	1
7307	0
7308	1
7309	1
7310	0
7311	1
7312	0
7313	0
7314	1
7315	0
7316	0
7317	1
7318	0
7319	0
7320	0
7321	0
7322	0
7323	0
7324	2
7325	1
7326	1
7327	0
7328	2
7329	1
7330	0
7331	1
7332	0
7333	0
7334	0
7335	1
7336	0
7337	2
7338	1
7339	0
7340	1
7341	0
7342	1
7343	0
7344	1
7345	1
7346	0
7347	0
7348	0
7349	0
7350	0
7351	0
7352	1
7353	1
7354	0
7355	0
7356	0
7357	1
7358	0
7359	0
7360	2
7361	1
7362	0
7363	0
7364	2
7365	0
7366	2
7367	1
7368	2
7369	1
7370	1
7371	0
7372	0
7373	0
7374	2
7375	0
7376	1
7377	1
7378	0
7379	0
7380	0
7381	0
7382	0
7383	2
7384	1
7385	0
7386	0
7387	0
7388	1
7389	2
7390	0
7391	0
7392	0
7393	2
7394	0
7395	3
7396	1
7397	1
7398	0
7399	0
7400	1
7401	0
7402	0
7403	0
7404	1
7405	0
7406	3
7407	0
7408	0
7409	0
7410	0
7411	0
7412	0
7413	0
7414	0
7415	1
7416	2
7417	0
7418	0
7419	3
7420	1
7421	0
7422	0
7423	0
7424	0
7425	0
7426	0
7427	0
7428	1
7429	0
7430	2
7431	0
7432	1
7433	1
7434	1
7435	0
7436	1
7437	0
7438	1
7439	0
7440	0
7441	0
7442	1
7443	1
7444	0
7445	2
7446	0
7447	0
7448	0
7449	1
7450	0
7451	2
7452	0
7453	0
7454	2
7455	1
7456	0
7457	3
7458	1
7459	0
7460	2
7461	1
7462	0
7463	0
7464	0
7465	0
7466	2
7467	0
7468	0
7469	1
7470	2
7471	0
7472	3
7473	0
7474	0
7475	0
7476	0
7477	0
7478	1
7479	0
7480	0
7481	1
7482	0
7483	1
7484	2
7485	0
7486	1
7487	0
7488	1
7489	2
7490	1
7491	1
7492	0
7493	0
7494	0
7495	1
7496	0
7497	0
7498	0
7499	0
7500	0
7501	1
7502	0
7503	1
7504	0
7505	0
7506	0
7507	2
7508	0
7509	1
7510	0
7511	1
7512	0
7513	0
7514	0
7515	0
7516	1
7517	1
7518	0
7519	0
7520	0
7521	0
7522	0
7523	0
7524	1
7525	0
7526	2
7527	0
7528	2
7529	2
7530	0
7531	0
7532	0
7533	1
7534	0
7535	1
7536	1
7537	1
7538	0
7539	1
7540	1
7541	1
7542	0
7543	1
7544	1
7545	1
7546	2
7547	1
7548	0
7549	0
7550	0
7551	0
7552	0
7553	1
7554	0
7555	0
7556	3
7557	0
7558	0
7559	1
7560	1
7561	0
7562	0
7563	0
7564	0
7565	0
7566	0
7567	0
7568	1
7569	0
7570	1
7571	0
7572	0
7573	1
7574	0
7575	0
7576	1
7577	1
7578	0
7579	0
7580	0
7581	1
7582	0
7583	2
7584	1
7585	2
7586	1
7587	2
7588	0
7589	1
7590	0
7591	1
7592	1
7593	0
7594	1
7595	2
7596	0
7597	1
7598	0
7599	1
7600	0
7601	2
7602	1
7603	0
7604	0
7605	0
7606	1
7607	0
7608	2
7609	1
7610	1
7611	0
7612	1
7613	0
7614	1
7615	0
7616	0
7617	2
7618	1
7619	1
7620	1
7621	0
7622	2
7623	0
7624	1
7625	1
7626	2
7627	3
7628	2
7629	0
7630	0
7631	0
7632	1
7633	0
7634	0
7635	1
7636	0
7637	0
7638	0
7639	0
7640	1
7641	1
7642	1
7643	0
7644	0
7645	1
7646	3
7647	2
7648	0
7649	0
7650	0
7651	1
7652	2
7653	3
7654	1
7655	0
7656	1
7657	1
7658	0
7659	1
7660	3
7661	0
7662	0
7663	1
7664	1
7665	0
7666	0
7667	0
7668	0
7669	1
7670	0
7671	2
7672	1
7673	0
7674	0
7675	1
7676	2
7677	1
7678	0
7679	1
7680	1
7681	0
7682	2
7683	0
7684	0
7685	0
7686	1
7687	0
7688	0
7689	0
7690	0
7691	0
7692	0
7693	0
7694	0
7695	1
7696	1
7697	0
7698	1
7699	1
7700	0
7701	0
7702	0
7703	0
7704	1
7705	0
7706	1
7707	0
7708	1
7709	0
7710	2
7711	1
7712	0
7713	1
7714	1
7715	0
7716	0
7717	0
7718	0
7719	0
7720	0
7721	1
7722	0
7723	2
7724	0
7725	3
7726	0
7727	0
7728	0
7729	0
7730	0
7731	0
7732	0
7733	0
7734	0
7735	1
7736	0
7737	0
7738	1
7739	0
7740	2
7741	0
7742	1
7743	0
7744	0
7745	1
7746	2
7747	1
7748	0
7749	0
7750	2
7751	0
7752	1
7753	1
7754	0
7755	2
7756	1
7757	0
7758	0
7759	0
7760	0
7761	0
7762	1
7763	0
7764	0
7765	1
7766	0
7767	1
7768	2
7769	1
7770	1
7771	0
7772	1
7773	0
7774	2
7775	0
7776	0
7777	1
7778	0
7779	0
7780	0
7781	0
7782	0
7783	0
7784	0
7785	0
7786	0
7787	0
7788	0
7789	1
7790	0
7791	1
7792	0
7793	0
7794	1
7795	0
7796	1
7797	1
7798	2
7799	1
7800	0
7801	0
7802	0
7803	0
7804	0
7805	0
7806	0
7807	0
7808	1
7809	2
7810	0
7811	1
7812	2
7813	1
7814	0
7815	0
7816	0
7817	1
7818	1
7819	0
7820	0
7821	0
7822	1
7823	2
7824	1
7825	0
7826	1
7827	1
7828	1
7829	0
7830	1
7831	2
7832	0
7833	1
7834	1
7835	1
7836	1
7837	0
7838	0
7839	0
7840	0
7841	1
7842	0
7843	2
7844	0
7845	0
7846	0
7847	1
7848	0
7849	0
7850	1
7851	0
7852	0
7853	0
7854	1
7855	2
7856	0
7857	3
7858	0
7859	1
7860	1
7861	2
7862	0
7863	0
7864	1
7865	0
7866	1
7867	2
7868	0
7869	0
7870	2
7871	0
7872	0
7873	0
7874	0
7875	0
7876	1
7877	0
7878	0
7879	1
7880	2
7881	0
7882	0
7883	0
7884	0
7885	0
7886	0
7887	1
7888	1
7889	0
7890	0
7891	0
7892	1
7893	0
7894	0
7895	3
7896	1
7897	0
7898	0
7899	0
7900	0
7901	0
7902	1
7903	0
7904	2
7905	0
7906	1
7907	1
7908	0
7909	0
7910	0
7911	1
7912	0
7913	1
7914	1
7915	1
7916	0
7917	0
7918	1
7919	0
7920	1
7921	1
7922	0
7923	0
7924	0
7925	1
7926	0
7927	1
7928	0
7929	0
7930	0
7931	0
7932	0
7933	0
7934	1
7935	1
7936	0
7937	0
7938	0
7939	0
7940	1
7941	0
7942	1
7943	0
7944	1
7945	0
7946	0
7947	0
7948	0
7949	1
7950	1
7951	0
7952	1
7953	1
7954	0
7955	0
7956	1
7957	1
7958	1
7959	0
7960	2
7961	1
7962	0
7963	1
7964	1
7965	1
7966	0
7967	0
7968	2
7969	0
7970	0
7971	2
7972	0
7973	1
7974	0
7975	0
7976	0
7977	0
7978	0
7979	1
7980	1
7981	0
7982	1
7983	0
7984	0
7985	0
7986	2
7987	0
7988	0
7989	1
7990	0
7991	1
7992	0
7993	0
7994	0
7995	0
7996	1
7997	0
7998	2
7999	1
8000	2
8001	1
8002	0
8003	0
8004	0
8005	2
8006	0
8007	0
8008	0
8009	2
8010	1
8011	0
8012	3
8013	1
8014	1
8015	0
8016	1
8017	0
8018	0
8019	1
8020	1
8021	0
8022	0
8023	0
8024	0
8025	0
8026	1
8027	1
8028	1
8029	0
8030	3
8031	0
8032	0
8033	0
8034	1
8035	1
8036	2
8037	1
8038	0
8039	0
8040	0
8041	0
8042	0
8043	1
8044	1
8045	0
8046	0
8047	0
8048	0
8049	1
8050	2
8051	0
8052	1
8053	0
8054	2
8055	0
8056	1
8057	1
8058	0
8059	1
8060	0
8061	2
8062	0
8063	1
8064	0
8065	1
8066	0
8067	1
8068	0
8069	0
8070	1
8071	0
8072	0
8073	2
8074	1
8075	0
8076	2
8077	0
8078	1
8079	1
8080	0
8081	1
8082	0
8083	0
8084	0
8085	0
8086	0
8087	0
8088	0
8089	0
8090	0
8091	0
8092	1
8093	0
8094	0
8095	0
8096	0
8097	0
8098	0
8099	0
8100	0
8101	0
8102	0
8103	0
8104	0
8105	0
8106	0
8107	0
8108	0
8109	0
8110	0
8111	0
8112	0
8113	0
8114	0
8115	0
8116	0
8117	0
8118	0
8119	0
8120	0
8121	0
8122	0
8123	0
8124	0
8125	0
8126	0
8127	0
8128	0
8129	0
8130	0
8131	0
8132	0
8133	0
8134	0
8135	0
8136	0
8137	0
8138	0
8139	0
8140	0
8141	0
8142	0
8143	0
8144	0
8145	0
8146	0
8147	0
8148	0
8149	0
8150	0
8151	0
8152	0
8153	0
8154	0
8155	0
8156	0
8157	0
8158	0
8159	0
8160	0
8161	0
8162	0
8163	0
8164	0
8165	0
8166	0
8167	0
8168	0
8169	0
8170	0
8171	0
8172	0
8173	0
8174	0
8175	0
8176	0
8177	0
8178	0
8179	0
8180	0
8181	0
8182	0
8183	0
8184	0
8185	0
8186	0
8187	0
8188	0
8189	0
8190	0
8191	0
