0	2
1	0
2	0
3	0
4	0
5	0
6	0
7	0
8	0
9	0
10	0
11	0
12	1
13	0
14	0
15	0
16	0
17	1
18	0
19	0
20	0
21	1
22	0
23	0
24	0
25	0
26	0
27	0
28	0
29	0
30	0
31	0
32	0
33	0
34	0
35	0
36	0
37	0
38	0
39	0
40	0
41	0
42	0
43	0
44	0
45	0
46	0
47	0
48	0
49	0
50	0
51	0
52	0
53	0
54	0
55	0
56	0
57	0
58	0
59	0
60	0
61	0
62	0
63	0
64	0
65	0
66	0
67	0
68	0
69	0
70	0
71	0
72	0
73	0
74	0
75	0
76	0
77	0
78	0
79	0
80	0
81	0
82	0
83	1
84	0
85	5
86	3
87	8
88	17
89	20
90	6
91	9
92	13
93	6
94	11
95	9
96	14
97	8
98	11
99	5
100	14
101	7
102	8
103	10
104	6
105	8
106	5
107	9
108	2
109	6
110	10
111	7
112	7
113	4
114	5
115	4
116	4
117	9
118	6
119	4
120	5
121	6
122	7
123	11
124	8
125	7
126	3
127	6
128	6
129	7
130	10
131	10
132	8
133	7
134	8
135	8
136	11
137	8
138	6
139	9
140	12
141	6
142	6
143	12
144	9
145	11
146	4
147	9
148	7
149	10
150	8
151	9
152	8
153	7
154	8
155	7
156	8
157	13
158	6
159	6
160	4
161	7
162	8
163	9
164	8
165	9
166	7
167	8
168	10
169	7
170	8
171	6
172	9
173	12
174	6
175	9
176	5
177	5
178	5
179	8
180	7
181	7
182	7
183	8
184	12
185	14
186	9
187	7
188	8
189	9
190	8
191	7
192	8
193	5
194	7
195	8
196	9
197	6
198	6
199	10
200	10
201	9
202	6
203	5
204	7
205	8
206	8
207	6
208	8
209	8
210	6
211	9
212	11
213	9
214	6
215	4
216	7
217	8
218	10
219	10
220	7
221	13
222	10
223	9
224	13
225	11
226	5
227	14
228	5
229	7
230	8
231	8
232	8
233	1
234	4
235	12
236	11
237	11
238	9
239	12
240	4
241	4
242	12
243	6
244	7
245	8
246	11
247	7
248	8
249	5
250	8
251	13
252	8
253	11
254	9
255	11
256	5
257	8
258	4
259	10
260	5
261	7
262	9
263	7
264	12
265	10
266	9
267	7
268	10
269	12
270	10
271	10
272	8
273	8
274	10
275	6
276	10
277	5
278	11
279	14
280	11
281	8
282	6
283	7
284	4
285	7
286	10
287	12
288	13
289	7
290	7
291	15
292	9
293	12
294	12
295	9
296	9
297	7
298	12
299	11
300	10
301	9
302	8
303	5
304	8
305	9
306	7
307	9
308	7
309	12
310	6
311	9
312	13
313	9
314	7
315	4
316	8
317	6
318	2
319	3
320	12
321	7
322	10
323	8
324	9
325	6
326	8
327	7
328	11
329	7
330	11
331	12
332	9
333	9
334	10
335	5
336	15
337	8
338	6
339	12
340	9
341	13
342	12
343	3
344	8
345	9
346	8
347	8
348	9
349	2
350	7
351	11
352	7
353	5
354	7
355	4
356	6
357	7
358	12
359	7
360	9
361	6
362	10
363	6
364	11
365	6
366	11
367	6
368	6
369	14
370	12
371	4
372	10
373	9
374	10
375	10
376	10
377	8
378	8
379	14
380	10
381	13
382	9
383	3
384	6
385	12
386	7
387	6
388	5
389	11
390	5
391	10
392	6
393	9
394	7
395	7
396	7
397	9
398	11
399	8
400	7
401	9
402	5
403	7
404	4
405	4
406	10
407	10
408	8
409	10
410	13
411	5
412	9
413	10
414	10
415	4
416	12
417	9
418	8
419	12
420	7
421	6
422	7
423	4
424	9
425	4
426	6
427	7
428	11
429	8
430	7
431	8
432	7
433	13
434	13
435	7
436	8
437	12
438	6
439	7
440	7
441	6
442	6
443	10
444	8
445	8
446	9
447	8
448	7
449	6
450	8
451	7
452	11
453	9
454	5
455	12
456	8
457	6
458	17
459	11
460	12
461	5
462	13
463	15
464	16
465	3
466	5
467	11
468	4
469	10
470	14
471	9
472	14
473	18
474	8
475	10
476	5
477	7
478	10
479	13
480	7
481	4
482	7
483	10
484	10
485	12
486	11
487	9
488	13
489	8
490	11
491	12
492	13
493	8
494	7
495	6
496	7
497	9
498	12
499	7
500	12
501	8
502	11
503	10
504	9
505	8
506	7
507	10
508	9
509	6
510	11
511	12
512	14
513	9
514	8
515	8
516	3
517	10
518	9
519	4
520	8
521	9
522	6
523	12
524	9
525	13
526	7
527	12
528	7
529	19
530	11
531	10
532	8
533	12
534	7
535	8
536	9
537	9
538	8
539	8
540	10
541	4
542	9
543	9
544	10
545	8
546	12
547	11
548	7
549	6
550	10
551	7
552	11
553	10
554	10
555	10
556	5
557	8
558	10
559	10
560	8
561	10
562	5
563	9
564	11
565	11
566	8
567	11
568	11
569	10
570	4
571	10
572	11
573	10
574	12
575	12
576	6
577	11
578	6
579	14
580	5
581	12
582	7
583	11
584	13
585	9
586	9
587	12
588	5
589	9
590	15
591	15
592	5
593	7
594	7
595	11
596	8
597	5
598	11
599	12
600	9
601	8
602	11
603	11
604	6
605	13
606	15
607	7
608	8
609	9
610	6
611	10
612	13
613	7
614	12
615	6
616	10
617	9
618	8
619	10
620	9
621	14
622	8
623	7
624	12
625	4
626	7
627	10
628	6
629	13
630	17
631	10
632	11
633	15
634	7
635	7
636	6
637	11
638	9
639	5
640	15
641	10
642	6
643	8
644	9
645	8
646	10
647	13
648	11
649	11
650	14
651	4
652	11
653	15
654	8
655	11
656	5
657	9
658	13
659	5
660	15
661	5
662	10
663	13
664	8
665	10
666	12
667	12
668	7
669	9
670	11
671	10
672	9
673	10
674	12
675	11
676	10
677	10
678	8
679	5
680	8
681	7
682	16
683	8
684	10
685	14
686	9
687	15
688	6
689	12
690	11
691	3
692	12
693	12
694	12
695	10
696	5
697	19
698	13
699	12
700	12
701	9
702	12
703	10
704	11
705	13
706	13
707	11
708	11
709	13
710	13
711	8
712	15
713	13
714	9
715	14
716	13
717	10
718	10
719	13
720	9
721	9
722	7
723	10
724	9
725	10
726	12
727	11
728	9
729	8
730	11
731	10
732	10
733	7
734	12
735	13
736	10
737	15
738	14
739	14
740	16
741	7
742	16
743	12
744	16
745	12
746	12
747	14
748	12
749	11
750	12
751	15
752	11
753	12
754	15
755	19
756	16
757	12
758	12
759	10
760	9
761	12
762	14
763	15
764	16
765	16
766	16
767	10
768	9
769	15
770	22
771	7
772	12
773	13
774	16
775	17
776	12
777	22
778	10
779	14
780	15
781	16
782	17
783	9
784	17
785	13
786	17
787	17
788	12
789	18
790	17
791	12
792	18
793	15
794	17
795	13
796	20
797	10
798	22
799	10
800	18
801	16
802	19
803	9
804	11
805	26
806	23
807	14
808	16
809	11
810	16
811	16
812	15
813	20
814	20
815	17
816	13
817	17
818	18
819	14
820	17
821	19
822	15
823	19
824	15
825	25
826	15
827	16
828	19
829	17
830	19
831	14
832	18
833	16
834	21
835	17
836	21
837	18
838	12
839	15
840	22
841	16
842	22
843	17
844	19
845	9
846	16
847	16
848	12
849	21
850	9
851	15
852	10
853	16
854	15
855	26
856	19
857	13
858	17
859	19
860	11
861	13
862	19
863	19
864	11
865	11
866	22
867	9
868	22
869	15
870	15
871	6
872	12
873	13
874	11
875	13
876	11
877	16
878	17
879	18
880	19
881	19
882	16
883	14
884	14
885	16
886	25
887	18
888	12
889	17
890	18
891	14
892	16
893	23
894	11
895	13
896	11
897	19
898	9
899	15
900	15
901	20
902	11
903	21
904	15
905	10
906	12
907	9
908	10
909	17
910	8
911	17
912	18
913	20
914	14
915	20
916	18
917	16
918	16
919	17
920	16
921	8
922	16
923	11
924	11
925	11
926	17
927	18
928	10
929	14
930	11
931	17
932	19
933	18
934	15
935	14
936	17
937	13
938	12
939	17
940	13
941	22
942	10
943	8
944	11
945	11
946	16
947	21
948	11
949	9
950	13
951	16
952	9
953	13
954	16
955	15
956	6
957	17
958	14
959	7
960	11
961	15
962	16
963	16
964	9
965	10
966	23
967	18
968	12
969	9
970	19
971	17
972	28
973	14
974	23
975	20
976	11
977	12
978	10
979	16
980	13
981	21
982	16
983	15
984	11
985	17
986	16
987	19
988	16
989	12
990	14
991	11
992	12
993	14
994	15
995	15
996	9
997	11
998	6
999	15
1000	15
1001	14
1002	18
1003	14
1004	18
1005	16
1006	15
1007	15
1008	10
1009	10
1010	12
1011	13
1012	14
1013	17
1014	17
1015	21
1016	16
1017	16
1018	15
1019	9
1020	19
1021	18
1022	12
1023	15
1024	14
1025	18
1026	14
1027	17
1028	13
1029	13
1030	16
1031	16
1032	9
1033	14
1034	12
1035	9
1036	6
1037	17
1038	12
1039	13
1040	13
1041	13
1042	13
1043	12
1044	14
1045	18
1046	8
1047	11
1048	7
1049	16
1050	14
1051	21
1052	15
1053	14
1054	12
1055	14
1056	9
1057	6
1058	19
1059	17
1060	9
1061	15
1062	16
1063	16
1064	12
1065	15
1066	13
1067	13
1068	14
1069	9
1070	10
1071	13
1072	14
1073	19
1074	11
1075	3
1076	12
1077	14
1078	14
1079	17
1080	12
1081	12
1082	17
1083	8
1084	12
1085	12
1086	8
1087	8
1088	14
1089	7
1090	17
1091	19
1092	12
1093	13
1094	17
1095	15
1096	16
1097	15
1098	20
1099	18
1100	16
1101	15
1102	15
1103	19
1104	11
1105	14
1106	10
1107	15
1108	13
1109	21
1110	12
1111	10
1112	18
1113	13
1114	3
1115	15
1116	16
1117	11
1118	15
1119	8
1120	13
1121	9
1122	15
1123	14
1124	11
1125	15
1126	17
1127	14
1128	13
1129	13
1130	16
1131	15
1132	13
1133	19
1134	15
1135	17
1136	14
1137	23
1138	13
1139	19
1140	15
1141	15
1142	14
1143	20
1144	11
1145	13
1146	16
1147	19
1148	21
1149	16
1150	16
1151	19
1152	14
1153	15
1154	19
1155	21
1156	17
1157	10
1158	14
1159	16
1160	16
1161	10
1162	9
1163	21
1164	16
1165	9
1166	15
1167	16
1168	19
1169	16
1170	14
1171	18
1172	13
1173	12
1174	15
1175	11
1176	14
1177	17
1178	21
1179	17
1180	9
1181	9
1182	14
1183	19
1184	7
1185	22
1186	14
1187	11
1188	13
1189	12
1190	18
1191	20
1192	22
1193	12
1194	12
1195	20
1196	9
1197	25
1198	17
1199	13
1200	16
1201	18
1202	20
1203	19
1204	21
1205	14
1206	17
1207	9
1208	11
1209	16
1210	20
1211	13
1212	14
1213	21
1214	19
1215	17
1216	14
1217	14
1218	14
1219	17
1220	16
1221	20
1222	16
1223	14
1224	14
1225	21
1226	28
1227	17
1228	13
1229	16
1230	13
1231	23
1232	11
1233	19
1234	12
1235	7
1236	11
1237	17
1238	19
1239	14
1240	12
1241	14
1242	17
1243	16
1244	20
1245	16
1246	17
1247	17
1248	10
1249	12
1250	15
1251	15
1252	12
1253	17
1254	19
1255	23
1256	18
1257	18
1258	19
1259	16
1260	18
1261	20
1262	13
1263	12
1264	15
1265	14
1266	15
1267	19
1268	22
1269	8
1270	11
1271	12
1272	18
1273	12
1274	11
1275	14
1276	18
1277	19
1278	9
1279	19
1280	22
1281	17
1282	17
1283	18
1284	13
1285	19
1286	12
1287	21
1288	25
1289	11
1290	18
1291	21
1292	19
1293	18
1294	22
1295	14
1296	19
1297	14
1298	14
1299	28
1300	21
1301	16
1302	13
1303	16
1304	18
1305	16
1306	18
1307	23
1308	21
1309	17
1310	12
1311	14
1312	17
1313	14
1314	16
1315	16
1316	18
1317	16
1318	16
1319	21
1320	20
1321	18
1322	9
1323	14
1324	22
1325	18
1326	16
1327	18
1328	10
1329	16
1330	15
1331	13
1332	12
1333	17
1334	15
1335	20
1336	15
1337	19
1338	17
1339	23
1340	20
1341	14
1342	20
1343	21
1344	18
1345	17
1346	22
1347	21
1348	19
1349	10
1350	15
1351	26
1352	23
1353	15
1354	15
1355	19
1356	23
1357	14
1358	18
1359	20
1360	20
1361	26
1362	17
1363	24
1364	20
1365	20
1366	20
1367	15
1368	18
1369	18
1370	19
1371	23
1372	18
1373	16
1374	17
1375	22
1376	18
1377	16
1378	19
1379	25
1380	13
1381	17
1382	23
1383	26
1384	17
1385	18
1386	12
1387	21
1388	18
1389	19
1390	24
1391	11
1392	13
1393	21
1394	26
1395	22
1396	20
1397	19
1398	15
1399	11
1400	21
1401	16
1402	16
1403	14
1404	15
1405	21
1406	19
1407	14
1408	14
1409	15
1410	22
1411	13
1412	14
1413	23
1414	21
1415	12
1416	20
1417	20
1418	19
1419	15
1420	19
1421	17
1422	16
1423	29
1424	19
1425	18
1426	27
1427	16
1428	18
1429	15
1430	16
1431	18
1432	14
1433	27
1434	18
1435	23
1436	21
1437	30
1438	17
1439	26
1440	16
1441	22
1442	22
1443	20
1444	26
1445	28
1446	19
1447	16
1448	17
1449	26
1450	12
1451	15
1452	21
1453	21
1454	14
1455	12
1456	16
1457	22
1458	19
1459	10
1460	20
1461	21
1462	14
1463	24
1464	17
1465	23
1466	16
1467	15
1468	14
1469	15
1470	20
1471	18
1472	23
1473	21
1474	25
1475	17
1476	23
1477	17
1478	22
1479	28
1480	17
1481	8
1482	16
1483	19
1484	14
1485	22
1486	21
1487	24
1488	20
1489	14
1490	24
1491	20
1492	21
1493	22
1494	13
1495	17
1496	12
1497	16
1498	12
1499	22
1500	22
1501	26
1502	16
1503	23
1504	21
1505	18
1506	25
1507	13
1508	29
1509	20
1510	14
1511	17
1512	19
1513	23
1514	23
1515	18
1516	17
1517	14
1518	23
1519	22
1520	17
1521	33
1522	13
1523	21
1524	18
1525	20
1526	24
1527	16
1528	26
1529	21
1530	23
1531	12
1532	15
1533	25
1534	23
1535	20
1536	16
1537	17
1538	16
1539	23
1540	26
1541	16
1542	16
1543	17
1544	27
1545	19
1546	23
1547	23
1548	20
1549	27
1550	18
1551	28
1552	20
1553	22
1554	32
1555	14
1556	16
1557	21
1558	20
1559	25
1560	20
1561	17
1562	21
1563	26
1564	26
1565	23
1566	18
1567	16
1568	26
1569	20
1570	20
1571	15
1572	21
1573	14
1574	20
1575	28
1576	20
1577	12
1578	21
1579	33
1580	15
1581	15
1582	21
1583	17
1584	23
1585	22
1586	24
1587	22
1588	23
1589	19
1590	22
1591	24
1592	25
1593	20
1594	26
1595	14
1596	17
1597	22
1598	25
1599	21
1600	13
1601	18
1602	18
1603	27
1604	21
1605	22
1606	17
1607	12
1608	13
1609	29
1610	19
1611	18
1612	12
1613	21
1614	28
1615	15
1616	14
1617	36
1618	25
1619	23
1620	15
1621	21
1622	17
1623	18
1624	21
1625	20
1626	30
1627	18
1628	19
1629	14
1630	25
1631	16
1632	16
1633	10
1634	20
1635	19
1636	18
1637	27
1638	25
1639	22
1640	23
1641	19
1642	19
1643	20
1644	19
1645	17
1646	11
1647	28
1648	21
1649	30
1650	21
1651	22
1652	21
1653	20
1654	19
1655	13
1656	19
1657	28
1658	20
1659	17
1660	12
1661	14
1662	28
1663	21
1664	13
1665	29
1666	17
1667	21
1668	17
1669	12
1670	21
1671	23
1672	20
1673	25
1674	21
1675	16
1676	14
1677	25
1678	12
1679	21
1680	20
1681	15
1682	14
1683	24
1684	23
1685	23
1686	24
1687	24
1688	13
1689	23
1690	17
1691	20
1692	22
1693	20
1694	20
1695	25
1696	25
1697	16
1698	18
1699	21
1700	29
1701	19
1702	24
1703	22
1704	19
1705	20
1706	15
1707	19
1708	23
1709	25
1710	25
1711	27
1712	20
1713	20
1714	24
1715	19
1716	20
1717	24
1718	18
1719	26
1720	21
1721	27
1722	26
1723	23
1724	21
1725	15
1726	20
1727	19
1728	37
1729	21
1730	18
1731	15
1732	18
1733	33
1734	28
1735	13
1736	24
1737	21
1738	17
1739	30
1740	16
1741	16
1742	28
1743	18
1744	26
1745	22
1746	25
1747	24
1748	26
1749	14
1750	30
1751	26
1752	20
1753	31
1754	14
1755	15
1756	26
1757	28
1758	25
1759	21
1760	21
1761	21
1762	15
1763	24
1764	27
1765	24
1766	16
1767	18
1768	31
1769	22
1770	25
1771	19
1772	23
1773	26
1774	15
1775	24
1776	19
1777	22
1778	28
1779	18
1780	29
1781	25
1782	22
1783	19
1784	17
1785	20
1786	30
1787	21
1788	26
1789	20
1790	19
1791	31
1792	12
1793	25
1794	16
1795	21
1796	26
1797	25
1798	12
1799	24
1800	22
1801	19
1802	21
1803	24
1804	18
1805	24
1806	13
1807	24
1808	21
1809	25
1810	34
1811	14
1812	26
1813	25
1814	21
1815	22
1816	29
1817	28
1818	24
1819	14
1820	21
1821	14
1822	27
1823	22
1824	19
1825	26
1826	26
1827	26
1828	26
1829	22
1830	29
1831	15
1832	12
1833	20
1834	21
1835	22
1836	23
1837	20
1838	18
1839	32
1840	17
1841	30
1842	26
1843	28
1844	21
1845	22
1846	26
1847	31
1848	21
1849	12
1850	30
1851	22
1852	22
1853	19
1854	14
1855	17
1856	20
1857	26
1858	36
1859	22
1860	17
1861	26
1862	26
1863	31
1864	27
1865	19
1866	29
1867	31
1868	37
1869	18
1870	19
1871	23
1872	25
1873	29
1874	20
1875	21
1876	24
1877	19
1878	19
1879	28
1880	24
1881	29
1882	23
1883	23
1884	25
1885	25
1886	26
1887	26
1888	24
1889	30
1890	22
1891	28
1892	28
1893	21
1894	20
1895	28
1896	20
1897	27
1898	18
1899	21
1900	27
1901	17
1902	30
1903	15
1904	17
1905	20
1906	19
1907	31
1908	22
1909	17
1910	19
1911	24
1912	17
1913	22
1914	20
1915	18
1916	24
1917	19
1918	24
1919	24
1920	21
1921	13
1922	26
1923	19
1924	26
1925	20
1926	28
1927	21
1928	28
1929	32
1930	16
1931	33
1932	27
1933	37
1934	18
1935	26
1936	25
1937	23
1938	21
1939	14
1940	18
1941	20
1942	25
1943	20
1944	28
1945	23
1946	21
1947	20
1948	21
1949	22
1950	33
1951	14
1952	16
1953	22
1954	17
1955	27
1956	29
1957	30
1958	23
1959	17
1960	23
1961	21
1962	24
1963	21
1964	29
1965	23
1966	26
1967	20
1968	20
1969	25
1970	19
1971	27
1972	28
1973	19
1974	21
1975	18
1976	21
1977	23
1978	30
1979	31
1980	23
1981	32
1982	26
1983	27
1984	18
1985	32
1986	26
1987	27
1988	31
1989	34
1990	21
1991	29
1992	19
1993	22
1994	28
1995	26
1996	21
1997	19
1998	18
1999	27
2000	22
2001	25
2002	31
2003	22
2004	19
2005	25
2006	22
2007	27
2008	22
2009	23
2010	22
2011	26
2012	24
2013	25
2014	24
2015	16
2016	26
2017	29
2018	29
2019	23
2020	34
2021	20
2022	17
2023	25
2024	25
2025	20
2026	30
2027	28
2028	32
2029	31
2030	29
2031	21
2032	29
2033	26
2034	25
2035	22
2036	18
2037	26
2038	22
2039	26
2040	26
2041	33
2042	18
2043	20
2044	25
2045	25
2046	30
2047	22
2048	23
2049	32
2050	20
2051	26
2052	22
2053	27
2054	17
2055	30
2056	27
2057	29
2058	29
2059	32
2060	26
2061	24
2062	17
2063	12
2064	28
2065	25
2066	23
2067	32
2068	32
2069	17
2070	26
2071	21
2072	21
2073	24
2074	25
2075	20
2076	16
2077	31
2078	24
2079	25
2080	17
2081	17
2082	25
2083	18
2084	28
2085	28
2086	33
2087	33
2088	21
2089	21
2090	23
2091	24
2092	26
2093	11
2094	32
2095	24
2096	33
2097	29
2098	27
2099	32
2100	25
2101	28
2102	31
2103	25
2104	22
2105	26
2106	28
2107	21
2108	22
2109	24
2110	30
2111	29
2112	33
2113	23
2114	31
2115	22
2116	35
2117	20
2118	23
2119	18
2120	23
2121	37
2122	20
2123	24
2124	27
2125	28
2126	29
2127	28
2128	32
2129	26
2130	21
2131	20
2132	18
2133	32
2134	30
2135	30
2136	28
2137	30
2138	18
2139	28
2140	32
2141	26
2142	19
2143	22
2144	28
2145	20
2146	31
2147	27
2148	24
2149	31
2150	27
2151	25
2152	20
2153	31
2154	27
2155	23
2156	22
2157	23
2158	33
2159	20
2160	20
2161	30
2162	19
2163	19
2164	32
2165	28
2166	27
2167	20
2168	29
2169	26
2170	34
2171	38
2172	24
2173	24
2174	28
2175	17
2176	23
2177	14
2178	32
2179	27
2180	26
2181	29
2182	29
2183	26
2184	23
2185	34
2186	23
2187	30
2188	18
2189	21
2190	18
2191	23
2192	21
2193	33
2194	27
2195	28
2196	19
2197	20
2198	27
2199	26
2200	32
2201	32
2202	21
2203	27
2204	24
2205	23
2206	23
2207	33
2208	20
2209	24
2210	33
2211	21
2212	18
2213	38
2214	21
2215	28
2216	27
2217	21
2218	23
2219	27
2220	31
2221	30
2222	30
2223	22
2224	24
2225	34
2226	19
2227	34
2228	21
2229	25
2230	21
2231	20
2232	33
2233	27
2234	21
2235	27
2236	31
2237	24
2238	25
2239	24
2240	28
2241	22
2242	27
2243	19
2244	32
2245	31
2246	20
2247	26
2248	25
2249	23
2250	27
2251	14
2252	22
2253	19
2254	22
2255	20
2256	19
2257	30
2258	31
2259	16
2260	11
2261	24
2262	23
2263	14
2264	19
2265	27
2266	26
2267	27
2268	18
2269	23
2270	28
2271	28
2272	16
2273	23
2274	16
2275	20
2276	25
2277	29
2278	30
2279	16
2280	21
2281	17
2282	29
2283	16
2284	26
2285	21
2286	27
2287	20
2288	25
2289	26
2290	27
2291	29
2292	27
2293	29
2294	21
2295	25
2296	26
2297	17
2298	27
2299	27
2300	27
2301	13
2302	22
2303	26
2304	26
2305	22
2306	28
2307	22
2308	22
2309	27
2310	27
2311	20
2312	28
2313	16
2314	22
2315	16
2316	25
2317	28
2318	22
2319	25
2320	25
2321	18
2322	22
2323	23
2324	25
2325	14
2326	26
2327	23
2328	25
2329	19
2330	20
2331	24
2332	26
2333	23
2334	17
2335	21
2336	16
2337	28
2338	20
2339	23
2340	28
2341	21
2342	18
2343	27
2344	14
2345	26
2346	35
2347	17
2348	19
2349	21
2350	21
2351	13
2352	18
2353	20
2354	22
2355	22
2356	21
2357	15
2358	15
2359	24
2360	21
2361	19
2362	17
2363	32
2364	33
2365	22
2366	20
2367	27
2368	24
2369	27
2370	15
2371	27
2372	20
2373	20
2374	20
2375	20
2376	19
2377	12
2378	27
2379	21
2380	25
2381	16
2382	18
2383	15
2384	19
2385	21
2386	24
2387	17
2388	17
2389	14
2390	14
2391	16
2392	28
2393	19
2394	30
2395	20
2396	25
2397	12
2398	13
2399	21
2400	15
2401	23
2402	19
2403	14
2404	33
2405	20
2406	17
2407	19
2408	18
2409	21
2410	25
2411	23
2412	11
2413	17
2414	20
2415	23
2416	20
2417	19
2418	19
2419	20
2420	16
2421	21
2422	22
2423	16
2424	14
2425	14
2426	20
2427	22
2428	19
2429	25
2430	17
2431	18
2432	14
2433	19
2434	23
2435	20
2436	19
2437	24
2438	12
2439	17
2440	26
2441	24
2442	23
2443	20
2444	14
2445	19
2446	21
2447	12
2448	22
2449	16
2450	17
2451	15
2452	27
2453	20
2454	28
2455	17
2456	22
2457	20
2458	19
2459	21
2460	28
2461	16
2462	20
2463	18
2464	19
2465	26
2466	21
2467	23
2468	20
2469	15
2470	20
2471	19
2472	26
2473	23
2474	12
2475	26
2476	22
2477	26
2478	27
2479	19
2480	19
2481	16
2482	18
2483	24
2484	20
2485	23
2486	15
2487	14
2488	17
2489	21
2490	24
2491	14
2492	20
2493	21
2494	11
2495	20
2496	22
2497	20
2498	16
2499	25
2500	15
2501	24
2502	16
2503	23
2504	18
2505	21
2506	14
2507	7
2508	13
2509	20
2510	15
2511	14
2512	17
2513	17
2514	17
2515	18
2516	18
2517	18
2518	15
2519	15
2520	23
2521	17
2522	18
2523	15
2524	22
2525	17
2526	12
2527	12
2528	11
2529	12
2530	18
2531	14
2532	17
2533	19
2534	12
2535	18
2536	19
2537	18
2538	6
2539	18
2540	22
2541	9
2542	17
2543	14
2544	16
2545	11
2546	17
2547	13
2548	13
2549	15
2550	15
2551	22
2552	14
2553	16
2554	17
2555	19
2556	13
2557	14
2558	15
2559	24
2560	15
2561	16
2562	18
2563	19
2564	20
2565	16
2566	10
2567	17
2568	20
2569	20
2570	12
2571	16
2572	23
2573	21
2574	16
2575	16
2576	18
2577	18
2578	12
2579	23
2580	16
2581	16
2582	13
2583	16
2584	13
2585	15
2586	16
2587	16
2588	24
2589	24
2590	22
2591	12
2592	13
2593	17
2594	12
2595	18
2596	11
2597	19
2598	14
2599	18
2600	22
2601	14
2602	13
2603	19
2604	22
2605	12
2606	14
2607	17
2608	16
2609	17
2610	23
2611	20
2612	20
2613	16
2614	16
2615	20
2616	15
2617	11
2618	18
2619	19
2620	18
2621	20
2622	20
2623	16
2624	15
2625	13
2626	11
2627	23
2628	17
2629	16
2630	22
2631	19
2632	15
2633	20
2634	18
2635	21
2636	15
2637	19
2638	12
2639	13
2640	20
2641	10
2642	12
2643	14
2644	27
2645	21
2646	13
2647	13
2648	11
2649	27
2650	19
2651	26
2652	17
2653	20
2654	9
2655	13
2656	13
2657	11
2658	17
2659	14
2660	17
2661	11
2662	12
2663	17
2664	12
2665	15
2666	14
2667	18
2668	13
2669	15
2670	21
2671	12
2672	20
2673	8
2674	9
2675	18
2676	16
2677	19
2678	14
2679	18
2680	15
2681	15
2682	14
2683	9
2684	16
2685	16
2686	15
2687	18
2688	17
2689	16
2690	18
2691	17
2692	18
2693	14
2694	12
2695	20
2696	13
2697	13
2698	15
2699	22
2700	13
2701	15
2702	14
2703	16
2704	7
2705	12
2706	11
2707	23
2708	21
2709	9
2710	18
2711	17
2712	15
2713	18
2714	15
2715	13
2716	13
2717	10
2718	15
2719	13
2720	17
2721	15
2722	13
2723	15
2724	15
2725	16
2726	16
2727	8
2728	12
2729	15
2730	20
2731	16
2732	12
2733	21
2734	20
2735	16
2736	21
2737	11
2738	17
2739	21
2740	14
2741	18
2742	14
2743	15
2744	7
2745	13
2746	23
2747	17
2748	11
2749	15
2750	17
2751	20
2752	18
2753	15
2754	11
2755	12
2756	13
2757	17
2758	15
2759	24
2760	19
2761	15
2762	12
2763	10
2764	15
2765	12
2766	21
2767	15
2768	10
2769	16
2770	16
2771	12
2772	10
2773	16
2774	16
2775	23
2776	18
2777	20
2778	17
2779	18
2780	11
2781	15
2782	18
2783	19
2784	10
2785	24
2786	14
2787	6
2788	15
2789	14
2790	13
2791	12
2792	13
2793	9
2794	13
2795	6
2796	12
2797	15
2798	16
2799	24
2800	20
2801	19
2802	14
2803	9
2804	5
2805	14
2806	13
2807	14
2808	11
2809	14
2810	17
2811	19
2812	13
2813	14
2814	19
2815	6
2816	12
2817	16
2818	9
2819	16
2820	8
2821	13
2822	22
2823	14
2824	9
2825	19
2826	15
2827	11
2828	16
2829	12
2830	19
2831	22
2832	18
2833	9
2834	14
2835	11
2836	18
2837	20
2838	12
2839	13
2840	13
2841	19
2842	16
2843	16
2844	10
2845	19
2846	9
2847	13
2848	17
2849	12
2850	14
2851	15
2852	14
2853	7
2854	17
2855	12
2856	15
2857	14
2858	13
2859	9
2860	13
2861	8
2862	12
2863	12
2864	13
2865	12
2866	13
2867	13
2868	12
2869	21
2870	14
2871	15
2872	14
2873	12
2874	3
2875	10
2876	15
2877	14
2878	24
2879	17
2880	24
2881	11
2882	22
2883	11
2884	22
2885	15
2886	12
2887	15
2888	9
2889	10
2890	6
2891	14
2892	7
2893	11
2894	15
2895	20
2896	12
2897	18
2898	13
2899	9
2900	16
2901	11
2902	15
2903	15
2904	20
2905	10
2906	17
2907	14
2908	14
2909	16
2910	14
2911	16
2912	17
2913	11
2914	12
2915	7
2916	12
2917	11
2918	11
2919	19
2920	10
2921	13
2922	13
2923	8
2924	20
2925	10
2926	18
2927	12
2928	14
2929	10
2930	18
2931	12
2932	11
2933	13
2934	14
2935	14
2936	18
2937	19
2938	13
2939	15
2940	17
2941	14
2942	8
2943	17
2944	12
2945	12
2946	14
2947	12
2948	14
2949	19
2950	19
2951	11
2952	11
2953	11
2954	9
2955	14
2956	15
2957	18
2958	16
2959	11
2960	14
2961	11
2962	12
2963	16
2964	16
2965	13
2966	6
2967	11
2968	14
2969	12
2970	11
2971	7
2972	11
2973	18
2974	11
2975	14
2976	7
2977	14
2978	11
2979	13
2980	15
2981	11
2982	16
2983	17
2984	12
2985	18
2986	10
2987	8
2988	19
2989	18
2990	11
2991	18
2992	12
2993	12
2994	15
2995	17
2996	10
2997	12
2998	12
2999	13
3000	13
3001	15
3002	14
3003	10
3004	13
3005	9
3006	9
3007	23
3008	17
3009	11
3010	9
3011	13
3012	15
3013	15
3014	14
3015	12
3016	13
3017	9
3018	18
3019	12
3020	15
3021	28
3022	9
3023	9
3024	18
3025	17
3026	10
3027	13
3028	10
3029	10
3030	14
3031	13
3032	8
3033	9
3034	19
3035	11
3036	15
3037	10
3038	16
3039	18
3040	21
3041	15
3042	10
3043	9
3044	7
3045	11
3046	10
3047	17
3048	9
3049	16
3050	17
3051	7
3052	10
3053	16
3054	15
3055	9
3056	19
3057	12
3058	15
3059	13
3060	10
3061	10
3062	16
3063	14
3064	16
3065	13
3066	17
3067	25
3068	11
3069	14
3070	11
3071	13
3072	14
3073	12
3074	9
3075	16
3076	10
3077	9
3078	15
3079	14
3080	26
3081	19
3082	11
3083	15
3084	17
3085	8
3086	20
3087	12
3088	14
3089	8
3090	9
3091	20
3092	21
3093	6
3094	6
3095	10
3096	13
3097	12
3098	5
3099	21
3100	11
3101	15
3102	10
3103	15
3104	15
3105	13
3106	10
3107	15
3108	14
3109	7
3110	15
3111	25
3112	14
3113	11
3114	12
3115	15
3116	9
3117	15
3118	15
3119	9
3120	18
3121	13
3122	8
3123	5
3124	17
3125	13
3126	10
3127	12
3128	13
3129	10
3130	11
3131	12
3132	17
3133	9
3134	18
3135	13
3136	14
3137	13
3138	16
3139	13
3140	14
3141	10
3142	9
3143	16
3144	12
3145	7
3146	7
3147	13
3148	12
3149	8
3150	12
3151	14
3152	13
3153	12
3154	7
3155	14
3156	16
3157	15
3158	15
3159	10
3160	7
3161	13
3162	14
3163	5
3164	14
3165	13
3166	14
3167	15
3168	12
3169	10
3170	11
3171	9
3172	15
3173	11
3174	11
3175	11
3176	9
3177	9
3178	12
3179	11
3180	8
3181	17
3182	14
3183	12
3184	18
3185	15
3186	16
3187	14
3188	12
3189	14
3190	11
3191	6
3192	14
3193	11
3194	15
3195	8
3196	12
3197	26
3198	12
3199	12
3200	19
3201	8
3202	7
3203	15
3204	9
3205	14
3206	8
3207	6
3208	13
3209	13
3210	16
3211	9
3212	14
3213	9
3214	9
3215	12
3216	10
3217	15
3218	12
3219	12
3220	11
3221	12
3222	14
3223	8
3224	15
3225	15
3226	8
3227	13
3228	8
3229	12
3230	18
3231	11
3232	13
3233	13
3234	17
3235	9
3236	15
3237	19
3238	17
3239	13
3240	12
3241	8
3242	19
3243	11
3244	10
3245	10
3246	16
3247	11
3248	8
3249	12
3250	11
3251	9
3252	14
3253	10
3254	21
3255	14
3256	12
3257	14
3258	8
3259	11
3260	11
3261	18
3262	14
3263	7
3264	11
3265	7
3266	10
3267	13
3268	13
3269	8
3270	15
3271	12
3272	22
3273	13
3274	13
3275	11
3276	15
3277	14
3278	13
3279	7
3280	12
3281	9
3282	10
3283	10
3284	12
3285	13
3286	12
3287	7
3288	11
3289	14
3290	8
3291	9
3292	10
3293	10
3294	12
3295	11
3296	16
3297	14
3298	8
3299	18
3300	10
3301	11
3302	13
3303	15
3304	10
3305	8
3306	15
3307	8
3308	5
3309	15
3310	7
3311	15
3312	11
3313	11
3314	13
3315	17
3316	12
3317	16
3318	11
3319	15
3320	14
3321	9
3322	10
3323	8
3324	11
3325	16
3326	13
3327	14
3328	11
3329	9
3330	13
3331	25
3332	8
3333	12
3334	9
3335	5
3336	15
3337	8
3338	20
3339	18
3340	12
3341	13
3342	12
3343	14
3344	9
3345	19
3346	14
3347	13
3348	14
3349	5
3350	10
3351	7
3352	9
3353	12
3354	8
3355	12
3356	10
3357	12
3358	12
3359	14
3360	8
3361	18
3362	8
3363	11
3364	14
3365	8
3366	25
3367	9
3368	8
3369	5
3370	15
3371	11
3372	13
3373	15
3374	12
3375	9
3376	10
3377	7
3378	7
3379	8
3380	11
3381	11
3382	14
3383	13
3384	15
3385	9
3386	15
3387	10
3388	10
3389	14
3390	13
3391	12
3392	12
3393	16
3394	16
3395	13
3396	14
3397	14
3398	11
3399	12
3400	10
3401	16
3402	11
3403	12
3404	19
3405	17
3406	9
3407	17
3408	7
3409	13
3410	11
3411	14
3412	11
3413	12
3414	9
3415	9
3416	8
3417	8
3418	10
3419	8
3420	17
3421	18
3422	13
3423	11
3424	15
3425	11
3426	9
3427	16
3428	14
3429	13
3430	10
3431	12
3432	14
3433	21
3434	6
3435	11
3436	6
3437	19
3438	13
3439	12
3440	9
3441	8
3442	16
3443	16
3444	11
3445	8
3446	6
3447	9
3448	11
3449	11
3450	9
3451	11
3452	11
3453	6
3454	4
3455	9
3456	11
3457	13
3458	11
3459	13
3460	14
3461	7
3462	12
3463	15
3464	10
3465	10
3466	12
3467	15
3468	10
3469	14
3470	8
3471	8
3472	12
3473	16
3474	20
3475	10
3476	15
3477	17
3478	13
3479	8
3480	17
3481	11
3482	15
3483	16
3484	10
3485	19
3486	7
3487	12
3488	5
3489	12
3490	15
3491	12
3492	11
3493	10
3494	8
3495	12
3496	9
3497	13
3498	12
3499	9
3500	9
3501	16
3502	13
3503	11
3504	15
3505	10
3506	10
3507	10
3508	11
3509	16
3510	11
3511	13
3512	7
3513	6
3514	15
3515	12
3516	12
3517	10
3518	4
3519	11
3520	12
3521	13
3522	14
3523	9
3524	9
3525	4
3526	13
3527	15
3528	14
3529	6
3530	9
3531	13
3532	11
3533	11
3534	6
3535	9
3536	5
3537	5
3538	11
3539	8
3540	12
3541	8
3542	14
3543	10
3544	10
3545	8
3546	10
3547	12
3548	12
3549	15
3550	8
3551	11
3552	8
3553	14
3554	17
3555	13
3556	6
3557	7
3558	9
3559	17
3560	12
3561	14
3562	14
3563	12
3564	11
3565	13
3566	7
3567	7
3568	8
3569	10
3570	9
3571	11
3572	12
3573	13
3574	16
3575	15
3576	14
3577	11
3578	11
3579	13
3580	8
3581	17
3582	20
3583	8
3584	11
3585	13
3586	13
3587	4
3588	5
3589	6
3590	5
3591	8
3592	9
3593	11
3594	13
3595	10
3596	7
3597	12
3598	10
3599	10
3600	12
3601	8
3602	19
3603	6
3604	16
3605	15
3606	5
3607	9
3608	12
3609	11
3610	9
3611	9
3612	15
3613	9
3614	9
3615	8
3616	6
3617	14
3618	9
3619	13
3620	8
3621	13
3622	8
3623	10
3624	16
3625	14
3626	13
3627	6
3628	6
3629	7
3630	8
3631	7
3632	9
3633	11
3634	9
3635	8
3636	10
3637	9
3638	9
3639	13
3640	10
3641	16
3642	17
3643	5
3644	12
3645	17
3646	12
3647	10
3648	7
3649	13
3650	9
3651	13
3652	12
3653	14
3654	10
3655	14
3656	9
3657	17
3658	9
3659	10
3660	16
3661	15
3662	12
3663	13
3664	16
3665	9
3666	15
3667	17
3668	10
3669	15
3670	10
3671	3
3672	7
3673	14
3674	6
3675	5
3676	13
3677	9
3678	14
3679	6
3680	18
3681	12
3682	13
3683	12
3684	12
3685	12
3686	14
3687	10
3688	22
3689	19
3690	11
3691	11
3692	9
3693	10
3694	15
3695	12
3696	8
3697	13
3698	10
3699	8
3700	5
3701	12
3702	10
3703	10
3704	12
3705	10
3706	11
3707	13
3708	14
3709	13
3710	10
3711	11
3712	10
3713	9
3714	7
3715	12
3716	8
3717	8
3718	10
3719	9
3720	6
3721	5
3722	14
3723	14
3724	7
3725	10
3726	3
3727	17
3728	16
3729	11
3730	7
3731	10
3732	13
3733	5
3734	12
3735	21
3736	10
3737	7
3738	11
3739	20
3740	18
3741	10
3742	9
3743	9
3744	12
3745	7
3746	5
3747	6
3748	11
3749	13
3750	5
3751	14
3752	9
3753	8
3754	7
3755	11
3756	12
3757	9
3758	12
3759	7
3760	10
3761	8
3762	6
3763	10
3764	10
3765	16
3766	17
3767	6
3768	12
3769	6
3770	9
3771	6
3772	6
3773	11
3774	14
3775	9
3776	6
3777	10
3778	11
3779	8
3780	17
3781	7
3782	10
3783	12
3784	9
3785	7
3786	14
3787	13
3788	12
3789	12
3790	10
3791	6
3792	11
3793	11
3794	9
3795	9
3796	10
3797	5
3798	14
3799	12
3800	5
3801	11
3802	12
3803	9
3804	8
3805	5
3806	16
3807	10
3808	12
3809	10
3810	13
3811	9
3812	5
3813	9
3814	6
3815	10
3816	7
3817	13
3818	5
3819	8
3820	5
3821	8
3822	10
3823	13
3824	11
3825	9
3826	11
3827	8
3828	14
3829	5
3830	13
3831	14
3832	10
3833	14
3834	13
3835	7
3836	8
3837	13
3838	14
3839	8
3840	10
3841	8
3842	8
3843	5
3844	10
3845	9
3846	11
3847	12
3848	4
3849	12
3850	15
3851	13
3852	4
3853	6
3854	10
3855	10
3856	11
3857	8
3858	9
3859	12
3860	5
3861	5
3862	10
3863	15
3864	8
3865	15
3866	9
3867	7
3868	5
3869	14
3870	13
3871	9
3872	14
3873	10
3874	15
3875	7
3876	10
3877	4
3878	7
3879	12
3880	8
3881	9
3882	7
3883	12
3884	8
3885	10
3886	13
3887	6
3888	9
3889	9
3890	11
3891	11
3892	8
3893	1
3894	5
3895	10
3896	12
3897	12
3898	9
3899	17
3900	16
3901	15
3902	7
3903	14
3904	9
3905	7
3906	11
3907	8
3908	12
3909	11
3910	9
3911	9
3912	14
3913	14
3914	12
3915	10
3916	8
3917	7
3918	9
3919	10
3920	5
3921	9
3922	5
3923	18
3924	9
3925	6
3926	9
3927	8
3928	14
3929	7
3930	12
3931	7
3932	11
3933	10
3934	14
3935	8
3936	6
3937	12
3938	4
3939	12
3940	11
3941	10
3942	8
3943	5
3944	6
3945	12
3946	21
3947	4
3948	5
3949	7
3950	8
3951	9
3952	5
3953	7
3954	8
3955	11
3956	15
3957	13
3958	10
3959	8
3960	9
3961	10
3962	14
3963	9
3964	14
3965	9
3966	10
3967	6
3968	12
3969	7
3970	9
3971	12
3972	6
3973	5
3974	12
3975	6
3976	7
3977	11
3978	11
3979	7
3980	16
3981	8
3982	7
3983	7
3984	5
3985	3
3986	8
3987	8
3988	12
3989	13
3990	9
3991	7
3992	2
3993	5
3994	9
3995	8
3996	8
3997	15
3998	8
3999	12
4000	10
4001	8
4002	9
4003	7
4004	12
4005	9
4006	11
4007	9
4008	12
4009	7
4010	12
4011	5
4012	11
4013	11
4014	4
4015	7
4016	8
4017	8
4018	6
4019	7
4020	4
4021	7
4022	11
4023	6
4024	16
4025	8
4026	13
4027	11
4028	6
4029	5
4030	8
4031	9
4032	7
4033	11
4034	8
4035	11
4036	7
4037	8
4038	8
4039	6
4040	6
4041	13
4042	7
4043	6
4044	10
4045	12
4046	8
4047	14
4048	12
4049	9
4050	14
4051	9
4052	15
4053	10
4054	11
4055	6
4056	15
4057	12
4058	11
4059	10
4060	8
4061	9
4062	5
4063	9
4064	8
4065	6
4066	10
4067	11
4068	7
4069	5
4070	8
4071	17
4072	7
4073	12
4074	11
4075	12
4076	10
4077	6
4078	6
4079	8
4080	9
4081	5
4082	14
4083	9
4084	14
4085	13
4086	12
4087	6
4088	8
4089	7
4090	7
4091	6
4092	6
4093	12
4094	9
4095	9
4096	11
4097	8
4098	9
4099	8
4100	15
4101	9
4102	7
4103	7
4104	9
4105	2
4106	5
4107	6
4108	15
4109	7
4110	10
4111	12
4112	8
4113	7
4114	2
4115	11
4116	9
4117	7
4118	12
4119	13
4120	15
4121	11
4122	12
4123	11
4124	5
4125	7
4126	12
4127	9
4128	10
4129	6
4130	12
4131	10
4132	17
4133	9
4134	8
4135	13
4136	14
4137	8
4138	11
4139	14
4140	8
4141	8
4142	6
4143	5
4144	11
4145	5
4146	9
4147	14
4148	6
4149	7
4150	10
4151	12
4152	12
4153	8
4154	10
4155	10
4156	6
4157	11
4158	13
4159	9
4160	11
4161	7
4162	7
4163	9
4164	7
4165	7
4166	13
4167	7
4168	9
4169	5
4170	13
4171	9
4172	10
4173	15
4174	4
4175	11
4176	9
4177	7
4178	14
4179	9
4180	4
4181	13
4182	13
4183	3
4184	9
4185	10
4186	5
4187	13
4188	9
4189	7
4190	6
4191	8
4192	8
4193	6
4194	10
4195	15
4196	16
4197	10
4198	7
4199	10
4200	7
4201	13
4202	4
4203	13
4204	10
4205	7
4206	10
4207	9
4208	9
4209	9
4210	11
4211	9
4212	14
4213	12
4214	3
4215	9
4216	5
4217	4
4218	9
4219	5
4220	10
4221	14
4222	7
4223	9
4224	10
4225	6
4226	6
4227	16
4228	16
4229	5
4230	9
4231	7
4232	10
4233	12
4234	9
4235	6
4236	8
4237	8
4238	8
4239	9
4240	12
4241	16
4242	7
4243	8
4244	11
4245	7
4246	10
4247	8
4248	9
4249	7
4250	4
4251	14
4252	9
4253	6
4254	9
4255	10
4256	13
4257	6
4258	10
4259	7
4260	13
4261	10
4262	12
4263	11
4264	9
4265	9
4266	8
4267	9
4268	15
4269	8
4270	9
4271	6
4272	3
4273	3
4274	12
4275	9
4276	8
4277	11
4278	5
4279	11
4280	10
4281	10
4282	11
4283	10
4284	9
4285	10
4286	8
4287	7
4288	12
4289	13
4290	8
4291	9
4292	9
4293	7
4294	6
4295	7
4296	16
4297	10
4298	7
4299	12
4300	5
4301	6
4302	9
4303	6
4304	11
4305	11
4306	6
4307	11
4308	4
4309	5
4310	4
4311	5
4312	6
4313	11
4314	5
4315	10
4316	7
4317	8
4318	9
4319	6
4320	6
4321	12
4322	7
4323	9
4324	7
4325	9
4326	8
4327	13
4328	5
4329	6
4330	5
4331	10
4332	6
4333	7
4334	9
4335	6
4336	6
4337	7
4338	5
4339	5
4340	10
4341	6
4342	13
4343	11
4344	15
4345	8
4346	7
4347	7
4348	11
4349	9
4350	9
4351	6
4352	11
4353	9
4354	8
4355	3
4356	6
4357	7
4358	7
4359	12
4360	7
4361	9
4362	11
4363	8
4364	8
4365	6
4366	9
4367	10
4368	13
4369	10
4370	10
4371	8
4372	6
4373	5
4374	8
4375	4
4376	8
4377	10
4378	12
4379	13
4380	7
4381	11
4382	7
4383	8
4384	9
4385	6
4386	13
4387	12
4388	8
4389	4
4390	6
4391	12
4392	6
4393	13
4394	7
4395	13
4396	6
4397	11
4398	5
4399	6
4400	8
4401	7
4402	7
4403	10
4404	10
4405	8
4406	9
4407	7
4408	10
4409	6
4410	13
4411	10
4412	4
4413	11
4414	10
4415	7
4416	6
4417	11
4418	11
4419	7
4420	13
4421	10
4422	8
4423	9
4424	9
4425	11
4426	15
4427	7
4428	8
4429	9
4430	9
4431	5
4432	6
4433	9
4434	4
4435	13
4436	5
4437	6
4438	14
4439	9
4440	10
4441	8
4442	9
4443	5
4444	11
4445	7
4446	9
4447	8
4448	6
4449	8
4450	4
4451	8
4452	9
4453	10
4454	5
4455	9
4456	8
4457	9
4458	5
4459	6
4460	5
4461	9
4462	4
4463	7
4464	5
4465	9
4466	5
4467	10
4468	11
4469	7
4470	7
4471	4
4472	9
4473	5
4474	6
4475	7
4476	4
4477	8
4478	4
4479	11
4480	11
4481	9
4482	8
4483	6
4484	11
4485	7
4486	10
4487	9
4488	10
4489	7
4490	11
4491	8
4492	10
4493	8
4494	7
4495	5
4496	10
4497	6
4498	7
4499	6
4500	11
4501	10
4502	4
4503	9
4504	10
4505	10
4506	9
4507	4
4508	7
4509	8
4510	10
4511	9
4512	8
4513	8
4514	9
4515	8
4516	8
4517	8
4518	7
4519	7
4520	5
4521	6
4522	13
4523	8
4524	8
4525	7
4526	7
4527	7
4528	16
4529	10
4530	9
4531	11
4532	5
4533	6
4534	8
4535	10
4536	8
4537	6
4538	10
4539	7
4540	5
4541	11
4542	13
4543	7
4544	7
4545	9
4546	10
4547	7
4548	9
4549	11
4550	7
4551	10
4552	8
4553	8
4554	8
4555	6
4556	10
4557	8
4558	5
4559	13
4560	7
4561	10
4562	8
4563	7
4564	13
4565	7
4566	8
4567	13
4568	8
4569	7
4570	4
4571	6
4572	16
4573	8
4574	8
4575	6
4576	8
4577	6
4578	10
4579	7
4580	10
4581	10
4582	7
4583	11
4584	10
4585	6
4586	9
4587	10
4588	7
4589	5
4590	7
4591	9
4592	8
4593	8
4594	5
4595	9
4596	6
4597	3
4598	6
4599	6
4600	7
4601	6
4602	6
4603	7
4604	8
4605	4
4606	10
4607	7
4608	9
4609	4
4610	7
4611	12
4612	14
4613	8
4614	8
4615	10
4616	8
4617	3
4618	7
4619	11
4620	15
4621	12
4622	12
4623	4
4624	5
4625	8
4626	7
4627	9
4628	12
4629	7
4630	13
4631	7
4632	6
4633	9
4634	6
4635	10
4636	10
4637	6
4638	3
4639	7
4640	5
4641	8
4642	3
4643	7
4644	10
4645	9
4646	10
4647	6
4648	5
4649	8
4650	5
4651	13
4652	7
4653	2
4654	10
4655	2
4656	11
4657	5
4658	10
4659	9
4660	6
4661	11
4662	2
4663	11
4664	2
4665	8
4666	9
4667	5
4668	13
4669	6
4670	7
4671	9
4672	9
4673	8
4674	10
4675	13
4676	4
4677	12
4678	5
4679	7
4680	8
4681	5
4682	9
4683	7
4684	8
4685	6
4686	9
4687	5
4688	5
4689	4
4690	9
4691	7
4692	8
4693	4
4694	12
4695	6
4696	4
4697	5
4698	6
4699	7
4700	3
4701	5
4702	6
4703	11
4704	8
4705	1
4706	11
4707	7
4708	12
4709	6
4710	11
4711	3
4712	10
4713	12
4714	10
4715	8
4716	6
4717	12
4718	10
4719	10
4720	8
4721	7
4722	9
4723	9
4724	5
4725	13
4726	4
4727	11
4728	7
4729	12
4730	9
4731	9
4732	8
4733	6
4734	9
4735	3
4736	4
4737	8
4738	10
4739	6
4740	11
4741	7
4742	6
4743	7
4744	11
4745	10
4746	8
4747	11
4748	9
4749	7
4750	4
4751	1
4752	10
4753	7
4754	9
4755	6
4756	6
4757	6
4758	7
4759	8
4760	3
4761	4
4762	10
4763	5
4764	7
4765	3
4766	8
4767	6
4768	6
4769	5
4770	6
4771	8
4772	10
4773	6
4774	6
4775	3
4776	6
4777	8
4778	11
4779	8
4780	6
4781	6
4782	10
4783	2
4784	9
4785	9
4786	6
4787	8
4788	6
4789	12
4790	5
4791	7
4792	9
4793	11
4794	7
4795	3
4796	5
4797	4
4798	7
4799	6
4800	3
4801	2
4802	6
4803	9
4804	3
4805	7
4806	7
4807	8
4808	10
4809	8
4810	7
4811	3
4812	6
4813	13
4814	7
4815	7
4816	2
4817	9
4818	6
4819	6
4820	14
4821	3
4822	6
4823	3
4824	6
4825	7
4826	8
4827	9
4828	8
4829	11
4830	12
4831	6
4832	11
4833	9
4834	5
4835	11
4836	8
4837	8
4838	4
4839	7
4840	8
4841	11
4842	7
4843	7
4844	6
4845	7
4846	6
4847	9
4848	9
4849	5
4850	7
4851	8
4852	7
4853	5
4854	2
4855	9
4856	9
4857	7
4858	5
4859	10
4860	9
4861	8
4862	6
4863	13
4864	4
4865	8
4866	4
4867	3
4868	5
4869	5
4870	8
4871	8
4872	9
4873	9
4874	6
4875	6
4876	7
4877	12
4878	15
4879	13
4880	5
4881	7
4882	11
4883	9
4884	6
4885	8
4886	5
4887	5
4888	6
4889	7
4890	8
4891	9
4892	7
4893	5
4894	8
4895	8
4896	5
4897	8
4898	8
4899	4
4900	7
4901	6
4902	4
4903	11
4904	5
4905	8
4906	2
4907	6
4908	10
4909	6
4910	8
4911	9
4912	9
4913	7
4914	9
4915	8
4916	6
4917	8
4918	6
4919	10
4920	6
4921	7
4922	6
4923	6
4924	6
4925	12
4926	9
4927	3
4928	7
4929	6
4930	5
4931	6
4932	3
4933	4
4934	10
4935	7
4936	7
4937	9
4938	7
4939	11
4940	7
4941	11
4942	8
4943	4
4944	10
4945	11
4946	8
4947	4
4948	7
4949	4
4950	6
4951	7
4952	4
4953	4
4954	8
4955	10
4956	5
4957	8
4958	3
4959	5
4960	7
4961	11
4962	7
4963	3
4964	10
4965	9
4966	9
4967	11
4968	6
4969	4
4970	6
4971	13
4972	7
4973	11
4974	5
4975	4
4976	9
4977	5
4978	8
4979	3
4980	12
4981	13
4982	9
4983	13
4984	5
4985	8
4986	7
4987	4
4988	6
4989	3
4990	12
4991	4
4992	11
4993	12
4994	8
4995	6
4996	6
4997	10
4998	4
4999	2
5000	6
5001	4
5002	5
5003	5
5004	10
5005	9
5006	9
5007	8
5008	14
5009	9
5010	11
5011	10
5012	3
5013	10
5014	7
5015	8
5016	4
5017	7
5018	8
5019	8
5020	12
5021	8
5022	7
5023	13
5024	7
5025	8
5026	4
5027	6
5028	3
5029	7
5030	7
5031	8
5032	8
5033	4
5034	7
5035	11
5036	11
5037	6
5038	5
5039	3
5040	10
5041	5
5042	9
5043	8
5044	9
5045	8
5046	6
5047	10
5048	4
5049	5
5050	5
5051	14
5052	7
5053	10
5054	11
5055	9
5056	6
5057	1
5058	5
5059	5
5060	5
5061	6
5062	8
5063	8
5064	2
5065	8
5066	5
5067	8
5068	4
5069	6
5070	8
5071	9
5072	12
5073	6
5074	15
5075	7
5076	6
5077	8
5078	7
5079	14
5080	11
5081	10
5082	7
5083	5
5084	15
5085	9
5086	5
5087	12
5088	6
5089	6
5090	3
5091	7
5092	9
5093	11
5094	4
5095	5
5096	6
5097	11
5098	7
5099	8
5100	7
5101	6
5102	6
5103	11
5104	7
5105	4
5106	4
5107	7
5108	11
5109	8
5110	4
5111	3
5112	10
5113	6
5114	4
5115	5
5116	7
5117	10
5118	9
5119	12
5120	8
5121	9
5122	11
5123	8
5124	1
5125	7
5126	7
5127	4
5128	7
5129	7
5130	6
5131	2
5132	14
5133	5
5134	1
5135	3
5136	7
5137	9
5138	12
5139	3
5140	6
5141	5
5142	9
5143	8
5144	12
5145	11
5146	12
5147	6
5148	11
5149	12
5150	2
5151	7
5152	2
5153	7
5154	5
5155	9
5156	6
5157	10
5158	5
5159	5
5160	4
5161	6
5162	9
5163	6
5164	9
5165	3
5166	2
5167	8
5168	9
5169	9
5170	7
5171	11
5172	8
5173	3
5174	7
5175	7
5176	8
5177	12
5178	2
5179	10
5180	6
5181	7
5182	5
5183	12
5184	9
5185	4
5186	11
5187	2
5188	8
5189	3
5190	7
5191	5
5192	6
5193	5
5194	7
5195	7
5196	7
5197	4
5198	12
5199	7
5200	4
5201	6
5202	8
5203	9
5204	8
5205	9
5206	10
5207	6
5208	8
5209	9
5210	6
5211	7
5212	4
5213	7
5214	11
5215	9
5216	8
5217	5
5218	6
5219	5
5220	9
5221	5
5222	8
5223	5
5224	8
5225	8
5226	10
5227	10
5228	7
5229	5
5230	6
5231	6
5232	11
5233	9
5234	10
5235	4
5236	6
5237	7
5238	8
5239	3
5240	7
5241	14
5242	9
5243	8
5244	6
5245	10
5246	10
5247	7
5248	8
5249	7
5250	10
5251	1
5252	9
5253	8
5254	7
5255	6
5256	7
5257	11
5258	6
5259	9
5260	7
5261	9
5262	5
5263	6
5264	3
5265	7
5266	5
5267	6
5268	5
5269	13
5270	4
5271	10
5272	10
5273	3
5274	5
5275	9
5276	8
5277	6
5278	4
5279	7
5280	8
5281	9
5282	10
5283	10
5284	7
5285	8
5286	5
5287	5
5288	6
5289	4
5290	6
5291	4
5292	4
5293	9
5294	5
5295	7
5296	5
5297	9
5298	7
5299	9
5300	6
5301	8
5302	16
5303	7
5304	2
5305	12
5306	6
5307	8
5308	7
5309	7
5310	6
5311	6
5312	6
5313	10
5314	4
5315	9
5316	8
5317	7
5318	6
5319	8
5320	2
5321	4
5322	7
5323	5
5324	5
5325	5
5326	2
5327	7
5328	11
5329	8
5330	7
5331	9
5332	9
5333	9
5334	7
5335	6
5336	8
5337	6
5338	5
5339	8
5340	8
5341	5
5342	6
5343	9
5344	13
5345	7
5346	11
5347	7
5348	9
5349	7
5350	6
5351	2
5352	7
5353	6
5354	6
5355	7
5356	6
5357	5
5358	5
5359	7
5360	4
5361	11
5362	8
5363	9
5364	5
5365	6
5366	9
5367	7
5368	4
5369	4
5370	6
5371	9
5372	4
5373	5
5374	7
5375	7
5376	8
5377	7
5378	8
5379	10
5380	9
5381	4
5382	9
5383	3
5384	11
5385	7
5386	5
5387	6
5388	6
5389	5
5390	7
5391	10
5392	5
5393	10
5394	7
5395	5
5396	5
5397	7
5398	5
5399	10
5400	6
5401	4
5402	3
5403	3
5404	6
5405	8
5406	6
5407	4
5408	5
5409	10
5410	7
5411	5
5412	6
5413	11
5414	5
5415	4
5416	8
5417	8
5418	7
5419	5
5420	7
5421	9
5422	7
5423	7
5424	8
5425	14
5426	9
5427	4
5428	5
5429	6
5430	7
5431	4
5432	9
5433	4
5434	4
5435	4
5436	7
5437	5
5438	5
5439	4
5440	8
5441	5
5442	8
5443	7
5444	9
5445	3
5446	6
5447	5
5448	10
5449	5
5450	5
5451	10
5452	10
5453	9
5454	5
5455	6
5456	8
5457	6
5458	4
5459	6
5460	6
5461	3
5462	12
5463	8
5464	7
5465	3
5466	9
5467	7
5468	2
5469	12
5470	8
5471	9
5472	10
5473	9
5474	6
5475	8
5476	6
5477	5
5478	5
5479	7
5480	5
5481	2
5482	7
5483	10
5484	3
5485	5
5486	10
5487	10
5488	9
5489	5
5490	10
5491	8
5492	7
5493	8
5494	9
5495	7
5496	4
5497	3
5498	8
5499	6
5500	5
5501	9
5502	10
5503	8
5504	2
5505	5
5506	7
5507	7
5508	7
5509	4
5510	7
5511	8
5512	9
5513	16
5514	4
5515	6
5516	4
5517	10
5518	4
5519	4
5520	7
5521	10
5522	9
5523	7
5524	7
5525	5
5526	6
5527	7
5528	8
5529	9
5530	12
5531	7
5532	8
5533	7
5534	6
5535	11
5536	5
5537	10
5538	7
5539	4
5540	5
5541	5
5542	12
5543	6
5544	3
5545	5
5546	6
5547	6
5548	7
5549	6
5550	4
5551	8
5552	9
5553	6
5554	7
5555	10
5556	9
5557	5
5558	4
5559	5
5560	7
5561	7
5562	7
5563	5
5564	4
5565	9
5566	6
5567	4
5568	4
5569	5
5570	13
5571	9
5572	7
5573	4
5574	7
5575	9
5576	2
5577	5
5578	8
5579	9
5580	8
5581	6
5582	7
5583	8
5584	8
5585	6
5586	6
5587	9
5588	12
5589	6
5590	6
5591	8
5592	5
5593	7
5594	13
5595	10
5596	9
5597	6
5598	5
5599	4
5600	9
5601	6
5602	5
5603	9
5604	4
5605	4
5606	5
5607	6
5608	10
5609	2
5610	3
5611	6
5612	7
5613	4
5614	7
5615	7
5616	7
5617	11
5618	10
5619	4
5620	10
5621	4
5622	15
5623	5
5624	7
5625	7
5626	5
5627	7
5628	9
5629	8
5630	5
5631	4
5632	11
5633	4
5634	3
5635	9
5636	4
5637	10
5638	4
5639	11
5640	8
5641	3
5642	9
5643	8
5644	5
5645	5
5646	6
5647	6
5648	6
5649	2
5650	3
5651	10
5652	10
5653	8
5654	6
5655	10
5656	9
5657	9
5658	8
5659	1
5660	4
5661	8
5662	8
5663	11
5664	11
5665	2
5666	2
5667	4
5668	8
5669	6
5670	12
5671	4
5672	8
5673	9
5674	6
5675	3
5676	9
5677	8
5678	8
5679	7
5680	8
5681	8
5682	3
5683	11
5684	9
5685	5
5686	10
5687	4
5688	6
5689	4
5690	6
5691	10
5692	4
5693	8
5694	8
5695	3
5696	8
5697	10
5698	8
5699	6
5700	6
5701	8
5702	11
5703	6
5704	2
5705	9
5706	7
5707	8
5708	7
5709	7
5710	5
5711	12
5712	4
5713	11
5714	4
5715	11
5716	6
5717	6
5718	4
5719	2
5720	10
5721	8
5722	6
5723	10
5724	7
5725	10
5726	8
5727	7
5728	6
5729	7
5730	5
5731	9
5732	5
5733	6
5734	5
5735	6
5736	6
5737	9
5738	8
5739	6
5740	6
5741	7
5742	9
5743	6
5744	7
5745	6
5746	5
5747	4
5748	8
5749	7
5750	9
5751	11
5752	7
5753	12
5754	8
5755	8
5756	2
5757	6
5758	8
5759	5
5760	5
5761	7
5762	10
5763	7
5764	8
5765	6
5766	6
5767	10
5768	8
5769	7
5770	2
5771	7
5772	10
5773	5
5774	4
5775	14
5776	9
5777	7
5778	7
5779	8
5780	7
5781	8
5782	5
5783	12
5784	8
5785	12
5786	7
5787	6
5788	7
5789	5
5790	11
5791	6
5792	9
5793	5
5794	9
5795	6
5796	6
5797	5
5798	9
5799	8
5800	11
5801	4
5802	13
5803	7
5804	13
5805	4
5806	9
5807	5
5808	7
5809	9
5810	10
5811	8
5812	9
5813	7
5814	10
5815	5
5816	9
5817	9
5818	3
5819	6
5820	5
5821	5
5822	8
5823	4
5824	8
5825	8
5826	12
5827	8
5828	2
5829	11
5830	5
5831	6
5832	8
5833	11
5834	8
5835	9
5836	8
5837	5
5838	10
5839	7
5840	7
5841	11
5842	7
5843	8
5844	7
5845	8
5846	10
5847	9
5848	9
5849	9
5850	5
5851	4
5852	5
5853	3
5854	7
5855	7
5856	5
5857	7
5858	4
5859	6
5860	11
5861	6
5862	4
5863	7
5864	7
5865	10
5866	4
5867	9
5868	14
5869	5
5870	6
5871	4
5872	10
5873	7
5874	14
5875	12
5876	5
5877	9
5878	4
5879	8
5880	8
5881	10
5882	6
5883	7
5884	8
5885	7
5886	9
5887	8
5888	4
5889	9
5890	8
5891	6
5892	11
5893	7
5894	6
5895	9
5896	7
5897	8
5898	7
5899	11
5900	4
5901	10
5902	11
5903	4
5904	9
5905	8
5906	8
5907	8
5908	14
5909	10
5910	9
5911	2
5912	8
5913	10
5914	4
5915	4
5916	7
5917	13
5918	8
5919	4
5920	5
5921	3
5922	9
5923	6
5924	10
5925	6
5926	13
5927	8
5928	8
5929	8
5930	4
5931	6
5932	5
5933	15
5934	4
5935	10
5936	10
5937	6
5938	8
5939	9
5940	11
5941	7
5942	5
5943	10
5944	12
5945	10
5946	9
5947	9
5948	7
5949	6
5950	4
5951	8
5952	5
5953	4
5954	4
5955	13
5956	7
5957	6
5958	6
5959	7
5960	10
5961	10
5962	7
5963	15
5964	7
5965	6
5966	10
5967	9
5968	10
5969	5
5970	7
5971	6
5972	10
5973	4
5974	8
5975	6
5976	0
5977	4
5978	8
5979	12
5980	9
5981	3
5982	5
5983	4
5984	6
5985	8
5986	8
5987	9
5988	6
5989	5
5990	9
5991	7
5992	14
5993	6
5994	9
5995	8
5996	7
5997	8
5998	7
5999	12
6000	11
6001	9
6002	8
6003	10
6004	5
6005	6
6006	10
6007	8
6008	6
6009	3
6010	9
6011	8
6012	7
6013	5
6014	9
6015	6
6016	12
6017	11
6018	10
6019	10
6020	12
6021	6
6022	9
6023	8
6024	9
6025	8
6026	7
6027	7
6028	8
6029	7
6030	12
6031	6
6032	8
6033	8
6034	7
6035	4
6036	8
6037	14
6038	11
6039	10
6040	7
6041	9
6042	14
6043	13
6044	10
6045	8
6046	6
6047	5
6048	6
6049	14
6050	10
6051	10
6052	11
6053	5
6054	6
6055	9
6056	8
6057	9
6058	11
6059	9
6060	10
6061	10
6062	12
6063	9
6064	9
6065	7
6066	10
6067	8
6068	7
6069	12
6070	15
6071	12
6072	9
6073	16
6074	10
6075	11
6076	10
6077	8
6078	7
6079	18
6080	8
6081	6
6082	8
6083	4
6084	15
6085	16
6086	14
6087	6
6088	11
6089	6
6090	10
6091	4
6092	13
6093	7
6094	7
6095	8
6096	6
6097	11
6098	10
6099	13
6100	8
6101	7
6102	10
6103	8
6104	9
6105	9
6106	12
6107	10
6108	12
6109	12
6110	8
6111	10
6112	9
6113	11
6114	8
6115	3
6116	6
6117	7
6118	9
6119	4
6120	5
6121	15
6122	12
6123	5
6124	7
6125	8
6126	5
6127	9
6128	11
6129	9
6130	6
6131	9
6132	11
6133	6
6134	10
6135	15
6136	8
6137	12
6138	8
6139	10
6140	8
6141	7
6142	11
6143	10
6144	11
6145	11
6146	7
6147	10
6148	9
6149	8
6150	8
6151	8
6152	5
6153	10
6154	10
6155	8
6156	9
6157	10
6158	9
6159	11
6160	12
6161	8
6162	11
6163	8
6164	7
6165	8
6166	6
6167	6
6168	10
6169	6
6170	13
6171	10
6172	8
6173	12
6174	6
6175	9
6176	10
6177	7
6178	9
6179	7
6180	7
6181	11
6182	7
6183	11
6184	8
6185	8
6186	6
6187	13
6188	12
6189	9
6190	17
6191	12
6192	3
6193	6
6194	11
6195	10
6196	2
6197	14
6198	9
6199	13
6200	11
6201	7
6202	9
6203	15
6204	12
6205	9
6206	8
6207	7
6208	11
6209	13
6210	6
6211	9
6212	6
6213	7
6214	9
6215	6
6216	12
6217	10
6218	10
6219	9
6220	11
6221	8
6222	6
6223	8
6224	10
6225	9
6226	8
6227	9
6228	11
6229	7
6230	16
6231	14
6232	7
6233	11
6234	6
6235	8
6236	14
6237	10
6238	14
6239	13
6240	8
6241	8
6242	3
6243	7
6244	15
6245	10
6246	7
6247	7
6248	19
6249	10
6250	10
6251	10
6252	8
6253	10
6254	15
6255	14
6256	5
6257	12
6258	16
6259	15
6260	8
6261	14
6262	10
6263	9
6264	12
6265	14
6266	6
6267	10
6268	5
6269	6
6270	9
6271	18
6272	8
6273	9
6274	7
6275	11
6276	7
6277	7
6278	11
6279	10
6280	17
6281	5
6282	16
6283	7
6284	12
6285	7
6286	9
6287	13
6288	18
6289	13
6290	12
6291	11
6292	18
6293	13
6294	13
6295	7
6296	8
6297	17
6298	12
6299	10
6300	16
6301	11
6302	7
6303	7
6304	14
6305	12
6306	7
6307	16
6308	10
6309	8
6310	11
6311	11
6312	14
6313	7
6314	10
6315	12
6316	9
6317	8
6318	12
6319	11
6320	9
6321	9
6322	15
6323	11
6324	10
6325	15
6326	16
6327	11
6328	15
6329	6
6330	11
6331	8
6332	12
6333	8
6334	9
6335	10
6336	11
6337	13
6338	7
6339	10
6340	11
6341	10
6342	15
6343	12
6344	12
6345	9
6346	10
6347	10
6348	12
6349	11
6350	15
6351	8
6352	15
6353	12
6354	11
6355	10
6356	18
6357	7
6358	21
6359	16
6360	9
6361	12
6362	16
6363	11
6364	14
6365	12
6366	17
6367	19
6368	11
6369	16
6370	10
6371	14
6372	17
6373	14
6374	15
6375	14
6376	8
6377	14
6378	14
6379	8
6380	14
6381	12
6382	16
6383	14
6384	12
6385	14
6386	15
6387	19
6388	16
6389	11
6390	18
6391	13
6392	8
6393	11
6394	18
6395	17
6396	14
6397	13
6398	19
6399	14
6400	6
6401	14
6402	10
6403	14
6404	17
6405	10
6406	8
6407	11
6408	15
6409	12
6410	15
6411	10
6412	3
6413	9
6414	14
6415	14
6416	15
6417	8
6418	18
6419	13
6420	22
6421	16
6422	13
6423	8
6424	14
6425	10
6426	17
6427	12
6428	14
6429	15
6430	9
6431	10
6432	12
6433	9
6434	17
6435	20
6436	10
6437	17
6438	6
6439	5
6440	16
6441	21
6442	17
6443	6
6444	13
6445	9
6446	7
6447	14
6448	12
6449	10
6450	20
6451	11
6452	16
6453	14
6454	8
6455	16
6456	9
6457	12
6458	16
6459	15
6460	11
6461	14
6462	14
6463	12
6464	14
6465	10
6466	9
6467	13
6468	11
6469	16
6470	16
6471	8
6472	22
6473	11
6474	10
6475	14
6476	20
6477	14
6478	20
6479	13
6480	16
6481	15
6482	12
6483	8
6484	17
6485	12
6486	18
6487	20
6488	15
6489	17
6490	15
6491	12
6492	18
6493	13
6494	10
6495	11
6496	9
6497	9
6498	15
6499	11
6500	14
6501	16
6502	14
6503	13
6504	12
6505	16
6506	16
6507	11
6508	12
6509	14
6510	8
6511	18
6512	15
6513	6
6514	11
6515	12
6516	7
6517	10
6518	14
6519	6
6520	8
6521	9
6522	11
6523	19
6524	13
6525	10
6526	15
6527	16
6528	15
6529	18
6530	14
6531	20
6532	15
6533	17
6534	19
6535	11
6536	14
6537	9
6538	16
6539	8
6540	13
6541	11
6542	10
6543	10
6544	12
6545	15
6546	16
6547	20
6548	13
6549	13
6550	11
6551	16
6552	15
6553	10
6554	13
6555	11
6556	12
6557	9
6558	14
6559	7
6560	19
6561	9
6562	8
6563	16
6564	11
6565	16
6566	16
6567	6
6568	12
6569	10
6570	15
6571	21
6572	16
6573	17
6574	15
6575	16
6576	11
6577	16
6578	17
6579	10
6580	11
6581	12
6582	16
6583	11
6584	16
6585	12
6586	15
6587	24
6588	10
6589	21
6590	13
6591	12
6592	13
6593	14
6594	9
6595	9
6596	14
6597	8
6598	16
6599	19
6600	14
6601	16
6602	17
6603	9
6604	13
6605	13
6606	13
6607	14
6608	9
6609	15
6610	6
6611	6
6612	14
6613	10
6614	10
6615	19
6616	19
6617	11
6618	13
6619	12
6620	17
6621	6
6622	8
6623	11
6624	11
6625	17
6626	11
6627	8
6628	10
6629	18
6630	21
6631	16
6632	13
6633	14
6634	14
6635	14
6636	12
6637	10
6638	15
6639	19
6640	10
6641	23
6642	11
6643	10
6644	12
6645	13
6646	13
6647	10
6648	11
6649	10
6650	17
6651	10
6652	10
6653	10
6654	12
6655	10
6656	9
6657	10
6658	13
6659	10
6660	12
6661	9
6662	15
6663	10
6664	13
6665	8
6666	8
6667	17
6668	9
6669	11
6670	6
6671	9
6672	9
6673	14
6674	14
6675	10
6676	14
6677	4
6678	14
6679	8
6680	8
6681	8
6682	6
6683	14
6684	7
6685	14
6686	7
6687	8
6688	16
6689	12
6690	9
6691	9
6692	16
6693	12
6694	11
6695	11
6696	10
6697	7
6698	7
6699	9
6700	11
6701	6
6702	8
6703	6
6704	11
6705	9
6706	15
6707	17
6708	12
6709	7
6710	8
6711	9
6712	12
6713	7
6714	12
6715	9
6716	8
6717	5
6718	10
6719	7
6720	7
6721	2
6722	4
6723	11
6724	3
6725	12
6726	6
6727	5
6728	8
6729	6
6730	5
6731	6
6732	5
6733	4
6734	7
6735	7
6736	6
6737	4
6738	7
6739	7
6740	10
6741	7
6742	8
6743	7
6744	12
6745	5
6746	9
6747	9
6748	9
6749	4
6750	7
6751	9
6752	3
6753	6
6754	4
6755	8
6756	6
6757	9
6758	10
6759	4
6760	9
6761	7
6762	6
6763	7
6764	7
6765	6
6766	7
6767	8
6768	5
6769	4
6770	8
6771	9
6772	7
6773	4
6774	13
6775	4
6776	11
6777	10
6778	11
6779	5
6780	7
6781	0
6782	2
6783	6
6784	9
6785	6
6786	8
6787	8
6788	2
6789	4
6790	8
6791	7
6792	5
6793	6
6794	5
6795	7
6796	6
6797	5
6798	4
6799	4
6800	5
6801	3
6802	8
6803	4
6804	8
6805	8
6806	5
6807	6
6808	3
6809	2
6810	5
6811	5
6812	5
6813	5
6814	3
6815	3
6816	5
6817	5
6818	7
6819	1
6820	6
6821	5
6822	9
6823	6
6824	6
6825	5
6826	6
6827	9
6828	6
6829	3
6830	6
6831	4
6832	1
6833	8
6834	4
6835	2
6836	10
6837	8
6838	5
6839	8
6840	6
6841	0
6842	4
6843	3
6844	6
6845	6
6846	4
6847	4
6848	4
6849	3
6850	5
6851	2
6852	7
6853	8
6854	3
6855	7
6856	4
6857	5
6858	6
6859	2
6860	3
6861	3
6862	3
6863	4
6864	1
6865	4
6866	4
6867	3
6868	9
6869	3
6870	5
6871	3
6872	4
6873	6
6874	1
6875	4
6876	3
6877	5
6878	1
6879	4
6880	6
6881	2
6882	1
6883	2
6884	3
6885	0
6886	4
6887	3
6888	4
6889	2
6890	1
6891	2
6892	5
6893	2
6894	3
6895	6
6896	2
6897	1
6898	3
6899	2
6900	2
6901	0
6902	0
6903	4
6904	2
6905	3
6906	3
6907	4
6908	2
6909	1
6910	4
6911	6
6912	2
6913	2
6914	0
6915	0
6916	3
6917	4
6918	3
6919	3
6920	2
6921	2
6922	4
6923	0
6924	2
6925	3
6926	7
6927	2
6928	1
6929	4
6930	4
6931	1
6932	1
6933	2
6934	2
6935	3
6936	1
6937	3
6938	0
6939	1
6940	1
6941	3
6942	1
6943	2
6944	2
6945	4
6946	2
6947	1
6948	1
6949	1
6950	0
6951	3
6952	3
6953	3
6954	1
6955	0
6956	2
6957	1
6958	2
6959	3
6960	4
6961	2
6962	0
6963	0
6964	1
6965	1
6966	3
6967	3
6968	2
6969	2
6970	2
6971	0
6972	1
6973	1
6974	2
6975	0
6976	2
6977	3
6978	0
6979	0
6980	3
6981	0
6982	3
6983	0
6984	2
6985	1
6986	2
6987	0
6988	4
6989	0
6990	1
6991	1
6992	2
6993	1
6994	3
6995	1
6996	1
6997	1
6998	2
6999	5
7000	0
7001	0
7002	0
7003	1
7004	1
7005	2
7006	3
7007	2
7008	2
7009	1
7010	3
7011	1
7012	0
7013	2
7014	1
7015	1
7016	1
7017	0
7018	3
7019	0
7020	0
7021	0
7022	3
7023	0
7024	0
7025	1
7026	1
7027	3
7028	0
7029	0
7030	0
7031	0
7032	0
7033	1
7034	1
7035	0
7036	1
7037	1
7038	3
7039	2
7040	2
7041	1
7042	0
7043	0
7044	2
7045	0
7046	0
7047	0
7048	1
7049	3
7050	2
7051	0
7052	1
7053	0
7054	0
7055	2
7056	2
7057	3
7058	0
7059	1
7060	1
7061	1
7062	2
7063	1
7064	1
7065	0
7066	1
7067	1
7068	0
7069	1
7070	0
7071	1
7072	0
7073	0
7074	1
7075	1
7076	0
7077	0
7078	1
7079	0
7080	2
7081	1
7082	2
7083	1
7084	0
7085	2
7086	1
7087	1
7088	0
7089	1
7090	2
7091	0
7092	2
7093	0
7094	0
7095	0
7096	1
7097	1
7098	1
7099	0
7100	1
7101	0
7102	0
7103	0
7104	0
7105	0
7106	0
7107	1
7108	3
7109	1
7110	2
7111	1
7112	0
7113	1
7114	0
7115	0
7116	1
7117	0
7118	1
7119	1
7120	0
7121	0
7122	1
7123	2
7124	1
7125	0
7126	0
7127	1
7128	0
7129	0
7130	1
7131	2
7132	0
7133	0
7134	1
7135	0
7136	0
7137	0
7138	0
7139	1
7140	0
7141	1
7142	1
7143	0
7144	0
7145	0
7146	0
7147	1
7148	0
7149	0
7150	2
7151	0
7152	1
7153	0
7154	2
7155	1
7156	1
7157	4
7158	0
7159	1
7160	0
7161	0
7162	2
7163	0
7164	0
7165	1
7166	1
7167	0
7168	1
7169	0
7170	1
7171	0
7172	1
7173	1
7174	2
7175	0
7176	0
7177	1
7178	1
7179	0
7180	0
7181	0
7182	1
7183	1
7184	1
7185	1
7186	0
7187	2
7188	0
7189	0
7190	3
7191	0
7192	0
7193	1
7194	1
7195	0
7196	2
7197	0
7198	0
7199	1
7200	0
7201	1
7202	1
7203	0
7204	0
7205	0
7206	1
7207	0
7208	1
7209	2
7210	1
7211	0
7212	1
7213	1
7214	1
7215	2
7216	1
7217	1
7218	1
7219	4
7220	1
7221	3
7222	1
7223	2
7224	0
7225	2
7226	1
7227	1
7228	1
7229	0
7230	1
7231	1
7232	1
7233	0
7234	0
7235	0
7236	2
7237	0
7238	0
7239	0
7240	0
7241	1
7242	1
7243	1
7244	1
7245	1
7246	1
7247	2
7248	1
7249	1
7250	0
7251	0
7252	1
7253	0
7254	0
7255	1
7256	0
7257	0
7258	1
7259	0
7260	0
7261	1
7262	0
7263	0
7264	0
7265	1
7266	1
7267	0
7268	0
7269	1
7270	2
7271	1
7272	0
7273	3
7274	1
7275	0
7276	0
7277	2
7278	0
7279	0
7280	1
7281	0
7282	1
7283	0
7284	0
7285	1
7286	0
7287	0
7288	0
7289	0
7290	2
7291	0
7292	0
7293	0
7294	1
7295	1
7296	2
7297	1
7298	0
7299	0
7300	3
7301	0
7302	0
7303	1
7304	0
7305	0
7306	0
7307	1
7308	0
7309	1
7310	0
7311	0
7312	0
7313	0
7314	0
7315	0
7316	3
7317	1
7318	0
7319	0
7320	0
7321	1
7322	0
7323	0
7324	1
7325	3
7326	0
7327	0
7328	0
7329	1
7330	0
7331	1
7332	1
7333	0
7334	1
7335	1
7336	0
7337	0
7338	0
7339	0
7340	0
7341	0
7342	0
7343	0
7344	1
7345	0
7346	1
7347	0
7348	0
7349	0
7350	3
7351	0
7352	0
7353	1
7354	0
7355	1
7356	0
7357	0
7358	0
7359	2
7360	0
7361	0
7362	0
7363	1
7364	0
7365	0
7366	0
7367	0
7368	1
7369	1
7370	0
7371	0
7372	0
7373	1
7374	0
7375	0
7376	0
7377	0
7378	1
7379	3
7380	2
7381	0
7382	0
7383	1
7384	0
7385	0
7386	0
7387	1
7388	0
7389	2
7390	0
7391	2
7392	0
7393	0
7394	1
7395	2
7396	0
7397	1
7398	2
7399	0
7400	0
7401	0
7402	1
7403	1
7404	1
7405	2
7406	2
7407	1
7408	0
7409	0
7410	0
7411	0
7412	0
7413	0
7414	0
7415	1
7416	0
7417	0
7418	1
7419	0
7420	0
7421	0
7422	1
7423	1
7424	0
7425	3
7426	0
7427	0
7428	0
7429	0
7430	0
7431	1
7432	0
7433	0
7434	0
7435	0
7436	1
7437	0
7438	2
7439	0
7440	0
7441	1
7442	0
7443	2
7444	0
7445	0
7446	0
7447	1
7448	0
7449	1
7450	0
7451	0
7452	1
7453	2
7454	1
7455	2
7456	0
7457	0
7458	0
7459	0
7460	0
7461	0
7462	1
7463	2
7464	0
7465	2
7466	0
7467	1
7468	0
7469	3
7470	0
7471	1
7472	1
7473	0
7474	0
7475	0
7476	1
7477	0
7478	1
7479	2
7480	1
7481	0
7482	1
7483	0
7484	0
7485	0
7486	0
7487	0
7488	0
7489	1
7490	1
7491	1
7492	1
7493	2
7494	0
7495	1
7496	0
7497	1
7498	0
7499	0
7500	0
7501	0
7502	1
7503	1
7504	0
7505	0
7506	0
7507	0
7508	1
7509	0
7510	0
7511	1
7512	1
7513	0
7514	0
7515	0
7516	0
7517	1
7518	0
7519	0
7520	0
7521	2
7522	0
7523	0
7524	0
7525	0
7526	0
7527	1
7528	1
7529	0
7530	1
7531	0
7532	0
7533	2
7534	2
7535	0
7536	0
7537	0
7538	0
7539	2
7540	0
7541	0
7542	1
7543	1
7544	1
7545	1
7546	2
7547	0
7548	1
7549	0
7550	0
7551	0
7552	0
7553	1
7554	0
7555	0
7556	1
7557	1
7558	0
7559	0
7560	0
7561	1
7562	0
7563	2
7564	4
7565	1
7566	0
7567	0
7568	0
7569	1
7570	0
7571	2
7572	1
7573	0
7574	1
7575	3
7576	1
7577	0
7578	1
7579	1
7580	0
7581	0
7582	0
7583	1
7584	0
7585	0
7586	0
7587	0
7588	0
7589	1
7590	0
7591	0
7592	1
7593	0
7594	1
7595	1
7596	0
7597	1
7598	0
7599	0
7600	1
7601	1
7602	0
7603	2
7604	0
7605	0
7606	0
7607	1
7608	0
7609	0
7610	0
7611	0
7612	0
7613	0
7614	0
7615	0
7616	0
7617	0
7618	1
7619	0
7620	0
7621	1
7622	0
7623	0
7624	0
7625	0
7626	1
7627	0
7628	2
7629	1
7630	0
7631	0
7632	0
7633	0
7634	1
7635	0
7636	0
7637	0
7638	0
7639	1
7640	1
7641	0
7642	0
7643	1
7644	1
7645	1
7646	0
7647	0
7648	2
7649	3
7650	0
7651	1
7652	0
7653	1
7654	1
7655	2
7656	0
7657	1
7658	1
7659	0
7660	1
7661	1
7662	2
7663	1
7664	2
7665	1
7666	0
7667	1
7668	0
7669	0
7670	1
7671	1
7672	0
7673	0
7674	0
7675	0
7676	1
7677	2
7678	1
7679	0
7680	0
7681	0
7682	0
7683	2
7684	0
7685	0
7686	0
7687	1
7688	1
7689	0
7690	1
7691	0
7692	2
7693	0
7694	0
7695	0
7696	1
7697	1
7698	1
7699	1
7700	0
7701	0
7702	0
7703	0
7704	1
7705	1
7706	1
7707	0
7708	1
7709	0
7710	0
7711	0
7712	2
7713	0
7714	0
7715	0
7716	0
7717	0
7718	0
7719	0
7720	0
7721	2
7722	0
7723	1
7724	1
7725	0
7726	0
7727	1
7728	0
7729	0
7730	1
7731	1
7732	1
7733	0
7734	1
7735	0
7736	0
7737	1
7738	2
7739	0
7740	1
7741	1
7742	0
7743	2
7744	0
7745	1
7746	0
7747	1
7748	1
7749	0
7750	0
7751	0
7752	0
7753	0
7754	0
7755	0
7756	0
7757	1
7758	1
7759	1
7760	1
7761	2
7762	0
7763	0
7764	0
7765	1
7766	1
7767	0
7768	0
7769	1
7770	1
7771	0
7772	0
7773	0
7774	2
7775	0
7776	0
7777	1
7778	0
7779	0
7780	0
7781	1
7782	0
7783	0
7784	1
7785	0
7786	0
7787	1
7788	1
7789	1
7790	0
7791	1
7792	1
7793	1
7794	0
7795	0
7796	0
7797	0
7798	0
7799	1
7800	1
7801	0
7802	0
7803	1
7804	0
7805	1
7806	0
7807	0
7808	1
7809	1
7810	0
7811	2
7812	0
7813	0
7814	1
7815	1
7816	0
7817	0
7818	0
7819	0
7820	0
7821	0
7822	0
7823	0
7824	1
7825	0
7826	1
7827	0
7828	0
7829	2
7830	2
7831	0
7832	2
7833	0
7834	0
7835	2
7836	1
7837	0
7838	0
7839	0
7840	0
7841	0
7842	3
7843	0
7844	0
7845	1
7846	1
7847	0
7848	1
7849	0
7850	0
7851	2
7852	1
7853	0
7854	0
7855	0
7856	1
7857	0
7858	2
7859	1
7860	0
7861	1
7862	0
7863	0
7864	2
7865	0
7866	0
7867	0
7868	1
7869	2
7870	1
7871	1
7872	0
7873	1
7874	0
7875	1
7876	0
7877	0
7878	2
7879	0
7880	0
7881	0
7882	0
7883	0
7884	0
7885	1
7886	1
7887	1
7888	1
7889	0
7890	0
7891	0
7892	1
7893	0
7894	0
7895	0
7896	0
7897	0
7898	1
7899	0
7900	1
7901	1
7902	0
7903	1
7904	0
7905	2
7906	0
7907	1
7908	2
7909	0
7910	0
7911	1
7912	1
7913	1
7914	1
7915	0
7916	1
7917	1
7918	1
7919	0
7920	0
7921	0
7922	1
7923	1
7924	0
7925	0
7926	0
7927	0
7928	0
7929	1
7930	2
7931	1
7932	1
7933	0
7934	1
7935	0
7936	1
7937	1
7938	0
7939	0
7940	0
7941	0
7942	2
7943	2
7944	0
7945	1
7946	0
7947	0
7948	0
7949	0
7950	0
7951	2
7952	0
7953	0
7954	1
7955	0
7956	2
7957	0
7958	0
7959	0
7960	0
7961	0
7962	0
7963	0
7964	0
7965	0
7966	0
7967	0
7968	0
7969	0
7970	2
7971	0
7972	0
7973	0
7974	0
7975	2
7976	0
7977	1
7978	1
7979	0
7980	0
7981	1
7982	0
7983	0
7984	0
7985	0
7986	0
7987	0
7988	0
7989	0
7990	0
7991	0
7992	0
7993	0
7994	0
7995	0
7996	0
7997	1
7998	1
7999	0
8000	0
8001	0
8002	0
8003	0
8004	0
8005	0
8006	0
8007	0
8008	1
8009	1
8010	0
8011	0
8012	0
8013	0
8014	0
8015	0
8016	0
8017	0
8018	0
8019	0
8020	0
8021	1
8022	1
8023	0
8024	1
8025	1
8026	0
8027	1
8028	0
8029	1
8030	0
8031	2
8032	1
8033	0
8034	1
8035	0
8036	0
8037	0
8038	2
8039	0
8040	2
8041	1
8042	0
8043	0
8044	0
8045	1
8046	1
8047	1
8048	0
8049	0
8050	0
8051	0
8052	1
8053	0
8054	0
8055	1
8056	1
8057	0
8058	1
8059	1
8060	3
8061	0
8062	2
8063	0
8064	2
8065	0
8066	0
8067	2
8068	0
8069	0
8070	0
8071	1
8072	0
8073	0
8074	0
8075	1
8076	0
8077	0
8078	0
8079	0
8080	1
8081	0
8082	0
8083	0
8084	0
8085	0
8086	0
8087	0
8088	0
8089	0
8090	0
8091	0
8092	0
8093	0
8094	0
8095	0
8096	0
8097	0
8098	0
8099	0
8100	0
8101	0
8102	0
8103	0
8104	0
8105	0
8106	0
8107	0
8108	0
8109	0
8110	0
8111	0
8112	0
8113	0
8114	0
8115	0
8116	0
8117	0
8118	0
8119	0
8120	0
8121	0
8122	0
8123	0
8124	0
8125	0
8126	0
8127	0
8128	0
8129	0
8130	0
8131	0
8132	0
8133	0
8134	0
8135	0
8136	0
8137	0
8138	0
8139	0
8140	0
8141	0
8142	0
8143	0
8144	0
8145	0
8146	0
8147	0
8148	0
8149	0
8150	0
8151	0
8152	0
8153	0
8154	0
8155	0
8156	0
8157	0
8158	0
8159	0
8160	0
8161	0
8162	0
8163	0
8164	0
8165	0
8166	0
8167	0
8168	0
8169	0
8170	0
8171	0
8172	0
8173	0
8174	0
8175	0
8176	0
8177	0
8178	0
8179	0
8180	0
8181	0
8182	0
8183	0
8184	0
8185	0
8186	0
8187	0
8188	0
8189	0
8190	0
8191	0
