0	0
1	0
2	0
3	0
4	0
5	0
6	0
7	0
8	0
9	0
10	0
11	0
12	0
13	0
14	0
15	0
16	0
17	0
18	0
19	0
20	0
21	0
22	0
23	0
24	0
25	0
26	0
27	0
28	0
29	0
30	0
31	0
32	0
33	0
34	0
35	0
36	0
37	0
38	0
39	0
40	0
41	0
42	0
43	0
44	0
45	0
46	0
47	0
48	0
49	0
50	0
51	0
52	0
53	0
54	0
55	0
56	0
57	0
58	0
59	0
60	0
61	0
62	0
63	0
64	0
65	0
66	0
67	0
68	0
69	0
70	0
71	0
72	0
73	0
74	0
75	0
76	0
77	0
78	0
79	0
80	0
81	0
82	0
83	1
84	2
85	3
86	6
87	6
88	18
89	14
90	20
91	9
92	12
93	12
94	11
95	10
96	13
97	13
98	13
99	10
100	7
101	16
102	8
103	8
104	11
105	7
106	9
107	12
108	7
109	10
110	7
111	9
112	6
113	9
114	6
115	12
116	12
117	9
118	8
119	14
120	9
121	10
122	9
123	7
124	6
125	13
126	8
127	8
128	6
129	15
130	10
131	12
132	3
133	10
134	9
135	8
136	10
137	7
138	8
139	3
140	5
141	3
142	12
143	10
144	13
145	6
146	12
147	7
148	12
149	6
150	10
151	6
152	7
153	9
154	5
155	9
156	8
157	4
158	7
159	10
160	8
161	9
162	10
163	9
164	10
165	9
166	14
167	9
168	10
169	11
170	4
171	8
172	10
173	7
174	10
175	14
176	10
177	6
178	8
179	7
180	8
181	9
182	8
183	12
184	10
185	10
186	4
187	8
188	9
189	8
190	11
191	7
192	3
193	7
194	10
195	6
196	6
197	9
198	9
199	10
200	5
201	5
202	5
203	10
204	8
205	8
206	11
207	15
208	5
209	8
210	8
211	9
212	9
213	11
214	7
215	6
216	9
217	9
218	10
219	13
220	10
221	6
222	9
223	7
224	7
225	8
226	4
227	5
228	15
229	6
230	8
231	14
232	8
233	10
234	8
235	2
236	12
237	13
238	12
239	8
240	10
241	8
242	11
243	4
244	4
245	9
246	11
247	7
248	8
249	10
250	16
251	7
252	9
253	14
254	4
255	10
256	3
257	11
258	7
259	10
260	8
261	8
262	12
263	4
264	6
265	14
266	7
267	9
268	8
269	9
270	7
271	10
272	5
273	7
274	6
275	15
276	11
277	10
278	7
279	10
280	12
281	7
282	12
283	9
284	16
285	5
286	6
287	8
288	9
289	6
290	10
291	8
292	11
293	11
294	13
295	11
296	13
297	8
298	7
299	17
300	5
301	7
302	9
303	9
304	12
305	9
306	6
307	5
308	9
309	6
310	13
311	5
312	15
313	6
314	13
315	4
316	7
317	8
318	12
319	11
320	12
321	3
322	14
323	20
324	10
325	10
326	10
327	15
328	14
329	10
330	8
331	8
332	8
333	6
334	6
335	11
336	9
337	14
338	16
339	8
340	12
341	9
342	10
343	6
344	10
345	15
346	4
347	7
348	13
349	7
350	10
351	8
352	10
353	10
354	12
355	3
356	15
357	8
358	8
359	10
360	11
361	15
362	11
363	13
364	7
365	7
366	8
367	9
368	6
369	16
370	12
371	7
372	5
373	12
374	13
375	12
376	10
377	10
378	9
379	9
380	11
381	9
382	16
383	6
384	8
385	15
386	7
387	17
388	9
389	11
390	16
391	11
392	7
393	10
394	11
395	11
396	10
397	5
398	7
399	8
400	14
401	8
402	8
403	12
404	14
405	8
406	9
407	18
408	14
409	13
410	8
411	7
412	7
413	10
414	10
415	10
416	14
417	14
418	8
419	8
420	8
421	12
422	11
423	11
424	12
425	8
426	9
427	11
428	5
429	8
430	13
431	14
432	9
433	10
434	10
435	8
436	12
437	9
438	9
439	11
440	9
441	16
442	9
443	15
444	11
445	11
446	14
447	13
448	6
449	16
450	4
451	15
452	12
453	12
454	11
455	12
456	9
457	17
458	6
459	10
460	8
461	12
462	9
463	7
464	12
465	10
466	10
467	11
468	9
469	7
470	13
471	7
472	12
473	13
474	11
475	12
476	10
477	11
478	15
479	12
480	10
481	7
482	8
483	6
484	15
485	4
486	10
487	9
488	9
489	9
490	12
491	12
492	9
493	9
494	8
495	6
496	12
497	13
498	11
499	16
500	14
501	12
502	15
503	7
504	11
505	15
506	12
507	19
508	13
509	13
510	7
511	7
512	14
513	13
514	10
515	13
516	6
517	10
518	15
519	7
520	11
521	7
522	11
523	11
524	10
525	6
526	10
527	12
528	14
529	12
530	14
531	10
532	12
533	12
534	8
535	11
536	7
537	11
538	7
539	10
540	15
541	6
542	8
543	9
544	11
545	4
546	12
547	10
548	9
549	12
550	8
551	13
552	11
553	10
554	10
555	15
556	15
557	11
558	10
559	14
560	10
561	8
562	12
563	16
564	8
565	8
566	6
567	9
568	16
569	6
570	13
571	11
572	15
573	11
574	10
575	13
576	11
577	8
578	13
579	11
580	15
581	14
582	6
583	13
584	6
585	11
586	10
587	5
588	15
589	11
590	12
591	15
592	12
593	7
594	7
595	7
596	12
597	12
598	7
599	11
600	15
601	4
602	8
603	10
604	15
605	12
606	12
607	9
608	8
609	8
610	17
611	16
612	13
613	10
614	6
615	11
616	8
617	15
618	10
619	10
620	12
621	16
622	10
623	12
624	12
625	14
626	8
627	14
628	18
629	11
630	10
631	12
632	13
633	12
634	11
635	12
636	10
637	16
638	10
639	16
640	12
641	6
642	10
643	16
644	21
645	7
646	8
647	8
648	7
649	12
650	6
651	10
652	12
653	11
654	10
655	10
656	8
657	9
658	19
659	11
660	20
661	12
662	13
663	9
664	9
665	9
666	10
667	8
668	6
669	10
670	21
671	17
672	19
673	9
674	12
675	8
676	13
677	8
678	12
679	8
680	6
681	16
682	15
683	14
684	9
685	13
686	14
687	15
688	12
689	10
690	12
691	16
692	9
693	18
694	8
695	7
696	13
697	17
698	11
699	8
700	11
701	14
702	19
703	16
704	12
705	7
706	9
707	23
708	13
709	18
710	12
711	9
712	11
713	13
714	5
715	12
716	16
717	11
718	19
719	14
720	13
721	7
722	13
723	13
724	11
725	13
726	13
727	12
728	18
729	13
730	17
731	10
732	11
733	17
734	15
735	11
736	13
737	14
738	9
739	11
740	14
741	11
742	15
743	14
744	11
745	16
746	14
747	10
748	8
749	17
750	11
751	27
752	14
753	17
754	14
755	13
756	15
757	12
758	19
759	14
760	23
761	14
762	17
763	18
764	18
765	9
766	15
767	20
768	19
769	15
770	12
771	18
772	14
773	15
774	20
775	18
776	16
777	20
778	17
779	13
780	17
781	9
782	15
783	11
784	12
785	25
786	21
787	20
788	17
789	19
790	12
791	12
792	21
793	25
794	20
795	11
796	15
797	16
798	16
799	16
800	21
801	6
802	27
803	20
804	20
805	18
806	16
807	21
808	12
809	25
810	27
811	23
812	15
813	22
814	23
815	17
816	23
817	18
818	18
819	20
820	20
821	12
822	24
823	22
824	20
825	7
826	18
827	22
828	11
829	20
830	28
831	25
832	24
833	25
834	16
835	19
836	14
837	19
838	21
839	16
840	10
841	19
842	18
843	14
844	17
845	18
846	17
847	15
848	16
849	22
850	19
851	23
852	17
853	21
854	11
855	15
856	19
857	15
858	20
859	26
860	21
861	13
862	19
863	27
864	24
865	24
866	19
867	25
868	15
869	16
870	14
871	15
872	19
873	16
874	18
875	8
876	19
877	12
878	19
879	9
880	16
881	17
882	24
883	14
884	12
885	18
886	13
887	17
888	17
889	9
890	19
891	19
892	18
893	17
894	19
895	20
896	24
897	13
898	14
899	21
900	12
901	15
902	21
903	20
904	16
905	20
906	16
907	25
908	17
909	14
910	19
911	14
912	21
913	22
914	22
915	17
916	15
917	19
918	19
919	16
920	17
921	13
922	12
923	21
924	23
925	19
926	16
927	22
928	19
929	14
930	10
931	17
932	21
933	20
934	15
935	9
936	17
937	16
938	19
939	13
940	10
941	20
942	18
943	26
944	19
945	17
946	11
947	13
948	13
949	16
950	22
951	21
952	22
953	16
954	10
955	14
956	10
957	12
958	20
959	15
960	26
961	16
962	13
963	15
964	20
965	14
966	11
967	18
968	16
969	13
970	23
971	9
972	11
973	21
974	12
975	19
976	14
977	14
978	18
979	19
980	9
981	15
982	11
983	17
984	14
985	24
986	15
987	9
988	15
989	7
990	8
991	20
992	15
993	15
994	17
995	15
996	18
997	17
998	17
999	25
1000	17
1001	14
1002	18
1003	17
1004	14
1005	20
1006	17
1007	8
1008	19
1009	11
1010	14
1011	10
1012	12
1013	10
1014	17
1015	22
1016	11
1017	22
1018	7
1019	19
1020	16
1021	14
1022	11
1023	10
1024	14
1025	21
1026	15
1027	16
1028	16
1029	22
1030	24
1031	14
1032	14
1033	18
1034	14
1035	17
1036	9
1037	21
1038	15
1039	4
1040	13
1041	19
1042	13
1043	15
1044	12
1045	18
1046	16
1047	9
1048	15
1049	12
1050	9
1051	13
1052	17
1053	17
1054	17
1055	19
1056	11
1057	18
1058	11
1059	13
1060	12
1061	7
1062	9
1063	13
1064	16
1065	13
1066	11
1067	14
1068	12
1069	19
1070	21
1071	12
1072	11
1073	13
1074	16
1075	12
1076	13
1077	14
1078	19
1079	17
1080	22
1081	8
1082	16
1083	17
1084	18
1085	20
1086	17
1087	15
1088	16
1089	14
1090	23
1091	14
1092	15
1093	11
1094	18
1095	20
1096	9
1097	13
1098	17
1099	17
1100	13
1101	11
1102	14
1103	14
1104	13
1105	17
1106	19
1107	10
1108	17
1109	14
1110	16
1111	17
1112	17
1113	21
1114	14
1115	21
1116	16
1117	14
1118	12
1119	11
1120	15
1121	18
1122	11
1123	15
1124	13
1125	11
1126	13
1127	18
1128	21
1129	22
1130	19
1131	11
1132	20
1133	19
1134	25
1135	9
1136	12
1137	18
1138	22
1139	9
1140	29
1141	20
1142	5
1143	14
1144	13
1145	13
1146	16
1147	12
1148	17
1149	14
1150	14
1151	18
1152	15
1153	24
1154	14
1155	16
1156	12
1157	21
1158	22
1159	20
1160	16
1161	16
1162	17
1163	13
1164	18
1165	21
1166	18
1167	16
1168	26
1169	22
1170	12
1171	22
1172	18
1173	24
1174	18
1175	18
1176	20
1177	13
1178	21
1179	16
1180	18
1181	15
1182	15
1183	12
1184	13
1185	16
1186	19
1187	16
1188	15
1189	19
1190	18
1191	13
1192	19
1193	19
1194	16
1195	19
1196	20
1197	15
1198	17
1199	24
1200	16
1201	12
1202	17
1203	16
1204	23
1205	18
1206	9
1207	30
1208	14
1209	22
1210	15
1211	20
1212	25
1213	15
1214	23
1215	15
1216	17
1217	14
1218	15
1219	14
1220	22
1221	16
1222	10
1223	27
1224	22
1225	13
1226	19
1227	16
1228	13
1229	16
1230	12
1231	20
1232	19
1233	26
1234	13
1235	23
1236	15
1237	6
1238	17
1239	16
1240	11
1241	19
1242	14
1243	19
1244	21
1245	20
1246	15
1247	17
1248	24
1249	14
1250	26
1251	17
1252	25
1253	15
1254	17
1255	25
1256	15
1257	25
1258	21
1259	16
1260	23
1261	26
1262	13
1263	20
1264	21
1265	11
1266	18
1267	23
1268	11
1269	22
1270	21
1271	21
1272	16
1273	20
1274	13
1275	30
1276	7
1277	24
1278	12
1279	5
1280	26
1281	11
1282	20
1283	28
1284	18
1285	25
1286	13
1287	29
1288	19
1289	19
1290	18
1291	24
1292	26
1293	22
1294	20
1295	24
1296	17
1297	16
1298	18
1299	28
1300	20
1301	17
1302	31
1303	22
1304	21
1305	29
1306	23
1307	21
1308	14
1309	22
1310	21
1311	20
1312	21
1313	23
1314	15
1315	18
1316	22
1317	20
1318	22
1319	25
1320	20
1321	18
1322	19
1323	23
1324	25
1325	16
1326	16
1327	22
1328	19
1329	19
1330	18
1331	16
1332	28
1333	16
1334	16
1335	21
1336	15
1337	19
1338	14
1339	14
1340	9
1341	19
1342	16
1343	18
1344	21
1345	17
1346	18
1347	21
1348	11
1349	24
1350	14
1351	12
1352	21
1353	12
1354	23
1355	21
1356	17
1357	20
1358	26
1359	18
1360	15
1361	20
1362	24
1363	20
1364	19
1365	17
1366	19
1367	20
1368	28
1369	16
1370	22
1371	20
1372	25
1373	21
1374	20
1375	15
1376	23
1377	29
1378	13
1379	18
1380	17
1381	22
1382	22
1383	32
1384	18
1385	23
1386	18
1387	18
1388	16
1389	20
1390	9
1391	20
1392	16
1393	16
1394	21
1395	18
1396	24
1397	17
1398	21
1399	26
1400	17
1401	13
1402	16
1403	19
1404	23
1405	24
1406	18
1407	23
1408	16
1409	23
1410	16
1411	28
1412	20
1413	33
1414	18
1415	20
1416	18
1417	22
1418	19
1419	27
1420	13
1421	19
1422	17
1423	23
1424	26
1425	20
1426	20
1427	18
1428	22
1429	28
1430	28
1431	34
1432	15
1433	22
1434	20
1435	17
1436	17
1437	17
1438	17
1439	18
1440	25
1441	27
1442	17
1443	24
1444	25
1445	17
1446	27
1447	19
1448	28
1449	27
1450	16
1451	19
1452	18
1453	27
1454	18
1455	18
1456	26
1457	23
1458	27
1459	24
1460	23
1461	17
1462	21
1463	16
1464	13
1465	21
1466	25
1467	27
1468	15
1469	26
1470	17
1471	31
1472	25
1473	34
1474	15
1475	18
1476	21
1477	15
1478	34
1479	32
1480	28
1481	23
1482	21
1483	20
1484	24
1485	20
1486	28
1487	20
1488	27
1489	14
1490	15
1491	19
1492	24
1493	20
1494	26
1495	25
1496	27
1497	20
1498	30
1499	20
1500	25
1501	23
1502	25
1503	24
1504	28
1505	26
1506	20
1507	15
1508	25
1509	21
1510	26
1511	23
1512	21
1513	17
1514	20
1515	23
1516	20
1517	35
1518	25
1519	26
1520	25
1521	24
1522	22
1523	20
1524	30
1525	21
1526	15
1527	23
1528	20
1529	17
1530	29
1531	20
1532	24
1533	11
1534	17
1535	32
1536	14
1537	21
1538	23
1539	26
1540	23
1541	18
1542	19
1543	30
1544	21
1545	22
1546	27
1547	18
1548	20
1549	15
1550	17
1551	25
1552	19
1553	18
1554	15
1555	19
1556	32
1557	18
1558	19
1559	24
1560	18
1561	25
1562	25
1563	16
1564	26
1565	21
1566	24
1567	14
1568	20
1569	22
1570	19
1571	14
1572	22
1573	21
1574	24
1575	25
1576	22
1577	24
1578	20
1579	22
1580	28
1581	17
1582	20
1583	25
1584	24
1585	26
1586	24
1587	20
1588	17
1589	30
1590	22
1591	25
1592	22
1593	20
1594	26
1595	21
1596	22
1597	23
1598	19
1599	24
1600	18
1601	19
1602	19
1603	20
1604	24
1605	26
1606	37
1607	18
1608	21
1609	20
1610	26
1611	15
1612	27
1613	22
1614	24
1615	35
1616	19
1617	27
1618	18
1619	16
1620	18
1621	16
1622	21
1623	29
1624	26
1625	16
1626	22
1627	26
1628	19
1629	26
1630	19
1631	9
1632	23
1633	19
1634	22
1635	24
1636	32
1637	24
1638	13
1639	29
1640	29
1641	18
1642	28
1643	25
1644	19
1645	34
1646	25
1647	22
1648	24
1649	19
1650	22
1651	27
1652	28
1653	27
1654	28
1655	26
1656	19
1657	21
1658	26
1659	28
1660	26
1661	21
1662	21
1663	21
1664	22
1665	18
1666	18
1667	24
1668	27
1669	33
1670	17
1671	18
1672	26
1673	15
1674	28
1675	20
1676	21
1677	25
1678	20
1679	29
1680	26
1681	22
1682	31
1683	30
1684	12
1685	31
1686	20
1687	26
1688	25
1689	18
1690	23
1691	24
1692	17
1693	23
1694	25
1695	22
1696	19
1697	24
1698	18
1699	26
1700	16
1701	24
1702	30
1703	35
1704	33
1705	22
1706	22
1707	25
1708	18
1709	23
1710	21
1711	24
1712	17
1713	25
1714	38
1715	24
1716	26
1717	23
1718	22
1719	30
1720	22
1721	23
1722	23
1723	20
1724	21
1725	21
1726	26
1727	16
1728	12
1729	20
1730	27
1731	24
1732	22
1733	23
1734	27
1735	25
1736	24
1737	24
1738	24
1739	19
1740	33
1741	24
1742	23
1743	21
1744	29
1745	19
1746	22
1747	21
1748	16
1749	27
1750	25
1751	25
1752	25
1753	28
1754	12
1755	14
1756	23
1757	23
1758	17
1759	29
1760	20
1761	21
1762	32
1763	27
1764	30
1765	20
1766	22
1767	26
1768	20
1769	29
1770	17
1771	17
1772	23
1773	15
1774	20
1775	20
1776	25
1777	23
1778	24
1779	28
1780	28
1781	24
1782	19
1783	28
1784	25
1785	26
1786	29
1787	32
1788	25
1789	33
1790	33
1791	18
1792	22
1793	26
1794	25
1795	10
1796	19
1797	27
1798	24
1799	19
1800	26
1801	17
1802	31
1803	25
1804	29
1805	25
1806	27
1807	15
1808	16
1809	25
1810	23
1811	28
1812	28
1813	22
1814	25
1815	24
1816	25
1817	20
1818	19
1819	23
1820	29
1821	27
1822	27
1823	26
1824	20
1825	25
1826	18
1827	17
1828	16
1829	22
1830	26
1831	25
1832	19
1833	26
1834	18
1835	18
1836	34
1837	28
1838	25
1839	17
1840	22
1841	26
1842	25
1843	24
1844	21
1845	21
1846	30
1847	15
1848	27
1849	25
1850	25
1851	28
1852	27
1853	14
1854	32
1855	33
1856	15
1857	16
1858	30
1859	23
1860	24
1861	31
1862	15
1863	22
1864	34
1865	26
1866	32
1867	14
1868	22
1869	23
1870	23
1871	30
1872	25
1873	26
1874	19
1875	16
1876	27
1877	28
1878	30
1879	24
1880	22
1881	25
1882	31
1883	27
1884	21
1885	17
1886	15
1887	19
1888	25
1889	19
1890	21
1891	18
1892	32
1893	24
1894	28
1895	24
1896	25
1897	30
1898	35
1899	25
1900	31
1901	22
1902	22
1903	18
1904	18
1905	33
1906	22
1907	28
1908	17
1909	29
1910	17
1911	22
1912	32
1913	15
1914	22
1915	23
1916	21
1917	21
1918	32
1919	28
1920	32
1921	30
1922	28
1923	28
1924	24
1925	32
1926	36
1927	20
1928	28
1929	18
1930	21
1931	18
1932	25
1933	21
1934	20
1935	33
1936	22
1937	28
1938	33
1939	19
1940	20
1941	25
1942	26
1943	22
1944	21
1945	22
1946	28
1947	20
1948	18
1949	22
1950	18
1951	28
1952	32
1953	26
1954	21
1955	25
1956	19
1957	27
1958	31
1959	31
1960	23
1961	21
1962	24
1963	18
1964	24
1965	23
1966	20
1967	42
1968	17
1969	27
1970	17
1971	24
1972	20
1973	29
1974	16
1975	21
1976	21
1977	24
1978	16
1979	30
1980	25
1981	23
1982	20
1983	26
1984	29
1985	24
1986	29
1987	20
1988	26
1989	28
1990	30
1991	30
1992	29
1993	21
1994	23
1995	26
1996	24
1997	30
1998	22
1999	32
2000	26
2001	27
2002	30
2003	24
2004	20
2005	25
2006	24
2007	19
2008	21
2009	20
2010	22
2011	32
2012	25
2013	32
2014	22
2015	22
2016	24
2017	26
2018	24
2019	22
2020	26
2021	29
2022	27
2023	28
2024	25
2025	21
2026	15
2027	33
2028	19
2029	28
2030	25
2031	29
2032	27
2033	17
2034	20
2035	24
2036	33
2037	22
2038	27
2039	30
2040	31
2041	23
2042	22
2043	20
2044	25
2045	29
2046	26
2047	30
2048	19
2049	20
2050	19
2051	28
2052	13
2053	16
2054	17
2055	18
2056	32
2057	26
2058	32
2059	20
2060	34
2061	22
2062	28
2063	29
2064	20
2065	29
2066	27
2067	29
2068	29
2069	18
2070	30
2071	26
2072	19
2073	17
2074	15
2075	28
2076	21
2077	24
2078	17
2079	26
2080	22
2081	24
2082	25
2083	22
2084	36
2085	33
2086	31
2087	41
2088	28
2089	27
2090	22
2091	22
2092	26
2093	31
2094	27
2095	18
2096	25
2097	25
2098	18
2099	15
2100	21
2101	20
2102	21
2103	29
2104	21
2105	31
2106	22
2107	24
2108	25
2109	32
2110	31
2111	45
2112	31
2113	27
2114	36
2115	10
2116	29
2117	23
2118	36
2119	33
2120	16
2121	20
2122	32
2123	28
2124	26
2125	26
2126	22
2127	27
2128	19
2129	28
2130	36
2131	26
2132	20
2133	19
2134	26
2135	26
2136	24
2137	34
2138	29
2139	21
2140	28
2141	20
2142	29
2143	26
2144	22
2145	25
2146	30
2147	22
2148	34
2149	28
2150	31
2151	28
2152	30
2153	26
2154	35
2155	33
2156	28
2157	29
2158	24
2159	16
2160	33
2161	27
2162	24
2163	28
2164	28
2165	20
2166	22
2167	21
2168	23
2169	19
2170	26
2171	31
2172	23
2173	35
2174	21
2175	31
2176	30
2177	23
2178	31
2179	28
2180	27
2181	28
2182	23
2183	19
2184	24
2185	27
2186	19
2187	26
2188	31
2189	28
2190	22
2191	12
2192	22
2193	22
2194	28
2195	25
2196	32
2197	16
2198	21
2199	27
2200	24
2201	26
2202	23
2203	28
2204	19
2205	36
2206	23
2207	23
2208	25
2209	24
2210	22
2211	26
2212	25
2213	29
2214	25
2215	26
2216	25
2217	14
2218	23
2219	17
2220	24
2221	18
2222	23
2223	25
2224	28
2225	29
2226	25
2227	23
2228	29
2229	21
2230	20
2231	23
2232	25
2233	31
2234	26
2235	22
2236	27
2237	27
2238	26
2239	19
2240	28
2241	20
2242	23
2243	22
2244	24
2245	26
2246	24
2247	32
2248	20
2249	21
2250	33
2251	28
2252	19
2253	16
2254	20
2255	24
2256	24
2257	31
2258	33
2259	26
2260	17
2261	28
2262	17
2263	26
2264	24
2265	16
2266	28
2267	27
2268	21
2269	24
2270	28
2271	18
2272	25
2273	15
2274	21
2275	26
2276	26
2277	29
2278	26
2279	27
2280	20
2281	29
2282	19
2283	13
2284	24
2285	17
2286	26
2287	27
2288	19
2289	25
2290	20
2291	31
2292	24
2293	28
2294	24
2295	22
2296	18
2297	19
2298	21
2299	21
2300	26
2301	27
2302	21
2303	28
2304	19
2305	21
2306	28
2307	24
2308	27
2309	25
2310	26
2311	22
2312	23
2313	22
2314	27
2315	12
2316	18
2317	22
2318	21
2319	20
2320	22
2321	17
2322	20
2323	23
2324	18
2325	25
2326	32
2327	16
2328	25
2329	15
2330	20
2331	24
2332	26
2333	19
2334	25
2335	18
2336	26
2337	28
2338	27
2339	30
2340	18
2341	17
2342	23
2343	28
2344	24
2345	22
2346	23
2347	26
2348	30
2349	20
2350	19
2351	20
2352	27
2353	26
2354	21
2355	16
2356	22
2357	25
2358	21
2359	14
2360	20
2361	23
2362	23
2363	19
2364	24
2365	22
2366	14
2367	19
2368	32
2369	19
2370	20
2371	23
2372	23
2373	14
2374	20
2375	16
2376	21
2377	20
2378	21
2379	22
2380	18
2381	20
2382	17
2383	24
2384	16
2385	18
2386	22
2387	19
2388	19
2389	16
2390	23
2391	17
2392	27
2393	17
2394	23
2395	22
2396	19
2397	25
2398	17
2399	39
2400	19
2401	27
2402	28
2403	17
2404	15
2405	21
2406	23
2407	20
2408	17
2409	19
2410	25
2411	19
2412	17
2413	19
2414	19
2415	24
2416	13
2417	13
2418	18
2419	20
2420	25
2421	25
2422	23
2423	17
2424	16
2425	17
2426	22
2427	21
2428	22
2429	21
2430	21
2431	16
2432	15
2433	18
2434	25
2435	27
2436	25
2437	21
2438	22
2439	21
2440	24
2441	25
2442	16
2443	22
2444	12
2445	15
2446	21
2447	18
2448	9
2449	24
2450	25
2451	21
2452	27
2453	27
2454	19
2455	24
2456	21
2457	20
2458	13
2459	15
2460	25
2461	24
2462	20
2463	29
2464	18
2465	23
2466	21
2467	19
2468	23
2469	24
2470	23
2471	23
2472	14
2473	24
2474	16
2475	17
2476	16
2477	25
2478	21
2479	20
2480	18
2481	25
2482	19
2483	22
2484	15
2485	15
2486	23
2487	22
2488	17
2489	21
2490	18
2491	34
2492	16
2493	25
2494	20
2495	18
2496	20
2497	23
2498	17
2499	15
2500	22
2501	18
2502	20
2503	22
2504	18
2505	28
2506	22
2507	14
2508	20
2509	20
2510	23
2511	26
2512	24
2513	23
2514	22
2515	24
2516	25
2517	23
2518	17
2519	14
2520	26
2521	24
2522	19
2523	8
2524	22
2525	17
2526	13
2527	22
2528	18
2529	16
2530	24
2531	14
2532	24
2533	14
2534	15
2535	23
2536	19
2537	13
2538	24
2539	22
2540	16
2541	16
2542	16
2543	15
2544	19
2545	20
2546	19
2547	24
2548	18
2549	19
2550	20
2551	19
2552	18
2553	15
2554	19
2555	32
2556	22
2557	15
2558	18
2559	11
2560	21
2561	18
2562	17
2563	26
2564	17
2565	17
2566	18
2567	16
2568	30
2569	18
2570	26
2571	21
2572	14
2573	18
2574	23
2575	17
2576	22
2577	16
2578	17
2579	17
2580	27
2581	22
2582	19
2583	17
2584	21
2585	23
2586	23
2587	25
2588	26
2589	19
2590	16
2591	20
2592	21
2593	29
2594	23
2595	17
2596	16
2597	24
2598	19
2599	17
2600	17
2601	23
2602	25
2603	26
2604	19
2605	12
2606	24
2607	25
2608	16
2609	16
2610	17
2611	14
2612	16
2613	27
2614	21
2615	21
2616	30
2617	21
2618	23
2619	21
2620	24
2621	22
2622	16
2623	20
2624	25
2625	13
2626	18
2627	26
2628	23
2629	22
2630	28
2631	21
2632	22
2633	24
2634	34
2635	18
2636	28
2637	24
2638	26
2639	23
2640	18
2641	24
2642	26
2643	28
2644	24
2645	18
2646	23
2647	17
2648	23
2649	21
2650	19
2651	26
2652	28
2653	23
2654	18
2655	16
2656	19
2657	18
2658	14
2659	16
2660	18
2661	21
2662	16
2663	17
2664	23
2665	21
2666	10
2667	18
2668	30
2669	21
2670	18
2671	19
2672	21
2673	21
2674	21
2675	19
2676	23
2677	18
2678	22
2679	29
2680	18
2681	21
2682	24
2683	27
2684	24
2685	20
2686	19
2687	23
2688	27
2689	26
2690	24
2691	26
2692	21
2693	16
2694	19
2695	16
2696	24
2697	23
2698	20
2699	26
2700	27
2701	25
2702	24
2703	27
2704	19
2705	29
2706	30
2707	23
2708	27
2709	23
2710	22
2711	15
2712	23
2713	13
2714	23
2715	20
2716	25
2717	14
2718	24
2719	17
2720	21
2721	26
2722	25
2723	20
2724	22
2725	18
2726	29
2727	21
2728	23
2729	20
2730	31
2731	19
2732	20
2733	30
2734	21
2735	29
2736	16
2737	24
2738	21
2739	21
2740	22
2741	22
2742	17
2743	32
2744	24
2745	21
2746	27
2747	28
2748	21
2749	32
2750	24
2751	34
2752	24
2753	16
2754	27
2755	23
2756	20
2757	35
2758	34
2759	23
2760	25
2761	28
2762	28
2763	34
2764	28
2765	23
2766	23
2767	21
2768	23
2769	30
2770	24
2771	23
2772	21
2773	26
2774	33
2775	33
2776	35
2777	33
2778	22
2779	21
2780	20
2781	29
2782	40
2783	37
2784	30
2785	28
2786	20
2787	22
2788	30
2789	29
2790	22
2791	21
2792	28
2793	18
2794	37
2795	28
2796	25
2797	22
2798	23
2799	26
2800	32
2801	26
2802	23
2803	28
2804	29
2805	26
2806	26
2807	21
2808	20
2809	33
2810	19
2811	24
2812	28
2813	24
2814	26
2815	30
2816	25
2817	28
2818	29
2819	29
2820	33
2821	28
2822	19
2823	21
2824	22
2825	32
2826	33
2827	26
2828	27
2829	24
2830	25
2831	26
2832	33
2833	30
2834	23
2835	34
2836	17
2837	18
2838	25
2839	26
2840	30
2841	41
2842	29
2843	35
2844	23
2845	32
2846	28
2847	37
2848	30
2849	30
2850	26
2851	31
2852	30
2853	33
2854	22
2855	29
2856	21
2857	24
2858	22
2859	23
2860	23
2861	23
2862	27
2863	39
2864	22
2865	29
2866	24
2867	33
2868	33
2869	35
2870	19
2871	30
2872	26
2873	31
2874	30
2875	32
2876	35
2877	29
2878	21
2879	25
2880	28
2881	29
2882	27
2883	24
2884	34
2885	22
2886	17
2887	29
2888	36
2889	29
2890	28
2891	25
2892	31
2893	24
2894	38
2895	24
2896	29
2897	24
2898	31
2899	27
2900	24
2901	33
2902	19
2903	24
2904	31
2905	37
2906	32
2907	20
2908	27
2909	23
2910	29
2911	25
2912	24
2913	26
2914	27
2915	20
2916	27
2917	28
2918	32
2919	33
2920	27
2921	22
2922	33
2923	40
2924	28
2925	32
2926	21
2927	20
2928	29
2929	30
2930	35
2931	26
2932	28
2933	37
2934	39
2935	29
2936	34
2937	28
2938	33
2939	25
2940	35
2941	22
2942	32
2943	35
2944	24
2945	42
2946	30
2947	19
2948	30
2949	25
2950	32
2951	20
2952	32
2953	45
2954	30
2955	30
2956	23
2957	25
2958	30
2959	29
2960	19
2961	27
2962	21
2963	33
2964	24
2965	22
2966	24
2967	23
2968	26
2969	28
2970	34
2971	37
2972	17
2973	22
2974	35
2975	27
2976	44
2977	31
2978	27
2979	33
2980	23
2981	21
2982	28
2983	22
2984	36
2985	25
2986	24
2987	28
2988	32
2989	26
2990	31
2991	30
2992	32
2993	31
2994	27
2995	26
2996	29
2997	30
2998	16
2999	28
3000	24
3001	24
3002	21
3003	21
3004	30
3005	25
3006	34
3007	36
3008	38
3009	26
3010	24
3011	33
3012	28
3013	27
3014	36
3015	22
3016	28
3017	26
3018	17
3019	20
3020	32
3021	26
3022	28
3023	23
3024	28
3025	31
3026	21
3027	30
3028	38
3029	30
3030	24
3031	23
3032	26
3033	23
3034	29
3035	22
3036	24
3037	23
3038	28
3039	31
3040	16
3041	28
3042	24
3043	28
3044	25
3045	25
3046	33
3047	30
3048	27
3049	27
3050	19
3051	21
3052	37
3053	33
3054	24
3055	40
3056	22
3057	25
3058	20
3059	26
3060	21
3061	29
3062	24
3063	25
3064	34
3065	26
3066	26
3067	17
3068	29
3069	30
3070	27
3071	26
3072	22
3073	21
3074	25
3075	22
3076	31
3077	22
3078	20
3079	30
3080	31
3081	16
3082	26
3083	26
3084	24
3085	27
3086	20
3087	24
3088	26
3089	28
3090	26
3091	25
3092	16
3093	29
3094	27
3095	35
3096	18
3097	20
3098	19
3099	21
3100	19
3101	26
3102	23
3103	24
3104	14
3105	17
3106	18
3107	24
3108	15
3109	15
3110	20
3111	24
3112	25
3113	17
3114	16
3115	20
3116	21
3117	20
3118	26
3119	16
3120	25
3121	12
3122	22
3123	18
3124	22
3125	18
3126	23
3127	19
3128	22
3129	18
3130	21
3131	21
3132	16
3133	22
3134	20
3135	21
3136	24
3137	26
3138	24
3139	18
3140	26
3141	24
3142	21
3143	27
3144	20
3145	11
3146	16
3147	12
3148	20
3149	26
3150	31
3151	14
3152	12
3153	21
3154	22
3155	21
3156	22
3157	23
3158	23
3159	13
3160	17
3161	19
3162	11
3163	23
3164	29
3165	26
3166	19
3167	17
3168	25
3169	28
3170	27
3171	27
3172	24
3173	22
3174	27
3175	19
3176	21
3177	21
3178	15
3179	21
3180	21
3181	15
3182	15
3183	15
3184	18
3185	19
3186	21
3187	19
3188	20
3189	15
3190	17
3191	34
3192	17
3193	22
3194	17
3195	12
3196	19
3197	15
3198	12
3199	16
3200	29
3201	15
3202	19
3203	21
3204	8
3205	17
3206	25
3207	19
3208	14
3209	19
3210	20
3211	15
3212	24
3213	13
3214	20
3215	18
3216	23
3217	22
3218	23
3219	17
3220	16
3221	20
3222	25
3223	21
3224	21
3225	14
3226	24
3227	24
3228	17
3229	27
3230	8
3231	15
3232	15
3233	12
3234	17
3235	12
3236	15
3237	15
3238	14
3239	18
3240	13
3241	12
3242	21
3243	12
3244	19
3245	15
3246	22
3247	16
3248	17
3249	17
3250	21
3251	18
3252	16
3253	16
3254	17
3255	13
3256	13
3257	11
3258	20
3259	19
3260	14
3261	19
3262	15
3263	18
3264	20
3265	20
3266	15
3267	18
3268	8
3269	13
3270	17
3271	11
3272	12
3273	13
3274	13
3275	17
3276	16
3277	12
3278	15
3279	20
3280	18
3281	14
3282	15
3283	12
3284	16
3285	15
3286	22
3287	14
3288	20
3289	12
3290	17
3291	9
3292	18
3293	14
3294	17
3295	24
3296	14
3297	22
3298	15
3299	16
3300	14
3301	11
3302	14
3303	13
3304	13
3305	14
3306	26
3307	12
3308	15
3309	12
3310	18
3311	19
3312	10
3313	12
3314	21
3315	17
3316	12
3317	19
3318	12
3319	20
3320	13
3321	10
3322	16
3323	15
3324	11
3325	26
3326	17
3327	14
3328	20
3329	13
3330	14
3331	15
3332	19
3333	10
3334	14
3335	11
3336	21
3337	9
3338	10
3339	13
3340	17
3341	14
3342	14
3343	15
3344	14
3345	13
3346	16
3347	22
3348	10
3349	12
3350	20
3351	16
3352	16
3353	18
3354	10
3355	8
3356	16
3357	10
3358	12
3359	23
3360	14
3361	14
3362	9
3363	9
3364	16
3365	10
3366	17
3367	11
3368	14
3369	18
3370	16
3371	9
3372	16
3373	9
3374	14
3375	10
3376	17
3377	20
3378	11
3379	12
3380	12
3381	8
3382	15
3383	8
3384	12
3385	15
3386	15
3387	13
3388	17
3389	15
3390	12
3391	14
3392	13
3393	19
3394	16
3395	15
3396	14
3397	10
3398	13
3399	17
3400	8
3401	13
3402	15
3403	12
3404	12
3405	17
3406	9
3407	15
3408	13
3409	22
3410	18
3411	9
3412	20
3413	13
3414	10
3415	16
3416	12
3417	16
3418	17
3419	11
3420	6
3421	13
3422	15
3423	12
3424	7
3425	7
3426	18
3427	11
3428	10
3429	5
3430	12
3431	11
3432	11
3433	23
3434	8
3435	18
3436	11
3437	13
3438	13
3439	11
3440	18
3441	15
3442	14
3443	10
3444	18
3445	8
3446	12
3447	14
3448	17
3449	17
3450	12
3451	13
3452	6
3453	10
3454	10
3455	10
3456	12
3457	8
3458	12
3459	8
3460	16
3461	7
3462	9
3463	13
3464	8
3465	15
3466	10
3467	11
3468	12
3469	14
3470	9
3471	13
3472	11
3473	20
3474	11
3475	14
3476	10
3477	9
3478	16
3479	19
3480	9
3481	19
3482	13
3483	14
3484	13
3485	11
3486	16
3487	17
3488	7
3489	19
3490	14
3491	12
3492	17
3493	7
3494	12
3495	11
3496	12
3497	12
3498	13
3499	13
3500	13
3501	3
3502	11
3503	10
3504	18
3505	12
3506	16
3507	16
3508	14
3509	13
3510	16
3511	15
3512	17
3513	14
3514	13
3515	12
3516	10
3517	11
3518	19
3519	14
3520	14
3521	14
3522	18
3523	13
3524	12
3525	13
3526	14
3527	17
3528	10
3529	14
3530	7
3531	17
3532	12
3533	11
3534	10
3535	8
3536	15
3537	16
3538	16
3539	10
3540	12
3541	8
3542	16
3543	17
3544	11
3545	9
3546	4
3547	13
3548	12
3549	16
3550	17
3551	12
3552	8
3553	11
3554	11
3555	17
3556	14
3557	16
3558	15
3559	5
3560	13
3561	10
3562	13
3563	12
3564	7
3565	13
3566	11
3567	8
3568	16
3569	15
3570	13
3571	12
3572	18
3573	11
3574	10
3575	15
3576	11
3577	16
3578	8
3579	15
3580	9
3581	10
3582	17
3583	12
3584	19
3585	11
3586	11
3587	12
3588	10
3589	14
3590	12
3591	9
3592	9
3593	8
3594	13
3595	13
3596	12
3597	18
3598	12
3599	16
3600	16
3601	16
3602	12
3603	15
3604	14
3605	9
3606	12
3607	14
3608	13
3609	11
3610	12
3611	13
3612	14
3613	7
3614	10
3615	12
3616	12
3617	9
3618	14
3619	12
3620	8
3621	16
3622	15
3623	13
3624	12
3625	16
3626	15
3627	16
3628	5
3629	9
3630	12
3631	16
3632	9
3633	9
3634	15
3635	19
3636	6
3637	9
3638	17
3639	19
3640	13
3641	10
3642	17
3643	10
3644	10
3645	9
3646	8
3647	7
3648	14
3649	14
3650	13
3651	11
3652	10
3653	14
3654	8
3655	9
3656	21
3657	7
3658	19
3659	14
3660	14
3661	15
3662	15
3663	9
3664	12
3665	11
3666	16
3667	12
3668	10
3669	12
3670	13
3671	12
3672	9
3673	13
3674	17
3675	17
3676	5
3677	10
3678	14
3679	13
3680	10
3681	9
3682	11
3683	11
3684	8
3685	13
3686	11
3687	12
3688	11
3689	9
3690	11
3691	6
3692	13
3693	9
3694	20
3695	7
3696	12
3697	2
3698	14
3699	11
3700	11
3701	13
3702	10
3703	12
3704	12
3705	12
3706	8
3707	10
3708	7
3709	11
3710	6
3711	13
3712	9
3713	9
3714	5
3715	19
3716	16
3717	10
3718	8
3719	6
3720	13
3721	18
3722	19
3723	7
3724	7
3725	8
3726	10
3727	8
3728	11
3729	10
3730	7
3731	10
3732	18
3733	14
3734	6
3735	12
3736	9
3737	13
3738	10
3739	15
3740	9
3741	14
3742	14
3743	8
3744	9
3745	14
3746	10
3747	6
3748	12
3749	14
3750	15
3751	11
3752	9
3753	11
3754	10
3755	10
3756	12
3757	13
3758	11
3759	12
3760	15
3761	10
3762	13
3763	11
3764	13
3765	13
3766	15
3767	6
3768	22
3769	9
3770	9
3771	13
3772	5
3773	9
3774	13
3775	16
3776	14
3777	13
3778	9
3779	8
3780	9
3781	17
3782	17
3783	13
3784	10
3785	6
3786	9
3787	8
3788	15
3789	7
3790	12
3791	13
3792	15
3793	4
3794	14
3795	10
3796	12
3797	6
3798	12
3799	14
3800	10
3801	14
3802	12
3803	10
3804	12
3805	13
3806	16
3807	14
3808	9
3809	9
3810	7
3811	7
3812	7
3813	11
3814	11
3815	11
3816	15
3817	12
3818	8
3819	9
3820	13
3821	14
3822	10
3823	10
3824	8
3825	10
3826	10
3827	9
3828	7
3829	8
3830	9
3831	7
3832	9
3833	12
3834	10
3835	11
3836	11
3837	11
3838	15
3839	12
3840	13
3841	17
3842	19
3843	10
3844	11
3845	10
3846	12
3847	5
3848	8
3849	8
3850	11
3851	14
3852	14
3853	9
3854	14
3855	8
3856	8
3857	10
3858	7
3859	4
3860	13
3861	9
3862	7
3863	13
3864	5
3865	8
3866	9
3867	10
3868	12
3869	10
3870	11
3871	14
3872	13
3873	9
3874	12
3875	12
3876	11
3877	11
3878	18
3879	9
3880	5
3881	15
3882	13
3883	15
3884	12
3885	12
3886	11
3887	5
3888	12
3889	16
3890	19
3891	7
3892	8
3893	7
3894	7
3895	11
3896	10
3897	16
3898	9
3899	9
3900	11
3901	16
3902	10
3903	10
3904	5
3905	16
3906	7
3907	12
3908	10
3909	8
3910	12
3911	12
3912	6
3913	11
3914	13
3915	15
3916	10
3917	7
3918	11
3919	12
3920	14
3921	9
3922	11
3923	5
3924	16
3925	16
3926	7
3927	12
3928	12
3929	8
3930	12
3931	13
3932	7
3933	16
3934	12
3935	13
3936	8
3937	12
3938	8
3939	16
3940	5
3941	8
3942	15
3943	9
3944	4
3945	7
3946	9
3947	7
3948	10
3949	13
3950	9
3951	8
3952	12
3953	13
3954	10
3955	11
3956	11
3957	14
3958	12
3959	17
3960	8
3961	18
3962	17
3963	12
3964	10
3965	14
3966	14
3967	10
3968	13
3969	6
3970	13
3971	12
3972	12
3973	16
3974	6
3975	10
3976	12
3977	11
3978	17
3979	15
3980	7
3981	11
3982	8
3983	8
3984	10
3985	14
3986	10
3987	8
3988	13
3989	12
3990	13
3991	10
3992	7
3993	11
3994	8
3995	11
3996	11
3997	9
3998	9
3999	15
4000	10
4001	9
4002	11
4003	8
4004	7
4005	10
4006	10
4007	13
4008	14
4009	14
4010	20
4011	19
4012	12
4013	13
4014	11
4015	13
4016	10
4017	17
4018	20
4019	13
4020	9
4021	6
4022	11
4023	15
4024	11
4025	17
4026	23
4027	5
4028	10
4029	6
4030	16
4031	3
4032	12
4033	12
4034	6
4035	8
4036	15
4037	10
4038	13
4039	4
4040	9
4041	9
4042	10
4043	13
4044	16
4045	6
4046	10
4047	9
4048	7
4049	6
4050	11
4051	13
4052	5
4053	6
4054	7
4055	7
4056	8
4057	10
4058	10
4059	11
4060	13
4061	13
4062	8
4063	11
4064	13
4065	10
4066	5
4067	7
4068	6
4069	9
4070	5
4071	11
4072	9
4073	7
4074	10
4075	7
4076	7
4077	8
4078	11
4079	11
4080	8
4081	13
4082	13
4083	10
4084	12
4085	17
4086	8
4087	13
4088	8
4089	10
4090	13
4091	12
4092	11
4093	9
4094	9
4095	6
4096	10
4097	9
4098	11
4099	6
4100	7
4101	4
4102	11
4103	21
4104	8
4105	15
4106	16
4107	8
4108	9
4109	13
4110	14
4111	10
4112	13
4113	8
4114	13
4115	13
4116	12
4117	8
4118	11
4119	9
4120	5
4121	11
4122	7
4123	6
4124	10
4125	13
4126	8
4127	12
4128	8
4129	7
4130	8
4131	4
4132	8
4133	8
4134	5
4135	4
4136	12
4137	8
4138	6
4139	12
4140	11
4141	12
4142	11
4143	11
4144	5
4145	14
4146	8
4147	10
4148	14
4149	13
4150	11
4151	12
4152	11
4153	15
4154	14
4155	7
4156	11
4157	9
4158	3
4159	4
4160	14
4161	10
4162	6
4163	15
4164	11
4165	5
4166	9
4167	13
4168	9
4169	12
4170	11
4171	11
4172	5
4173	8
4174	9
4175	13
4176	5
4177	9
4178	3
4179	12
4180	15
4181	16
4182	8
4183	12
4184	11
4185	5
4186	8
4187	11
4188	8
4189	11
4190	10
4191	7
4192	10
4193	7
4194	16
4195	12
4196	14
4197	13
4198	13
4199	15
4200	10
4201	9
4202	9
4203	7
4204	12
4205	9
4206	10
4207	6
4208	11
4209	9
4210	13
4211	10
4212	5
4213	12
4214	8
4215	8
4216	11
4217	12
4218	9
4219	13
4220	12
4221	13
4222	12
4223	11
4224	9
4225	10
4226	14
4227	6
4228	8
4229	12
4230	8
4231	13
4232	6
4233	12
4234	7
4235	15
4236	9
4237	10
4238	7
4239	3
4240	4
4241	13
4242	10
4243	10
4244	13
4245	12
4246	10
4247	13
4248	12
4249	5
4250	14
4251	12
4252	12
4253	7
4254	11
4255	7
4256	11
4257	8
4258	8
4259	10
4260	4
4261	12
4262	9
4263	9
4264	9
4265	6
4266	13
4267	10
4268	8
4269	6
4270	7
4271	11
4272	12
4273	12
4274	10
4275	11
4276	13
4277	8
4278	9
4279	9
4280	10
4281	16
4282	11
4283	13
4284	13
4285	9
4286	8
4287	14
4288	9
4289	8
4290	18
4291	5
4292	10
4293	12
4294	13
4295	10
4296	9
4297	9
4298	7
4299	11
4300	7
4301	10
4302	6
4303	7
4304	10
4305	9
4306	9
4307	8
4308	5
4309	10
4310	10
4311	11
4312	8
4313	14
4314	7
4315	14
4316	8
4317	13
4318	9
4319	11
4320	7
4321	8
4322	13
4323	11
4324	13
4325	13
4326	10
4327	6
4328	10
4329	7
4330	7
4331	11
4332	13
4333	11
4334	12
4335	7
4336	13
4337	11
4338	11
4339	9
4340	7
4341	12
4342	9
4343	8
4344	8
4345	5
4346	9
4347	10
4348	11
4349	11
4350	14
4351	14
4352	10
4353	10
4354	10
4355	14
4356	10
4357	9
4358	3
4359	5
4360	12
4361	5
4362	9
4363	14
4364	10
4365	11
4366	7
4367	7
4368	9
4369	5
4370	13
4371	7
4372	12
4373	7
4374	11
4375	12
4376	16
4377	8
4378	10
4379	12
4380	7
4381	8
4382	10
4383	9
4384	9
4385	9
4386	11
4387	12
4388	13
4389	5
4390	12
4391	13
4392	9
4393	6
4394	6
4395	7
4396	6
4397	7
4398	8
4399	8
4400	5
4401	6
4402	10
4403	8
4404	5
4405	12
4406	10
4407	12
4408	12
4409	9
4410	10
4411	7
4412	6
4413	8
4414	6
4415	9
4416	11
4417	6
4418	8
4419	9
4420	9
4421	6
4422	8
4423	12
4424	7
4425	8
4426	9
4427	10
4428	8
4429	4
4430	5
4431	11
4432	13
4433	11
4434	9
4435	11
4436	8
4437	5
4438	9
4439	6
4440	7
4441	7
4442	4
4443	7
4444	13
4445	8
4446	9
4447	9
4448	6
4449	6
4450	4
4451	10
4452	7
4453	9
4454	9
4455	10
4456	14
4457	13
4458	8
4459	8
4460	9
4461	8
4462	14
4463	9
4464	8
4465	9
4466	11
4467	6
4468	10
4469	8
4470	8
4471	6
4472	6
4473	12
4474	12
4475	10
4476	11
4477	10
4478	7
4479	9
4480	8
4481	7
4482	10
4483	5
4484	6
4485	7
4486	13
4487	8
4488	11
4489	12
4490	15
4491	9
4492	15
4493	10
4494	11
4495	15
4496	5
4497	10
4498	10
4499	7
4500	12
4501	5
4502	20
4503	7
4504	5
4505	8
4506	8
4507	11
4508	7
4509	7
4510	7
4511	8
4512	7
4513	13
4514	6
4515	7
4516	6
4517	8
4518	7
4519	9
4520	12
4521	16
4522	7
4523	10
4524	10
4525	5
4526	11
4527	10
4528	9
4529	5
4530	8
4531	8
4532	11
4533	10
4534	10
4535	5
4536	2
4537	7
4538	8
4539	8
4540	11
4541	5
4542	13
4543	3
4544	6
4545	10
4546	9
4547	4
4548	13
4549	7
4550	5
4551	11
4552	8
4553	5
4554	4
4555	8
4556	10
4557	8
4558	13
4559	9
4560	9
4561	12
4562	12
4563	8
4564	10
4565	9
4566	5
4567	6
4568	8
4569	8
4570	10
4571	6
4572	10
4573	12
4574	12
4575	7
4576	11
4577	12
4578	5
4579	6
4580	9
4581	6
4582	11
4583	7
4584	6
4585	9
4586	11
4587	10
4588	11
4589	11
4590	9
4591	3
4592	8
4593	10
4594	8
4595	5
4596	14
4597	8
4598	9
4599	7
4600	10
4601	6
4602	9
4603	8
4604	12
4605	12
4606	6
4607	7
4608	5
4609	17
4610	13
4611	15
4612	8
4613	5
4614	4
4615	9
4616	9
4617	9
4618	8
4619	11
4620	9
4621	8
4622	12
4623	6
4624	5
4625	9
4626	7
4627	9
4628	10
4629	9
4630	12
4631	11
4632	9
4633	6
4634	6
4635	8
4636	11
4637	12
4638	6
4639	11
4640	11
4641	8
4642	9
4643	20
4644	9
4645	7
4646	6
4647	8
4648	8
4649	10
4650	7
4651	14
4652	9
4653	7
4654	10
4655	8
4656	6
4657	10
4658	4
4659	4
4660	8
4661	8
4662	6
4663	4
4664	5
4665	8
4666	9
4667	10
4668	5
4669	11
4670	8
4671	6
4672	9
4673	9
4674	11
4675	8
4676	11
4677	7
4678	2
4679	6
4680	10
4681	10
4682	6
4683	9
4684	13
4685	10
4686	14
4687	7
4688	7
4689	2
4690	10
4691	9
4692	5
4693	10
4694	9
4695	7
4696	10
4697	7
4698	11
4699	9
4700	5
4701	5
4702	11
4703	10
4704	4
4705	13
4706	6
4707	9
4708	8
4709	9
4710	10
4711	5
4712	9
4713	7
4714	7
4715	8
4716	14
4717	9
4718	5
4719	8
4720	10
4721	9
4722	8
4723	6
4724	4
4725	12
4726	9
4727	9
4728	2
4729	11
4730	9
4731	7
4732	9
4733	6
4734	3
4735	3
4736	10
4737	8
4738	11
4739	9
4740	6
4741	9
4742	7
4743	5
4744	10
4745	12
4746	6
4747	13
4748	8
4749	8
4750	10
4751	7
4752	8
4753	7
4754	8
4755	10
4756	3
4757	8
4758	6
4759	6
4760	6
4761	5
4762	7
4763	11
4764	7
4765	6
4766	9
4767	8
4768	5
4769	7
4770	9
4771	3
4772	9
4773	6
4774	6
4775	5
4776	7
4777	2
4778	10
4779	9
4780	7
4781	6
4782	10
4783	12
4784	10
4785	15
4786	9
4787	8
4788	9
4789	14
4790	3
4791	11
4792	4
4793	4
4794	4
4795	5
4796	7
4797	7
4798	5
4799	4
4800	14
4801	9
4802	7
4803	11
4804	3
4805	7
4806	9
4807	10
4808	11
4809	11
4810	9
4811	17
4812	9
4813	6
4814	5
4815	7
4816	4
4817	6
4818	12
4819	7
4820	8
4821	7
4822	5
4823	12
4824	7
4825	5
4826	3
4827	7
4828	14
4829	9
4830	8
4831	11
4832	10
4833	14
4834	14
4835	9
4836	7
4837	8
4838	6
4839	7
4840	2
4841	8
4842	5
4843	11
4844	13
4845	8
4846	5
4847	5
4848	4
4849	4
4850	6
4851	8
4852	7
4853	6
4854	2
4855	8
4856	14
4857	11
4858	9
4859	10
4860	10
4861	7
4862	10
4863	9
4864	7
4865	9
4866	8
4867	8
4868	9
4869	7
4870	10
4871	6
4872	10
4873	9
4874	9
4875	9
4876	6
4877	9
4878	3
4879	9
4880	8
4881	4
4882	7
4883	12
4884	4
4885	4
4886	6
4887	9
4888	7
4889	6
4890	9
4891	10
4892	11
4893	5
4894	13
4895	7
4896	5
4897	11
4898	9
4899	10
4900	5
4901	4
4902	7
4903	4
4904	9
4905	5
4906	8
4907	9
4908	6
4909	4
4910	10
4911	8
4912	7
4913	7
4914	9
4915	7
4916	6
4917	7
4918	9
4919	6
4920	7
4921	14
4922	10
4923	12
4924	10
4925	8
4926	6
4927	10
4928	8
4929	7
4930	5
4931	8
4932	12
4933	6
4934	9
4935	8
4936	7
4937	8
4938	6
4939	8
4940	5
4941	6
4942	6
4943	7
4944	5
4945	16
4946	15
4947	4
4948	0
4949	5
4950	8
4951	9
4952	7
4953	4
4954	6
4955	8
4956	13
4957	8
4958	10
4959	6
4960	13
4961	9
4962	10
4963	5
4964	12
4965	8
4966	5
4967	2
4968	5
4969	13
4970	5
4971	4
4972	10
4973	15
4974	11
4975	9
4976	4
4977	11
4978	9
4979	3
4980	8
4981	15
4982	10
4983	2
4984	6
4985	12
4986	16
4987	6
4988	7
4989	10
4990	13
4991	10
4992	10
4993	11
4994	7
4995	4
4996	13
4997	5
4998	6
4999	8
5000	9
5001	13
5002	6
5003	9
5004	9
5005	10
5006	5
5007	13
5008	15
5009	9
5010	6
5011	9
5012	12
5013	10
5014	5
5015	9
5016	6
5017	10
5018	6
5019	8
5020	10
5021	10
5022	9
5023	11
5024	8
5025	7
5026	7
5027	12
5028	6
5029	9
5030	5
5031	5
5032	3
5033	7
5034	6
5035	7
5036	7
5037	9
5038	11
5039	11
5040	8
5041	10
5042	9
5043	7
5044	10
5045	8
5046	7
5047	7
5048	6
5049	3
5050	10
5051	10
5052	4
5053	10
5054	3
5055	9
5056	6
5057	4
5058	7
5059	6
5060	9
5061	10
5062	12
5063	10
5064	8
5065	7
5066	5
5067	11
5068	9
5069	9
5070	9
5071	3
5072	9
5073	17
5074	9
5075	9
5076	4
5077	8
5078	7
5079	9
5080	9
5081	10
5082	4
5083	7
5084	7
5085	3
5086	9
5087	11
5088	8
5089	8
5090	7
5091	9
5092	9
5093	8
5094	15
5095	3
5096	6
5097	7
5098	5
5099	7
5100	6
5101	9
5102	9
5103	6
5104	16
5105	8
5106	11
5107	7
5108	7
5109	9
5110	10
5111	11
5112	10
5113	11
5114	7
5115	15
5116	8
5117	7
5118	7
5119	4
5120	11
5121	7
5122	8
5123	7
5124	7
5125	3
5126	7
5127	6
5128	12
5129	4
5130	4
5131	7
5132	9
5133	5
5134	8
5135	10
5136	6
5137	11
5138	10
5139	5
5140	8
5141	9
5142	4
5143	7
5144	9
5145	10
5146	11
5147	15
5148	9
5149	10
5150	6
5151	9
5152	4
5153	4
5154	6
5155	4
5156	6
5157	6
5158	12
5159	11
5160	8
5161	9
5162	9
5163	7
5164	13
5165	7
5166	5
5167	6
5168	8
5169	7
5170	9
5171	12
5172	7
5173	9
5174	7
5175	9
5176	9
5177	9
5178	8
5179	4
5180	8
5181	4
5182	14
5183	7
5184	7
5185	13
5186	10
5187	11
5188	10
5189	5
5190	8
5191	7
5192	7
5193	8
5194	6
5195	6
5196	8
5197	6
5198	7
5199	4
5200	7
5201	10
5202	7
5203	5
5204	5
5205	11
5206	5
5207	6
5208	15
5209	5
5210	4
5211	4
5212	4
5213	7
5214	6
5215	10
5216	9
5217	5
5218	9
5219	6
5220	9
5221	3
5222	12
5223	2
5224	7
5225	8
5226	9
5227	6
5228	7
5229	9
5230	6
5231	10
5232	4
5233	7
5234	5
5235	4
5236	6
5237	14
5238	10
5239	8
5240	11
5241	8
5242	12
5243	11
5244	8
5245	5
5246	10
5247	13
5248	6
5249	6
5250	12
5251	5
5252	10
5253	5
5254	11
5255	9
5256	11
5257	4
5258	8
5259	9
5260	8
5261	11
5262	6
5263	6
5264	6
5265	10
5266	8
5267	11
5268	11
5269	5
5270	7
5271	6
5272	5
5273	5
5274	6
5275	7
5276	14
5277	5
5278	8
5279	10
5280	5
5281	10
5282	10
5283	6
5284	11
5285	4
5286	6
5287	7
5288	10
5289	7
5290	7
5291	7
5292	10
5293	10
5294	13
5295	7
5296	10
5297	8
5298	7
5299	10
5300	5
5301	6
5302	14
5303	3
5304	6
5305	7
5306	8
5307	4
5308	8
5309	11
5310	3
5311	11
5312	7
5313	8
5314	9
5315	14
5316	4
5317	6
5318	7
5319	7
5320	10
5321	3
5322	6
5323	9
5324	5
5325	11
5326	9
5327	7
5328	8
5329	5
5330	9
5331	10
5332	7
5333	11
5334	3
5335	6
5336	6
5337	11
5338	8
5339	4
5340	10
5341	9
5342	8
5343	8
5344	10
5345	9
5346	7
5347	5
5348	6
5349	11
5350	10
5351	10
5352	10
5353	6
5354	7
5355	10
5356	10
5357	10
5358	10
5359	13
5360	9
5361	6
5362	7
5363	9
5364	8
5365	7
5366	9
5367	6
5368	12
5369	11
5370	4
5371	6
5372	5
5373	8
5374	7
5375	11
5376	10
5377	9
5378	10
5379	7
5380	6
5381	10
5382	8
5383	11
5384	10
5385	11
5386	10
5387	8
5388	13
5389	3
5390	4
5391	5
5392	7
5393	8
5394	4
5395	7
5396	5
5397	4
5398	11
5399	6
5400	14
5401	7
5402	8
5403	8
5404	9
5405	9
5406	5
5407	6
5408	2
5409	11
5410	10
5411	12
5412	7
5413	4
5414	5
5415	10
5416	9
5417	10
5418	6
5419	10
5420	8
5421	15
5422	8
5423	9
5424	4
5425	9
5426	12
5427	7
5428	7
5429	7
5430	8
5431	4
5432	10
5433	5
5434	10
5435	9
5436	8
5437	13
5438	8
5439	4
5440	5
5441	8
5442	7
5443	7
5444	4
5445	8
5446	9
5447	4
5448	7
5449	9
5450	13
5451	4
5452	4
5453	13
5454	7
5455	6
5456	8
5457	9
5458	14
5459	9
5460	6
5461	8
5462	5
5463	5
5464	12
5465	4
5466	7
5467	7
5468	8
5469	8
5470	14
5471	10
5472	9
5473	13
5474	5
5475	5
5476	4
5477	7
5478	7
5479	4
5480	11
5481	4
5482	11
5483	7
5484	11
5485	4
5486	11
5487	7
5488	7
5489	13
5490	13
5491	10
5492	9
5493	5
5494	14
5495	11
5496	5
5497	9
5498	2
5499	7
5500	9
5501	7
5502	8
5503	9
5504	6
5505	10
5506	8
5507	5
5508	10
5509	8
5510	8
5511	9
5512	7
5513	6
5514	9
5515	6
5516	8
5517	3
5518	2
5519	8
5520	6
5521	6
5522	8
5523	10
5524	6
5525	11
5526	6
5527	11
5528	5
5529	10
5530	8
5531	8
5532	8
5533	3
5534	3
5535	12
5536	8
5537	8
5538	8
5539	5
5540	5
5541	6
5542	6
5543	11
5544	7
5545	3
5546	11
5547	6
5548	6
5549	5
5550	4
5551	9
5552	9
5553	11
5554	9
5555	12
5556	7
5557	12
5558	8
5559	11
5560	5
5561	9
5562	7
5563	11
5564	3
5565	11
5566	7
5567	9
5568	5
5569	6
5570	8
5571	14
5572	5
5573	9
5574	7
5575	9
5576	7
5577	13
5578	6
5579	8
5580	10
5581	4
5582	9
5583	7
5584	8
5585	9
5586	9
5587	6
5588	8
5589	8
5590	10
5591	9
5592	4
5593	7
5594	10
5595	10
5596	7
5597	11
5598	9
5599	14
5600	9
5601	6
5602	5
5603	7
5604	9
5605	11
5606	6
5607	9
5608	9
5609	12
5610	11
5611	8
5612	9
5613	4
5614	9
5615	11
5616	10
5617	6
5618	6
5619	8
5620	6
5621	10
5622	10
5623	7
5624	6
5625	8
5626	8
5627	8
5628	8
5629	7
5630	8
5631	12
5632	6
5633	4
5634	7
5635	6
5636	6
5637	10
5638	8
5639	12
5640	9
5641	9
5642	3
5643	12
5644	7
5645	8
5646	7
5647	8
5648	9
5649	5
5650	8
5651	6
5652	7
5653	6
5654	4
5655	14
5656	7
5657	6
5658	9
5659	10
5660	8
5661	8
5662	7
5663	5
5664	9
5665	6
5666	7
5667	7
5668	10
5669	8
5670	12
5671	14
5672	10
5673	12
5674	6
5675	7
5676	13
5677	9
5678	10
5679	17
5680	7
5681	7
5682	8
5683	6
5684	8
5685	5
5686	8
5687	10
5688	2
5689	12
5690	7
5691	9
5692	6
5693	7
5694	7
5695	6
5696	5
5697	10
5698	3
5699	8
5700	7
5701	7
5702	8
5703	7
5704	5
5705	8
5706	4
5707	5
5708	11
5709	12
5710	10
5711	12
5712	12
5713	5
5714	3
5715	10
5716	12
5717	10
5718	10
5719	8
5720	5
5721	13
5722	14
5723	5
5724	8
5725	8
5726	7
5727	12
5728	9
5729	6
5730	9
5731	11
5732	7
5733	8
5734	6
5735	11
5736	12
5737	8
5738	14
5739	12
5740	4
5741	8
5742	9
5743	6
5744	9
5745	4
5746	10
5747	9
5748	12
5749	9
5750	11
5751	9
5752	7
5753	7
5754	9
5755	10
5756	4
5757	12
5758	4
5759	8
5760	11
5761	8
5762	10
5763	8
5764	10
5765	5
5766	6
5767	9
5768	6
5769	9
5770	7
5771	12
5772	11
5773	8
5774	9
5775	9
5776	8
5777	8
5778	7
5779	12
5780	3
5781	9
5782	12
5783	13
5784	8
5785	7
5786	6
5787	9
5788	11
5789	6
5790	11
5791	16
5792	9
5793	12
5794	11
5795	10
5796	8
5797	10
5798	7
5799	7
5800	11
5801	8
5802	6
5803	4
5804	13
5805	5
5806	15
5807	3
5808	13
5809	12
5810	11
5811	12
5812	8
5813	11
5814	9
5815	4
5816	9
5817	9
5818	6
5819	4
5820	9
5821	5
5822	9
5823	8
5824	3
5825	10
5826	7
5827	6
5828	15
5829	11
5830	9
5831	6
5832	14
5833	7
5834	8
5835	16
5836	6
5837	7
5838	8
5839	6
5840	12
5841	3
5842	8
5843	11
5844	11
5845	3
5846	7
5847	4
5848	11
5849	7
5850	9
5851	8
5852	4
5853	4
5854	7
5855	10
5856	13
5857	10
5858	11
5859	5
5860	7
5861	12
5862	4
5863	13
5864	12
5865	11
5866	8
5867	6
5868	15
5869	4
5870	11
5871	9
5872	11
5873	8
5874	6
5875	15
5876	4
5877	3
5878	9
5879	7
5880	4
5881	9
5882	9
5883	6
5884	6
5885	5
5886	14
5887	7
5888	8
5889	6
5890	9
5891	14
5892	10
5893	11
5894	8
5895	9
5896	11
5897	7
5898	10
5899	10
5900	10
5901	8
5902	8
5903	9
5904	6
5905	8
5906	5
5907	11
5908	8
5909	10
5910	13
5911	9
5912	8
5913	7
5914	10
5915	11
5916	6
5917	3
5918	8
5919	6
5920	8
5921	7
5922	7
5923	9
5924	6
5925	8
5926	4
5927	10
5928	10
5929	16
5930	7
5931	4
5932	9
5933	10
5934	10
5935	6
5936	10
5937	8
5938	9
5939	10
5940	7
5941	10
5942	8
5943	7
5944	9
5945	8
5946	4
5947	4
5948	10
5949	10
5950	8
5951	10
5952	10
5953	9
5954	11
5955	7
5956	9
5957	15
5958	12
5959	13
5960	9
5961	10
5962	6
5963	10
5964	5
5965	9
5966	8
5967	10
5968	13
5969	9
5970	8
5971	8
5972	15
5973	5
5974	5
5975	9
5976	8
5977	15
5978	7
5979	8
5980	7
5981	11
5982	8
5983	8
5984	10
5985	11
5986	13
5987	11
5988	12
5989	9
5990	7
5991	6
5992	4
5993	7
5994	9
5995	12
5996	5
5997	7
5998	8
5999	7
6000	4
6001	5
6002	4
6003	4
6004	7
6005	5
6006	14
6007	11
6008	7
6009	10
6010	6
6011	6
6012	8
6013	12
6014	10
6015	11
6016	10
6017	10
6018	13
6019	7
6020	8
6021	5
6022	14
6023	11
6024	10
6025	11
6026	0
6027	10
6028	11
6029	11
6030	12
6031	7
6032	8
6033	3
6034	9
6035	10
6036	6
6037	6
6038	10
6039	13
6040	10
6041	11
6042	8
6043	10
6044	11
6045	8
6046	4
6047	15
6048	6
6049	11
6050	8
6051	10
6052	9
6053	13
6054	11
6055	11
6056	10
6057	11
6058	9
6059	10
6060	10
6061	15
6062	9
6063	9
6064	10
6065	11
6066	9
6067	13
6068	19
6069	4
6070	13
6071	10
6072	7
6073	13
6074	5
6075	15
6076	13
6077	15
6078	5
6079	10
6080	8
6081	8
6082	9
6083	12
6084	7
6085	12
6086	14
6087	12
6088	8
6089	12
6090	15
6091	18
6092	9
6093	14
6094	12
6095	10
6096	8
6097	9
6098	9
6099	9
6100	14
6101	20
6102	11
6103	11
6104	8
6105	6
6106	10
6107	14
6108	10
6109	8
6110	13
6111	11
6112	9
6113	13
6114	7
6115	10
6116	11
6117	7
6118	14
6119	11
6120	8
6121	5
6122	13
6123	8
6124	8
6125	8
6126	11
6127	8
6128	8
6129	8
6130	4
6131	15
6132	10
6133	12
6134	10
6135	9
6136	5
6137	16
6138	15
6139	7
6140	11
6141	12
6142	15
6143	7
6144	13
6145	13
6146	12
6147	12
6148	11
6149	10
6150	15
6151	15
6152	10
6153	12
6154	9
6155	15
6156	10
6157	7
6158	8
6159	5
6160	8
6161	10
6162	14
6163	10
6164	9
6165	8
6166	10
6167	11
6168	14
6169	12
6170	8
6171	7
6172	8
6173	13
6174	6
6175	15
6176	14
6177	9
6178	10
6179	13
6180	14
6181	12
6182	11
6183	7
6184	3
6185	8
6186	9
6187	11
6188	8
6189	8
6190	6
6191	6
6192	16
6193	12
6194	6
6195	13
6196	7
6197	10
6198	11
6199	8
6200	13
6201	11
6202	14
6203	7
6204	15
6205	15
6206	7
6207	13
6208	7
6209	14
6210	14
6211	7
6212	12
6213	11
6214	11
6215	16
6216	9
6217	14
6218	13
6219	6
6220	11
6221	13
6222	2
6223	19
6224	9
6225	15
6226	11
6227	12
6228	13
6229	11
6230	13
6231	11
6232	8
6233	12
6234	13
6235	13
6236	11
6237	19
6238	15
6239	12
6240	17
6241	11
6242	8
6243	16
6244	8
6245	8
6246	12
6247	12
6248	13
6249	13
6250	14
6251	16
6252	14
6253	13
6254	12
6255	17
6256	7
6257	16
6258	9
6259	11
6260	15
6261	9
6262	13
6263	10
6264	8
6265	12
6266	10
6267	13
6268	11
6269	12
6270	12
6271	18
6272	8
6273	12
6274	11
6275	17
6276	13
6277	18
6278	15
6279	11
6280	16
6281	14
6282	15
6283	9
6284	13
6285	15
6286	13
6287	3
6288	11
6289	14
6290	18
6291	13
6292	10
6293	8
6294	11
6295	11
6296	15
6297	11
6298	10
6299	20
6300	14
6301	20
6302	14
6303	11
6304	14
6305	8
6306	17
6307	15
6308	15
6309	15
6310	6
6311	16
6312	19
6313	13
6314	11
6315	15
6316	15
6317	19
6318	16
6319	22
6320	26
6321	13
6322	10
6323	20
6324	18
6325	19
6326	8
6327	15
6328	6
6329	16
6330	13
6331	13
6332	15
6333	15
6334	12
6335	12
6336	11
6337	10
6338	12
6339	8
6340	4
6341	22
6342	25
6343	16
6344	20
6345	11
6346	10
6347	16
6348	17
6349	9
6350	8
6351	11
6352	10
6353	15
6354	12
6355	12
6356	21
6357	19
6358	15
6359	13
6360	14
6361	19
6362	17
6363	13
6364	14
6365	14
6366	11
6367	14
6368	24
6369	13
6370	10
6371	12
6372	8
6373	18
6374	18
6375	11
6376	15
6377	17
6378	27
6379	16
6380	17
6381	15
6382	16
6383	16
6384	11
6385	16
6386	17
6387	15
6388	17
6389	6
6390	20
6391	22
6392	14
6393	11
6394	14
6395	28
6396	18
6397	16
6398	17
6399	12
6400	10
6401	12
6402	18
6403	11
6404	13
6405	19
6406	24
6407	17
6408	20
6409	20
6410	19
6411	13
6412	17
6413	9
6414	18
6415	18
6416	16
6417	20
6418	19
6419	17
6420	12
6421	16
6422	18
6423	12
6424	13
6425	9
6426	17
6427	15
6428	21
6429	16
6430	13
6431	15
6432	11
6433	19
6434	16
6435	24
6436	9
6437	10
6438	11
6439	11
6440	19
6441	12
6442	13
6443	19
6444	17
6445	15
6446	10
6447	11
6448	13
6449	19
6450	10
6451	20
6452	21
6453	20
6454	14
6455	19
6456	17
6457	18
6458	13
6459	15
6460	19
6461	20
6462	17
6463	13
6464	16
6465	7
6466	12
6467	16
6468	12
6469	10
6470	15
6471	11
6472	16
6473	16
6474	12
6475	21
6476	17
6477	13
6478	16
6479	17
6480	26
6481	12
6482	14
6483	12
6484	16
6485	12
6486	16
6487	19
6488	18
6489	13
6490	12
6491	16
6492	16
6493	15
6494	18
6495	21
6496	12
6497	22
6498	17
6499	14
6500	26
6501	13
6502	18
6503	18
6504	8
6505	13
6506	14
6507	17
6508	14
6509	18
6510	14
6511	12
6512	19
6513	8
6514	10
6515	13
6516	8
6517	14
6518	12
6519	23
6520	13
6521	14
6522	15
6523	16
6524	16
6525	16
6526	11
6527	12
6528	11
6529	13
6530	11
6531	7
6532	14
6533	14
6534	14
6535	16
6536	19
6537	15
6538	15
6539	16
6540	13
6541	20
6542	13
6543	8
6544	14
6545	18
6546	22
6547	19
6548	17
6549	13
6550	17
6551	14
6552	18
6553	14
6554	19
6555	12
6556	17
6557	15
6558	15
6559	20
6560	12
6561	16
6562	12
6563	14
6564	16
6565	15
6566	22
6567	19
6568	9
6569	13
6570	15
6571	12
6572	19
6573	20
6574	15
6575	12
6576	18
6577	8
6578	13
6579	18
6580	21
6581	11
6582	15
6583	11
6584	15
6585	18
6586	18
6587	10
6588	12
6589	17
6590	12
6591	13
6592	16
6593	11
6594	12
6595	18
6596	19
6597	12
6598	16
6599	14
6600	16
6601	10
6602	10
6603	5
6604	14
6605	12
6606	14
6607	11
6608	16
6609	13
6610	18
6611	17
6612	9
6613	16
6614	12
6615	16
6616	16
6617	16
6618	15
6619	7
6620	14
6621	11
6622	10
6623	22
6624	20
6625	10
6626	16
6627	18
6628	18
6629	12
6630	13
6631	11
6632	17
6633	11
6634	13
6635	10
6636	14
6637	15
6638	20
6639	9
6640	12
6641	7
6642	11
6643	10
6644	11
6645	12
6646	7
6647	12
6648	13
6649	17
6650	18
6651	10
6652	13
6653	12
6654	13
6655	14
6656	14
6657	8
6658	8
6659	12
6660	10
6661	18
6662	10
6663	12
6664	13
6665	12
6666	10
6667	10
6668	9
6669	10
6670	13
6671	12
6672	6
6673	11
6674	14
6675	9
6676	11
6677	14
6678	11
6679	9
6680	12
6681	7
6682	15
6683	15
6684	14
6685	9
6686	14
6687	9
6688	11
6689	11
6690	15
6691	7
6692	15
6693	14
6694	11
6695	5
6696	10
6697	8
6698	11
6699	11
6700	12
6701	11
6702	13
6703	9
6704	6
6705	13
6706	8
6707	11
6708	9
6709	7
6710	8
6711	5
6712	11
6713	7
6714	12
6715	14
6716	9
6717	9
6718	13
6719	8
6720	10
6721	7
6722	7
6723	6
6724	7
6725	10
6726	9
6727	19
6728	9
6729	5
6730	8
6731	14
6732	7
6733	6
6734	11
6735	11
6736	9
6737	5
6738	8
6739	7
6740	10
6741	14
6742	8
6743	7
6744	10
6745	9
6746	6
6747	9
6748	9
6749	5
6750	7
6751	8
6752	3
6753	6
6754	13
6755	13
6756	12
6757	7
6758	10
6759	7
6760	7
6761	6
6762	11
6763	8
6764	5
6765	8
6766	4
6767	4
6768	8
6769	9
6770	6
6771	2
6772	5
6773	8
6774	9
6775	7
6776	7
6777	3
6778	1
6779	4
6780	6
6781	10
6782	5
6783	6
6784	8
6785	10
6786	7
6787	9
6788	7
6789	9
6790	9
6791	6
6792	4
6793	10
6794	7
6795	10
6796	6
6797	11
6798	3
6799	3
6800	7
6801	3
6802	7
6803	1
6804	6
6805	9
6806	8
6807	1
6808	9
6809	9
6810	6
6811	5
6812	9
6813	9
6814	11
6815	12
6816	6
6817	4
6818	6
6819	11
6820	3
6821	7
6822	6
6823	8
6824	3
6825	6
6826	6
6827	4
6828	5
6829	5
6830	8
6831	4
6832	6
6833	2
6834	8
6835	6
6836	6
6837	5
6838	6
6839	4
6840	6
6841	1
6842	8
6843	7
6844	5
6845	2
6846	2
6847	6
6848	3
6849	2
6850	5
6851	3
6852	2
6853	2
6854	7
6855	4
6856	0
6857	2
6858	6
6859	6
6860	4
6861	4
6862	1
6863	4
6864	4
6865	4
6866	2
6867	2
6868	6
6869	4
6870	1
6871	2
6872	1
6873	6
6874	2
6875	3
6876	4
6877	2
6878	3
6879	6
6880	4
6881	5
6882	4
6883	3
6884	2
6885	6
6886	3
6887	0
6888	4
6889	0
6890	8
6891	3
6892	3
6893	2
6894	1
6895	3
6896	3
6897	3
6898	1
6899	2
6900	2
6901	2
6902	1
6903	2
6904	3
6905	4
6906	1
6907	2
6908	3
6909	2
6910	5
6911	3
6912	4
6913	5
6914	5
6915	2
6916	2
6917	2
6918	0
6919	0
6920	3
6921	5
6922	1
6923	1
6924	0
6925	2
6926	2
6927	3
6928	4
6929	6
6930	0
6931	2
6932	5
6933	3
6934	1
6935	4
6936	1
6937	3
6938	2
6939	2
6940	2
6941	3
6942	5
6943	3
6944	3
6945	2
6946	3
6947	1
6948	1
6949	4
6950	4
6951	2
6952	1
6953	3
6954	3
6955	4
6956	3
6957	1
6958	0
6959	1
6960	0
6961	2
6962	3
6963	1
6964	1
6965	1
6966	4
6967	1
6968	0
6969	5
6970	2
6971	0
6972	1
6973	2
6974	2
6975	2
6976	2
6977	2
6978	3
6979	7
6980	2
6981	2
6982	2
6983	1
6984	2
6985	2
6986	3
6987	0
6988	1
6989	3
6990	2
6991	1
6992	2
6993	2
6994	1
6995	1
6996	2
6997	1
6998	0
6999	1
7000	1
7001	2
7002	4
7003	5
7004	3
7005	0
7006	1
7007	1
7008	1
7009	2
7010	6
7011	1
7012	2
7013	1
7014	1
7015	3
7016	3
7017	1
7018	1
7019	1
7020	1
7021	0
7022	0
7023	0
7024	1
7025	2
7026	3
7027	4
7028	1
7029	1
7030	3
7031	0
7032	2
7033	2
7034	1
7035	1
7036	1
7037	1
7038	1
7039	0
7040	2
7041	2
7042	4
7043	1
7044	0
7045	0
7046	1
7047	0
7048	1
7049	2
7050	1
7051	0
7052	0
7053	2
7054	0
7055	1
7056	1
7057	0
7058	0
7059	2
7060	0
7061	3
7062	0
7063	1
7064	1
7065	1
7066	1
7067	1
7068	2
7069	2
7070	0
7071	1
7072	1
7073	3
7074	1
7075	0
7076	0
7077	1
7078	2
7079	1
7080	2
7081	1
7082	1
7083	1
7084	1
7085	0
7086	0
7087	0
7088	2
7089	0
7090	0
7091	1
7092	0
7093	2
7094	0
7095	0
7096	3
7097	0
7098	2
7099	1
7100	0
7101	0
7102	1
7103	1
7104	0
7105	1
7106	1
7107	2
7108	0
7109	0
7110	0
7111	0
7112	0
7113	0
7114	0
7115	1
7116	1
7117	0
7118	1
7119	1
7120	2
7121	0
7122	3
7123	0
7124	3
7125	0
7126	1
7127	1
7128	1
7129	0
7130	0
7131	1
7132	0
7133	0
7134	1
7135	2
7136	1
7137	2
7138	1
7139	0
7140	0
7141	0
7142	0
7143	1
7144	0
7145	0
7146	1
7147	0
7148	1
7149	2
7150	0
7151	1
7152	0
7153	1
7154	0
7155	1
7156	0
7157	0
7158	2
7159	2
7160	0
7161	1
7162	0
7163	1
7164	3
7165	0
7166	0
7167	1
7168	1
7169	0
7170	0
7171	1
7172	0
7173	0
7174	0
7175	2
7176	0
7177	1
7178	1
7179	0
7180	3
7181	1
7182	0
7183	0
7184	0
7185	1
7186	0
7187	0
7188	1
7189	0
7190	1
7191	0
7192	0
7193	0
7194	0
7195	1
7196	2
7197	1
7198	0
7199	0
7200	1
7201	0
7202	1
7203	0
7204	1
7205	0
7206	2
7207	0
7208	0
7209	0
7210	2
7211	1
7212	1
7213	0
7214	0
7215	0
7216	1
7217	0
7218	1
7219	0
7220	0
7221	0
7222	0
7223	1
7224	1
7225	1
7226	0
7227	1
7228	1
7229	0
7230	1
7231	1
7232	0
7233	1
7234	0
7235	0
7236	0
7237	0
7238	2
7239	0
7240	0
7241	0
7242	1
7243	1
7244	0
7245	0
7246	0
7247	1
7248	0
7249	0
7250	0
7251	1
7252	1
7253	1
7254	0
7255	1
7256	1
7257	1
7258	1
7259	1
7260	3
7261	0
7262	1
7263	0
7264	0
7265	0
7266	1
7267	0
7268	2
7269	1
7270	1
7271	1
7272	2
7273	1
7274	0
7275	0
7276	0
7277	0
7278	0
7279	0
7280	0
7281	1
7282	1
7283	0
7284	2
7285	1
7286	0
7287	0
7288	0
7289	2
7290	0
7291	0
7292	1
7293	0
7294	0
7295	0
7296	0
7297	2
7298	1
7299	2
7300	0
7301	0
7302	3
7303	1
7304	1
7305	1
7306	2
7307	1
7308	0
7309	0
7310	0
7311	2
7312	0
7313	0
7314	3
7315	0
7316	1
7317	0
7318	0
7319	0
7320	1
7321	1
7322	0
7323	1
7324	0
7325	2
7326	1
7327	2
7328	0
7329	0
7330	0
7331	0
7332	0
7333	2
7334	0
7335	1
7336	0
7337	1
7338	0
7339	1
7340	0
7341	0
7342	0
7343	1
7344	1
7345	0
7346	2
7347	1
7348	1
7349	2
7350	0
7351	3
7352	2
7353	0
7354	0
7355	1
7356	1
7357	2
7358	0
7359	0
7360	0
7361	2
7362	1
7363	1
7364	1
7365	0
7366	0
7367	1
7368	2
7369	1
7370	2
7371	0
7372	0
7373	0
7374	0
7375	3
7376	1
7377	0
7378	0
7379	0
7380	0
7381	2
7382	3
7383	1
7384	0
7385	0
7386	0
7387	0
7388	1
7389	0
7390	0
7391	0
7392	0
7393	1
7394	1
7395	2
7396	0
7397	1
7398	1
7399	1
7400	0
7401	2
7402	1
7403	1
7404	0
7405	1
7406	0
7407	1
7408	0
7409	1
7410	1
7411	0
7412	0
7413	0
7414	0
7415	0
7416	0
7417	0
7418	0
7419	0
7420	0
7421	1
7422	0
7423	0
7424	1
7425	0
7426	1
7427	0
7428	1
7429	1
7430	1
7431	0
7432	0
7433	0
7434	0
7435	0
7436	0
7437	0
7438	0
7439	1
7440	0
7441	0
7442	0
7443	0
7444	1
7445	0
7446	0
7447	1
7448	2
7449	0
7450	0
7451	1
7452	0
7453	1
7454	2
7455	0
7456	2
7457	1
7458	2
7459	1
7460	0
7461	1
7462	0
7463	2
7464	2
7465	0
7466	0
7467	1
7468	0
7469	0
7470	0
7471	0
7472	1
7473	0
7474	0
7475	0
7476	0
7477	1
7478	1
7479	1
7480	0
7481	2
7482	0
7483	0
7484	1
7485	1
7486	1
7487	0
7488	1
7489	1
7490	1
7491	0
7492	1
7493	1
7494	0
7495	0
7496	0
7497	0
7498	0
7499	0
7500	2
7501	2
7502	0
7503	2
7504	0
7505	0
7506	0
7507	0
7508	1
7509	0
7510	0
7511	0
7512	2
7513	0
7514	1
7515	0
7516	1
7517	1
7518	1
7519	0
7520	2
7521	0
7522	0
7523	0
7524	0
7525	0
7526	1
7527	1
7528	0
7529	1
7530	1
7531	2
7532	1
7533	0
7534	0
7535	1
7536	1
7537	0
7538	0
7539	0
7540	0
7541	0
7542	0
7543	0
7544	0
7545	0
7546	0
7547	0
7548	0
7549	1
7550	0
7551	0
7552	1
7553	0
7554	0
7555	0
7556	0
7557	1
7558	0
7559	0
7560	2
7561	2
7562	0
7563	1
7564	0
7565	0
7566	0
7567	1
7568	1
7569	0
7570	2
7571	1
7572	1
7573	0
7574	1
7575	0
7576	0
7577	0
7578	2
7579	1
7580	1
7581	0
7582	1
7583	1
7584	0
7585	1
7586	1
7587	0
7588	1
7589	2
7590	0
7591	2
7592	1
7593	0
7594	1
7595	0
7596	1
7597	0
7598	0
7599	1
7600	1
7601	0
7602	0
7603	0
7604	0
7605	2
7606	0
7607	2
7608	0
7609	0
7610	0
7611	1
7612	0
7613	0
7614	1
7615	1
7616	0
7617	0
7618	1
7619	0
7620	0
7621	0
7622	0
7623	0
7624	1
7625	0
7626	0
7627	1
7628	0
7629	0
7630	0
7631	0
7632	0
7633	0
7634	2
7635	0
7636	1
7637	0
7638	0
7639	2
7640	0
7641	1
7642	0
7643	0
7644	0
7645	0
7646	0
7647	2
7648	1
7649	0
7650	2
7651	0
7652	0
7653	0
7654	0
7655	0
7656	0
7657	0
7658	0
7659	0
7660	0
7661	0
7662	1
7663	2
7664	0
7665	0
7666	1
7667	1
7668	1
7669	2
7670	0
7671	0
7672	1
7673	1
7674	0
7675	0
7676	2
7677	2
7678	1
7679	0
7680	0
7681	0
7682	0
7683	0
7684	0
7685	1
7686	0
7687	1
7688	0
7689	0
7690	0
7691	2
7692	2
7693	1
7694	1
7695	0
7696	0
7697	1
7698	0
7699	0
7700	0
7701	0
7702	0
7703	1
7704	2
7705	0
7706	0
7707	1
7708	1
7709	0
7710	0
7711	0
7712	0
7713	1
7714	3
7715	0
7716	0
7717	0
7718	0
7719	0
7720	0
7721	0
7722	1
7723	0
7724	0
7725	0
7726	0
7727	0
7728	0
7729	0
7730	0
7731	2
7732	0
7733	3
7734	1
7735	1
7736	1
7737	0
7738	1
7739	1
7740	0
7741	0
7742	2
7743	0
7744	0
7745	0
7746	1
7747	1
7748	1
7749	0
7750	0
7751	1
7752	0
7753	0
7754	1
7755	2
7756	0
7757	0
7758	1
7759	0
7760	0
7761	0
7762	0
7763	0
7764	1
7765	2
7766	0
7767	1
7768	1
7769	1
7770	0
7771	0
7772	1
7773	0
7774	1
7775	2
7776	1
7777	0
7778	0
7779	1
7780	0
7781	0
7782	1
7783	1
7784	0
7785	0
7786	1
7787	2
7788	1
7789	0
7790	0
7791	0
7792	1
7793	0
7794	1
7795	1
7796	0
7797	0
7798	1
7799	0
7800	1
7801	1
7802	0
7803	0
7804	0
7805	0
7806	1
7807	0
7808	1
7809	0
7810	0
7811	2
7812	0
7813	3
7814	0
7815	0
7816	0
7817	1
7818	0
7819	0
7820	1
7821	0
7822	0
7823	1
7824	0
7825	0
7826	0
7827	0
7828	1
7829	1
7830	0
7831	0
7832	0
7833	2
7834	2
7835	0
7836	0
7837	1
7838	1
7839	0
7840	0
7841	0
7842	0
7843	0
7844	0
7845	0
7846	1
7847	0
7848	1
7849	1
7850	2
7851	0
7852	0
7853	0
7854	0
7855	0
7856	0
7857	1
7858	1
7859	0
7860	1
7861	0
7862	2
7863	0
7864	0
7865	0
7866	0
7867	2
7868	0
7869	1
7870	1
7871	1
7872	0
7873	1
7874	0
7875	1
7876	1
7877	0
7878	2
7879	0
7880	0
7881	1
7882	0
7883	0
7884	1
7885	0
7886	1
7887	0
7888	1
7889	1
7890	0
7891	0
7892	4
7893	0
7894	0
7895	2
7896	2
7897	0
7898	1
7899	0
7900	3
7901	2
7902	0
7903	0
7904	1
7905	1
7906	0
7907	1
7908	1
7909	1
7910	0
7911	0
7912	1
7913	2
7914	1
7915	0
7916	0
7917	0
7918	1
7919	1
7920	2
7921	0
7922	0
7923	1
7924	0
7925	0
7926	0
7927	0
7928	0
7929	0
7930	1
7931	1
7932	0
7933	0
7934	2
7935	1
7936	3
7937	0
7938	0
7939	0
7940	1
7941	1
7942	0
7943	0
7944	0
7945	0
7946	0
7947	0
7948	0
7949	1
7950	1
7951	1
7952	0
7953	0
7954	1
7955	1
7956	1
7957	1
7958	0
7959	1
7960	0
7961	1
7962	2
7963	0
7964	0
7965	0
7966	2
7967	0
7968	0
7969	2
7970	1
7971	0
7972	0
7973	0
7974	0
7975	0
7976	0
7977	1
7978	0
7979	0
7980	1
7981	2
7982	0
7983	0
7984	1
7985	1
7986	0
7987	1
7988	0
7989	0
7990	0
7991	0
7992	0
7993	0
7994	1
7995	1
7996	0
7997	1
7998	0
7999	0
8000	0
8001	0
8002	0
8003	0
8004	1
8005	1
8006	0
8007	0
8008	0
8009	0
8010	1
8011	0
8012	1
8013	1
8014	0
8015	0
8016	1
8017	1
8018	1
8019	1
8020	1
8021	0
8022	0
8023	0
8024	0
8025	0
8026	1
8027	1
8028	3
8029	2
8030	2
8031	0
8032	0
8033	0
8034	0
8035	0
8036	0
8037	0
8038	0
8039	1
8040	1
8041	0
8042	3
8043	0
8044	0
8045	0
8046	2
8047	1
8048	1
8049	0
8050	1
8051	1
8052	0
8053	1
8054	0
8055	0
8056	0
8057	0
8058	0
8059	1
8060	0
8061	1
8062	2
8063	2
8064	0
8065	1
8066	2
8067	0
8068	0
8069	1
8070	1
8071	0
8072	0
8073	0
8074	1
8075	1
8076	1
8077	0
8078	2
8079	0
8080	0
8081	0
8082	0
8083	0
8084	0
8085	0
8086	0
8087	0
8088	0
8089	0
8090	0
8091	0
8092	0
8093	0
8094	0
8095	0
8096	0
8097	0
8098	0
8099	0
8100	0
8101	0
8102	0
8103	0
8104	0
8105	0
8106	0
8107	0
8108	0
8109	0
8110	0
8111	0
8112	0
8113	0
8114	0
8115	0
8116	0
8117	0
8118	0
8119	0
8120	0
8121	0
8122	0
8123	0
8124	0
8125	0
8126	0
8127	0
8128	0
8129	0
8130	0
8131	0
8132	0
8133	0
8134	0
8135	0
8136	0
8137	0
8138	0
8139	0
8140	0
8141	0
8142	0
8143	0
8144	0
8145	0
8146	0
8147	0
8148	0
8149	0
8150	0
8151	0
8152	0
8153	0
8154	0
8155	0
8156	0
8157	0
8158	0
8159	0
8160	0
8161	0
8162	0
8163	0
8164	0
8165	0
8166	0
8167	0
8168	0
8169	0
8170	0
8171	0
8172	0
8173	0
8174	0
8175	0
8176	0
8177	0
8178	0
8179	0
8180	0
8181	0
8182	0
8183	0
8184	0
8185	0
8186	0
8187	0
8188	0
8189	0
8190	0
8191	0
