0	1
1	0
2	0
3	0
4	0
5	0
6	0
7	0
8	0
9	0
10	0
11	0
12	0
13	0
14	0
15	0
16	0
17	0
18	0
19	0
20	0
21	0
22	1
23	0
24	0
25	1
26	0
27	0
28	0
29	0
30	0
31	1
32	0
33	0
34	0
35	0
36	0
37	0
38	0
39	0
40	0
41	0
42	0
43	0
44	0
45	1
46	0
47	0
48	0
49	0
50	0
51	0
52	0
53	0
54	0
55	0
56	0
57	0
58	0
59	0
60	0
61	0
62	0
63	0
64	0
65	0
66	0
67	0
68	0
69	0
70	0
71	0
72	0
73	0
74	0
75	0
76	0
77	0
78	0
79	0
80	0
81	0
82	1
83	0
84	1
85	5
86	5
87	14
88	15
89	13
90	13
91	19
92	8
93	10
94	13
95	17
96	10
97	7
98	4
99	10
100	8
101	10
102	9
103	7
104	12
105	10
106	9
107	8
108	10
109	14
110	5
111	13
112	4
113	6
114	9
115	5
116	10
117	4
118	7
119	9
120	11
121	8
122	1
123	11
124	8
125	9
126	8
127	6
128	7
129	7
130	7
131	4
132	5
133	4
134	8
135	11
136	8
137	12
138	3
139	7
140	9
141	6
142	7
143	12
144	8
145	8
146	7
147	6
148	8
149	10
150	8
151	9
152	7
153	9
154	6
155	10
156	4
157	6
158	6
159	7
160	11
161	9
162	5
163	6
164	7
165	4
166	11
167	7
168	7
169	12
170	4
171	12
172	7
173	5
174	9
175	10
176	8
177	7
178	1
179	9
180	5
181	9
182	10
183	10
184	6
185	9
186	6
187	9
188	8
189	9
190	16
191	4
192	4
193	9
194	13
195	8
196	6
197	5
198	3
199	6
200	4
201	6
202	9
203	4
204	3
205	12
206	6
207	5
208	6
209	9
210	5
211	6
212	11
213	16
214	8
215	9
216	4
217	2
218	13
219	7
220	8
221	11
222	7
223	7
224	7
225	11
226	11
227	7
228	11
229	11
230	7
231	9
232	11
233	9
234	9
235	7
236	8
237	3
238	10
239	9
240	8
241	11
242	4
243	14
244	8
245	4
246	9
247	6
248	6
249	6
250	6
251	8
252	7
253	12
254	5
255	12
256	10
257	8
258	7
259	9
260	4
261	11
262	13
263	6
264	11
265	11
266	13
267	11
268	11
269	8
270	9
271	6
272	8
273	12
274	12
275	7
276	8
277	9
278	9
279	10
280	11
281	4
282	8
283	9
284	10
285	10
286	8
287	18
288	8
289	16
290	7
291	7
292	7
293	14
294	3
295	8
296	8
297	8
298	10
299	5
300	11
301	4
302	10
303	12
304	4
305	5
306	7
307	6
308	10
309	11
310	12
311	10
312	4
313	9
314	5
315	12
316	14
317	6
318	6
319	10
320	15
321	4
322	9
323	7
324	10
325	11
326	3
327	4
328	13
329	11
330	6
331	9
332	6
333	13
334	7
335	9
336	13
337	11
338	13
339	10
340	10
341	14
342	10
343	13
344	10
345	10
346	3
347	12
348	11
349	7
350	12
351	4
352	9
353	10
354	11
355	10
356	7
357	8
358	3
359	10
360	10
361	9
362	18
363	10
364	10
365	8
366	7
367	8
368	11
369	10
370	9
371	10
372	5
373	9
374	5
375	11
376	9
377	7
378	8
379	12
380	7
381	8
382	10
383	9
384	13
385	8
386	7
387	22
388	10
389	9
390	8
391	12
392	9
393	6
394	8
395	13
396	10
397	4
398	12
399	8
400	12
401	6
402	6
403	8
404	6
405	8
406	8
407	7
408	7
409	6
410	5
411	13
412	5
413	7
414	9
415	7
416	8
417	12
418	10
419	12
420	9
421	6
422	8
423	15
424	11
425	14
426	11
427	5
428	6
429	9
430	12
431	8
432	16
433	12
434	9
435	6
436	10
437	6
438	10
439	11
440	12
441	7
442	10
443	15
444	13
445	7
446	12
447	15
448	4
449	13
450	15
451	7
452	10
453	9
454	8
455	11
456	8
457	10
458	9
459	11
460	6
461	8
462	10
463	12
464	10
465	8
466	16
467	3
468	10
469	10
470	11
471	15
472	12
473	15
474	15
475	10
476	19
477	16
478	9
479	8
480	9
481	3
482	9
483	8
484	10
485	17
486	16
487	10
488	9
489	8
490	6
491	8
492	12
493	10
494	8
495	9
496	9
497	16
498	12
499	13
500	8
501	12
502	15
503	7
504	7
505	19
506	14
507	10
508	8
509	11
510	10
511	12
512	8
513	11
514	16
515	13
516	11
517	12
518	4
519	9
520	12
521	8
522	9
523	9
524	7
525	9
526	12
527	11
528	15
529	7
530	6
531	18
532	13
533	9
534	12
535	13
536	12
537	8
538	7
539	15
540	12
541	10
542	8
543	9
544	7
545	12
546	8
547	8
548	12
549	11
550	8
551	19
552	14
553	14
554	11
555	14
556	11
557	12
558	10
559	9
560	14
561	6
562	11
563	13
564	9
565	13
566	10
567	11
568	12
569	11
570	13
571	10
572	14
573	6
574	7
575	12
576	6
577	8
578	15
579	14
580	9
581	10
582	5
583	7
584	13
585	6
586	10
587	12
588	7
589	7
590	7
591	8
592	11
593	15
594	18
595	11
596	21
597	10
598	14
599	10
600	9
601	9
602	11
603	7
604	8
605	13
606	13
607	12
608	12
609	12
610	12
611	11
612	17
613	5
614	11
615	9
616	6
617	14
618	15
619	12
620	9
621	13
622	8
623	6
624	8
625	10
626	13
627	13
628	12
629	8
630	6
631	12
632	5
633	6
634	8
635	10
636	18
637	8
638	8
639	6
640	8
641	13
642	13
643	12
644	6
645	11
646	7
647	9
648	11
649	15
650	9
651	12
652	16
653	10
654	10
655	7
656	11
657	11
658	11
659	9
660	9
661	6
662	8
663	12
664	16
665	8
666	15
667	12
668	10
669	7
670	12
671	8
672	16
673	16
674	13
675	16
676	11
677	10
678	15
679	14
680	13
681	7
682	11
683	10
684	15
685	11
686	7
687	9
688	9
689	14
690	13
691	9
692	7
693	9
694	12
695	8
696	10
697	10
698	17
699	9
700	14
701	12
702	10
703	9
704	10
705	11
706	10
707	15
708	7
709	6
710	11
711	8
712	12
713	8
714	6
715	8
716	12
717	10
718	8
719	13
720	11
721	11
722	10
723	9
724	10
725	13
726	13
727	18
728	22
729	11
730	7
731	13
732	10
733	18
734	14
735	17
736	11
737	11
738	16
739	14
740	10
741	14
742	13
743	15
744	12
745	16
746	14
747	19
748	6
749	20
750	12
751	8
752	12
753	11
754	9
755	8
756	12
757	17
758	12
759	15
760	12
761	12
762	21
763	19
764	17
765	13
766	11
767	9
768	14
769	15
770	12
771	13
772	12
773	14
774	18
775	24
776	18
777	9
778	22
779	7
780	16
781	20
782	19
783	18
784	18
785	18
786	19
787	15
788	16
789	16
790	17
791	27
792	16
793	20
794	17
795	18
796	18
797	18
798	26
799	20
800	17
801	29
802	19
803	19
804	14
805	15
806	23
807	12
808	18
809	15
810	13
811	19
812	18
813	11
814	18
815	12
816	16
817	11
818	18
819	27
820	17
821	20
822	17
823	14
824	17
825	15
826	11
827	20
828	17
829	25
830	24
831	21
832	17
833	24
834	19
835	23
836	15
837	16
838	22
839	20
840	19
841	22
842	15
843	18
844	16
845	16
846	13
847	14
848	19
849	15
850	13
851	16
852	19
853	15
854	23
855	27
856	21
857	17
858	19
859	25
860	22
861	13
862	18
863	15
864	17
865	16
866	18
867	20
868	24
869	24
870	23
871	9
872	25
873	17
874	24
875	20
876	20
877	18
878	12
879	22
880	12
881	7
882	15
883	10
884	22
885	16
886	17
887	16
888	13
889	20
890	20
891	15
892	22
893	17
894	13
895	9
896	13
897	15
898	16
899	18
900	11
901	15
902	13
903	16
904	15
905	18
906	10
907	14
908	17
909	23
910	18
911	19
912	19
913	16
914	19
915	12
916	15
917	15
918	11
919	14
920	17
921	10
922	20
923	17
924	13
925	12
926	16
927	15
928	15
929	16
930	18
931	16
932	16
933	16
934	12
935	17
936	24
937	13
938	18
939	16
940	14
941	16
942	15
943	15
944	19
945	12
946	13
947	18
948	13
949	16
950	11
951	13
952	19
953	13
954	16
955	21
956	10
957	19
958	19
959	14
960	16
961	16
962	13
963	14
964	13
965	14
966	17
967	14
968	13
969	14
970	15
971	18
972	14
973	14
974	20
975	15
976	20
977	14
978	18
979	16
980	18
981	11
982	20
983	8
984	22
985	10
986	13
987	19
988	15
989	10
990	12
991	13
992	12
993	15
994	14
995	17
996	8
997	21
998	10
999	16
1000	14
1001	16
1002	12
1003	10
1004	10
1005	20
1006	13
1007	20
1008	15
1009	16
1010	16
1011	18
1012	10
1013	23
1014	13
1015	12
1016	15
1017	11
1018	18
1019	21
1020	12
1021	19
1022	17
1023	10
1024	14
1025	11
1026	11
1027	11
1028	15
1029	13
1030	14
1031	14
1032	14
1033	11
1034	15
1035	10
1036	23
1037	12
1038	16
1039	18
1040	15
1041	13
1042	16
1043	14
1044	14
1045	13
1046	12
1047	12
1048	21
1049	15
1050	16
1051	12
1052	8
1053	13
1054	13
1055	9
1056	14
1057	11
1058	11
1059	19
1060	9
1061	12
1062	11
1063	18
1064	16
1065	15
1066	13
1067	10
1068	11
1069	14
1070	16
1071	19
1072	17
1073	14
1074	15
1075	17
1076	10
1077	17
1078	15
1079	13
1080	20
1081	14
1082	16
1083	18
1084	8
1085	16
1086	22
1087	13
1088	17
1089	19
1090	13
1091	18
1092	14
1093	15
1094	12
1095	10
1096	19
1097	5
1098	13
1099	12
1100	11
1101	16
1102	13
1103	13
1104	14
1105	25
1106	12
1107	11
1108	11
1109	12
1110	9
1111	8
1112	10
1113	8
1114	14
1115	12
1116	7
1117	12
1118	15
1119	10
1120	17
1121	13
1122	10
1123	16
1124	17
1125	19
1126	18
1127	18
1128	22
1129	18
1130	12
1131	18
1132	16
1133	19
1134	21
1135	12
1136	13
1137	10
1138	18
1139	13
1140	18
1141	26
1142	13
1143	21
1144	14
1145	10
1146	12
1147	16
1148	17
1149	15
1150	14
1151	16
1152	10
1153	18
1154	20
1155	18
1156	20
1157	17
1158	23
1159	19
1160	17
1161	19
1162	14
1163	16
1164	17
1165	15
1166	13
1167	14
1168	14
1169	11
1170	15
1171	16
1172	18
1173	18
1174	17
1175	19
1176	15
1177	18
1178	15
1179	14
1180	19
1181	19
1182	10
1183	19
1184	14
1185	16
1186	17
1187	17
1188	14
1189	16
1190	23
1191	14
1192	18
1193	15
1194	14
1195	16
1196	6
1197	20
1198	18
1199	16
1200	20
1201	18
1202	23
1203	11
1204	22
1205	16
1206	16
1207	17
1208	20
1209	15
1210	19
1211	20
1212	6
1213	15
1214	17
1215	17
1216	22
1217	12
1218	20
1219	18
1220	12
1221	19
1222	17
1223	11
1224	13
1225	17
1226	21
1227	16
1228	18
1229	12
1230	15
1231	14
1232	24
1233	17
1234	22
1235	12
1236	20
1237	14
1238	20
1239	18
1240	13
1241	21
1242	17
1243	15
1244	13
1245	11
1246	25
1247	21
1248	25
1249	16
1250	11
1251	13
1252	19
1253	19
1254	15
1255	15
1256	14
1257	16
1258	24
1259	18
1260	15
1261	25
1262	10
1263	12
1264	21
1265	19
1266	19
1267	17
1268	16
1269	21
1270	23
1271	14
1272	12
1273	15
1274	12
1275	14
1276	17
1277	23
1278	15
1279	22
1280	22
1281	19
1282	22
1283	23
1284	17
1285	20
1286	26
1287	13
1288	20
1289	18
1290	12
1291	24
1292	14
1293	9
1294	23
1295	17
1296	18
1297	19
1298	21
1299	11
1300	21
1301	19
1302	19
1303	20
1304	17
1305	17
1306	19
1307	22
1308	7
1309	20
1310	18
1311	15
1312	19
1313	20
1314	16
1315	19
1316	13
1317	19
1318	14
1319	24
1320	22
1321	15
1322	14
1323	25
1324	13
1325	19
1326	21
1327	24
1328	18
1329	20
1330	8
1331	15
1332	24
1333	25
1334	19
1335	19
1336	12
1337	19
1338	15
1339	20
1340	16
1341	15
1342	18
1343	14
1344	15
1345	13
1346	17
1347	16
1348	16
1349	24
1350	17
1351	30
1352	24
1353	18
1354	14
1355	17
1356	26
1357	19
1358	22
1359	18
1360	19
1361	14
1362	13
1363	24
1364	23
1365	15
1366	13
1367	22
1368	20
1369	18
1370	24
1371	20
1372	18
1373	16
1374	19
1375	13
1376	21
1377	7
1378	19
1379	21
1380	19
1381	20
1382	18
1383	18
1384	22
1385	23
1386	19
1387	19
1388	24
1389	15
1390	22
1391	16
1392	25
1393	15
1394	18
1395	14
1396	18
1397	25
1398	21
1399	16
1400	23
1401	23
1402	11
1403	22
1404	16
1405	9
1406	21
1407	14
1408	20
1409	25
1410	23
1411	13
1412	28
1413	19
1414	14
1415	30
1416	21
1417	20
1418	22
1419	28
1420	13
1421	22
1422	22
1423	24
1424	24
1425	19
1426	14
1427	15
1428	21
1429	22
1430	26
1431	24
1432	19
1433	23
1434	16
1435	18
1436	14
1437	17
1438	16
1439	19
1440	17
1441	16
1442	11
1443	25
1444	24
1445	21
1446	27
1447	19
1448	22
1449	25
1450	27
1451	13
1452	20
1453	24
1454	13
1455	13
1456	19
1457	10
1458	17
1459	17
1460	14
1461	24
1462	24
1463	18
1464	12
1465	16
1466	27
1467	16
1468	25
1469	16
1470	14
1471	24
1472	18
1473	19
1474	16
1475	24
1476	19
1477	17
1478	10
1479	22
1480	16
1481	16
1482	18
1483	21
1484	21
1485	23
1486	19
1487	12
1488	22
1489	16
1490	26
1491	15
1492	20
1493	17
1494	22
1495	18
1496	22
1497	15
1498	21
1499	17
1500	21
1501	22
1502	20
1503	18
1504	19
1505	15
1506	19
1507	27
1508	23
1509	23
1510	25
1511	27
1512	19
1513	17
1514	21
1515	20
1516	17
1517	22
1518	16
1519	21
1520	23
1521	12
1522	23
1523	26
1524	22
1525	19
1526	15
1527	26
1528	21
1529	22
1530	25
1531	21
1532	18
1533	27
1534	19
1535	20
1536	15
1537	15
1538	20
1539	16
1540	12
1541	27
1542	21
1543	21
1544	22
1545	17
1546	21
1547	21
1548	18
1549	22
1550	22
1551	15
1552	15
1553	20
1554	26
1555	14
1556	22
1557	26
1558	18
1559	15
1560	22
1561	17
1562	24
1563	16
1564	19
1565	24
1566	27
1567	16
1568	28
1569	18
1570	13
1571	20
1572	22
1573	22
1574	21
1575	22
1576	17
1577	20
1578	24
1579	16
1580	22
1581	19
1582	19
1583	18
1584	17
1585	17
1586	27
1587	31
1588	15
1589	19
1590	22
1591	21
1592	21
1593	13
1594	20
1595	32
1596	19
1597	22
1598	18
1599	24
1600	28
1601	14
1602	21
1603	14
1604	29
1605	19
1606	18
1607	20
1608	30
1609	22
1610	20
1611	23
1612	17
1613	13
1614	19
1615	17
1616	29
1617	27
1618	19
1619	16
1620	20
1621	16
1622	25
1623	16
1624	15
1625	24
1626	22
1627	25
1628	24
1629	20
1630	21
1631	24
1632	24
1633	18
1634	25
1635	20
1636	21
1637	22
1638	16
1639	25
1640	15
1641	17
1642	14
1643	20
1644	28
1645	27
1646	11
1647	19
1648	16
1649	16
1650	29
1651	17
1652	25
1653	21
1654	20
1655	26
1656	17
1657	17
1658	15
1659	19
1660	20
1661	15
1662	26
1663	27
1664	24
1665	29
1666	29
1667	21
1668	19
1669	27
1670	17
1671	21
1672	20
1673	21
1674	26
1675	33
1676	21
1677	26
1678	17
1679	18
1680	24
1681	16
1682	20
1683	19
1684	22
1685	33
1686	19
1687	18
1688	25
1689	18
1690	19
1691	22
1692	27
1693	25
1694	18
1695	21
1696	29
1697	19
1698	17
1699	23
1700	27
1701	28
1702	23
1703	18
1704	19
1705	24
1706	21
1707	21
1708	32
1709	15
1710	26
1711	22
1712	18
1713	29
1714	25
1715	21
1716	30
1717	20
1718	26
1719	15
1720	24
1721	17
1722	13
1723	23
1724	24
1725	23
1726	23
1727	17
1728	33
1729	19
1730	22
1731	30
1732	20
1733	19
1734	26
1735	28
1736	24
1737	25
1738	31
1739	28
1740	21
1741	27
1742	23
1743	21
1744	22
1745	22
1746	24
1747	27
1748	23
1749	18
1750	22
1751	20
1752	24
1753	21
1754	22
1755	32
1756	25
1757	27
1758	24
1759	32
1760	24
1761	20
1762	23
1763	20
1764	20
1765	17
1766	23
1767	23
1768	25
1769	29
1770	27
1771	19
1772	23
1773	24
1774	21
1775	18
1776	28
1777	31
1778	18
1779	23
1780	18
1781	24
1782	25
1783	16
1784	34
1785	21
1786	24
1787	21
1788	24
1789	20
1790	24
1791	31
1792	15
1793	20
1794	16
1795	32
1796	27
1797	23
1798	24
1799	17
1800	21
1801	20
1802	26
1803	30
1804	17
1805	30
1806	17
1807	17
1808	24
1809	26
1810	21
1811	25
1812	17
1813	21
1814	31
1815	19
1816	21
1817	20
1818	19
1819	19
1820	32
1821	29
1822	20
1823	22
1824	18
1825	25
1826	34
1827	32
1828	24
1829	31
1830	19
1831	18
1832	40
1833	21
1834	24
1835	31
1836	20
1837	21
1838	21
1839	24
1840	19
1841	24
1842	21
1843	18
1844	31
1845	18
1846	24
1847	24
1848	26
1849	31
1850	23
1851	26
1852	33
1853	19
1854	24
1855	17
1856	29
1857	25
1858	21
1859	25
1860	25
1861	22
1862	37
1863	18
1864	29
1865	18
1866	25
1867	21
1868	26
1869	25
1870	16
1871	29
1872	33
1873	30
1874	24
1875	26
1876	21
1877	33
1878	30
1879	18
1880	28
1881	24
1882	25
1883	23
1884	23
1885	33
1886	33
1887	26
1888	22
1889	16
1890	24
1891	27
1892	29
1893	18
1894	31
1895	21
1896	18
1897	14
1898	24
1899	23
1900	24
1901	29
1902	25
1903	19
1904	18
1905	26
1906	31
1907	20
1908	28
1909	20
1910	26
1911	29
1912	18
1913	16
1914	22
1915	26
1916	32
1917	25
1918	24
1919	16
1920	24
1921	24
1922	34
1923	25
1924	24
1925	28
1926	19
1927	27
1928	28
1929	20
1930	20
1931	26
1932	34
1933	26
1934	21
1935	26
1936	20
1937	25
1938	33
1939	34
1940	33
1941	18
1942	29
1943	26
1944	20
1945	23
1946	33
1947	26
1948	33
1949	37
1950	25
1951	25
1952	22
1953	24
1954	25
1955	21
1956	29
1957	31
1958	20
1959	25
1960	27
1961	25
1962	24
1963	21
1964	23
1965	27
1966	25
1967	25
1968	29
1969	23
1970	29
1971	25
1972	31
1973	29
1974	22
1975	16
1976	23
1977	19
1978	20
1979	19
1980	26
1981	26
1982	22
1983	25
1984	23
1985	24
1986	32
1987	29
1988	15
1989	22
1990	28
1991	18
1992	24
1993	23
1994	17
1995	22
1996	23
1997	31
1998	30
1999	21
2000	21
2001	25
2002	23
2003	36
2004	27
2005	18
2006	30
2007	32
2008	21
2009	21
2010	25
2011	21
2012	24
2013	28
2014	22
2015	30
2016	19
2017	23
2018	25
2019	25
2020	20
2021	20
2022	23
2023	18
2024	30
2025	24
2026	30
2027	14
2028	24
2029	23
2030	25
2031	24
2032	31
2033	13
2034	24
2035	19
2036	26
2037	27
2038	18
2039	21
2040	19
2041	37
2042	27
2043	17
2044	27
2045	23
2046	31
2047	25
2048	22
2049	20
2050	29
2051	29
2052	42
2053	34
2054	22
2055	34
2056	30
2057	27
2058	25
2059	22
2060	18
2061	31
2062	26
2063	21
2064	27
2065	27
2066	35
2067	22
2068	27
2069	28
2070	30
2071	27
2072	23
2073	17
2074	25
2075	19
2076	25
2077	24
2078	21
2079	24
2080	42
2081	22
2082	22
2083	24
2084	22
2085	31
2086	26
2087	19
2088	27
2089	28
2090	26
2091	30
2092	28
2093	27
2094	18
2095	29
2096	22
2097	27
2098	26
2099	19
2100	30
2101	18
2102	23
2103	28
2104	19
2105	23
2106	28
2107	23
2108	29
2109	28
2110	27
2111	32
2112	24
2113	25
2114	17
2115	38
2116	23
2117	25
2118	24
2119	16
2120	24
2121	26
2122	21
2123	21
2124	25
2125	17
2126	17
2127	24
2128	21
2129	37
2130	21
2131	22
2132	26
2133	22
2134	25
2135	31
2136	31
2137	29
2138	21
2139	17
2140	27
2141	22
2142	22
2143	28
2144	24
2145	26
2146	20
2147	18
2148	28
2149	24
2150	21
2151	21
2152	33
2153	24
2154	27
2155	22
2156	36
2157	33
2158	34
2159	27
2160	22
2161	29
2162	30
2163	23
2164	29
2165	25
2166	32
2167	25
2168	23
2169	19
2170	27
2171	33
2172	24
2173	21
2174	33
2175	19
2176	26
2177	20
2178	27
2179	22
2180	20
2181	23
2182	22
2183	26
2184	31
2185	33
2186	19
2187	25
2188	31
2189	22
2190	21
2191	24
2192	18
2193	25
2194	19
2195	23
2196	26
2197	30
2198	32
2199	21
2200	31
2201	20
2202	20
2203	16
2204	34
2205	28
2206	30
2207	28
2208	24
2209	23
2210	18
2211	35
2212	22
2213	27
2214	22
2215	14
2216	23
2217	26
2218	28
2219	30
2220	27
2221	27
2222	20
2223	25
2224	25
2225	29
2226	26
2227	30
2228	23
2229	26
2230	22
2231	27
2232	31
2233	25
2234	27
2235	21
2236	26
2237	22
2238	26
2239	18
2240	17
2241	21
2242	31
2243	30
2244	15
2245	17
2246	22
2247	24
2248	26
2249	28
2250	20
2251	19
2252	23
2253	19
2254	20
2255	27
2256	25
2257	17
2258	25
2259	20
2260	27
2261	30
2262	25
2263	14
2264	28
2265	23
2266	25
2267	29
2268	17
2269	24
2270	31
2271	21
2272	30
2273	29
2274	16
2275	27
2276	31
2277	26
2278	14
2279	34
2280	24
2281	21
2282	31
2283	19
2284	15
2285	27
2286	18
2287	20
2288	27
2289	22
2290	17
2291	21
2292	32
2293	27
2294	20
2295	20
2296	19
2297	23
2298	16
2299	25
2300	28
2301	25
2302	17
2303	22
2304	23
2305	30
2306	23
2307	23
2308	18
2309	26
2310	30
2311	15
2312	25
2313	17
2314	34
2315	22
2316	23
2317	30
2318	24
2319	24
2320	19
2321	23
2322	26
2323	18
2324	19
2325	22
2326	19
2327	18
2328	16
2329	19
2330	27
2331	23
2332	23
2333	15
2334	22
2335	17
2336	28
2337	18
2338	17
2339	22
2340	19
2341	15
2342	17
2343	19
2344	16
2345	21
2346	16
2347	19
2348	17
2349	25
2350	24
2351	23
2352	17
2353	22
2354	19
2355	19
2356	23
2357	25
2358	27
2359	19
2360	30
2361	24
2362	16
2363	15
2364	20
2365	19
2366	23
2367	19
2368	24
2369	22
2370	16
2371	20
2372	22
2373	28
2374	24
2375	28
2376	29
2377	36
2378	26
2379	26
2380	34
2381	16
2382	21
2383	18
2384	21
2385	23
2386	18
2387	21
2388	30
2389	22
2390	25
2391	16
2392	22
2393	26
2394	16
2395	17
2396	20
2397	31
2398	24
2399	17
2400	15
2401	11
2402	8
2403	25
2404	17
2405	26
2406	19
2407	20
2408	18
2409	12
2410	21
2411	18
2412	21
2413	27
2414	20
2415	19
2416	15
2417	15
2418	20
2419	16
2420	20
2421	22
2422	22
2423	20
2424	17
2425	20
2426	22
2427	15
2428	19
2429	17
2430	24
2431	15
2432	21
2433	11
2434	20
2435	22
2436	22
2437	23
2438	28
2439	22
2440	17
2441	25
2442	25
2443	13
2444	14
2445	15
2446	17
2447	20
2448	15
2449	20
2450	22
2451	29
2452	16
2453	22
2454	20
2455	23
2456	13
2457	9
2458	18
2459	24
2460	22
2461	17
2462	24
2463	23
2464	15
2465	12
2466	22
2467	34
2468	17
2469	18
2470	17
2471	15
2472	24
2473	22
2474	22
2475	17
2476	13
2477	15
2478	14
2479	15
2480	18
2481	8
2482	18
2483	23
2484	14
2485	15
2486	20
2487	18
2488	19
2489	27
2490	22
2491	22
2492	21
2493	17
2494	11
2495	24
2496	12
2497	16
2498	13
2499	15
2500	27
2501	10
2502	24
2503	15
2504	28
2505	17
2506	21
2507	20
2508	17
2509	22
2510	18
2511	19
2512	31
2513	20
2514	21
2515	19
2516	18
2517	26
2518	21
2519	17
2520	22
2521	24
2522	16
2523	20
2524	9
2525	16
2526	28
2527	15
2528	24
2529	18
2530	14
2531	6
2532	20
2533	13
2534	17
2535	20
2536	10
2537	19
2538	19
2539	24
2540	16
2541	17
2542	12
2543	18
2544	16
2545	24
2546	25
2547	25
2548	16
2549	17
2550	15
2551	15
2552	20
2553	21
2554	14
2555	8
2556	16
2557	25
2558	15
2559	19
2560	17
2561	21
2562	20
2563	19
2564	15
2565	28
2566	16
2567	14
2568	16
2569	23
2570	21
2571	12
2572	18
2573	17
2574	22
2575	21
2576	11
2577	14
2578	13
2579	20
2580	16
2581	14
2582	14
2583	10
2584	18
2585	15
2586	23
2587	14
2588	14
2589	21
2590	15
2591	22
2592	25
2593	20
2594	19
2595	17
2596	22
2597	14
2598	21
2599	19
2600	26
2601	20
2602	18
2603	9
2604	19
2605	17
2606	16
2607	19
2608	17
2609	13
2610	13
2611	15
2612	19
2613	16
2614	11
2615	20
2616	11
2617	14
2618	28
2619	19
2620	21
2621	9
2622	20
2623	15
2624	21
2625	14
2626	13
2627	18
2628	17
2629	17
2630	23
2631	17
2632	21
2633	25
2634	28
2635	15
2636	15
2637	20
2638	16
2639	21
2640	20
2641	11
2642	16
2643	16
2644	22
2645	18
2646	15
2647	19
2648	10
2649	15
2650	19
2651	17
2652	13
2653	19
2654	19
2655	17
2656	15
2657	21
2658	14
2659	13
2660	10
2661	12
2662	19
2663	17
2664	12
2665	17
2666	18
2667	15
2668	10
2669	21
2670	15
2671	16
2672	17
2673	19
2674	16
2675	14
2676	14
2677	20
2678	16
2679	27
2680	10
2681	19
2682	15
2683	20
2684	15
2685	15
2686	22
2687	16
2688	13
2689	12
2690	22
2691	21
2692	18
2693	17
2694	16
2695	14
2696	14
2697	13
2698	11
2699	12
2700	9
2701	12
2702	22
2703	22
2704	19
2705	8
2706	20
2707	14
2708	17
2709	17
2710	11
2711	25
2712	17
2713	17
2714	17
2715	8
2716	23
2717	22
2718	17
2719	22
2720	14
2721	20
2722	15
2723	16
2724	16
2725	18
2726	17
2727	23
2728	16
2729	13
2730	12
2731	12
2732	10
2733	15
2734	24
2735	15
2736	11
2737	16
2738	14
2739	17
2740	19
2741	14
2742	16
2743	16
2744	11
2745	25
2746	16
2747	12
2748	14
2749	13
2750	18
2751	19
2752	12
2753	28
2754	14
2755	15
2756	17
2757	15
2758	16
2759	16
2760	7
2761	17
2762	14
2763	11
2764	15
2765	7
2766	13
2767	22
2768	21
2769	11
2770	11
2771	16
2772	14
2773	13
2774	11
2775	12
2776	10
2777	26
2778	18
2779	22
2780	21
2781	9
2782	12
2783	17
2784	20
2785	13
2786	16
2787	10
2788	16
2789	9
2790	19
2791	15
2792	20
2793	13
2794	18
2795	20
2796	13
2797	12
2798	21
2799	14
2800	16
2801	12
2802	14
2803	17
2804	24
2805	16
2806	20
2807	23
2808	14
2809	14
2810	14
2811	17
2812	16
2813	8
2814	17
2815	20
2816	18
2817	14
2818	17
2819	11
2820	13
2821	15
2822	14
2823	13
2824	17
2825	16
2826	13
2827	24
2828	15
2829	25
2830	11
2831	8
2832	14
2833	14
2834	9
2835	15
2836	15
2837	18
2838	14
2839	11
2840	13
2841	15
2842	13
2843	18
2844	13
2845	12
2846	14
2847	21
2848	19
2849	21
2850	17
2851	11
2852	17
2853	4
2854	22
2855	10
2856	14
2857	18
2858	12
2859	22
2860	13
2861	18
2862	12
2863	13
2864	11
2865	18
2866	15
2867	14
2868	12
2869	11
2870	13
2871	15
2872	7
2873	20
2874	10
2875	17
2876	16
2877	14
2878	14
2879	16
2880	16
2881	15
2882	15
2883	12
2884	11
2885	19
2886	12
2887	11
2888	26
2889	20
2890	15
2891	11
2892	19
2893	17
2894	22
2895	21
2896	21
2897	18
2898	20
2899	16
2900	17
2901	13
2902	17
2903	18
2904	17
2905	20
2906	12
2907	21
2908	18
2909	16
2910	11
2911	9
2912	12
2913	14
2914	7
2915	10
2916	23
2917	16
2918	15
2919	13
2920	18
2921	14
2922	14
2923	15
2924	7
2925	8
2926	12
2927	13
2928	13
2929	19
2930	13
2931	17
2932	13
2933	15
2934	13
2935	10
2936	11
2937	21
2938	10
2939	15
2940	12
2941	14
2942	6
2943	14
2944	14
2945	16
2946	14
2947	14
2948	11
2949	14
2950	16
2951	12
2952	17
2953	12
2954	11
2955	21
2956	10
2957	17
2958	17
2959	14
2960	16
2961	18
2962	13
2963	13
2964	23
2965	11
2966	11
2967	10
2968	14
2969	17
2970	14
2971	11
2972	14
2973	11
2974	14
2975	17
2976	13
2977	14
2978	19
2979	9
2980	12
2981	11
2982	20
2983	6
2984	10
2985	16
2986	12
2987	14
2988	18
2989	9
2990	11
2991	11
2992	15
2993	14
2994	17
2995	7
2996	14
2997	18
2998	16
2999	9
3000	14
3001	13
3002	11
3003	9
3004	17
3005	16
3006	9
3007	9
3008	19
3009	14
3010	13
3011	13
3012	12
3013	21
3014	9
3015	8
3016	12
3017	18
3018	13
3019	15
3020	9
3021	13
3022	21
3023	13
3024	10
3025	12
3026	12
3027	12
3028	12
3029	10
3030	20
3031	9
3032	12
3033	14
3034	16
3035	12
3036	9
3037	13
3038	14
3039	13
3040	15
3041	13
3042	12
3043	17
3044	14
3045	15
3046	22
3047	18
3048	18
3049	15
3050	13
3051	20
3052	11
3053	15
3054	10
3055	16
3056	13
3057	8
3058	17
3059	14
3060	14
3061	6
3062	10
3063	14
3064	25
3065	14
3066	17
3067	15
3068	20
3069	21
3070	18
3071	10
3072	11
3073	16
3074	7
3075	13
3076	12
3077	12
3078	11
3079	13
3080	10
3081	14
3082	13
3083	12
3084	20
3085	11
3086	15
3087	12
3088	11
3089	16
3090	16
3091	21
3092	8
3093	19
3094	20
3095	9
3096	12
3097	10
3098	17
3099	11
3100	11
3101	12
3102	15
3103	10
3104	16
3105	14
3106	16
3107	17
3108	6
3109	13
3110	11
3111	14
3112	11
3113	13
3114	13
3115	13
3116	14
3117	13
3118	11
3119	16
3120	14
3121	16
3122	20
3123	11
3124	15
3125	13
3126	11
3127	12
3128	14
3129	9
3130	12
3131	15
3132	15
3133	13
3134	17
3135	11
3136	11
3137	7
3138	15
3139	11
3140	12
3141	11
3142	18
3143	14
3144	16
3145	10
3146	12
3147	8
3148	10
3149	16
3150	14
3151	12
3152	16
3153	8
3154	17
3155	13
3156	15
3157	17
3158	6
3159	9
3160	12
3161	15
3162	13
3163	13
3164	10
3165	16
3166	15
3167	17
3168	12
3169	14
3170	11
3171	13
3172	14
3173	12
3174	11
3175	18
3176	21
3177	9
3178	14
3179	11
3180	12
3181	13
3182	11
3183	21
3184	13
3185	10
3186	15
3187	10
3188	12
3189	15
3190	14
3191	12
3192	11
3193	10
3194	13
3195	13
3196	10
3197	10
3198	8
3199	10
3200	15
3201	15
3202	13
3203	13
3204	12
3205	15
3206	10
3207	11
3208	14
3209	8
3210	10
3211	11
3212	18
3213	9
3214	11
3215	19
3216	17
3217	9
3218	9
3219	7
3220	14
3221	21
3222	17
3223	13
3224	8
3225	15
3226	7
3227	19
3228	9
3229	17
3230	12
3231	15
3232	16
3233	18
3234	10
3235	15
3236	11
3237	14
3238	6
3239	13
3240	16
3241	13
3242	9
3243	15
3244	15
3245	12
3246	11
3247	8
3248	8
3249	14
3250	12
3251	10
3252	14
3253	10
3254	13
3255	11
3256	15
3257	13
3258	11
3259	8
3260	20
3261	14
3262	12
3263	13
3264	8
3265	14
3266	11
3267	17
3268	8
3269	19
3270	18
3271	11
3272	16
3273	15
3274	14
3275	17
3276	10
3277	13
3278	14
3279	24
3280	10
3281	17
3282	18
3283	9
3284	20
3285	17
3286	7
3287	5
3288	9
3289	14
3290	5
3291	14
3292	14
3293	14
3294	19
3295	13
3296	14
3297	14
3298	16
3299	11
3300	13
3301	14
3302	10
3303	20
3304	17
3305	15
3306	8
3307	12
3308	11
3309	13
3310	13
3311	8
3312	18
3313	14
3314	12
3315	15
3316	15
3317	15
3318	20
3319	14
3320	11
3321	3
3322	9
3323	12
3324	13
3325	15
3326	14
3327	10
3328	13
3329	13
3330	9
3331	10
3332	14
3333	17
3334	9
3335	21
3336	15
3337	16
3338	10
3339	9
3340	15
3341	15
3342	11
3343	16
3344	12
3345	16
3346	12
3347	14
3348	11
3349	16
3350	12
3351	11
3352	12
3353	9
3354	14
3355	17
3356	9
3357	14
3358	14
3359	18
3360	12
3361	7
3362	11
3363	17
3364	17
3365	20
3366	13
3367	13
3368	17
3369	15
3370	12
3371	12
3372	20
3373	10
3374	20
3375	11
3376	16
3377	10
3378	8
3379	11
3380	13
3381	13
3382	13
3383	22
3384	8
3385	16
3386	15
3387	13
3388	16
3389	8
3390	16
3391	14
3392	10
3393	18
3394	13
3395	4
3396	9
3397	12
3398	20
3399	8
3400	9
3401	13
3402	18
3403	11
3404	13
3405	14
3406	11
3407	16
3408	13
3409	13
3410	17
3411	10
3412	10
3413	10
3414	9
3415	13
3416	14
3417	11
3418	15
3419	15
3420	10
3421	14
3422	14
3423	8
3424	13
3425	13
3426	20
3427	6
3428	11
3429	8
3430	11
3431	9
3432	8
3433	9
3434	20
3435	17
3436	13
3437	19
3438	8
3439	10
3440	13
3441	11
3442	14
3443	15
3444	15
3445	19
3446	9
3447	13
3448	20
3449	7
3450	7
3451	16
3452	12
3453	14
3454	12
3455	17
3456	16
3457	8
3458	18
3459	12
3460	8
3461	17
3462	8
3463	13
3464	14
3465	12
3466	12
3467	9
3468	18
3469	8
3470	12
3471	18
3472	15
3473	11
3474	10
3475	10
3476	9
3477	13
3478	12
3479	11
3480	9
3481	11
3482	8
3483	14
3484	15
3485	15
3486	14
3487	11
3488	9
3489	18
3490	14
3491	12
3492	20
3493	12
3494	8
3495	9
3496	15
3497	8
3498	15
3499	13
3500	13
3501	15
3502	5
3503	8
3504	8
3505	10
3506	9
3507	13
3508	8
3509	13
3510	11
3511	14
3512	15
3513	15
3514	16
3515	11
3516	20
3517	7
3518	9
3519	12
3520	15
3521	7
3522	7
3523	4
3524	14
3525	14
3526	17
3527	12
3528	20
3529	10
3530	11
3531	14
3532	13
3533	9
3534	13
3535	16
3536	12
3537	8
3538	9
3539	11
3540	13
3541	14
3542	10
3543	13
3544	8
3545	8
3546	11
3547	5
3548	8
3549	16
3550	10
3551	13
3552	5
3553	7
3554	12
3555	8
3556	13
3557	17
3558	18
3559	12
3560	16
3561	11
3562	19
3563	17
3564	11
3565	13
3566	11
3567	12
3568	9
3569	9
3570	13
3571	15
3572	10
3573	8
3574	8
3575	16
3576	11
3577	9
3578	11
3579	10
3580	10
3581	18
3582	11
3583	15
3584	6
3585	10
3586	19
3587	10
3588	8
3589	9
3590	9
3591	10
3592	15
3593	14
3594	11
3595	12
3596	18
3597	10
3598	9
3599	15
3600	11
3601	9
3602	12
3603	15
3604	12
3605	14
3606	11
3607	13
3608	16
3609	17
3610	7
3611	13
3612	19
3613	14
3614	17
3615	17
3616	11
3617	18
3618	19
3619	15
3620	9
3621	20
3622	9
3623	11
3624	12
3625	16
3626	10
3627	8
3628	8
3629	9
3630	5
3631	11
3632	13
3633	13
3634	14
3635	14
3636	5
3637	18
3638	11
3639	12
3640	15
3641	14
3642	15
3643	12
3644	11
3645	13
3646	17
3647	9
3648	9
3649	11
3650	10
3651	13
3652	16
3653	14
3654	13
3655	12
3656	12
3657	12
3658	16
3659	8
3660	11
3661	12
3662	14
3663	14
3664	10
3665	13
3666	8
3667	19
3668	11
3669	11
3670	12
3671	9
3672	11
3673	10
3674	7
3675	10
3676	7
3677	13
3678	10
3679	15
3680	18
3681	9
3682	13
3683	12
3684	12
3685	11
3686	8
3687	7
3688	11
3689	18
3690	13
3691	11
3692	13
3693	11
3694	11
3695	11
3696	16
3697	8
3698	12
3699	15
3700	10
3701	9
3702	13
3703	13
3704	10
3705	8
3706	12
3707	13
3708	18
3709	13
3710	14
3711	12
3712	11
3713	12
3714	18
3715	12
3716	13
3717	12
3718	8
3719	11
3720	5
3721	12
3722	9
3723	14
3724	5
3725	13
3726	10
3727	13
3728	9
3729	17
3730	9
3731	8
3732	11
3733	9
3734	11
3735	11
3736	14
3737	12
3738	14
3739	13
3740	9
3741	9
3742	13
3743	9
3744	13
3745	10
3746	13
3747	10
3748	5
3749	10
3750	9
3751	16
3752	14
3753	12
3754	9
3755	15
3756	13
3757	13
3758	17
3759	9
3760	10
3761	8
3762	16
3763	14
3764	10
3765	13
3766	15
3767	11
3768	11
3769	14
3770	9
3771	10
3772	14
3773	11
3774	14
3775	11
3776	7
3777	10
3778	7
3779	16
3780	9
3781	4
3782	7
3783	22
3784	10
3785	13
3786	9
3787	10
3788	7
3789	10
3790	16
3791	12
3792	10
3793	16
3794	8
3795	9
3796	6
3797	14
3798	8
3799	7
3800	20
3801	8
3802	10
3803	18
3804	7
3805	11
3806	6
3807	18
3808	8
3809	14
3810	16
3811	11
3812	8
3813	10
3814	16
3815	13
3816	7
3817	7
3818	14
3819	11
3820	11
3821	11
3822	12
3823	11
3824	12
3825	9
3826	12
3827	18
3828	8
3829	16
3830	9
3831	16
3832	9
3833	14
3834	13
3835	7
3836	7
3837	12
3838	12
3839	14
3840	18
3841	8
3842	9
3843	8
3844	11
3845	8
3846	6
3847	9
3848	7
3849	9
3850	8
3851	9
3852	11
3853	7
3854	8
3855	13
3856	15
3857	12
3858	8
3859	6
3860	10
3861	12
3862	9
3863	8
3864	14
3865	6
3866	15
3867	9
3868	12
3869	5
3870	10
3871	13
3872	8
3873	12
3874	7
3875	8
3876	10
3877	12
3878	18
3879	19
3880	7
3881	14
3882	13
3883	10
3884	10
3885	8
3886	10
3887	5
3888	10
3889	11
3890	11
3891	12
3892	6
3893	13
3894	14
3895	8
3896	6
3897	8
3898	10
3899	11
3900	12
3901	10
3902	4
3903	11
3904	14
3905	9
3906	9
3907	6
3908	12
3909	12
3910	5
3911	11
3912	21
3913	11
3914	8
3915	8
3916	8
3917	11
3918	16
3919	7
3920	11
3921	7
3922	9
3923	13
3924	16
3925	7
3926	14
3927	15
3928	12
3929	17
3930	9
3931	6
3932	11
3933	16
3934	10
3935	6
3936	5
3937	14
3938	13
3939	14
3940	9
3941	12
3942	9
3943	12
3944	9
3945	10
3946	12
3947	9
3948	7
3949	9
3950	7
3951	22
3952	12
3953	11
3954	10
3955	8
3956	16
3957	10
3958	15
3959	4
3960	13
3961	10
3962	17
3963	17
3964	14
3965	9
3966	8
3967	12
3968	7
3969	11
3970	7
3971	9
3972	13
3973	3
3974	10
3975	9
3976	12
3977	10
3978	11
3979	8
3980	7
3981	3
3982	15
3983	10
3984	15
3985	9
3986	11
3987	10
3988	6
3989	10
3990	9
3991	10
3992	10
3993	10
3994	13
3995	11
3996	7
3997	8
3998	13
3999	14
4000	15
4001	12
4002	13
4003	15
4004	12
4005	12
4006	9
4007	9
4008	10
4009	9
4010	6
4011	9
4012	13
4013	9
4014	12
4015	15
4016	5
4017	17
4018	11
4019	13
4020	9
4021	8
4022	8
4023	11
4024	11
4025	7
4026	10
4027	10
4028	12
4029	7
4030	7
4031	7
4032	7
4033	6
4034	9
4035	9
4036	13
4037	9
4038	10
4039	13
4040	11
4041	7
4042	10
4043	9
4044	16
4045	10
4046	16
4047	11
4048	15
4049	18
4050	7
4051	7
4052	10
4053	12
4054	8
4055	13
4056	9
4057	6
4058	9
4059	12
4060	17
4061	17
4062	10
4063	12
4064	11
4065	11
4066	8
4067	12
4068	8
4069	15
4070	9
4071	4
4072	13
4073	8
4074	6
4075	12
4076	10
4077	11
4078	7
4079	2
4080	8
4081	7
4082	10
4083	11
4084	15
4085	8
4086	13
4087	7
4088	13
4089	7
4090	6
4091	11
4092	9
4093	11
4094	11
4095	9
4096	15
4097	9
4098	12
4099	7
4100	12
4101	8
4102	7
4103	7
4104	12
4105	14
4106	8
4107	9
4108	5
4109	13
4110	5
4111	16
4112	10
4113	8
4114	13
4115	11
4116	17
4117	12
4118	15
4119	8
4120	13
4121	9
4122	9
4123	9
4124	9
4125	12
4126	14
4127	9
4128	13
4129	7
4130	12
4131	17
4132	3
4133	11
4134	13
4135	6
4136	4
4137	12
4138	7
4139	12
4140	7
4141	13
4142	6
4143	9
4144	8
4145	10
4146	9
4147	10
4148	8
4149	8
4150	7
4151	6
4152	14
4153	11
4154	11
4155	9
4156	11
4157	11
4158	10
4159	13
4160	7
4161	8
4162	8
4163	12
4164	13
4165	10
4166	11
4167	6
4168	6
4169	9
4170	8
4171	10
4172	13
4173	9
4174	8
4175	14
4176	11
4177	13
4178	11
4179	18
4180	6
4181	11
4182	8
4183	8
4184	8
4185	14
4186	6
4187	7
4188	7
4189	10
4190	7
4191	8
4192	7
4193	10
4194	14
4195	15
4196	13
4197	13
4198	8
4199	18
4200	11
4201	6
4202	7
4203	11
4204	12
4205	11
4206	10
4207	10
4208	9
4209	6
4210	4
4211	6
4212	6
4213	6
4214	15
4215	11
4216	6
4217	6
4218	17
4219	11
4220	6
4221	8
4222	6
4223	8
4224	9
4225	14
4226	12
4227	9
4228	9
4229	9
4230	12
4231	8
4232	10
4233	11
4234	8
4235	16
4236	14
4237	9
4238	5
4239	7
4240	12
4241	10
4242	12
4243	9
4244	8
4245	7
4246	5
4247	12
4248	10
4249	10
4250	7
4251	8
4252	7
4253	4
4254	10
4255	16
4256	7
4257	8
4258	11
4259	12
4260	7
4261	8
4262	7
4263	11
4264	7
4265	11
4266	8
4267	10
4268	10
4269	10
4270	8
4271	13
4272	5
4273	8
4274	5
4275	12
4276	9
4277	5
4278	14
4279	8
4280	11
4281	10
4282	10
4283	10
4284	6
4285	10
4286	15
4287	5
4288	17
4289	8
4290	4
4291	9
4292	14
4293	10
4294	6
4295	9
4296	4
4297	6
4298	10
4299	11
4300	8
4301	7
4302	9
4303	5
4304	9
4305	9
4306	9
4307	13
4308	11
4309	14
4310	14
4311	7
4312	8
4313	10
4314	16
4315	12
4316	10
4317	6
4318	11
4319	15
4320	7
4321	12
4322	12
4323	10
4324	11
4325	18
4326	11
4327	11
4328	11
4329	14
4330	11
4331	10
4332	9
4333	8
4334	6
4335	14
4336	15
4337	9
4338	6
4339	8
4340	8
4341	10
4342	10
4343	12
4344	8
4345	11
4346	14
4347	9
4348	13
4349	7
4350	8
4351	6
4352	9
4353	8
4354	11
4355	4
4356	9
4357	5
4358	8
4359	8
4360	12
4361	6
4362	8
4363	10
4364	7
4365	15
4366	7
4367	11
4368	15
4369	9
4370	10
4371	10
4372	6
4373	9
4374	4
4375	13
4376	9
4377	6
4378	11
4379	10
4380	9
4381	6
4382	8
4383	10
4384	6
4385	9
4386	7
4387	9
4388	8
4389	8
4390	7
4391	9
4392	11
4393	14
4394	11
4395	7
4396	6
4397	9
4398	8
4399	7
4400	7
4401	5
4402	9
4403	11
4404	16
4405	10
4406	10
4407	9
4408	10
4409	13
4410	12
4411	10
4412	7
4413	9
4414	7
4415	12
4416	9
4417	6
4418	7
4419	11
4420	13
4421	10
4422	7
4423	10
4424	11
4425	7
4426	10
4427	18
4428	10
4429	7
4430	11
4431	7
4432	7
4433	12
4434	15
4435	6
4436	6
4437	8
4438	12
4439	6
4440	8
4441	7
4442	14
4443	10
4444	10
4445	15
4446	9
4447	9
4448	10
4449	9
4450	12
4451	4
4452	9
4453	2
4454	12
4455	8
4456	10
4457	11
4458	6
4459	11
4460	5
4461	13
4462	11
4463	3
4464	8
4465	12
4466	7
4467	9
4468	8
4469	8
4470	8
4471	11
4472	5
4473	9
4474	6
4475	11
4476	6
4477	7
4478	12
4479	12
4480	11
4481	6
4482	3
4483	11
4484	8
4485	12
4486	14
4487	13
4488	8
4489	5
4490	11
4491	8
4492	11
4493	5
4494	9
4495	3
4496	10
4497	6
4498	7
4499	8
4500	10
4501	12
4502	11
4503	6
4504	10
4505	4
4506	7
4507	10
4508	9
4509	4
4510	12
4511	8
4512	12
4513	7
4514	6
4515	11
4516	8
4517	15
4518	7
4519	12
4520	4
4521	7
4522	8
4523	10
4524	9
4525	8
4526	7
4527	10
4528	4
4529	7
4530	4
4531	5
4532	9
4533	7
4534	6
4535	11
4536	10
4537	10
4538	8
4539	13
4540	6
4541	11
4542	10
4543	12
4544	5
4545	10
4546	10
4547	9
4548	9
4549	8
4550	15
4551	6
4552	9
4553	10
4554	8
4555	3
4556	12
4557	10
4558	5
4559	9
4560	11
4561	12
4562	15
4563	8
4564	4
4565	5
4566	9
4567	8
4568	11
4569	10
4570	11
4571	11
4572	7
4573	7
4574	10
4575	6
4576	11
4577	8
4578	6
4579	4
4580	6
4581	8
4582	10
4583	9
4584	8
4585	7
4586	10
4587	4
4588	8
4589	6
4590	10
4591	11
4592	10
4593	8
4594	5
4595	6
4596	13
4597	7
4598	6
4599	6
4600	7
4601	11
4602	11
4603	9
4604	7
4605	7
4606	5
4607	11
4608	5
4609	8
4610	11
4611	8
4612	9
4613	12
4614	8
4615	7
4616	8
4617	8
4618	11
4619	6
4620	7
4621	6
4622	9
4623	5
4624	3
4625	10
4626	8
4627	9
4628	10
4629	10
4630	10
4631	7
4632	2
4633	7
4634	14
4635	10
4636	9
4637	5
4638	9
4639	8
4640	6
4641	7
4642	7
4643	4
4644	6
4645	5
4646	7
4647	6
4648	8
4649	6
4650	5
4651	8
4652	10
4653	11
4654	4
4655	10
4656	5
4657	9
4658	3
4659	7
4660	8
4661	9
4662	14
4663	10
4664	14
4665	8
4666	7
4667	7
4668	9
4669	6
4670	6
4671	10
4672	9
4673	8
4674	13
4675	12
4676	9
4677	7
4678	8
4679	7
4680	11
4681	8
4682	9
4683	12
4684	5
4685	10
4686	7
4687	4
4688	3
4689	9
4690	6
4691	9
4692	10
4693	8
4694	7
4695	12
4696	5
4697	4
4698	7
4699	8
4700	5
4701	2
4702	4
4703	9
4704	7
4705	9
4706	9
4707	4
4708	12
4709	4
4710	7
4711	10
4712	12
4713	6
4714	10
4715	5
4716	10
4717	16
4718	8
4719	9
4720	12
4721	7
4722	9
4723	10
4724	12
4725	10
4726	8
4727	7
4728	12
4729	3
4730	11
4731	10
4732	8
4733	8
4734	8
4735	7
4736	5
4737	5
4738	9
4739	10
4740	8
4741	11
4742	6
4743	9
4744	9
4745	10
4746	13
4747	12
4748	11
4749	5
4750	8
4751	11
4752	12
4753	11
4754	7
4755	8
4756	12
4757	8
4758	8
4759	7
4760	5
4761	10
4762	6
4763	7
4764	6
4765	6
4766	9
4767	7
4768	7
4769	6
4770	4
4771	3
4772	9
4773	3
4774	8
4775	1
4776	8
4777	5
4778	10
4779	8
4780	6
4781	7
4782	6
4783	13
4784	8
4785	7
4786	8
4787	9
4788	8
4789	8
4790	10
4791	9
4792	8
4793	4
4794	7
4795	12
4796	12
4797	4
4798	8
4799	9
4800	8
4801	10
4802	4
4803	8
4804	10
4805	9
4806	3
4807	8
4808	11
4809	7
4810	9
4811	12
4812	7
4813	9
4814	11
4815	5
4816	11
4817	6
4818	9
4819	12
4820	14
4821	12
4822	6
4823	8
4824	14
4825	6
4826	6
4827	5
4828	11
4829	5
4830	9
4831	6
4832	9
4833	7
4834	7
4835	8
4836	3
4837	10
4838	11
4839	6
4840	8
4841	9
4842	7
4843	10
4844	6
4845	10
4846	10
4847	7
4848	10
4849	3
4850	8
4851	13
4852	5
4853	10
4854	6
4855	7
4856	8
4857	9
4858	10
4859	14
4860	14
4861	9
4862	12
4863	11
4864	5
4865	6
4866	9
4867	12
4868	5
4869	5
4870	8
4871	9
4872	12
4873	13
4874	4
4875	7
4876	11
4877	6
4878	10
4879	5
4880	10
4881	10
4882	12
4883	12
4884	6
4885	7
4886	7
4887	10
4888	10
4889	4
4890	4
4891	4
4892	12
4893	10
4894	9
4895	11
4896	10
4897	18
4898	14
4899	11
4900	5
4901	8
4902	10
4903	10
4904	8
4905	9
4906	7
4907	10
4908	7
4909	9
4910	14
4911	7
4912	11
4913	2
4914	11
4915	7
4916	11
4917	13
4918	12
4919	8
4920	4
4921	6
4922	12
4923	4
4924	6
4925	9
4926	9
4927	5
4928	9
4929	11
4930	14
4931	8
4932	9
4933	6
4934	6
4935	9
4936	9
4937	11
4938	10
4939	10
4940	7
4941	8
4942	9
4943	7
4944	8
4945	6
4946	11
4947	6
4948	11
4949	8
4950	5
4951	9
4952	4
4953	3
4954	6
4955	12
4956	6
4957	9
4958	6
4959	8
4960	8
4961	8
4962	7
4963	7
4964	10
4965	12
4966	7
4967	2
4968	3
4969	8
4970	3
4971	9
4972	6
4973	12
4974	11
4975	7
4976	11
4977	3
4978	9
4979	14
4980	5
4981	12
4982	11
4983	11
4984	6
4985	6
4986	7
4987	9
4988	9
4989	6
4990	3
4991	10
4992	8
4993	12
4994	12
4995	7
4996	12
4997	10
4998	5
4999	4
5000	7
5001	3
5002	9
5003	8
5004	10
5005	6
5006	7
5007	7
5008	6
5009	11
5010	7
5011	6
5012	8
5013	9
5014	12
5015	6
5016	7
5017	6
5018	4
5019	6
5020	5
5021	10
5022	11
5023	4
5024	6
5025	7
5026	9
5027	5
5028	9
5029	9
5030	12
5031	9
5032	15
5033	11
5034	4
5035	12
5036	7
5037	6
5038	12
5039	5
5040	6
5041	6
5042	11
5043	11
5044	7
5045	10
5046	9
5047	7
5048	9
5049	10
5050	8
5051	5
5052	4
5053	5
5054	10
5055	4
5056	9
5057	8
5058	6
5059	7
5060	6
5061	7
5062	7
5063	8
5064	5
5065	13
5066	5
5067	3
5068	10
5069	6
5070	8
5071	8
5072	11
5073	10
5074	7
5075	8
5076	8
5077	4
5078	7
5079	6
5080	6
5081	6
5082	9
5083	7
5084	6
5085	12
5086	5
5087	12
5088	4
5089	5
5090	8
5091	6
5092	12
5093	6
5094	9
5095	4
5096	6
5097	7
5098	7
5099	8
5100	5
5101	12
5102	5
5103	7
5104	10
5105	12
5106	7
5107	6
5108	3
5109	10
5110	9
5111	9
5112	14
5113	10
5114	8
5115	8
5116	9
5117	6
5118	6
5119	7
5120	11
5121	5
5122	11
5123	8
5124	9
5125	11
5126	6
5127	6
5128	9
5129	7
5130	11
5131	7
5132	10
5133	10
5134	8
5135	10
5136	9
5137	6
5138	11
5139	14
5140	4
5141	10
5142	9
5143	9
5144	7
5145	8
5146	9
5147	5
5148	8
5149	8
5150	8
5151	11
5152	5
5153	5
5154	12
5155	5
5156	12
5157	7
5158	8
5159	7
5160	8
5161	8
5162	6
5163	9
5164	3
5165	10
5166	4
5167	6
5168	6
5169	10
5170	5
5171	11
5172	7
5173	6
5174	6
5175	7
5176	9
5177	7
5178	11
5179	7
5180	7
5181	9
5182	3
5183	5
5184	6
5185	6
5186	11
5187	10
5188	10
5189	12
5190	9
5191	6
5192	8
5193	6
5194	8
5195	10
5196	4
5197	2
5198	9
5199	7
5200	6
5201	12
5202	6
5203	7
5204	4
5205	11
5206	4
5207	5
5208	8
5209	7
5210	9
5211	10
5212	4
5213	9
5214	13
5215	9
5216	11
5217	12
5218	5
5219	11
5220	9
5221	8
5222	4
5223	10
5224	8
5225	4
5226	8
5227	8
5228	3
5229	15
5230	10
5231	8
5232	6
5233	10
5234	5
5235	10
5236	9
5237	9
5238	6
5239	9
5240	9
5241	4
5242	13
5243	4
5244	6
5245	5
5246	11
5247	9
5248	5
5249	10
5250	7
5251	3
5252	6
5253	13
5254	2
5255	7
5256	9
5257	11
5258	15
5259	10
5260	7
5261	6
5262	4
5263	5
5264	6
5265	6
5266	11
5267	3
5268	5
5269	8
5270	6
5271	5
5272	9
5273	6
5274	8
5275	9
5276	15
5277	12
5278	10
5279	10
5280	3
5281	8
5282	5
5283	7
5284	7
5285	10
5286	6
5287	7
5288	9
5289	6
5290	8
5291	10
5292	9
5293	12
5294	5
5295	7
5296	4
5297	8
5298	9
5299	7
5300	10
5301	8
5302	12
5303	13
5304	11
5305	16
5306	8
5307	8
5308	6
5309	3
5310	8
5311	12
5312	4
5313	14
5314	6
5315	8
5316	12
5317	7
5318	6
5319	12
5320	12
5321	6
5322	15
5323	7
5324	10
5325	6
5326	7
5327	7
5328	7
5329	5
5330	10
5331	7
5332	8
5333	7
5334	6
5335	8
5336	8
5337	13
5338	13
5339	5
5340	10
5341	7
5342	4
5343	5
5344	6
5345	5
5346	10
5347	10
5348	5
5349	4
5350	14
5351	7
5352	11
5353	4
5354	5
5355	10
5356	11
5357	8
5358	7
5359	10
5360	12
5361	9
5362	2
5363	4
5364	11
5365	10
5366	6
5367	8
5368	9
5369	6
5370	4
5371	8
5372	8
5373	8
5374	9
5375	9
5376	8
5377	11
5378	12
5379	5
5380	6
5381	8
5382	6
5383	9
5384	4
5385	11
5386	5
5387	6
5388	7
5389	11
5390	5
5391	7
5392	9
5393	4
5394	4
5395	11
5396	9
5397	5
5398	6
5399	11
5400	8
5401	9
5402	11
5403	8
5404	10
5405	9
5406	5
5407	2
5408	9
5409	9
5410	10
5411	4
5412	5
5413	7
5414	5
5415	11
5416	9
5417	13
5418	11
5419	10
5420	10
5421	6
5422	10
5423	7
5424	6
5425	10
5426	6
5427	8
5428	6
5429	7
5430	9
5431	6
5432	11
5433	8
5434	5
5435	6
5436	10
5437	7
5438	11
5439	6
5440	7
5441	10
5442	5
5443	12
5444	8
5445	8
5446	6
5447	9
5448	8
5449	5
5450	12
5451	11
5452	8
5453	7
5454	8
5455	7
5456	7
5457	12
5458	7
5459	4
5460	10
5461	8
5462	3
5463	3
5464	15
5465	5
5466	7
5467	8
5468	7
5469	5
5470	3
5471	7
5472	4
5473	4
5474	6
5475	15
5476	13
5477	7
5478	10
5479	8
5480	9
5481	1
5482	15
5483	10
5484	2
5485	7
5486	14
5487	7
5488	8
5489	7
5490	5
5491	7
5492	11
5493	8
5494	11
5495	8
5496	9
5497	12
5498	11
5499	11
5500	5
5501	6
5502	3
5503	7
5504	9
5505	5
5506	10
5507	12
5508	10
5509	5
5510	10
5511	4
5512	6
5513	7
5514	9
5515	11
5516	8
5517	8
5518	11
5519	11
5520	8
5521	7
5522	7
5523	9
5524	10
5525	7
5526	11
5527	6
5528	10
5529	9
5530	7
5531	15
5532	8
5533	9
5534	4
5535	10
5536	9
5537	5
5538	9
5539	6
5540	6
5541	11
5542	11
5543	4
5544	9
5545	13
5546	6
5547	7
5548	13
5549	5
5550	6
5551	9
5552	9
5553	10
5554	10
5555	8
5556	7
5557	4
5558	10
5559	3
5560	9
5561	9
5562	5
5563	6
5564	7
5565	10
5566	7
5567	8
5568	10
5569	9
5570	11
5571	10
5572	8
5573	5
5574	6
5575	6
5576	9
5577	10
5578	7
5579	6
5580	10
5581	14
5582	6
5583	15
5584	5
5585	10
5586	10
5587	10
5588	5
5589	7
5590	12
5591	13
5592	11
5593	12
5594	9
5595	6
5596	8
5597	8
5598	8
5599	6
5600	7
5601	9
5602	8
5603	7
5604	10
5605	8
5606	7
5607	13
5608	9
5609	6
5610	8
5611	8
5612	7
5613	10
5614	9
5615	5
5616	8
5617	4
5618	7
5619	9
5620	8
5621	9
5622	3
5623	9
5624	11
5625	7
5626	7
5627	3
5628	12
5629	5
5630	8
5631	9
5632	10
5633	9
5634	10
5635	13
5636	5
5637	8
5638	11
5639	11
5640	8
5641	5
5642	5
5643	10
5644	9
5645	13
5646	3
5647	8
5648	5
5649	3
5650	6
5651	6
5652	13
5653	9
5654	13
5655	6
5656	4
5657	11
5658	9
5659	7
5660	8
5661	7
5662	6
5663	9
5664	8
5665	12
5666	1
5667	4
5668	8
5669	5
5670	10
5671	7
5672	5
5673	6
5674	6
5675	9
5676	4
5677	7
5678	9
5679	9
5680	8
5681	9
5682	10
5683	11
5684	12
5685	9
5686	11
5687	13
5688	9
5689	7
5690	10
5691	11
5692	7
5693	5
5694	14
5695	14
5696	3
5697	4
5698	11
5699	7
5700	9
5701	8
5702	4
5703	7
5704	11
5705	7
5706	5
5707	14
5708	8
5709	8
5710	11
5711	7
5712	6
5713	7
5714	8
5715	9
5716	3
5717	7
5718	12
5719	7
5720	14
5721	7
5722	5
5723	5
5724	10
5725	7
5726	7
5727	9
5728	8
5729	6
5730	10
5731	5
5732	7
5733	10
5734	14
5735	12
5736	9
5737	5
5738	14
5739	12
5740	13
5741	11
5742	5
5743	8
5744	8
5745	6
5746	9
5747	8
5748	11
5749	6
5750	7
5751	4
5752	10
5753	11
5754	2
5755	10
5756	4
5757	5
5758	8
5759	10
5760	5
5761	12
5762	4
5763	14
5764	7
5765	10
5766	10
5767	7
5768	10
5769	8
5770	5
5771	7
5772	11
5773	13
5774	11
5775	7
5776	6
5777	10
5778	7
5779	10
5780	6
5781	9
5782	4
5783	10
5784	8
5785	8
5786	8
5787	10
5788	10
5789	8
5790	9
5791	8
5792	9
5793	10
5794	7
5795	9
5796	8
5797	4
5798	3
5799	14
5800	9
5801	10
5802	11
5803	15
5804	6
5805	7
5806	8
5807	12
5808	7
5809	16
5810	6
5811	4
5812	6
5813	11
5814	3
5815	9
5816	8
5817	9
5818	13
5819	9
5820	7
5821	9
5822	13
5823	9
5824	10
5825	7
5826	9
5827	8
5828	6
5829	9
5830	7
5831	6
5832	5
5833	7
5834	9
5835	9
5836	12
5837	10
5838	12
5839	15
5840	7
5841	7
5842	9
5843	5
5844	10
5845	7
5846	5
5847	10
5848	14
5849	7
5850	12
5851	4
5852	11
5853	13
5854	9
5855	13
5856	4
5857	9
5858	10
5859	10
5860	5
5861	9
5862	7
5863	10
5864	13
5865	6
5866	8
5867	5
5868	10
5869	10
5870	7
5871	8
5872	6
5873	9
5874	13
5875	9
5876	10
5877	9
5878	10
5879	11
5880	7
5881	13
5882	15
5883	11
5884	5
5885	17
5886	5
5887	4
5888	6
5889	10
5890	6
5891	10
5892	7
5893	10
5894	12
5895	11
5896	8
5897	8
5898	9
5899	12
5900	7
5901	9
5902	11
5903	6
5904	6
5905	9
5906	10
5907	9
5908	5
5909	6
5910	7
5911	7
5912	8
5913	9
5914	5
5915	10
5916	5
5917	13
5918	12
5919	3
5920	9
5921	8
5922	9
5923	8
5924	6
5925	6
5926	11
5927	7
5928	8
5929	9
5930	4
5931	15
5932	10
5933	11
5934	12
5935	4
5936	8
5937	11
5938	6
5939	4
5940	9
5941	12
5942	10
5943	9
5944	13
5945	8
5946	9
5947	10
5948	7
5949	5
5950	8
5951	9
5952	10
5953	9
5954	12
5955	3
5956	9
5957	9
5958	8
5959	14
5960	11
5961	9
5962	15
5963	11
5964	14
5965	13
5966	8
5967	6
5968	9
5969	8
5970	12
5971	14
5972	10
5973	6
5974	7
5975	6
5976	4
5977	13
5978	9
5979	11
5980	10
5981	12
5982	9
5983	12
5984	7
5985	6
5986	4
5987	7
5988	9
5989	11
5990	7
5991	10
5992	6
5993	8
5994	5
5995	8
5996	11
5997	8
5998	5
5999	13
6000	12
6001	8
6002	7
6003	15
6004	6
6005	6
6006	6
6007	8
6008	10
6009	9
6010	10
6011	6
6012	9
6013	7
6014	7
6015	11
6016	21
6017	9
6018	13
6019	8
6020	4
6021	3
6022	16
6023	13
6024	6
6025	7
6026	8
6027	9
6028	15
6029	11
6030	12
6031	10
6032	8
6033	8
6034	11
6035	7
6036	6
6037	13
6038	10
6039	10
6040	9
6041	14
6042	10
6043	13
6044	15
6045	10
6046	6
6047	11
6048	8
6049	12
6050	10
6051	12
6052	13
6053	4
6054	11
6055	9
6056	5
6057	13
6058	15
6059	11
6060	7
6061	16
6062	12
6063	9
6064	8
6065	6
6066	3
6067	6
6068	17
6069	6
6070	13
6071	12
6072	8
6073	10
6074	11
6075	7
6076	9
6077	8
6078	11
6079	9
6080	5
6081	16
6082	8
6083	12
6084	5
6085	12
6086	17
6087	8
6088	9
6089	6
6090	14
6091	12
6092	8
6093	11
6094	5
6095	9
6096	10
6097	13
6098	8
6099	8
6100	12
6101	14
6102	6
6103	9
6104	9
6105	6
6106	12
6107	13
6108	15
6109	8
6110	9
6111	10
6112	11
6113	13
6114	4
6115	14
6116	5
6117	5
6118	10
6119	11
6120	10
6121	8
6122	9
6123	10
6124	3
6125	6
6126	13
6127	17
6128	13
6129	12
6130	11
6131	5
6132	10
6133	14
6134	6
6135	13
6136	14
6137	17
6138	10
6139	11
6140	12
6141	5
6142	10
6143	8
6144	19
6145	8
6146	11
6147	17
6148	11
6149	5
6150	12
6151	7
6152	13
6153	9
6154	7
6155	11
6156	22
6157	12
6158	8
6159	13
6160	11
6161	10
6162	13
6163	12
6164	12
6165	5
6166	10
6167	8
6168	11
6169	17
6170	12
6171	8
6172	5
6173	11
6174	13
6175	13
6176	10
6177	11
6178	8
6179	14
6180	7
6181	10
6182	8
6183	10
6184	10
6185	7
6186	7
6187	12
6188	10
6189	11
6190	18
6191	13
6192	17
6193	12
6194	9
6195	10
6196	10
6197	12
6198	8
6199	14
6200	9
6201	16
6202	7
6203	11
6204	7
6205	18
6206	15
6207	13
6208	11
6209	11
6210	15
6211	13
6212	13
6213	15
6214	9
6215	11
6216	11
6217	13
6218	12
6219	11
6220	13
6221	11
6222	9
6223	10
6224	14
6225	14
6226	9
6227	15
6228	13
6229	10
6230	18
6231	11
6232	14
6233	13
6234	13
6235	13
6236	11
6237	8
6238	14
6239	13
6240	13
6241	11
6242	11
6243	7
6244	16
6245	8
6246	12
6247	22
6248	9
6249	16
6250	21
6251	11
6252	14
6253	14
6254	13
6255	14
6256	13
6257	13
6258	10
6259	15
6260	11
6261	13
6262	20
6263	3
6264	12
6265	12
6266	9
6267	9
6268	12
6269	18
6270	10
6271	15
6272	16
6273	16
6274	13
6275	10
6276	20
6277	11
6278	9
6279	21
6280	7
6281	12
6282	9
6283	8
6284	5
6285	15
6286	9
6287	12
6288	18
6289	10
6290	8
6291	6
6292	16
6293	14
6294	17
6295	9
6296	20
6297	18
6298	9
6299	22
6300	15
6301	11
6302	11
6303	9
6304	11
6305	14
6306	16
6307	10
6308	15
6309	12
6310	16
6311	11
6312	12
6313	9
6314	8
6315	12
6316	13
6317	14
6318	18
6319	9
6320	6
6321	10
6322	11
6323	10
6324	12
6325	6
6326	16
6327	11
6328	16
6329	13
6330	8
6331	18
6332	19
6333	18
6334	14
6335	13
6336	21
6337	12
6338	14
6339	13
6340	10
6341	16
6342	16
6343	20
6344	14
6345	15
6346	15
6347	8
6348	8
6349	12
6350	13
6351	10
6352	16
6353	21
6354	15
6355	7
6356	15
6357	9
6358	14
6359	18
6360	9
6361	18
6362	17
6363	13
6364	16
6365	16
6366	10
6367	12
6368	19
6369	7
6370	7
6371	9
6372	15
6373	10
6374	12
6375	24
6376	12
6377	12
6378	15
6379	18
6380	14
6381	7
6382	18
6383	17
6384	11
6385	11
6386	10
6387	14
6388	16
6389	10
6390	8
6391	17
6392	16
6393	11
6394	14
6395	21
6396	21
6397	16
6398	19
6399	15
6400	10
6401	16
6402	18
6403	12
6404	12
6405	15
6406	14
6407	18
6408	15
6409	26
6410	12
6411	16
6412	12
6413	20
6414	14
6415	12
6416	17
6417	19
6418	8
6419	17
6420	19
6421	22
6422	20
6423	19
6424	18
6425	19
6426	18
6427	13
6428	10
6429	16
6430	13
6431	14
6432	23
6433	12
6434	16
6435	14
6436	14
6437	22
6438	17
6439	15
6440	17
6441	14
6442	19
6443	15
6444	11
6445	15
6446	21
6447	13
6448	22
6449	16
6450	13
6451	14
6452	17
6453	14
6454	17
6455	18
6456	15
6457	20
6458	15
6459	16
6460	15
6461	14
6462	12
6463	20
6464	22
6465	16
6466	18
6467	14
6468	9
6469	19
6470	14
6471	10
6472	20
6473	17
6474	12
6475	18
6476	16
6477	19
6478	10
6479	21
6480	19
6481	24
6482	21
6483	9
6484	11
6485	13
6486	14
6487	9
6488	13
6489	12
6490	14
6491	23
6492	21
6493	14
6494	15
6495	14
6496	15
6497	16
6498	18
6499	17
6500	17
6501	15
6502	10
6503	17
6504	15
6505	11
6506	20
6507	19
6508	17
6509	21
6510	19
6511	19
6512	13
6513	22
6514	18
6515	13
6516	19
6517	11
6518	15
6519	13
6520	14
6521	14
6522	22
6523	10
6524	20
6525	10
6526	18
6527	15
6528	17
6529	7
6530	17
6531	21
6532	24
6533	12
6534	18
6535	16
6536	12
6537	20
6538	20
6539	18
6540	13
6541	16
6542	17
6543	17
6544	19
6545	14
6546	7
6547	15
6548	17
6549	9
6550	25
6551	18
6552	22
6553	19
6554	16
6555	15
6556	15
6557	11
6558	11
6559	14
6560	17
6561	15
6562	18
6563	15
6564	13
6565	21
6566	9
6567	16
6568	15
6569	14
6570	19
6571	13
6572	13
6573	15
6574	14
6575	19
6576	15
6577	14
6578	18
6579	22
6580	16
6581	19
6582	16
6583	11
6584	21
6585	15
6586	15
6587	10
6588	16
6589	15
6590	17
6591	17
6592	12
6593	8
6594	9
6595	12
6596	10
6597	13
6598	5
6599	16
6600	14
6601	14
6602	17
6603	16
6604	14
6605	18
6606	15
6607	9
6608	17
6609	12
6610	14
6611	21
6612	15
6613	12
6614	15
6615	14
6616	13
6617	12
6618	14
6619	13
6620	10
6621	19
6622	12
6623	14
6624	15
6625	15
6626	19
6627	10
6628	11
6629	13
6630	15
6631	21
6632	11
6633	14
6634	15
6635	16
6636	18
6637	17
6638	10
6639	13
6640	11
6641	14
6642	9
6643	7
6644	8
6645	10
6646	9
6647	14
6648	8
6649	15
6650	13
6651	14
6652	20
6653	10
6654	15
6655	13
6656	12
6657	13
6658	9
6659	12
6660	12
6661	11
6662	18
6663	13
6664	14
6665	9
6666	8
6667	17
6668	10
6669	8
6670	15
6671	10
6672	9
6673	12
6674	12
6675	11
6676	13
6677	10
6678	8
6679	8
6680	11
6681	7
6682	14
6683	9
6684	12
6685	8
6686	13
6687	9
6688	13
6689	10
6690	5
6691	12
6692	11
6693	15
6694	13
6695	11
6696	16
6697	12
6698	14
6699	7
6700	8
6701	11
6702	12
6703	9
6704	6
6705	17
6706	8
6707	8
6708	12
6709	11
6710	11
6711	9
6712	5
6713	11
6714	12
6715	8
6716	4
6717	12
6718	5
6719	6
6720	12
6721	14
6722	10
6723	6
6724	10
6725	16
6726	10
6727	10
6728	8
6729	10
6730	10
6731	3
6732	14
6733	7
6734	4
6735	7
6736	17
6737	8
6738	14
6739	9
6740	10
6741	9
6742	11
6743	5
6744	13
6745	10
6746	6
6747	11
6748	4
6749	8
6750	8
6751	6
6752	8
6753	5
6754	10
6755	8
6756	4
6757	10
6758	9
6759	7
6760	3
6761	4
6762	10
6763	4
6764	5
6765	8
6766	7
6767	9
6768	9
6769	4
6770	11
6771	9
6772	6
6773	10
6774	11
6775	6
6776	6
6777	8
6778	7
6779	8
6780	3
6781	6
6782	7
6783	7
6784	7
6785	8
6786	12
6787	5
6788	9
6789	13
6790	11
6791	5
6792	4
6793	5
6794	12
6795	5
6796	6
6797	9
6798	3
6799	8
6800	8
6801	2
6802	7
6803	9
6804	4
6805	4
6806	6
6807	9
6808	6
6809	6
6810	3
6811	9
6812	7
6813	5
6814	6
6815	4
6816	2
6817	6
6818	4
6819	6
6820	9
6821	5
6822	11
6823	3
6824	6
6825	5
6826	6
6827	5
6828	2
6829	3
6830	4
6831	6
6832	8
6833	5
6834	5
6835	3
6836	5
6837	6
6838	3
6839	5
6840	6
6841	2
6842	8
6843	4
6844	8
6845	5
6846	5
6847	3
6848	5
6849	4
6850	1
6851	8
6852	6
6853	4
6854	4
6855	4
6856	4
6857	7
6858	1
6859	4
6860	5
6861	6
6862	5
6863	4
6864	4
6865	5
6866	4
6867	4
6868	4
6869	3
6870	4
6871	4
6872	1
6873	8
6874	5
6875	5
6876	9
6877	2
6878	3
6879	3
6880	5
6881	3
6882	4
6883	2
6884	5
6885	2
6886	1
6887	0
6888	6
6889	2
6890	5
6891	3
6892	6
6893	4
6894	6
6895	2
6896	6
6897	4
6898	4
6899	4
6900	5
6901	3
6902	4
6903	2
6904	5
6905	1
6906	3
6907	2
6908	2
6909	1
6910	5
6911	2
6912	3
6913	3
6914	4
6915	2
6916	1
6917	3
6918	0
6919	3
6920	4
6921	1
6922	2
6923	7
6924	4
6925	3
6926	2
6927	0
6928	1
6929	2
6930	2
6931	3
6932	4
6933	3
6934	1
6935	0
6936	1
6937	5
6938	3
6939	2
6940	5
6941	1
6942	4
6943	0
6944	2
6945	3
6946	3
6947	1
6948	2
6949	2
6950	1
6951	2
6952	2
6953	2
6954	1
6955	2
6956	4
6957	1
6958	4
6959	4
6960	1
6961	1
6962	0
6963	0
6964	1
6965	4
6966	0
6967	2
6968	1
6969	3
6970	2
6971	2
6972	1
6973	0
6974	1
6975	2
6976	0
6977	2
6978	1
6979	2
6980	2
6981	3
6982	2
6983	2
6984	2
6985	0
6986	0
6987	0
6988	3
6989	0
6990	1
6991	2
6992	0
6993	2
6994	3
6995	2
6996	2
6997	1
6998	3
6999	0
7000	1
7001	6
7002	0
7003	4
7004	0
7005	0
7006	4
7007	2
7008	5
7009	0
7010	2
7011	3
7012	3
7013	0
7014	3
7015	1
7016	3
7017	1
7018	1
7019	1
7020	1
7021	1
7022	2
7023	3
7024	1
7025	1
7026	0
7027	1
7028	1
7029	1
7030	0
7031	0
7032	0
7033	0
7034	0
7035	1
7036	0
7037	1
7038	2
7039	2
7040	2
7041	1
7042	0
7043	2
7044	0
7045	3
7046	1
7047	1
7048	2
7049	1
7050	1
7051	0
7052	0
7053	0
7054	3
7055	1
7056	0
7057	0
7058	0
7059	0
7060	2
7061	1
7062	1
7063	0
7064	2
7065	0
7066	0
7067	0
7068	1
7069	0
7070	3
7071	0
7072	1
7073	0
7074	1
7075	0
7076	0
7077	0
7078	5
7079	2
7080	2
7081	0
7082	1
7083	2
7084	1
7085	0
7086	1
7087	2
7088	0
7089	1
7090	0
7091	2
7092	0
7093	0
7094	1
7095	0
7096	0
7097	1
7098	0
7099	0
7100	2
7101	3
7102	0
7103	0
7104	2
7105	2
7106	3
7107	0
7108	1
7109	1
7110	1
7111	0
7112	1
7113	0
7114	0
7115	1
7116	1
7117	0
7118	0
7119	1
7120	1
7121	1
7122	0
7123	1
7124	0
7125	0
7126	1
7127	0
7128	0
7129	2
7130	0
7131	0
7132	1
7133	3
7134	0
7135	1
7136	0
7137	1
7138	0
7139	1
7140	0
7141	1
7142	0
7143	1
7144	1
7145	1
7146	1
7147	1
7148	2
7149	2
7150	0
7151	0
7152	0
7153	0
7154	1
7155	1
7156	2
7157	0
7158	0
7159	2
7160	0
7161	1
7162	1
7163	0
7164	1
7165	1
7166	0
7167	0
7168	0
7169	0
7170	0
7171	0
7172	1
7173	1
7174	0
7175	0
7176	0
7177	1
7178	0
7179	1
7180	1
7181	0
7182	0
7183	3
7184	0
7185	1
7186	0
7187	1
7188	0
7189	0
7190	0
7191	0
7192	0
7193	0
7194	0
7195	0
7196	1
7197	2
7198	0
7199	1
7200	1
7201	0
7202	1
7203	1
7204	0
7205	0
7206	0
7207	1
7208	1
7209	0
7210	0
7211	1
7212	0
7213	0
7214	0
7215	1
7216	0
7217	0
7218	2
7219	1
7220	0
7221	1
7222	2
7223	1
7224	1
7225	1
7226	0
7227	0
7228	0
7229	1
7230	1
7231	0
7232	1
7233	0
7234	1
7235	1
7236	1
7237	1
7238	4
7239	0
7240	1
7241	1
7242	0
7243	0
7244	1
7245	0
7246	1
7247	0
7248	2
7249	0
7250	0
7251	1
7252	0
7253	0
7254	0
7255	0
7256	1
7257	1
7258	1
7259	1
7260	1
7261	1
7262	0
7263	1
7264	0
7265	1
7266	1
7267	0
7268	2
7269	0
7270	0
7271	1
7272	0
7273	0
7274	0
7275	0
7276	0
7277	0
7278	0
7279	0
7280	0
7281	0
7282	0
7283	0
7284	0
7285	1
7286	0
7287	2
7288	1
7289	1
7290	3
7291	0
7292	1
7293	0
7294	1
7295	0
7296	1
7297	1
7298	0
7299	2
7300	0
7301	1
7302	0
7303	1
7304	0
7305	0
7306	0
7307	0
7308	0
7309	0
7310	0
7311	1
7312	0
7313	1
7314	1
7315	2
7316	0
7317	0
7318	0
7319	0
7320	0
7321	0
7322	0
7323	0
7324	1
7325	2
7326	0
7327	0
7328	0
7329	1
7330	0
7331	1
7332	1
7333	0
7334	1
7335	1
7336	1
7337	1
7338	1
7339	2
7340	0
7341	0
7342	2
7343	0
7344	0
7345	0
7346	0
7347	0
7348	0
7349	0
7350	0
7351	0
7352	3
7353	0
7354	0
7355	1
7356	0
7357	1
7358	0
7359	1
7360	0
7361	0
7362	0
7363	1
7364	0
7365	1
7366	0
7367	0
7368	1
7369	1
7370	0
7371	1
7372	1
7373	1
7374	1
7375	1
7376	0
7377	0
7378	1
7379	0
7380	1
7381	0
7382	0
7383	1
7384	0
7385	0
7386	1
7387	1
7388	0
7389	0
7390	0
7391	1
7392	0
7393	0
7394	0
7395	1
7396	1
7397	1
7398	0
7399	0
7400	0
7401	0
7402	0
7403	3
7404	0
7405	0
7406	1
7407	0
7408	2
7409	1
7410	0
7411	2
7412	0
7413	1
7414	0
7415	0
7416	0
7417	0
7418	1
7419	1
7420	0
7421	0
7422	0
7423	0
7424	0
7425	1
7426	0
7427	0
7428	0
7429	0
7430	0
7431	0
7432	0
7433	1
7434	2
7435	0
7436	0
7437	0
7438	1
7439	0
7440	1
7441	2
7442	0
7443	1
7444	1
7445	0
7446	1
7447	0
7448	0
7449	0
7450	1
7451	1
7452	0
7453	1
7454	1
7455	0
7456	1
7457	0
7458	1
7459	1
7460	0
7461	0
7462	1
7463	0
7464	1
7465	1
7466	0
7467	0
7468	0
7469	0
7470	1
7471	0
7472	1
7473	0
7474	0
7475	0
7476	0
7477	2
7478	0
7479	0
7480	0
7481	1
7482	0
7483	0
7484	1
7485	2
7486	0
7487	1
7488	0
7489	2
7490	0
7491	1
7492	1
7493	0
7494	1
7495	0
7496	2
7497	0
7498	0
7499	0
7500	0
7501	1
7502	1
7503	0
7504	0
7505	0
7506	1
7507	2
7508	0
7509	1
7510	0
7511	0
7512	2
7513	0
7514	0
7515	0
7516	1
7517	0
7518	1
7519	0
7520	1
7521	0
7522	1
7523	2
7524	1
7525	0
7526	0
7527	1
7528	0
7529	1
7530	1
7531	1
7532	0
7533	0
7534	2
7535	1
7536	0
7537	0
7538	0
7539	1
7540	0
7541	0
7542	2
7543	0
7544	2
7545	0
7546	0
7547	1
7548	2
7549	1
7550	2
7551	1
7552	2
7553	0
7554	0
7555	0
7556	1
7557	0
7558	0
7559	1
7560	0
7561	0
7562	0
7563	0
7564	0
7565	2
7566	2
7567	0
7568	1
7569	0
7570	1
7571	0
7572	0
7573	3
7574	0
7575	3
7576	1
7577	0
7578	0
7579	1
7580	0
7581	1
7582	0
7583	2
7584	0
7585	1
7586	0
7587	0
7588	1
7589	0
7590	0
7591	0
7592	0
7593	0
7594	1
7595	0
7596	1
7597	0
7598	0
7599	0
7600	0
7601	0
7602	0
7603	0
7604	0
7605	0
7606	0
7607	1
7608	1
7609	1
7610	0
7611	1
7612	0
7613	0
7614	2
7615	1
7616	1
7617	0
7618	1
7619	1
7620	2
7621	0
7622	1
7623	1
7624	1
7625	0
7626	0
7627	1
7628	0
7629	1
7630	0
7631	1
7632	0
7633	0
7634	1
7635	0
7636	1
7637	0
7638	0
7639	0
7640	2
7641	0
7642	1
7643	0
7644	0
7645	0
7646	0
7647	0
7648	0
7649	1
7650	0
7651	2
7652	0
7653	1
7654	0
7655	0
7656	0
7657	1
7658	1
7659	0
7660	1
7661	0
7662	1
7663	1
7664	1
7665	0
7666	0
7667	0
7668	0
7669	1
7670	0
7671	0
7672	1
7673	3
7674	1
7675	0
7676	0
7677	1
7678	1
7679	0
7680	0
7681	0
7682	1
7683	0
7684	0
7685	2
7686	0
7687	0
7688	1
7689	0
7690	0
7691	0
7692	0
7693	1
7694	0
7695	1
7696	0
7697	1
7698	0
7699	1
7700	1
7701	1
7702	2
7703	0
7704	0
7705	2
7706	0
7707	0
7708	0
7709	0
7710	0
7711	0
7712	0
7713	0
7714	1
7715	1
7716	2
7717	1
7718	0
7719	1
7720	0
7721	2
7722	0
7723	0
7724	0
7725	1
7726	2
7727	0
7728	1
7729	0
7730	0
7731	0
7732	1
7733	1
7734	1
7735	1
7736	0
7737	0
7738	0
7739	1
7740	0
7741	0
7742	0
7743	1
7744	1
7745	1
7746	1
7747	0
7748	0
7749	1
7750	1
7751	1
7752	0
7753	0
7754	1
7755	1
7756	0
7757	0
7758	0
7759	0
7760	2
7761	0
7762	0
7763	1
7764	0
7765	0
7766	0
7767	1
7768	1
7769	2
7770	1
7771	0
7772	0
7773	0
7774	0
7775	2
7776	1
7777	1
7778	1
7779	1
7780	2
7781	1
7782	1
7783	2
7784	1
7785	0
7786	1
7787	0
7788	0
7789	1
7790	0
7791	0
7792	1
7793	3
7794	0
7795	2
7796	0
7797	0
7798	1
7799	1
7800	2
7801	0
7802	0
7803	0
7804	2
7805	2
7806	1
7807	0
7808	1
7809	1
7810	1
7811	0
7812	0
7813	0
7814	0
7815	1
7816	0
7817	0
7818	1
7819	1
7820	0
7821	0
7822	0
7823	3
7824	0
7825	0
7826	0
7827	1
7828	0
7829	0
7830	1
7831	0
7832	0
7833	1
7834	0
7835	0
7836	1
7837	0
7838	1
7839	0
7840	0
7841	0
7842	1
7843	0
7844	0
7845	0
7846	1
7847	0
7848	1
7849	0
7850	1
7851	0
7852	2
7853	0
7854	1
7855	0
7856	1
7857	2
7858	1
7859	2
7860	0
7861	1
7862	1
7863	1
7864	1
7865	0
7866	0
7867	0
7868	0
7869	1
7870	0
7871	0
7872	0
7873	1
7874	0
7875	0
7876	0
7877	0
7878	1
7879	0
7880	1
7881	0
7882	1
7883	0
7884	0
7885	0
7886	0
7887	2
7888	1
7889	0
7890	0
7891	1
7892	0
7893	0
7894	3
7895	2
7896	0
7897	0
7898	0
7899	0
7900	0
7901	1
7902	0
7903	0
7904	1
7905	0
7906	1
7907	1
7908	0
7909	1
7910	1
7911	0
7912	0
7913	1
7914	1
7915	0
7916	0
7917	0
7918	0
7919	0
7920	1
7921	0
7922	0
7923	0
7924	0
7925	1
7926	0
7927	0
7928	1
7929	0
7930	0
7931	0
7932	0
7933	0
7934	0
7935	0
7936	0
7937	0
7938	0
7939	0
7940	0
7941	0
7942	2
7943	0
7944	0
7945	2
7946	1
7947	0
7948	0
7949	0
7950	1
7951	0
7952	2
7953	1
7954	2
7955	0
7956	1
7957	0
7958	0
7959	0
7960	1
7961	1
7962	0
7963	0
7964	0
7965	0
7966	0
7967	0
7968	0
7969	0
7970	2
7971	1
7972	0
7973	1
7974	0
7975	0
7976	0
7977	0
7978	0
7979	0
7980	0
7981	0
7982	0
7983	0
7984	1
7985	0
7986	0
7987	1
7988	0
7989	0
7990	0
7991	1
7992	0
7993	1
7994	0
7995	0
7996	0
7997	0
7998	1
7999	0
8000	1
8001	1
8002	1
8003	1
8004	0
8005	1
8006	1
8007	0
8008	1
8009	0
8010	1
8011	0
8012	1
8013	1
8014	0
8015	0
8016	0
8017	0
8018	0
8019	1
8020	0
8021	0
8022	0
8023	1
8024	0
8025	0
8026	1
8027	1
8028	1
8029	0
8030	0
8031	0
8032	0
8033	1
8034	2
8035	0
8036	0
8037	2
8038	2
8039	1
8040	2
8041	2
8042	0
8043	0
8044	0
8045	2
8046	0
8047	1
8048	1
8049	0
8050	0
8051	0
8052	0
8053	0
8054	0
8055	2
8056	1
8057	0
8058	0
8059	0
8060	0
8061	1
8062	1
8063	1
8064	0
8065	1
8066	0
8067	1
8068	0
8069	1
8070	0
8071	0
8072	0
8073	0
8074	0
8075	1
8076	2
8077	0
8078	1
8079	0
8080	2
8081	0
8082	0
8083	0
8084	0
8085	0
8086	0
8087	0
8088	0
8089	0
8090	0
8091	0
8092	0
8093	0
8094	0
8095	0
8096	0
8097	0
8098	0
8099	0
8100	0
8101	0
8102	0
8103	0
8104	0
8105	0
8106	0
8107	0
8108	0
8109	0
8110	0
8111	0
8112	0
8113	0
8114	0
8115	0
8116	0
8117	0
8118	0
8119	0
8120	0
8121	0
8122	0
8123	0
8124	0
8125	0
8126	0
8127	0
8128	0
8129	0
8130	0
8131	0
8132	0
8133	0
8134	0
8135	0
8136	0
8137	0
8138	0
8139	0
8140	0
8141	0
8142	0
8143	0
8144	0
8145	0
8146	0
8147	0
8148	0
8149	0
8150	0
8151	0
8152	0
8153	0
8154	0
8155	0
8156	0
8157	0
8158	0
8159	0
8160	0
8161	0
8162	0
8163	0
8164	0
8165	0
8166	0
8167	0
8168	0
8169	0
8170	0
8171	0
8172	0
8173	0
8174	0
8175	0
8176	0
8177	0
8178	0
8179	0
8180	0
8181	0
8182	0
8183	0
8184	0
8185	0
8186	0
8187	0
8188	0
8189	0
8190	0
8191	0
