0	0
1	0
2	0
3	0
4	0
5	0
6	0
7	0
8	0
9	0
10	0
11	0
12	0
13	0
14	0
15	0
16	0
17	0
18	0
19	0
20	0
21	0
22	0
23	0
24	0
25	0
26	0
27	0
28	0
29	0
30	0
31	0
32	0
33	0
34	0
35	0
36	0
37	1
38	0
39	0
40	0
41	0
42	0
43	0
44	0
45	0
46	0
47	0
48	0
49	0
50	0
51	0
52	0
53	0
54	0
55	0
56	1
57	0
58	0
59	0
60	0
61	0
62	0
63	0
64	0
65	0
66	0
67	0
68	0
69	0
70	0
71	0
72	0
73	0
74	0
75	0
76	0
77	0
78	0
79	0
80	0
81	0
82	0
83	0
84	2
85	1
86	8
87	13
88	15
89	14
90	13
91	12
92	9
93	11
94	10
95	11
96	7
97	15
98	13
99	16
100	14
101	8
102	13
103	4
104	10
105	6
106	8
107	14
108	16
109	11
110	10
111	14
112	4
113	9
114	8
115	13
116	10
117	8
118	8
119	9
120	11
121	6
122	9
123	11
124	11
125	10
126	4
127	9
128	11
129	8
130	8
131	8
132	8
133	12
134	12
135	13
136	7
137	11
138	6
139	11
140	10
141	15
142	11
143	9
144	10
145	9
146	12
147	4
148	10
149	9
150	5
151	9
152	7
153	7
154	8
155	8
156	11
157	9
158	9
159	9
160	10
161	8
162	12
163	12
164	7
165	7
166	12
167	4
168	9
169	8
170	12
171	11
172	9
173	12
174	13
175	11
176	9
177	6
178	9
179	13
180	13
181	14
182	15
183	9
184	5
185	4
186	15
187	9
188	17
189	8
190	9
191	10
192	12
193	8
194	5
195	11
196	14
197	10
198	8
199	9
200	5
201	8
202	7
203	5
204	10
205	10
206	8
207	12
208	12
209	7
210	5
211	8
212	13
213	16
214	7
215	12
216	10
217	5
218	8
219	9
220	8
221	6
222	11
223	9
224	12
225	8
226	5
227	9
228	10
229	15
230	6
231	5
232	9
233	9
234	16
235	12
236	6
237	12
238	12
239	7
240	9
241	4
242	8
243	7
244	9
245	9
246	9
247	11
248	6
249	12
250	10
251	7
252	11
253	14
254	16
255	13
256	8
257	12
258	8
259	9
260	9
261	8
262	8
263	8
264	13
265	9
266	17
267	12
268	11
269	10
270	9
271	10
272	9
273	8
274	16
275	11
276	6
277	13
278	11
279	9
280	7
281	6
282	8
283	17
284	13
285	8
286	12
287	9
288	9
289	6
290	11
291	5
292	16
293	11
294	15
295	10
296	14
297	12
298	11
299	8
300	10
301	8
302	9
303	8
304	14
305	7
306	7
307	9
308	10
309	15
310	13
311	10
312	15
313	12
314	8
315	7
316	8
317	10
318	7
319	9
320	8
321	14
322	7
323	17
324	12
325	8
326	7
327	8
328	12
329	13
330	8
331	15
332	13
333	7
334	8
335	9
336	6
337	12
338	7
339	6
340	12
341	13
342	10
343	10
344	8
345	14
346	10
347	8
348	13
349	10
350	17
351	7
352	6
353	9
354	7
355	11
356	4
357	6
358	10
359	12
360	13
361	9
362	10
363	13
364	14
365	16
366	11
367	10
368	8
369	6
370	11
371	11
372	12
373	8
374	13
375	6
376	13
377	15
378	11
379	10
380	18
381	7
382	8
383	12
384	6
385	15
386	11
387	16
388	16
389	8
390	9
391	14
392	10
393	5
394	8
395	9
396	14
397	10
398	11
399	17
400	3
401	11
402	9
403	11
404	10
405	13
406	12
407	6
408	12
409	13
410	17
411	12
412	13
413	11
414	11
415	9
416	15
417	12
418	12
419	12
420	7
421	10
422	2
423	18
424	11
425	12
426	9
427	7
428	9
429	9
430	8
431	12
432	7
433	9
434	5
435	12
436	6
437	6
438	10
439	15
440	8
441	6
442	13
443	11
444	8
445	12
446	15
447	15
448	12
449	7
450	7
451	6
452	8
453	10
454	9
455	9
456	13
457	9
458	19
459	11
460	9
461	9
462	8
463	9
464	15
465	12
466	8
467	11
468	4
469	12
470	19
471	14
472	23
473	12
474	6
475	4
476	16
477	15
478	7
479	9
480	12
481	9
482	9
483	7
484	15
485	4
486	18
487	11
488	6
489	11
490	5
491	8
492	8
493	16
494	14
495	11
496	12
497	16
498	9
499	6
500	19
501	8
502	8
503	16
504	15
505	17
506	12
507	8
508	9
509	12
510	8
511	9
512	9
513	11
514	5
515	5
516	8
517	15
518	9
519	14
520	14
521	9
522	10
523	5
524	13
525	16
526	8
527	8
528	5
529	13
530	13
531	9
532	14
533	11
534	16
535	8
536	7
537	16
538	11
539	9
540	15
541	11
542	12
543	3
544	10
545	16
546	12
547	18
548	15
549	10
550	10
551	16
552	9
553	17
554	16
555	14
556	10
557	17
558	11
559	13
560	11
561	16
562	8
563	10
564	13
565	10
566	8
567	14
568	12
569	8
570	12
571	16
572	10
573	17
574	11
575	11
576	8
577	9
578	12
579	7
580	8
581	7
582	8
583	11
584	14
585	13
586	7
587	11
588	12
589	12
590	15
591	18
592	16
593	13
594	4
595	6
596	16
597	13
598	9
599	12
600	12
601	12
602	8
603	16
604	10
605	10
606	15
607	11
608	12
609	12
610	13
611	11
612	18
613	6
614	15
615	8
616	11
617	17
618	9
619	8
620	8
621	12
622	14
623	16
624	10
625	17
626	21
627	12
628	10
629	8
630	10
631	15
632	6
633	19
634	10
635	14
636	15
637	12
638	11
639	10
640	13
641	13
642	8
643	8
644	12
645	9
646	16
647	9
648	13
649	10
650	15
651	12
652	5
653	11
654	11
655	11
656	9
657	7
658	15
659	18
660	21
661	11
662	12
663	15
664	9
665	8
666	8
667	7
668	11
669	13
670	10
671	10
672	11
673	18
674	12
675	9
676	19
677	9
678	17
679	22
680	9
681	15
682	18
683	6
684	12
685	14
686	11
687	17
688	13
689	8
690	10
691	15
692	17
693	10
694	12
695	10
696	11
697	14
698	12
699	16
700	13
701	16
702	11
703	14
704	14
705	16
706	12
707	12
708	8
709	16
710	17
711	13
712	16
713	14
714	19
715	11
716	12
717	10
718	19
719	19
720	17
721	9
722	6
723	15
724	10
725	10
726	15
727	16
728	12
729	18
730	11
731	20
732	19
733	14
734	14
735	16
736	9
737	15
738	11
739	6
740	16
741	6
742	14
743	10
744	15
745	14
746	13
747	15
748	14
749	13
750	15
751	7
752	11
753	16
754	19
755	10
756	13
757	15
758	25
759	15
760	13
761	11
762	15
763	16
764	20
765	13
766	14
767	15
768	20
769	17
770	17
771	21
772	8
773	14
774	15
775	16
776	16
777	26
778	25
779	16
780	19
781	20
782	12
783	14
784	24
785	19
786	18
787	23
788	14
789	16
790	26
791	18
792	15
793	17
794	20
795	23
796	20
797	19
798	20
799	23
800	20
801	25
802	23
803	22
804	19
805	15
806	23
807	26
808	20
809	29
810	16
811	21
812	25
813	29
814	16
815	21
816	21
817	11
818	21
819	16
820	20
821	22
822	14
823	21
824	31
825	16
826	22
827	19
828	22
829	26
830	24
831	19
832	22
833	24
834	21
835	14
836	17
837	17
838	26
839	28
840	21
841	25
842	17
843	20
844	13
845	22
846	23
847	27
848	14
849	25
850	22
851	17
852	12
853	19
854	30
855	17
856	16
857	27
858	13
859	19
860	18
861	15
862	27
863	22
864	13
865	21
866	19
867	21
868	25
869	20
870	26
871	17
872	28
873	17
874	14
875	25
876	19
877	19
878	19
879	16
880	10
881	15
882	14
883	14
884	11
885	26
886	20
887	21
888	16
889	21
890	22
891	18
892	15
893	19
894	33
895	17
896	25
897	14
898	19
899	14
900	18
901	28
902	15
903	16
904	15
905	18
906	21
907	16
908	22
909	15
910	17
911	19
912	23
913	17
914	25
915	25
916	19
917	14
918	17
919	20
920	20
921	16
922	18
923	26
924	15
925	19
926	17
927	19
928	19
929	14
930	30
931	18
932	12
933	15
934	16
935	13
936	12
937	21
938	22
939	24
940	21
941	18
942	16
943	12
944	14
945	16
946	16
947	16
948	17
949	15
950	14
951	17
952	12
953	18
954	22
955	8
956	16
957	20
958	23
959	11
960	19
961	14
962	19
963	20
964	21
965	19
966	19
967	13
968	18
969	13
970	18
971	10
972	23
973	15
974	21
975	11
976	18
977	15
978	14
979	18
980	14
981	22
982	18
983	15
984	11
985	18
986	17
987	10
988	23
989	14
990	19
991	12
992	25
993	16
994	19
995	9
996	23
997	10
998	11
999	13
1000	20
1001	13
1002	16
1003	14
1004	19
1005	11
1006	7
1007	15
1008	13
1009	8
1010	15
1011	18
1012	21
1013	11
1014	12
1015	17
1016	13
1017	21
1018	13
1019	10
1020	15
1021	12
1022	8
1023	11
1024	11
1025	11
1026	11
1027	16
1028	25
1029	19
1030	15
1031	10
1032	15
1033	18
1034	15
1035	19
1036	10
1037	14
1038	14
1039	16
1040	22
1041	14
1042	16
1043	6
1044	18
1045	11
1046	19
1047	13
1048	12
1049	14
1050	10
1051	11
1052	6
1053	18
1054	20
1055	14
1056	18
1057	17
1058	16
1059	17
1060	13
1061	14
1062	23
1063	12
1064	16
1065	10
1066	9
1067	14
1068	17
1069	13
1070	11
1071	12
1072	19
1073	12
1074	14
1075	18
1076	21
1077	11
1078	11
1079	16
1080	13
1081	13
1082	24
1083	14
1084	15
1085	25
1086	14
1087	19
1088	17
1089	13
1090	13
1091	19
1092	16
1093	19
1094	11
1095	15
1096	16
1097	13
1098	23
1099	14
1100	15
1101	15
1102	17
1103	17
1104	16
1105	17
1106	20
1107	15
1108	14
1109	16
1110	14
1111	15
1112	16
1113	17
1114	10
1115	15
1116	17
1117	17
1118	16
1119	7
1120	14
1121	15
1122	25
1123	14
1124	20
1125	15
1126	20
1127	21
1128	12
1129	21
1130	17
1131	20
1132	14
1133	17
1134	12
1135	18
1136	14
1137	19
1138	15
1139	20
1140	15
1141	21
1142	9
1143	12
1144	8
1145	22
1146	18
1147	14
1148	21
1149	13
1150	23
1151	16
1152	13
1153	13
1154	15
1155	17
1156	18
1157	14
1158	22
1159	25
1160	19
1161	16
1162	7
1163	21
1164	22
1165	14
1166	23
1167	14
1168	16
1169	11
1170	13
1171	16
1172	18
1173	18
1174	16
1175	20
1176	14
1177	11
1178	23
1179	27
1180	19
1181	16
1182	20
1183	20
1184	19
1185	9
1186	20
1187	20
1188	15
1189	13
1190	17
1191	16
1192	15
1193	17
1194	18
1195	16
1196	19
1197	19
1198	15
1199	26
1200	16
1201	15
1202	22
1203	22
1204	21
1205	18
1206	13
1207	24
1208	12
1209	19
1210	16
1211	12
1212	16
1213	21
1214	22
1215	15
1216	21
1217	22
1218	25
1219	15
1220	18
1221	21
1222	13
1223	26
1224	18
1225	21
1226	26
1227	17
1228	18
1229	16
1230	16
1231	20
1232	16
1233	24
1234	24
1235	14
1236	20
1237	20
1238	7
1239	20
1240	20
1241	14
1242	13
1243	19
1244	22
1245	16
1246	19
1247	15
1248	22
1249	19
1250	24
1251	19
1252	22
1253	18
1254	20
1255	13
1256	18
1257	22
1258	18
1259	16
1260	27
1261	17
1262	23
1263	18
1264	22
1265	20
1266	21
1267	20
1268	25
1269	21
1270	19
1271	26
1272	21
1273	25
1274	25
1275	26
1276	11
1277	16
1278	21
1279	20
1280	20
1281	18
1282	24
1283	21
1284	14
1285	24
1286	22
1287	27
1288	21
1289	23
1290	24
1291	17
1292	27
1293	19
1294	18
1295	22
1296	19
1297	17
1298	19
1299	17
1300	18
1301	18
1302	17
1303	29
1304	26
1305	16
1306	22
1307	19
1308	23
1309	20
1310	21
1311	7
1312	18
1313	23
1314	19
1315	20
1316	22
1317	25
1318	19
1319	22
1320	14
1321	22
1322	22
1323	20
1324	21
1325	28
1326	28
1327	13
1328	16
1329	19
1330	20
1331	15
1332	19
1333	16
1334	22
1335	26
1336	17
1337	15
1338	28
1339	23
1340	24
1341	20
1342	19
1343	22
1344	19
1345	13
1346	22
1347	21
1348	21
1349	15
1350	27
1351	14
1352	11
1353	13
1354	21
1355	12
1356	26
1357	17
1358	22
1359	20
1360	17
1361	22
1362	27
1363	31
1364	25
1365	21
1366	21
1367	18
1368	20
1369	24
1370	24
1371	25
1372	14
1373	23
1374	21
1375	20
1376	21
1377	19
1378	17
1379	23
1380	24
1381	16
1382	30
1383	22
1384	25
1385	27
1386	21
1387	27
1388	14
1389	26
1390	28
1391	23
1392	25
1393	25
1394	24
1395	18
1396	11
1397	22
1398	21
1399	17
1400	19
1401	26
1402	14
1403	29
1404	25
1405	22
1406	23
1407	17
1408	21
1409	16
1410	23
1411	19
1412	16
1413	18
1414	25
1415	26
1416	20
1417	20
1418	22
1419	23
1420	27
1421	14
1422	20
1423	13
1424	25
1425	22
1426	25
1427	18
1428	23
1429	17
1430	21
1431	21
1432	18
1433	19
1434	22
1435	19
1436	21
1437	18
1438	27
1439	25
1440	26
1441	27
1442	19
1443	18
1444	21
1445	17
1446	24
1447	22
1448	21
1449	24
1450	26
1451	15
1452	17
1453	21
1454	15
1455	24
1456	24
1457	19
1458	13
1459	28
1460	26
1461	18
1462	17
1463	22
1464	20
1465	22
1466	29
1467	16
1468	32
1469	29
1470	26
1471	29
1472	24
1473	27
1474	19
1475	21
1476	19
1477	19
1478	25
1479	27
1480	22
1481	23
1482	16
1483	19
1484	24
1485	25
1486	17
1487	34
1488	19
1489	21
1490	25
1491	24
1492	17
1493	20
1494	30
1495	17
1496	24
1497	23
1498	17
1499	19
1500	17
1501	27
1502	24
1503	17
1504	22
1505	19
1506	23
1507	29
1508	19
1509	24
1510	25
1511	24
1512	26
1513	24
1514	30
1515	19
1516	25
1517	25
1518	27
1519	23
1520	21
1521	24
1522	25
1523	29
1524	21
1525	26
1526	20
1527	21
1528	20
1529	27
1530	30
1531	20
1532	28
1533	26
1534	28
1535	25
1536	17
1537	18
1538	21
1539	19
1540	29
1541	18
1542	30
1543	29
1544	18
1545	14
1546	27
1547	37
1548	16
1549	20
1550	24
1551	30
1552	26
1553	23
1554	16
1555	33
1556	18
1557	31
1558	23
1559	21
1560	23
1561	20
1562	18
1563	18
1564	18
1565	20
1566	29
1567	21
1568	22
1569	18
1570	17
1571	22
1572	21
1573	22
1574	25
1575	19
1576	27
1577	29
1578	22
1579	20
1580	18
1581	25
1582	15
1583	23
1584	21
1585	18
1586	16
1587	13
1588	18
1589	30
1590	24
1591	30
1592	18
1593	12
1594	28
1595	20
1596	22
1597	23
1598	19
1599	28
1600	23
1601	20
1602	17
1603	18
1604	16
1605	19
1606	29
1607	16
1608	30
1609	21
1610	27
1611	20
1612	26
1613	29
1614	25
1615	27
1616	20
1617	25
1618	19
1619	22
1620	16
1621	25
1622	32
1623	21
1624	25
1625	24
1626	17
1627	22
1628	21
1629	23
1630	21
1631	23
1632	21
1633	13
1634	9
1635	24
1636	21
1637	19
1638	20
1639	27
1640	25
1641	27
1642	31
1643	21
1644	24
1645	20
1646	26
1647	20
1648	27
1649	20
1650	25
1651	18
1652	25
1653	25
1654	23
1655	9
1656	24
1657	40
1658	27
1659	21
1660	24
1661	22
1662	26
1663	17
1664	18
1665	28
1666	17
1667	21
1668	23
1669	18
1670	24
1671	27
1672	28
1673	23
1674	19
1675	30
1676	24
1677	22
1678	21
1679	25
1680	24
1681	26
1682	23
1683	15
1684	14
1685	29
1686	24
1687	25
1688	18
1689	19
1690	16
1691	30
1692	31
1693	21
1694	30
1695	26
1696	24
1697	19
1698	28
1699	20
1700	27
1701	22
1702	22
1703	26
1704	21
1705	24
1706	30
1707	25
1708	28
1709	30
1710	24
1711	19
1712	16
1713	28
1714	31
1715	22
1716	24
1717	14
1718	29
1719	19
1720	22
1721	20
1722	13
1723	21
1724	15
1725	17
1726	33
1727	26
1728	22
1729	30
1730	25
1731	24
1732	24
1733	17
1734	31
1735	26
1736	22
1737	31
1738	33
1739	20
1740	19
1741	27
1742	15
1743	21
1744	27
1745	38
1746	20
1747	24
1748	32
1749	15
1750	18
1751	24
1752	19
1753	20
1754	17
1755	21
1756	21
1757	25
1758	31
1759	22
1760	23
1761	27
1762	21
1763	28
1764	20
1765	31
1766	27
1767	23
1768	27
1769	27
1770	26
1771	24
1772	25
1773	28
1774	34
1775	29
1776	23
1777	24
1778	20
1779	21
1780	25
1781	29
1782	25
1783	18
1784	25
1785	25
1786	19
1787	21
1788	20
1789	27
1790	27
1791	27
1792	27
1793	31
1794	25
1795	31
1796	29
1797	24
1798	26
1799	26
1800	35
1801	23
1802	24
1803	21
1804	29
1805	23
1806	17
1807	29
1808	21
1809	26
1810	22
1811	25
1812	23
1813	19
1814	23
1815	33
1816	30
1817	35
1818	33
1819	25
1820	31
1821	23
1822	30
1823	32
1824	24
1825	30
1826	24
1827	25
1828	23
1829	26
1830	29
1831	20
1832	30
1833	30
1834	16
1835	19
1836	22
1837	39
1838	27
1839	22
1840	27
1841	22
1842	28
1843	36
1844	22
1845	28
1846	31
1847	27
1848	31
1849	22
1850	26
1851	22
1852	19
1853	25
1854	29
1855	27
1856	25
1857	29
1858	30
1859	25
1860	29
1861	23
1862	24
1863	19
1864	24
1865	24
1866	32
1867	24
1868	21
1869	24
1870	33
1871	23
1872	27
1873	30
1874	27
1875	31
1876	18
1877	26
1878	31
1879	21
1880	28
1881	35
1882	26
1883	21
1884	18
1885	37
1886	30
1887	33
1888	25
1889	24
1890	23
1891	32
1892	35
1893	22
1894	21
1895	29
1896	35
1897	28
1898	15
1899	28
1900	24
1901	29
1902	26
1903	29
1904	19
1905	19
1906	19
1907	22
1908	19
1909	21
1910	22
1911	22
1912	28
1913	30
1914	21
1915	30
1916	30
1917	21
1918	28
1919	25
1920	18
1921	18
1922	27
1923	28
1924	21
1925	28
1926	30
1927	26
1928	35
1929	29
1930	14
1931	33
1932	23
1933	28
1934	33
1935	22
1936	16
1937	18
1938	24
1939	36
1940	28
1941	28
1942	25
1943	19
1944	29
1945	30
1946	31
1947	27
1948	16
1949	25
1950	36
1951	23
1952	28
1953	26
1954	38
1955	19
1956	21
1957	21
1958	33
1959	28
1960	23
1961	23
1962	19
1963	28
1964	25
1965	35
1966	32
1967	32
1968	14
1969	30
1970	21
1971	30
1972	16
1973	25
1974	25
1975	26
1976	38
1977	18
1978	19
1979	42
1980	39
1981	37
1982	23
1983	31
1984	28
1985	25
1986	21
1987	17
1988	30
1989	23
1990	31
1991	30
1992	24
1993	22
1994	30
1995	28
1996	28
1997	37
1998	24
1999	33
2000	33
2001	22
2002	23
2003	26
2004	35
2005	28
2006	25
2007	31
2008	28
2009	21
2010	22
2011	33
2012	29
2013	27
2014	29
2015	20
2016	22
2017	30
2018	25
2019	24
2020	29
2021	20
2022	26
2023	27
2024	23
2025	18
2026	25
2027	24
2028	25
2029	26
2030	31
2031	30
2032	26
2033	15
2034	29
2035	32
2036	31
2037	31
2038	22
2039	24
2040	34
2041	27
2042	27
2043	27
2044	21
2045	29
2046	19
2047	21
2048	21
2049	31
2050	20
2051	30
2052	33
2053	27
2054	28
2055	20
2056	27
2057	30
2058	27
2059	19
2060	28
2061	19
2062	24
2063	24
2064	33
2065	26
2066	41
2067	20
2068	40
2069	29
2070	22
2071	26
2072	24
2073	23
2074	24
2075	20
2076	22
2077	30
2078	29
2079	36
2080	22
2081	25
2082	24
2083	19
2084	18
2085	23
2086	19
2087	30
2088	26
2089	26
2090	27
2091	24
2092	31
2093	40
2094	19
2095	36
2096	32
2097	35
2098	26
2099	30
2100	21
2101	23
2102	30
2103	23
2104	21
2105	24
2106	26
2107	26
2108	28
2109	22
2110	24
2111	21
2112	20
2113	28
2114	18
2115	28
2116	27
2117	26
2118	26
2119	19
2120	25
2121	26
2122	28
2123	34
2124	33
2125	21
2126	25
2127	29
2128	32
2129	28
2130	28
2131	18
2132	31
2133	22
2134	26
2135	33
2136	28
2137	29
2138	19
2139	21
2140	31
2141	24
2142	34
2143	28
2144	30
2145	28
2146	35
2147	23
2148	20
2149	28
2150	23
2151	21
2152	15
2153	24
2154	20
2155	23
2156	23
2157	30
2158	40
2159	29
2160	31
2161	28
2162	22
2163	22
2164	25
2165	34
2166	21
2167	28
2168	23
2169	15
2170	25
2171	29
2172	30
2173	25
2174	26
2175	26
2176	31
2177	30
2178	23
2179	23
2180	26
2181	20
2182	28
2183	30
2184	18
2185	28
2186	30
2187	26
2188	25
2189	25
2190	25
2191	26
2192	20
2193	20
2194	35
2195	20
2196	27
2197	18
2198	25
2199	33
2200	26
2201	24
2202	24
2203	21
2204	28
2205	30
2206	25
2207	28
2208	27
2209	25
2210	19
2211	24
2212	21
2213	21
2214	28
2215	18
2216	27
2217	23
2218	17
2219	18
2220	16
2221	20
2222	25
2223	25
2224	22
2225	22
2226	34
2227	22
2228	33
2229	35
2230	28
2231	26
2232	23
2233	23
2234	27
2235	23
2236	27
2237	29
2238	23
2239	22
2240	30
2241	27
2242	37
2243	23
2244	28
2245	27
2246	28
2247	31
2248	25
2249	24
2250	28
2251	24
2252	22
2253	12
2254	36
2255	16
2256	19
2257	24
2258	25
2259	25
2260	28
2261	23
2262	25
2263	19
2264	20
2265	26
2266	27
2267	25
2268	24
2269	33
2270	33
2271	24
2272	26
2273	18
2274	30
2275	30
2276	25
2277	23
2278	11
2279	22
2280	27
2281	21
2282	25
2283	25
2284	29
2285	15
2286	16
2287	14
2288	27
2289	29
2290	26
2291	26
2292	23
2293	25
2294	29
2295	24
2296	22
2297	21
2298	33
2299	27
2300	23
2301	21
2302	20
2303	17
2304	20
2305	19
2306	26
2307	29
2308	21
2309	23
2310	20
2311	17
2312	18
2313	18
2314	21
2315	15
2316	23
2317	26
2318	34
2319	25
2320	26
2321	19
2322	34
2323	27
2324	30
2325	25
2326	22
2327	23
2328	27
2329	18
2330	25
2331	29
2332	23
2333	23
2334	20
2335	16
2336	33
2337	29
2338	27
2339	16
2340	24
2341	21
2342	25
2343	25
2344	22
2345	20
2346	14
2347	21
2348	17
2349	22
2350	18
2351	21
2352	22
2353	24
2354	25
2355	26
2356	30
2357	19
2358	23
2359	24
2360	30
2361	16
2362	25
2363	21
2364	25
2365	19
2366	23
2367	21
2368	25
2369	20
2370	21
2371	18
2372	21
2373	21
2374	14
2375	25
2376	22
2377	25
2378	27
2379	24
2380	22
2381	11
2382	22
2383	19
2384	26
2385	19
2386	29
2387	17
2388	17
2389	24
2390	18
2391	22
2392	22
2393	20
2394	17
2395	22
2396	15
2397	26
2398	27
2399	23
2400	27
2401	33
2402	25
2403	21
2404	20
2405	21
2406	19
2407	20
2408	25
2409	22
2410	24
2411	28
2412	16
2413	25
2414	16
2415	22
2416	30
2417	19
2418	22
2419	23
2420	23
2421	19
2422	23
2423	20
2424	23
2425	36
2426	21
2427	23
2428	23
2429	26
2430	29
2431	20
2432	19
2433	16
2434	16
2435	14
2436	21
2437	19
2438	29
2439	28
2440	24
2441	23
2442	20
2443	23
2444	23
2445	23
2446	29
2447	22
2448	24
2449	29
2450	18
2451	15
2452	31
2453	21
2454	23
2455	25
2456	23
2457	21
2458	19
2459	23
2460	22
2461	24
2462	19
2463	25
2464	16
2465	26
2466	25
2467	27
2468	23
2469	23
2470	19
2471	15
2472	24
2473	26
2474	20
2475	12
2476	20
2477	26
2478	32
2479	21
2480	32
2481	23
2482	21
2483	13
2484	21
2485	20
2486	17
2487	27
2488	29
2489	23
2490	17
2491	17
2492	24
2493	20
2494	25
2495	25
2496	19
2497	24
2498	22
2499	20
2500	12
2501	18
2502	19
2503	26
2504	14
2505	24
2506	23
2507	26
2508	20
2509	23
2510	18
2511	23
2512	20
2513	18
2514	19
2515	21
2516	21
2517	22
2518	26
2519	21
2520	23
2521	26
2522	26
2523	22
2524	25
2525	18
2526	33
2527	22
2528	24
2529	18
2530	25
2531	19
2532	16
2533	23
2534	19
2535	30
2536	20
2537	25
2538	33
2539	24
2540	27
2541	22
2542	28
2543	24
2544	28
2545	22
2546	31
2547	25
2548	19
2549	17
2550	27
2551	23
2552	32
2553	23
2554	27
2555	32
2556	29
2557	29
2558	28
2559	26
2560	22
2561	26
2562	26
2563	22
2564	25
2565	25
2566	24
2567	36
2568	29
2569	28
2570	18
2571	19
2572	24
2573	25
2574	29
2575	26
2576	23
2577	20
2578	18
2579	29
2580	24
2581	25
2582	35
2583	22
2584	25
2585	20
2586	23
2587	30
2588	28
2589	25
2590	28
2591	28
2592	31
2593	20
2594	21
2595	33
2596	21
2597	27
2598	31
2599	26
2600	21
2601	20
2602	20
2603	33
2604	25
2605	24
2606	18
2607	30
2608	32
2609	27
2610	21
2611	16
2612	27
2613	23
2614	30
2615	33
2616	37
2617	26
2618	21
2619	26
2620	30
2621	27
2622	28
2623	23
2624	19
2625	31
2626	43
2627	31
2628	23
2629	25
2630	24
2631	33
2632	25
2633	31
2634	20
2635	25
2636	24
2637	27
2638	22
2639	24
2640	35
2641	26
2642	17
2643	31
2644	20
2645	31
2646	31
2647	31
2648	21
2649	21
2650	33
2651	24
2652	23
2653	25
2654	19
2655	33
2656	32
2657	30
2658	25
2659	26
2660	31
2661	22
2662	42
2663	32
2664	24
2665	33
2666	32
2667	38
2668	20
2669	31
2670	23
2671	31
2672	46
2673	28
2674	32
2675	27
2676	24
2677	34
2678	25
2679	39
2680	39
2681	34
2682	22
2683	23
2684	22
2685	22
2686	32
2687	24
2688	32
2689	26
2690	33
2691	19
2692	26
2693	29
2694	37
2695	24
2696	33
2697	36
2698	24
2699	36
2700	26
2701	43
2702	24
2703	32
2704	24
2705	37
2706	31
2707	29
2708	13
2709	34
2710	37
2711	31
2712	31
2713	28
2714	30
2715	29
2716	31
2717	27
2718	40
2719	20
2720	36
2721	34
2722	30
2723	27
2724	39
2725	30
2726	27
2727	31
2728	27
2729	34
2730	29
2731	20
2732	24
2733	38
2734	31
2735	21
2736	29
2737	44
2738	44
2739	37
2740	34
2741	40
2742	38
2743	27
2744	29
2745	33
2746	18
2747	34
2748	34
2749	27
2750	34
2751	28
2752	43
2753	24
2754	30
2755	37
2756	33
2757	34
2758	25
2759	21
2760	27
2761	22
2762	26
2763	29
2764	34
2765	31
2766	28
2767	35
2768	32
2769	27
2770	31
2771	29
2772	27
2773	30
2774	38
2775	24
2776	31
2777	29
2778	21
2779	24
2780	32
2781	32
2782	33
2783	16
2784	29
2785	35
2786	30
2787	33
2788	32
2789	40
2790	29
2791	35
2792	33
2793	28
2794	23
2795	18
2796	30
2797	25
2798	33
2799	30
2800	24
2801	33
2802	29
2803	25
2804	33
2805	24
2806	25
2807	29
2808	31
2809	44
2810	25
2811	29
2812	32
2813	39
2814	35
2815	29
2816	31
2817	36
2818	42
2819	37
2820	32
2821	26
2822	24
2823	37
2824	35
2825	22
2826	29
2827	38
2828	46
2829	34
2830	35
2831	30
2832	35
2833	35
2834	27
2835	42
2836	30
2837	41
2838	24
2839	28
2840	30
2841	29
2842	24
2843	36
2844	31
2845	29
2846	29
2847	27
2848	33
2849	26
2850	25
2851	22
2852	31
2853	29
2854	35
2855	30
2856	36
2857	36
2858	42
2859	31
2860	30
2861	26
2862	25
2863	38
2864	30
2865	26
2866	32
2867	29
2868	20
2869	34
2870	29
2871	26
2872	32
2873	19
2874	26
2875	24
2876	37
2877	32
2878	31
2879	27
2880	31
2881	39
2882	23
2883	30
2884	30
2885	35
2886	32
2887	27
2888	35
2889	29
2890	24
2891	24
2892	27
2893	29
2894	28
2895	35
2896	18
2897	44
2898	19
2899	23
2900	31
2901	17
2902	23
2903	25
2904	37
2905	29
2906	26
2907	26
2908	28
2909	30
2910	34
2911	23
2912	27
2913	20
2914	29
2915	33
2916	29
2917	24
2918	30
2919	27
2920	29
2921	29
2922	27
2923	29
2924	31
2925	20
2926	31
2927	32
2928	27
2929	33
2930	19
2931	28
2932	29
2933	28
2934	34
2935	19
2936	22
2937	20
2938	28
2939	23
2940	28
2941	32
2942	22
2943	25
2944	27
2945	27
2946	23
2947	25
2948	12
2949	25
2950	19
2951	33
2952	25
2953	22
2954	19
2955	30
2956	27
2957	16
2958	22
2959	26
2960	38
2961	30
2962	35
2963	25
2964	26
2965	18
2966	22
2967	21
2968	26
2969	25
2970	24
2971	27
2972	19
2973	32
2974	21
2975	18
2976	21
2977	29
2978	23
2979	30
2980	19
2981	19
2982	26
2983	16
2984	20
2985	22
2986	26
2987	22
2988	23
2989	23
2990	27
2991	27
2992	11
2993	26
2994	16
2995	18
2996	26
2997	28
2998	22
2999	16
3000	22
3001	24
3002	20
3003	21
3004	25
3005	35
3006	15
3007	28
3008	23
3009	17
3010	22
3011	21
3012	26
3013	23
3014	23
3015	33
3016	19
3017	30
3018	28
3019	29
3020	28
3021	20
3022	23
3023	19
3024	20
3025	23
3026	27
3027	27
3028	24
3029	26
3030	31
3031	25
3032	23
3033	29
3034	20
3035	15
3036	20
3037	20
3038	21
3039	19
3040	25
3041	20
3042	33
3043	21
3044	15
3045	23
3046	25
3047	17
3048	22
3049	19
3050	22
3051	20
3052	27
3053	22
3054	21
3055	15
3056	16
3057	23
3058	23
3059	16
3060	22
3061	18
3062	25
3063	21
3064	18
3065	15
3066	21
3067	17
3068	18
3069	22
3070	22
3071	18
3072	21
3073	21
3074	16
3075	25
3076	19
3077	18
3078	27
3079	20
3080	12
3081	18
3082	17
3083	18
3084	21
3085	20
3086	18
3087	19
3088	23
3089	12
3090	21
3091	18
3092	22
3093	20
3094	20
3095	16
3096	17
3097	17
3098	10
3099	25
3100	21
3101	22
3102	19
3103	14
3104	12
3105	14
3106	11
3107	23
3108	21
3109	16
3110	11
3111	14
3112	23
3113	14
3114	13
3115	17
3116	12
3117	16
3118	18
3119	20
3120	18
3121	12
3122	23
3123	26
3124	12
3125	14
3126	19
3127	17
3128	24
3129	14
3130	16
3131	14
3132	15
3133	17
3134	21
3135	13
3136	18
3137	13
3138	10
3139	17
3140	11
3141	18
3142	13
3143	13
3144	10
3145	17
3146	17
3147	18
3148	12
3149	13
3150	17
3151	18
3152	11
3153	27
3154	13
3155	18
3156	19
3157	21
3158	20
3159	8
3160	18
3161	12
3162	16
3163	18
3164	15
3165	18
3166	21
3167	15
3168	20
3169	9
3170	22
3171	18
3172	21
3173	23
3174	18
3175	13
3176	18
3177	10
3178	13
3179	12
3180	13
3181	17
3182	9
3183	13
3184	20
3185	10
3186	15
3187	15
3188	18
3189	14
3190	18
3191	15
3192	10
3193	12
3194	19
3195	16
3196	16
3197	9
3198	12
3199	9
3200	10
3201	11
3202	11
3203	12
3204	15
3205	26
3206	12
3207	14
3208	20
3209	16
3210	13
3211	8
3212	14
3213	15
3214	18
3215	13
3216	16
3217	13
3218	16
3219	17
3220	21
3221	8
3222	17
3223	20
3224	12
3225	21
3226	11
3227	16
3228	19
3229	10
3230	13
3231	17
3232	16
3233	20
3234	15
3235	15
3236	22
3237	11
3238	16
3239	12
3240	11
3241	14
3242	18
3243	17
3244	11
3245	19
3246	10
3247	16
3248	12
3249	24
3250	16
3251	11
3252	20
3253	8
3254	23
3255	12
3256	15
3257	11
3258	10
3259	14
3260	11
3261	15
3262	12
3263	15
3264	17
3265	18
3266	15
3267	16
3268	16
3269	12
3270	13
3271	16
3272	15
3273	13
3274	20
3275	15
3276	19
3277	10
3278	16
3279	12
3280	24
3281	20
3282	7
3283	13
3284	11
3285	11
3286	17
3287	18
3288	7
3289	9
3290	20
3291	13
3292	22
3293	18
3294	19
3295	24
3296	17
3297	13
3298	13
3299	16
3300	19
3301	11
3302	11
3303	14
3304	17
3305	18
3306	10
3307	13
3308	12
3309	18
3310	10
3311	14
3312	9
3313	20
3314	5
3315	13
3316	9
3317	12
3318	14
3319	16
3320	12
3321	14
3322	16
3323	14
3324	9
3325	6
3326	16
3327	11
3328	12
3329	14
3330	16
3331	14
3332	17
3333	14
3334	14
3335	14
3336	7
3337	12
3338	8
3339	14
3340	9
3341	7
3342	16
3343	14
3344	16
3345	15
3346	12
3347	13
3348	15
3349	18
3350	16
3351	13
3352	11
3353	16
3354	12
3355	14
3356	10
3357	18
3358	20
3359	14
3360	15
3361	14
3362	11
3363	14
3364	20
3365	14
3366	9
3367	14
3368	7
3369	13
3370	18
3371	14
3372	22
3373	15
3374	18
3375	17
3376	17
3377	16
3378	17
3379	21
3380	11
3381	17
3382	12
3383	22
3384	15
3385	13
3386	14
3387	17
3388	17
3389	17
3390	12
3391	11
3392	13
3393	16
3394	15
3395	18
3396	9
3397	13
3398	15
3399	9
3400	9
3401	6
3402	12
3403	21
3404	16
3405	19
3406	10
3407	10
3408	18
3409	15
3410	11
3411	16
3412	8
3413	12
3414	10
3415	15
3416	19
3417	12
3418	19
3419	15
3420	11
3421	10
3422	14
3423	15
3424	16
3425	19
3426	12
3427	13
3428	16
3429	12
3430	9
3431	9
3432	7
3433	18
3434	12
3435	18
3436	16
3437	9
3438	18
3439	18
3440	14
3441	21
3442	18
3443	15
3444	16
3445	9
3446	14
3447	11
3448	9
3449	14
3450	16
3451	21
3452	10
3453	10
3454	9
3455	12
3456	12
3457	12
3458	12
3459	13
3460	12
3461	15
3462	10
3463	9
3464	10
3465	18
3466	12
3467	12
3468	18
3469	18
3470	13
3471	11
3472	9
3473	9
3474	12
3475	12
3476	9
3477	11
3478	16
3479	13
3480	8
3481	13
3482	14
3483	11
3484	16
3485	12
3486	11
3487	11
3488	13
3489	14
3490	10
3491	13
3492	13
3493	11
3494	16
3495	9
3496	17
3497	16
3498	12
3499	14
3500	9
3501	15
3502	7
3503	9
3504	18
3505	12
3506	12
3507	13
3508	13
3509	12
3510	16
3511	16
3512	15
3513	12
3514	9
3515	10
3516	13
3517	16
3518	9
3519	11
3520	19
3521	16
3522	15
3523	10
3524	18
3525	11
3526	12
3527	15
3528	11
3529	9
3530	16
3531	13
3532	11
3533	14
3534	12
3535	13
3536	13
3537	11
3538	12
3539	11
3540	8
3541	6
3542	17
3543	17
3544	15
3545	8
3546	16
3547	11
3548	12
3549	8
3550	9
3551	12
3552	17
3553	13
3554	14
3555	10
3556	19
3557	17
3558	3
3559	18
3560	11
3561	9
3562	16
3563	12
3564	13
3565	12
3566	15
3567	12
3568	11
3569	9
3570	12
3571	16
3572	7
3573	16
3574	12
3575	15
3576	11
3577	18
3578	13
3579	9
3580	14
3581	15
3582	12
3583	15
3584	8
3585	18
3586	18
3587	12
3588	18
3589	10
3590	17
3591	13
3592	9
3593	15
3594	15
3595	16
3596	12
3597	18
3598	13
3599	14
3600	7
3601	12
3602	11
3603	11
3604	16
3605	10
3606	13
3607	9
3608	18
3609	10
3610	11
3611	16
3612	11
3613	16
3614	7
3615	10
3616	16
3617	15
3618	20
3619	15
3620	14
3621	16
3622	17
3623	14
3624	15
3625	9
3626	17
3627	12
3628	12
3629	12
3630	7
3631	8
3632	17
3633	16
3634	13
3635	10
3636	16
3637	15
3638	9
3639	15
3640	23
3641	16
3642	11
3643	9
3644	8
3645	12
3646	16
3647	9
3648	7
3649	15
3650	14
3651	10
3652	12
3653	9
3654	10
3655	14
3656	9
3657	13
3658	13
3659	8
3660	10
3661	12
3662	10
3663	11
3664	11
3665	13
3666	20
3667	25
3668	10
3669	19
3670	13
3671	11
3672	14
3673	10
3674	12
3675	12
3676	11
3677	19
3678	11
3679	13
3680	12
3681	16
3682	8
3683	16
3684	12
3685	14
3686	14
3687	11
3688	12
3689	21
3690	8
3691	8
3692	11
3693	8
3694	11
3695	6
3696	17
3697	10
3698	12
3699	18
3700	11
3701	16
3702	12
3703	12
3704	10
3705	19
3706	12
3707	14
3708	8
3709	14
3710	13
3711	19
3712	11
3713	10
3714	5
3715	7
3716	15
3717	14
3718	13
3719	13
3720	20
3721	18
3722	13
3723	17
3724	8
3725	10
3726	12
3727	12
3728	9
3729	10
3730	18
3731	7
3732	15
3733	14
3734	9
3735	11
3736	6
3737	9
3738	13
3739	15
3740	15
3741	12
3742	9
3743	16
3744	8
3745	10
3746	14
3747	12
3748	16
3749	11
3750	12
3751	8
3752	11
3753	13
3754	17
3755	11
3756	15
3757	13
3758	12
3759	15
3760	17
3761	17
3762	11
3763	10
3764	13
3765	10
3766	13
3767	12
3768	7
3769	12
3770	6
3771	13
3772	8
3773	13
3774	7
3775	15
3776	14
3777	16
3778	12
3779	10
3780	13
3781	15
3782	13
3783	10
3784	13
3785	16
3786	15
3787	12
3788	11
3789	15
3790	12
3791	16
3792	8
3793	14
3794	13
3795	15
3796	15
3797	13
3798	10
3799	11
3800	10
3801	15
3802	12
3803	17
3804	17
3805	10
3806	7
3807	10
3808	10
3809	12
3810	9
3811	11
3812	11
3813	7
3814	10
3815	13
3816	14
3817	13
3818	9
3819	10
3820	14
3821	16
3822	15
3823	8
3824	10
3825	20
3826	13
3827	12
3828	8
3829	11
3830	10
3831	12
3832	14
3833	15
3834	11
3835	4
3836	10
3837	13
3838	22
3839	8
3840	11
3841	16
3842	16
3843	15
3844	12
3845	12
3846	8
3847	12
3848	14
3849	7
3850	7
3851	13
3852	13
3853	18
3854	9
3855	14
3856	8
3857	15
3858	20
3859	10
3860	11
3861	17
3862	17
3863	11
3864	17
3865	14
3866	9
3867	13
3868	9
3869	17
3870	8
3871	11
3872	17
3873	12
3874	19
3875	9
3876	11
3877	10
3878	8
3879	11
3880	16
3881	8
3882	11
3883	10
3884	20
3885	14
3886	13
3887	10
3888	13
3889	11
3890	17
3891	12
3892	10
3893	11
3894	17
3895	10
3896	6
3897	15
3898	12
3899	15
3900	6
3901	15
3902	10
3903	8
3904	14
3905	14
3906	16
3907	8
3908	13
3909	14
3910	12
3911	6
3912	14
3913	12
3914	9
3915	16
3916	18
3917	16
3918	12
3919	9
3920	11
3921	17
3922	3
3923	15
3924	6
3925	8
3926	12
3927	7
3928	18
3929	10
3930	4
3931	13
3932	9
3933	13
3934	11
3935	9
3936	15
3937	13
3938	5
3939	4
3940	11
3941	13
3942	16
3943	4
3944	10
3945	12
3946	11
3947	14
3948	7
3949	12
3950	9
3951	8
3952	9
3953	15
3954	11
3955	14
3956	10
3957	13
3958	17
3959	13
3960	12
3961	13
3962	11
3963	12
3964	11
3965	10
3966	17
3967	10
3968	8
3969	17
3970	8
3971	7
3972	16
3973	5
3974	18
3975	16
3976	16
3977	12
3978	11
3979	14
3980	10
3981	9
3982	15
3983	9
3984	8
3985	10
3986	7
3987	5
3988	14
3989	10
3990	11
3991	12
3992	12
3993	12
3994	13
3995	13
3996	13
3997	18
3998	10
3999	12
4000	10
4001	8
4002	10
4003	14
4004	19
4005	11
4006	13
4007	11
4008	10
4009	15
4010	17
4011	12
4012	11
4013	13
4014	11
4015	4
4016	13
4017	8
4018	10
4019	10
4020	20
4021	18
4022	10
4023	9
4024	11
4025	7
4026	11
4027	15
4028	9
4029	7
4030	15
4031	12
4032	13
4033	9
4034	13
4035	19
4036	14
4037	7
4038	10
4039	16
4040	14
4041	11
4042	17
4043	15
4044	18
4045	11
4046	6
4047	10
4048	11
4049	11
4050	16
4051	5
4052	9
4053	17
4054	11
4055	12
4056	8
4057	12
4058	13
4059	14
4060	15
4061	10
4062	6
4063	10
4064	8
4065	8
4066	9
4067	8
4068	7
4069	12
4070	6
4071	9
4072	15
4073	11
4074	15
4075	11
4076	14
4077	8
4078	11
4079	11
4080	8
4081	8
4082	6
4083	5
4084	9
4085	7
4086	9
4087	12
4088	19
4089	10
4090	8
4091	9
4092	7
4093	17
4094	9
4095	9
4096	8
4097	18
4098	11
4099	6
4100	9
4101	12
4102	6
4103	10
4104	10
4105	12
4106	9
4107	11
4108	11
4109	7
4110	11
4111	7
4112	15
4113	8
4114	7
4115	11
4116	12
4117	20
4118	11
4119	7
4120	16
4121	8
4122	10
4123	14
4124	14
4125	12
4126	10
4127	9
4128	12
4129	11
4130	10
4131	11
4132	10
4133	7
4134	5
4135	18
4136	13
4137	11
4138	9
4139	10
4140	8
4141	12
4142	14
4143	10
4144	15
4145	13
4146	12
4147	12
4148	13
4149	12
4150	11
4151	16
4152	7
4153	10
4154	11
4155	12
4156	22
4157	9
4158	11
4159	6
4160	7
4161	6
4162	10
4163	10
4164	17
4165	14
4166	16
4167	9
4168	10
4169	10
4170	16
4171	4
4172	9
4173	13
4174	8
4175	11
4176	12
4177	14
4178	8
4179	8
4180	12
4181	9
4182	10
4183	9
4184	14
4185	12
4186	11
4187	10
4188	11
4189	15
4190	15
4191	9
4192	10
4193	12
4194	11
4195	12
4196	11
4197	11
4198	12
4199	15
4200	16
4201	6
4202	12
4203	11
4204	13
4205	9
4206	13
4207	9
4208	12
4209	15
4210	12
4211	9
4212	13
4213	12
4214	14
4215	16
4216	13
4217	9
4218	9
4219	11
4220	12
4221	11
4222	5
4223	14
4224	10
4225	9
4226	15
4227	10
4228	8
4229	23
4230	14
4231	11
4232	9
4233	5
4234	11
4235	13
4236	3
4237	13
4238	16
4239	7
4240	14
4241	6
4242	12
4243	11
4244	8
4245	11
4246	6
4247	11
4248	6
4249	15
4250	9
4251	14
4252	10
4253	11
4254	12
4255	8
4256	14
4257	14
4258	8
4259	12
4260	10
4261	18
4262	12
4263	17
4264	10
4265	9
4266	18
4267	8
4268	8
4269	15
4270	17
4271	12
4272	12
4273	13
4274	12
4275	12
4276	12
4277	11
4278	10
4279	18
4280	11
4281	8
4282	11
4283	3
4284	13
4285	12
4286	9
4287	7
4288	15
4289	11
4290	8
4291	4
4292	12
4293	10
4294	10
4295	7
4296	14
4297	7
4298	11
4299	13
4300	11
4301	13
4302	13
4303	10
4304	11
4305	9
4306	15
4307	7
4308	11
4309	20
4310	13
4311	12
4312	7
4313	16
4314	8
4315	9
4316	15
4317	15
4318	7
4319	9
4320	8
4321	8
4322	7
4323	8
4324	12
4325	9
4326	9
4327	8
4328	12
4329	13
4330	11
4331	13
4332	9
4333	15
4334	6
4335	9
4336	12
4337	2
4338	13
4339	14
4340	10
4341	7
4342	7
4343	7
4344	11
4345	8
4346	12
4347	11
4348	9
4349	8
4350	10
4351	10
4352	6
4353	18
4354	8
4355	13
4356	9
4357	14
4358	10
4359	13
4360	7
4361	5
4362	12
4363	13
4364	12
4365	8
4366	11
4367	6
4368	12
4369	8
4370	11
4371	7
4372	12
4373	8
4374	11
4375	10
4376	7
4377	13
4378	11
4379	8
4380	8
4381	9
4382	7
4383	16
4384	15
4385	10
4386	7
4387	10
4388	6
4389	9
4390	10
4391	17
4392	9
4393	9
4394	4
4395	10
4396	10
4397	9
4398	7
4399	4
4400	9
4401	10
4402	10
4403	7
4404	9
4405	12
4406	12
4407	9
4408	13
4409	12
4410	9
4411	9
4412	16
4413	12
4414	14
4415	12
4416	14
4417	7
4418	17
4419	10
4420	13
4421	9
4422	14
4423	13
4424	7
4425	10
4426	8
4427	11
4428	12
4429	11
4430	11
4431	6
4432	11
4433	9
4434	15
4435	17
4436	11
4437	9
4438	7
4439	6
4440	9
4441	7
4442	12
4443	6
4444	9
4445	13
4446	12
4447	12
4448	12
4449	5
4450	5
4451	12
4452	4
4453	11
4454	9
4455	7
4456	10
4457	13
4458	12
4459	12
4460	5
4461	10
4462	19
4463	15
4464	15
4465	11
4466	14
4467	20
4468	11
4469	2
4470	10
4471	7
4472	9
4473	8
4474	12
4475	7
4476	11
4477	7
4478	11
4479	8
4480	8
4481	9
4482	7
4483	9
4484	8
4485	13
4486	1
4487	7
4488	13
4489	6
4490	10
4491	11
4492	8
4493	10
4494	13
4495	11
4496	14
4497	6
4498	9
4499	11
4500	8
4501	13
4502	11
4503	8
4504	9
4505	9
4506	15
4507	7
4508	13
4509	5
4510	4
4511	9
4512	9
4513	11
4514	6
4515	8
4516	8
4517	7
4518	8
4519	12
4520	6
4521	9
4522	12
4523	11
4524	11
4525	4
4526	7
4527	6
4528	10
4529	8
4530	17
4531	10
4532	10
4533	7
4534	14
4535	12
4536	9
4537	11
4538	6
4539	11
4540	8
4541	8
4542	9
4543	14
4544	10
4545	12
4546	11
4547	9
4548	16
4549	13
4550	6
4551	13
4552	7
4553	10
4554	15
4555	11
4556	10
4557	8
4558	6
4559	11
4560	12
4561	6
4562	8
4563	12
4564	6
4565	11
4566	11
4567	12
4568	9
4569	7
4570	8
4571	5
4572	8
4573	10
4574	6
4575	10
4576	11
4577	10
4578	7
4579	9
4580	12
4581	10
4582	8
4583	5
4584	7
4585	5
4586	6
4587	10
4588	16
4589	7
4590	12
4591	6
4592	6
4593	9
4594	7
4595	8
4596	10
4597	13
4598	11
4599	7
4600	8
4601	9
4602	13
4603	9
4604	8
4605	11
4606	9
4607	10
4608	7
4609	5
4610	9
4611	10
4612	11
4613	12
4614	8
4615	9
4616	11
4617	9
4618	9
4619	15
4620	3
4621	9
4622	10
4623	9
4624	10
4625	9
4626	11
4627	16
4628	11
4629	10
4630	9
4631	10
4632	4
4633	16
4634	10
4635	9
4636	8
4637	3
4638	7
4639	6
4640	5
4641	9
4642	12
4643	6
4644	9
4645	7
4646	3
4647	10
4648	11
4649	8
4650	7
4651	6
4652	11
4653	7
4654	13
4655	9
4656	4
4657	6
4658	9
4659	11
4660	8
4661	10
4662	11
4663	4
4664	8
4665	10
4666	10
4667	5
4668	5
4669	9
4670	8
4671	5
4672	13
4673	7
4674	10
4675	9
4676	15
4677	9
4678	9
4679	14
4680	10
4681	10
4682	14
4683	11
4684	5
4685	8
4686	13
4687	11
4688	8
4689	2
4690	7
4691	12
4692	13
4693	11
4694	2
4695	6
4696	6
4697	10
4698	7
4699	13
4700	13
4701	14
4702	12
4703	8
4704	13
4705	13
4706	8
4707	6
4708	4
4709	8
4710	4
4711	15
4712	9
4713	4
4714	11
4715	8
4716	7
4717	11
4718	9
4719	8
4720	11
4721	10
4722	9
4723	12
4724	10
4725	6
4726	12
4727	6
4728	7
4729	7
4730	10
4731	6
4732	19
4733	10
4734	9
4735	8
4736	9
4737	9
4738	11
4739	17
4740	14
4741	13
4742	11
4743	10
4744	8
4745	6
4746	8
4747	6
4748	8
4749	9
4750	8
4751	11
4752	11
4753	13
4754	10
4755	16
4756	11
4757	8
4758	11
4759	5
4760	11
4761	13
4762	9
4763	6
4764	8
4765	9
4766	9
4767	11
4768	13
4769	10
4770	14
4771	6
4772	10
4773	11
4774	10
4775	7
4776	12
4777	10
4778	10
4779	7
4780	7
4781	6
4782	8
4783	10
4784	8
4785	10
4786	6
4787	10
4788	4
4789	11
4790	9
4791	10
4792	7
4793	7
4794	7
4795	7
4796	12
4797	4
4798	15
4799	14
4800	14
4801	16
4802	11
4803	9
4804	9
4805	8
4806	9
4807	6
4808	8
4809	7
4810	9
4811	11
4812	13
4813	10
4814	10
4815	10
4816	11
4817	11
4818	2
4819	8
4820	19
4821	11
4822	6
4823	11
4824	10
4825	11
4826	7
4827	4
4828	9
4829	14
4830	7
4831	10
4832	10
4833	13
4834	14
4835	5
4836	3
4837	12
4838	12
4839	7
4840	12
4841	7
4842	12
4843	6
4844	8
4845	11
4846	10
4847	4
4848	11
4849	9
4850	8
4851	8
4852	9
4853	9
4854	11
4855	8
4856	8
4857	12
4858	5
4859	14
4860	5
4861	7
4862	12
4863	8
4864	11
4865	13
4866	13
4867	10
4868	7
4869	8
4870	11
4871	12
4872	10
4873	5
4874	12
4875	3
4876	9
4877	3
4878	8
4879	13
4880	9
4881	16
4882	7
4883	8
4884	9
4885	6
4886	9
4887	6
4888	7
4889	10
4890	8
4891	12
4892	4
4893	5
4894	4
4895	14
4896	9
4897	15
4898	9
4899	10
4900	11
4901	12
4902	8
4903	15
4904	6
4905	9
4906	7
4907	10
4908	8
4909	8
4910	5
4911	14
4912	7
4913	4
4914	13
4915	15
4916	15
4917	11
4918	8
4919	11
4920	10
4921	4
4922	11
4923	10
4924	13
4925	8
4926	14
4927	6
4928	5
4929	8
4930	13
4931	10
4932	7
4933	10
4934	15
4935	9
4936	8
4937	6
4938	9
4939	7
4940	7
4941	10
4942	8
4943	7
4944	12
4945	6
4946	9
4947	10
4948	7
4949	6
4950	13
4951	6
4952	10
4953	9
4954	4
4955	7
4956	7
4957	9
4958	10
4959	9
4960	11
4961	8
4962	11
4963	9
4964	12
4965	9
4966	10
4967	10
4968	14
4969	5
4970	8
4971	9
4972	5
4973	8
4974	13
4975	8
4976	5
4977	9
4978	9
4979	9
4980	10
4981	11
4982	7
4983	12
4984	10
4985	14
4986	8
4987	3
4988	11
4989	8
4990	14
4991	8
4992	3
4993	7
4994	9
4995	8
4996	11
4997	7
4998	7
4999	10
5000	9
5001	9
5002	8
5003	9
5004	8
5005	19
5006	6
5007	7
5008	8
5009	8
5010	10
5011	11
5012	8
5013	8
5014	7
5015	10
5016	7
5017	7
5018	6
5019	8
5020	13
5021	15
5022	9
5023	8
5024	9
5025	11
5026	4
5027	12
5028	12
5029	7
5030	8
5031	11
5032	4
5033	7
5034	5
5035	14
5036	12
5037	19
5038	10
5039	9
5040	6
5041	5
5042	12
5043	14
5044	7
5045	6
5046	7
5047	4
5048	11
5049	3
5050	11
5051	11
5052	11
5053	8
5054	9
5055	13
5056	15
5057	9
5058	6
5059	6
5060	7
5061	5
5062	10
5063	9
5064	8
5065	6
5066	13
5067	9
5068	9
5069	6
5070	3
5071	4
5072	5
5073	10
5074	7
5075	7
5076	7
5077	11
5078	12
5079	9
5080	11
5081	12
5082	11
5083	7
5084	11
5085	12
5086	10
5087	15
5088	11
5089	8
5090	8
5091	5
5092	8
5093	7
5094	10
5095	7
5096	6
5097	9
5098	9
5099	10
5100	1
5101	8
5102	5
5103	7
5104	10
5105	10
5106	14
5107	9
5108	9
5109	6
5110	7
5111	9
5112	6
5113	12
5114	11
5115	8
5116	10
5117	11
5118	5
5119	6
5120	13
5121	9
5122	8
5123	4
5124	6
5125	11
5126	5
5127	10
5128	7
5129	10
5130	10
5131	8
5132	15
5133	10
5134	4
5135	5
5136	11
5137	8
5138	7
5139	6
5140	11
5141	7
5142	10
5143	12
5144	11
5145	5
5146	12
5147	8
5148	11
5149	5
5150	10
5151	4
5152	8
5153	10
5154	8
5155	12
5156	8
5157	7
5158	6
5159	7
5160	14
5161	5
5162	12
5163	8
5164	8
5165	9
5166	7
5167	9
5168	8
5169	9
5170	12
5171	11
5172	9
5173	11
5174	12
5175	10
5176	7
5177	9
5178	10
5179	8
5180	10
5181	14
5182	15
5183	9
5184	11
5185	7
5186	5
5187	11
5188	12
5189	16
5190	11
5191	7
5192	10
5193	8
5194	9
5195	9
5196	6
5197	12
5198	4
5199	9
5200	8
5201	6
5202	6
5203	11
5204	9
5205	11
5206	5
5207	10
5208	8
5209	9
5210	11
5211	12
5212	9
5213	10
5214	8
5215	6
5216	8
5217	12
5218	6
5219	7
5220	11
5221	11
5222	11
5223	3
5224	6
5225	9
5226	8
5227	12
5228	8
5229	11
5230	8
5231	8
5232	7
5233	6
5234	12
5235	17
5236	6
5237	12
5238	11
5239	4
5240	9
5241	9
5242	10
5243	10
5244	4
5245	11
5246	7
5247	13
5248	5
5249	10
5250	14
5251	9
5252	8
5253	10
5254	7
5255	6
5256	9
5257	9
5258	9
5259	12
5260	9
5261	13
5262	11
5263	10
5264	10
5265	5
5266	4
5267	4
5268	5
5269	3
5270	5
5271	5
5272	8
5273	7
5274	9
5275	14
5276	8
5277	6
5278	10
5279	7
5280	7
5281	8
5282	14
5283	8
5284	8
5285	11
5286	14
5287	8
5288	6
5289	11
5290	5
5291	9
5292	11
5293	9
5294	8
5295	9
5296	7
5297	10
5298	4
5299	13
5300	6
5301	5
5302	13
5303	9
5304	6
5305	9
5306	8
5307	8
5308	5
5309	9
5310	16
5311	5
5312	6
5313	12
5314	5
5315	9
5316	5
5317	11
5318	10
5319	8
5320	10
5321	7
5322	8
5323	6
5324	11
5325	11
5326	6
5327	6
5328	7
5329	10
5330	6
5331	13
5332	9
5333	7
5334	7
5335	16
5336	7
5337	8
5338	9
5339	8
5340	8
5341	6
5342	9
5343	6
5344	4
5345	9
5346	10
5347	5
5348	6
5349	11
5350	9
5351	7
5352	12
5353	6
5354	9
5355	10
5356	8
5357	11
5358	8
5359	9
5360	9
5361	6
5362	4
5363	10
5364	13
5365	9
5366	8
5367	11
5368	7
5369	7
5370	13
5371	17
5372	8
5373	7
5374	14
5375	11
5376	10
5377	12
5378	12
5379	10
5380	9
5381	5
5382	9
5383	10
5384	14
5385	7
5386	8
5387	7
5388	9
5389	14
5390	11
5391	6
5392	5
5393	9
5394	11
5395	4
5396	9
5397	16
5398	8
5399	10
5400	9
5401	13
5402	5
5403	8
5404	9
5405	9
5406	12
5407	13
5408	6
5409	14
5410	7
5411	10
5412	7
5413	7
5414	9
5415	8
5416	8
5417	7
5418	6
5419	4
5420	16
5421	5
5422	6
5423	6
5424	7
5425	6
5426	3
5427	11
5428	15
5429	13
5430	15
5431	11
5432	5
5433	5
5434	11
5435	6
5436	7
5437	11
5438	12
5439	11
5440	5
5441	5
5442	7
5443	4
5444	9
5445	9
5446	10
5447	13
5448	9
5449	9
5450	9
5451	10
5452	7
5453	14
5454	9
5455	6
5456	11
5457	8
5458	6
5459	14
5460	8
5461	8
5462	10
5463	3
5464	11
5465	9
5466	9
5467	10
5468	6
5469	9
5470	10
5471	13
5472	9
5473	5
5474	9
5475	6
5476	5
5477	11
5478	8
5479	11
5480	9
5481	19
5482	7
5483	6
5484	10
5485	6
5486	8
5487	10
5488	7
5489	11
5490	10
5491	10
5492	17
5493	7
5494	3
5495	6
5496	12
5497	4
5498	2
5499	10
5500	10
5501	13
5502	6
5503	10
5504	9
5505	6
5506	10
5507	9
5508	9
5509	6
5510	7
5511	6
5512	13
5513	3
5514	8
5515	12
5516	6
5517	6
5518	12
5519	9
5520	8
5521	8
5522	10
5523	12
5524	7
5525	12
5526	9
5527	13
5528	6
5529	11
5530	7
5531	9
5532	9
5533	7
5534	12
5535	10
5536	13
5537	10
5538	12
5539	5
5540	10
5541	5
5542	13
5543	7
5544	11
5545	7
5546	10
5547	6
5548	11
5549	11
5550	11
5551	9
5552	4
5553	11
5554	7
5555	9
5556	8
5557	3
5558	10
5559	4
5560	5
5561	10
5562	4
5563	10
5564	11
5565	12
5566	7
5567	12
5568	13
5569	10
5570	15
5571	8
5572	9
5573	10
5574	8
5575	9
5576	13
5577	11
5578	9
5579	13
5580	4
5581	7
5582	11
5583	10
5584	7
5585	12
5586	11
5587	10
5588	8
5589	14
5590	7
5591	6
5592	9
5593	10
5594	12
5595	13
5596	10
5597	7
5598	12
5599	9
5600	5
5601	10
5602	6
5603	9
5604	5
5605	14
5606	11
5607	11
5608	12
5609	12
5610	10
5611	6
5612	8
5613	4
5614	8
5615	14
5616	10
5617	9
5618	5
5619	10
5620	7
5621	9
5622	10
5623	13
5624	16
5625	11
5626	3
5627	7
5628	9
5629	13
5630	8
5631	10
5632	10
5633	5
5634	3
5635	5
5636	9
5637	11
5638	8
5639	10
5640	8
5641	4
5642	16
5643	9
5644	9
5645	8
5646	8
5647	17
5648	9
5649	8
5650	12
5651	8
5652	8
5653	12
5654	8
5655	7
5656	6
5657	5
5658	9
5659	13
5660	9
5661	6
5662	7
5663	10
5664	12
5665	12
5666	9
5667	12
5668	4
5669	8
5670	11
5671	6
5672	9
5673	7
5674	5
5675	15
5676	6
5677	13
5678	5
5679	6
5680	7
5681	10
5682	9
5683	14
5684	10
5685	12
5686	4
5687	9
5688	16
5689	7
5690	10
5691	20
5692	8
5693	9
5694	10
5695	10
5696	2
5697	11
5698	6
5699	7
5700	14
5701	9
5702	14
5703	7
5704	12
5705	15
5706	12
5707	10
5708	6
5709	6
5710	10
5711	11
5712	8
5713	11
5714	14
5715	9
5716	8
5717	4
5718	11
5719	11
5720	4
5721	9
5722	8
5723	11
5724	10
5725	10
5726	9
5727	3
5728	13
5729	13
5730	6
5731	8
5732	10
5733	11
5734	15
5735	9
5736	7
5737	11
5738	10
5739	7
5740	14
5741	8
5742	8
5743	16
5744	4
5745	9
5746	12
5747	10
5748	10
5749	13
5750	8
5751	12
5752	7
5753	6
5754	9
5755	5
5756	4
5757	7
5758	13
5759	10
5760	8
5761	11
5762	10
5763	9
5764	6
5765	9
5766	7
5767	13
5768	6
5769	12
5770	13
5771	11
5772	8
5773	9
5774	12
5775	8
5776	12
5777	9
5778	8
5779	10
5780	14
5781	9
5782	6
5783	8
5784	7
5785	7
5786	8
5787	10
5788	8
5789	17
5790	2
5791	17
5792	8
5793	5
5794	9
5795	8
5796	13
5797	11
5798	16
5799	7
5800	7
5801	8
5802	9
5803	7
5804	9
5805	7
5806	8
5807	6
5808	10
5809	7
5810	11
5811	11
5812	9
5813	9
5814	8
5815	7
5816	13
5817	9
5818	7
5819	13
5820	9
5821	11
5822	9
5823	11
5824	15
5825	13
5826	14
5827	10
5828	12
5829	14
5830	2
5831	11
5832	8
5833	9
5834	14
5835	10
5836	11
5837	7
5838	11
5839	12
5840	7
5841	14
5842	11
5843	5
5844	9
5845	14
5846	11
5847	11
5848	6
5849	8
5850	9
5851	7
5852	10
5853	8
5854	5
5855	11
5856	9
5857	10
5858	7
5859	8
5860	6
5861	11
5862	11
5863	9
5864	9
5865	10
5866	14
5867	8
5868	6
5869	17
5870	10
5871	9
5872	11
5873	9
5874	15
5875	9
5876	8
5877	8
5878	8
5879	9
5880	10
5881	13
5882	9
5883	14
5884	12
5885	11
5886	10
5887	8
5888	6
5889	11
5890	11
5891	16
5892	6
5893	9
5894	5
5895	8
5896	13
5897	11
5898	12
5899	4
5900	9
5901	11
5902	8
5903	19
5904	13
5905	8
5906	12
5907	9
5908	10
5909	9
5910	9
5911	10
5912	15
5913	6
5914	8
5915	13
5916	11
5917	6
5918	9
5919	11
5920	17
5921	9
5922	11
5923	13
5924	17
5925	10
5926	8
5927	6
5928	8
5929	8
5930	10
5931	5
5932	9
5933	13
5934	9
5935	12
5936	8
5937	15
5938	11
5939	12
5940	9
5941	13
5942	12
5943	7
5944	7
5945	12
5946	11
5947	7
5948	6
5949	10
5950	8
5951	9
5952	15
5953	9
5954	10
5955	10
5956	16
5957	8
5958	10
5959	7
5960	13
5961	14
5962	10
5963	3
5964	13
5965	17
5966	8
5967	9
5968	14
5969	12
5970	12
5971	6
5972	9
5973	9
5974	9
5975	7
5976	9
5977	10
5978	9
5979	15
5980	13
5981	12
5982	11
5983	13
5984	9
5985	10
5986	11
5987	7
5988	9
5989	9
5990	13
5991	4
5992	15
5993	8
5994	8
5995	11
5996	9
5997	11
5998	10
5999	12
6000	13
6001	8
6002	9
6003	10
6004	5
6005	17
6006	4
6007	8
6008	6
6009	7
6010	8
6011	11
6012	9
6013	12
6014	5
6015	12
6016	9
6017	4
6018	12
6019	11
6020	12
6021	15
6022	9
6023	8
6024	12
6025	8
6026	6
6027	9
6028	13
6029	12
6030	8
6031	15
6032	13
6033	5
6034	9
6035	12
6036	8
6037	12
6038	11
6039	18
6040	7
6041	5
6042	6
6043	14
6044	3
6045	10
6046	10
6047	9
6048	15
6049	11
6050	14
6051	8
6052	4
6053	13
6054	14
6055	14
6056	8
6057	14
6058	6
6059	8
6060	10
6061	8
6062	6
6063	17
6064	7
6065	16
6066	12
6067	6
6068	13
6069	22
6070	13
6071	18
6072	14
6073	12
6074	22
6075	14
6076	9
6077	15
6078	7
6079	17
6080	5
6081	9
6082	7
6083	10
6084	8
6085	12
6086	19
6087	11
6088	9
6089	13
6090	11
6091	12
6092	9
6093	6
6094	10
6095	10
6096	13
6097	8
6098	9
6099	12
6100	8
6101	8
6102	5
6103	13
6104	13
6105	12
6106	13
6107	15
6108	9
6109	17
6110	8
6111	8
6112	11
6113	12
6114	6
6115	14
6116	15
6117	15
6118	9
6119	16
6120	11
6121	11
6122	6
6123	8
6124	11
6125	11
6126	12
6127	11
6128	15
6129	16
6130	15
6131	9
6132	7
6133	12
6134	11
6135	8
6136	6
6137	13
6138	9
6139	5
6140	11
6141	14
6142	10
6143	12
6144	5
6145	16
6146	9
6147	10
6148	11
6149	12
6150	8
6151	15
6152	12
6153	6
6154	14
6155	8
6156	11
6157	8
6158	12
6159	15
6160	14
6161	10
6162	17
6163	12
6164	10
6165	18
6166	11
6167	15
6168	18
6169	15
6170	10
6171	16
6172	9
6173	15
6174	9
6175	10
6176	18
6177	16
6178	18
6179	9
6180	12
6181	14
6182	20
6183	13
6184	18
6185	11
6186	13
6187	14
6188	12
6189	11
6190	9
6191	6
6192	12
6193	10
6194	13
6195	12
6196	17
6197	15
6198	11
6199	17
6200	12
6201	11
6202	13
6203	17
6204	12
6205	11
6206	18
6207	17
6208	17
6209	14
6210	13
6211	10
6212	12
6213	16
6214	11
6215	19
6216	12
6217	9
6218	11
6219	14
6220	14
6221	15
6222	14
6223	18
6224	13
6225	10
6226	16
6227	19
6228	18
6229	11
6230	16
6231	8
6232	16
6233	21
6234	16
6235	11
6236	16
6237	19
6238	11
6239	14
6240	4
6241	15
6242	16
6243	9
6244	21
6245	12
6246	20
6247	18
6248	13
6249	17
6250	10
6251	16
6252	7
6253	10
6254	19
6255	8
6256	7
6257	13
6258	6
6259	12
6260	9
6261	14
6262	15
6263	16
6264	10
6265	19
6266	19
6267	15
6268	9
6269	7
6270	17
6271	18
6272	11
6273	22
6274	16
6275	10
6276	15
6277	14
6278	14
6279	19
6280	8
6281	13
6282	11
6283	14
6284	19
6285	15
6286	12
6287	19
6288	12
6289	16
6290	14
6291	12
6292	12
6293	15
6294	11
6295	12
6296	12
6297	15
6298	16
6299	16
6300	16
6301	13
6302	16
6303	14
6304	16
6305	13
6306	18
6307	16
6308	13
6309	18
6310	13
6311	16
6312	15
6313	13
6314	11
6315	13
6316	14
6317	21
6318	15
6319	19
6320	22
6321	9
6322	16
6323	18
6324	16
6325	18
6326	12
6327	12
6328	15
6329	8
6330	14
6331	16
6332	12
6333	18
6334	15
6335	11
6336	10
6337	18
6338	15
6339	18
6340	21
6341	10
6342	15
6343	19
6344	16
6345	18
6346	18
6347	19
6348	21
6349	13
6350	12
6351	15
6352	13
6353	21
6354	11
6355	12
6356	10
6357	17
6358	16
6359	16
6360	15
6361	17
6362	17
6363	16
6364	15
6365	18
6366	19
6367	21
6368	16
6369	19
6370	19
6371	22
6372	24
6373	16
6374	13
6375	19
6376	10
6377	15
6378	18
6379	13
6380	14
6381	13
6382	17
6383	14
6384	15
6385	21
6386	12
6387	17
6388	15
6389	24
6390	21
6391	13
6392	22
6393	25
6394	19
6395	24
6396	20
6397	13
6398	19
6399	15
6400	15
6401	18
6402	12
6403	18
6404	26
6405	18
6406	17
6407	20
6408	16
6409	19
6410	18
6411	18
6412	21
6413	13
6414	11
6415	17
6416	19
6417	16
6418	12
6419	24
6420	17
6421	16
6422	20
6423	15
6424	16
6425	20
6426	23
6427	19
6428	14
6429	20
6430	12
6431	20
6432	17
6433	13
6434	18
6435	19
6436	9
6437	19
6438	16
6439	19
6440	16
6441	16
6442	20
6443	17
6444	15
6445	19
6446	19
6447	21
6448	16
6449	19
6450	16
6451	18
6452	19
6453	12
6454	17
6455	22
6456	21
6457	23
6458	14
6459	11
6460	17
6461	24
6462	17
6463	13
6464	22
6465	20
6466	12
6467	13
6468	18
6469	17
6470	25
6471	26
6472	21
6473	26
6474	17
6475	20
6476	19
6477	25
6478	16
6479	23
6480	20
6481	16
6482	14
6483	13
6484	21
6485	19
6486	18
6487	16
6488	18
6489	15
6490	20
6491	24
6492	20
6493	18
6494	16
6495	17
6496	21
6497	17
6498	16
6499	27
6500	15
6501	19
6502	19
6503	18
6504	18
6505	27
6506	21
6507	9
6508	21
6509	17
6510	22
6511	15
6512	22
6513	15
6514	10
6515	26
6516	7
6517	16
6518	18
6519	17
6520	20
6521	19
6522	11
6523	18
6524	22
6525	24
6526	16
6527	19
6528	16
6529	16
6530	17
6531	15
6532	17
6533	27
6534	19
6535	21
6536	18
6537	20
6538	12
6539	12
6540	18
6541	18
6542	21
6543	16
6544	19
6545	11
6546	28
6547	21
6548	23
6549	21
6550	19
6551	20
6552	25
6553	16
6554	17
6555	23
6556	21
6557	26
6558	14
6559	9
6560	11
6561	17
6562	20
6563	16
6564	23
6565	17
6566	19
6567	15
6568	9
6569	15
6570	19
6571	13
6572	11
6573	18
6574	19
6575	21
6576	15
6577	13
6578	15
6579	13
6580	14
6581	21
6582	17
6583	10
6584	24
6585	19
6586	11
6587	24
6588	14
6589	10
6590	13
6591	13
6592	18
6593	16
6594	22
6595	22
6596	15
6597	19
6598	11
6599	15
6600	23
6601	13
6602	19
6603	29
6604	18
6605	16
6606	16
6607	18
6608	21
6609	23
6610	15
6611	19
6612	10
6613	10
6614	8
6615	9
6616	20
6617	19
6618	19
6619	22
6620	18
6621	14
6622	17
6623	18
6624	12
6625	17
6626	12
6627	15
6628	9
6629	18
6630	16
6631	11
6632	24
6633	8
6634	11
6635	14
6636	15
6637	14
6638	16
6639	5
6640	14
6641	10
6642	18
6643	14
6644	14
6645	13
6646	12
6647	10
6648	14
6649	18
6650	11
6651	20
6652	10
6653	11
6654	18
6655	12
6656	10
6657	12
6658	11
6659	8
6660	8
6661	19
6662	20
6663	9
6664	14
6665	16
6666	12
6667	10
6668	9
6669	9
6670	16
6671	10
6672	11
6673	15
6674	15
6675	14
6676	10
6677	13
6678	14
6679	12
6680	8
6681	20
6682	11
6683	11
6684	4
6685	17
6686	9
6687	16
6688	15
6689	12
6690	16
6691	14
6692	13
6693	24
6694	12
6695	10
6696	13
6697	11
6698	13
6699	26
6700	13
6701	10
6702	10
6703	12
6704	18
6705	12
6706	11
6707	16
6708	9
6709	17
6710	15
6711	7
6712	12
6713	11
6714	11
6715	11
6716	9
6717	16
6718	10
6719	13
6720	11
6721	14
6722	14
6723	13
6724	7
6725	8
6726	9
6727	10
6728	11
6729	10
6730	10
6731	10
6732	8
6733	12
6734	7
6735	10
6736	9
6737	7
6738	14
6739	11
6740	12
6741	8
6742	12
6743	3
6744	14
6745	3
6746	8
6747	12
6748	9
6749	9
6750	18
6751	7
6752	9
6753	8
6754	5
6755	7
6756	11
6757	9
6758	9
6759	8
6760	12
6761	11
6762	7
6763	6
6764	12
6765	13
6766	4
6767	11
6768	13
6769	10
6770	8
6771	12
6772	9
6773	7
6774	14
6775	7
6776	11
6777	11
6778	6
6779	5
6780	5
6781	3
6782	10
6783	6
6784	12
6785	3
6786	6
6787	12
6788	8
6789	9
6790	7
6791	6
6792	8
6793	11
6794	9
6795	5
6796	9
6797	7
6798	2
6799	7
6800	8
6801	4
6802	7
6803	11
6804	6
6805	4
6806	8
6807	6
6808	10
6809	4
6810	6
6811	7
6812	6
6813	7
6814	5
6815	1
6816	4
6817	9
6818	9
6819	4
6820	7
6821	5
6822	6
6823	11
6824	4
6825	6
6826	1
6827	3
6828	6
6829	6
6830	9
6831	6
6832	9
6833	5
6834	4
6835	6
6836	3
6837	8
6838	4
6839	3
6840	10
6841	7
6842	4
6843	8
6844	3
6845	4
6846	5
6847	3
6848	4
6849	6
6850	6
6851	2
6852	5
6853	6
6854	3
6855	6
6856	7
6857	4
6858	7
6859	3
6860	11
6861	6
6862	5
6863	5
6864	5
6865	3
6866	4
6867	7
6868	2
6869	3
6870	9
6871	5
6872	5
6873	5
6874	6
6875	4
6876	2
6877	4
6878	4
6879	5
6880	1
6881	4
6882	11
6883	4
6884	5
6885	4
6886	2
6887	3
6888	4
6889	0
6890	0
6891	7
6892	6
6893	4
6894	2
6895	3
6896	4
6897	3
6898	4
6899	2
6900	2
6901	2
6902	4
6903	3
6904	2
6905	3
6906	4
6907	4
6908	0
6909	4
6910	2
6911	2
6912	3
6913	7
6914	4
6915	1
6916	3
6917	0
6918	3
6919	3
6920	2
6921	0
6922	2
6923	6
6924	4
6925	2
6926	5
6927	3
6928	3
6929	1
6930	5
6931	3
6932	3
6933	1
6934	0
6935	4
6936	3
6937	3
6938	1
6939	6
6940	5
6941	3
6942	3
6943	3
6944	1
6945	1
6946	3
6947	4
6948	0
6949	2
6950	1
6951	1
6952	2
6953	0
6954	2
6955	2
6956	3
6957	1
6958	1
6959	1
6960	2
6961	2
6962	0
6963	0
6964	1
6965	4
6966	1
6967	2
6968	2
6969	1
6970	4
6971	1
6972	0
6973	3
6974	3
6975	3
6976	4
6977	2
6978	0
6979	2
6980	1
6981	2
6982	2
6983	2
6984	0
6985	1
6986	2
6987	1
6988	1
6989	0
6990	2
6991	1
6992	0
6993	0
6994	2
6995	4
6996	1
6997	3
6998	0
6999	1
7000	2
7001	1
7002	0
7003	2
7004	3
7005	1
7006	0
7007	0
7008	2
7009	4
7010	2
7011	1
7012	1
7013	4
7014	1
7015	0
7016	0
7017	0
7018	0
7019	5
7020	3
7021	3
7022	0
7023	1
7024	1
7025	1
7026	0
7027	3
7028	2
7029	0
7030	1
7031	0
7032	1
7033	0
7034	0
7035	0
7036	2
7037	0
7038	2
7039	1
7040	0
7041	2
7042	2
7043	1
7044	2
7045	0
7046	1
7047	2
7048	2
7049	2
7050	0
7051	0
7052	2
7053	0
7054	2
7055	0
7056	5
7057	2
7058	1
7059	0
7060	1
7061	1
7062	1
7063	4
7064	0
7065	1
7066	1
7067	0
7068	2
7069	1
7070	2
7071	0
7072	3
7073	1
7074	2
7075	1
7076	1
7077	1
7078	0
7079	2
7080	1
7081	2
7082	0
7083	0
7084	1
7085	2
7086	2
7087	0
7088	0
7089	0
7090	1
7091	0
7092	1
7093	0
7094	1
7095	0
7096	0
7097	1
7098	0
7099	0
7100	1
7101	0
7102	0
7103	1
7104	0
7105	0
7106	1
7107	2
7108	0
7109	0
7110	0
7111	2
7112	1
7113	0
7114	2
7115	0
7116	0
7117	2
7118	0
7119	0
7120	0
7121	1
7122	1
7123	1
7124	0
7125	1
7126	0
7127	2
7128	2
7129	2
7130	1
7131	0
7132	0
7133	0
7134	0
7135	1
7136	0
7137	0
7138	0
7139	0
7140	0
7141	2
7142	0
7143	1
7144	1
7145	0
7146	1
7147	2
7148	0
7149	2
7150	1
7151	0
7152	1
7153	1
7154	1
7155	0
7156	1
7157	0
7158	0
7159	1
7160	0
7161	1
7162	2
7163	0
7164	1
7165	0
7166	1
7167	0
7168	0
7169	0
7170	0
7171	1
7172	1
7173	1
7174	3
7175	0
7176	0
7177	0
7178	1
7179	1
7180	2
7181	0
7182	0
7183	0
7184	0
7185	0
7186	1
7187	0
7188	0
7189	0
7190	0
7191	0
7192	3
7193	1
7194	0
7195	0
7196	0
7197	1
7198	0
7199	0
7200	1
7201	0
7202	1
7203	0
7204	1
7205	0
7206	2
7207	0
7208	0
7209	0
7210	2
7211	1
7212	0
7213	1
7214	0
7215	0
7216	0
7217	0
7218	1
7219	1
7220	0
7221	1
7222	1
7223	1
7224	0
7225	0
7226	1
7227	1
7228	0
7229	0
7230	1
7231	1
7232	0
7233	1
7234	0
7235	0
7236	1
7237	0
7238	0
7239	1
7240	1
7241	1
7242	0
7243	1
7244	0
7245	1
7246	0
7247	1
7248	1
7249	1
7250	1
7251	0
7252	0
7253	0
7254	1
7255	0
7256	2
7257	0
7258	0
7259	0
7260	0
7261	1
7262	1
7263	0
7264	1
7265	1
7266	2
7267	0
7268	0
7269	1
7270	1
7271	0
7272	1
7273	0
7274	3
7275	0
7276	1
7277	1
7278	0
7279	0
7280	0
7281	1
7282	0
7283	0
7284	0
7285	0
7286	1
7287	1
7288	2
7289	0
7290	1
7291	1
7292	0
7293	2
7294	1
7295	0
7296	0
7297	1
7298	0
7299	1
7300	1
7301	0
7302	1
7303	1
7304	0
7305	0
7306	0
7307	0
7308	0
7309	0
7310	1
7311	0
7312	1
7313	1
7314	0
7315	2
7316	0
7317	2
7318	1
7319	2
7320	0
7321	1
7322	0
7323	0
7324	1
7325	1
7326	0
7327	1
7328	0
7329	1
7330	1
7331	3
7332	2
7333	0
7334	2
7335	3
7336	0
7337	2
7338	2
7339	1
7340	0
7341	0
7342	0
7343	1
7344	0
7345	1
7346	1
7347	0
7348	0
7349	0
7350	2
7351	0
7352	2
7353	0
7354	0
7355	2
7356	0
7357	0
7358	2
7359	1
7360	0
7361	1
7362	0
7363	0
7364	1
7365	1
7366	2
7367	0
7368	0
7369	1
7370	1
7371	2
7372	0
7373	0
7374	0
7375	0
7376	0
7377	2
7378	0
7379	0
7380	2
7381	1
7382	1
7383	2
7384	0
7385	1
7386	2
7387	1
7388	2
7389	0
7390	0
7391	1
7392	1
7393	0
7394	0
7395	1
7396	1
7397	0
7398	0
7399	0
7400	1
7401	0
7402	0
7403	0
7404	2
7405	0
7406	1
7407	0
7408	1
7409	1
7410	1
7411	1
7412	0
7413	2
7414	1
7415	1
7416	1
7417	1
7418	0
7419	2
7420	1
7421	2
7422	0
7423	2
7424	2
7425	0
7426	1
7427	0
7428	1
7429	0
7430	1
7431	0
7432	1
7433	1
7434	1
7435	0
7436	2
7437	0
7438	0
7439	0
7440	1
7441	1
7442	0
7443	2
7444	1
7445	1
7446	0
7447	0
7448	0
7449	0
7450	0
7451	2
7452	0
7453	1
7454	1
7455	2
7456	0
7457	0
7458	1
7459	0
7460	1
7461	1
7462	0
7463	0
7464	1
7465	0
7466	1
7467	0
7468	0
7469	0
7470	0
7471	0
7472	2
7473	1
7474	0
7475	0
7476	1
7477	2
7478	1
7479	0
7480	0
7481	0
7482	1
7483	0
7484	0
7485	0
7486	0
7487	1
7488	0
7489	1
7490	1
7491	1
7492	2
7493	0
7494	0
7495	0
7496	1
7497	1
7498	0
7499	0
7500	0
7501	0
7502	0
7503	1
7504	2
7505	0
7506	1
7507	1
7508	3
7509	0
7510	2
7511	0
7512	0
7513	0
7514	0
7515	0
7516	1
7517	1
7518	0
7519	0
7520	0
7521	0
7522	1
7523	1
7524	2
7525	1
7526	1
7527	2
7528	2
7529	0
7530	0
7531	0
7532	0
7533	0
7534	1
7535	0
7536	0
7537	1
7538	0
7539	0
7540	0
7541	1
7542	1
7543	2
7544	0
7545	1
7546	0
7547	0
7548	0
7549	0
7550	3
7551	0
7552	0
7553	2
7554	0
7555	0
7556	1
7557	0
7558	1
7559	1
7560	1
7561	0
7562	0
7563	0
7564	1
7565	1
7566	2
7567	0
7568	0
7569	1
7570	0
7571	0
7572	0
7573	1
7574	0
7575	1
7576	0
7577	1
7578	1
7579	0
7580	0
7581	0
7582	1
7583	0
7584	0
7585	0
7586	0
7587	0
7588	0
7589	0
7590	1
7591	1
7592	0
7593	2
7594	1
7595	0
7596	1
7597	0
7598	0
7599	0
7600	0
7601	0
7602	0
7603	1
7604	0
7605	1
7606	0
7607	2
7608	0
7609	0
7610	0
7611	0
7612	3
7613	0
7614	0
7615	1
7616	1
7617	1
7618	0
7619	0
7620	0
7621	0
7622	2
7623	1
7624	1
7625	2
7626	0
7627	1
7628	1
7629	0
7630	0
7631	0
7632	2
7633	0
7634	2
7635	1
7636	1
7637	0
7638	0
7639	1
7640	2
7641	0
7642	0
7643	1
7644	0
7645	2
7646	0
7647	0
7648	1
7649	0
7650	0
7651	1
7652	0
7653	0
7654	0
7655	0
7656	0
7657	0
7658	1
7659	0
7660	0
7661	2
7662	0
7663	1
7664	0
7665	0
7666	0
7667	1
7668	1
7669	1
7670	0
7671	0
7672	0
7673	0
7674	0
7675	1
7676	0
7677	1
7678	1
7679	0
7680	1
7681	2
7682	0
7683	0
7684	0
7685	0
7686	0
7687	1
7688	0
7689	1
7690	2
7691	1
7692	0
7693	1
7694	1
7695	1
7696	0
7697	1
7698	0
7699	0
7700	0
7701	0
7702	1
7703	0
7704	0
7705	0
7706	1
7707	0
7708	0
7709	0
7710	0
7711	1
7712	0
7713	1
7714	0
7715	1
7716	0
7717	0
7718	0
7719	0
7720	0
7721	0
7722	0
7723	0
7724	0
7725	1
7726	1
7727	1
7728	0
7729	1
7730	1
7731	0
7732	0
7733	1
7734	1
7735	0
7736	0
7737	0
7738	1
7739	0
7740	0
7741	0
7742	0
7743	0
7744	0
7745	0
7746	1
7747	1
7748	0
7749	0
7750	0
7751	1
7752	0
7753	1
7754	1
7755	0
7756	0
7757	0
7758	0
7759	0
7760	0
7761	1
7762	1
7763	1
7764	0
7765	1
7766	0
7767	0
7768	0
7769	1
7770	1
7771	0
7772	0
7773	3
7774	0
7775	1
7776	0
7777	1
7778	0
7779	0
7780	1
7781	0
7782	1
7783	0
7784	0
7785	0
7786	0
7787	1
7788	1
7789	0
7790	1
7791	1
7792	2
7793	1
7794	0
7795	1
7796	1
7797	0
7798	1
7799	1
7800	0
7801	0
7802	1
7803	0
7804	0
7805	0
7806	1
7807	1
7808	0
7809	0
7810	1
7811	0
7812	2
7813	0
7814	1
7815	0
7816	0
7817	1
7818	1
7819	0
7820	1
7821	1
7822	2
7823	0
7824	1
7825	2
7826	1
7827	1
7828	0
7829	0
7830	1
7831	0
7832	0
7833	2
7834	0
7835	0
7836	0
7837	0
7838	2
7839	0
7840	0
7841	1
7842	0
7843	2
7844	1
7845	0
7846	0
7847	0
7848	0
7849	0
7850	0
7851	2
7852	0
7853	2
7854	0
7855	1
7856	0
7857	0
7858	0
7859	0
7860	0
7861	0
7862	0
7863	0
7864	1
7865	0
7866	0
7867	0
7868	0
7869	0
7870	0
7871	0
7872	0
7873	0
7874	1
7875	0
7876	1
7877	0
7878	0
7879	0
7880	0
7881	0
7882	1
7883	2
7884	0
7885	0
7886	0
7887	0
7888	0
7889	1
7890	0
7891	0
7892	3
7893	0
7894	0
7895	0
7896	1
7897	0
7898	0
7899	0
7900	0
7901	0
7902	0
7903	0
7904	0
7905	1
7906	1
7907	1
7908	1
7909	0
7910	2
7911	1
7912	0
7913	1
7914	0
7915	0
7916	0
7917	0
7918	0
7919	1
7920	0
7921	0
7922	0
7923	0
7924	0
7925	0
7926	1
7927	0
7928	2
7929	0
7930	0
7931	0
7932	0
7933	1
7934	0
7935	0
7936	0
7937	1
7938	0
7939	0
7940	0
7941	0
7942	0
7943	0
7944	0
7945	0
7946	0
7947	1
7948	1
7949	0
7950	2
7951	0
7952	0
7953	0
7954	0
7955	1
7956	0
7957	1
7958	1
7959	0
7960	0
7961	2
7962	1
7963	0
7964	0
7965	0
7966	0
7967	2
7968	0
7969	1
7970	1
7971	1
7972	0
7973	0
7974	2
7975	0
7976	0
7977	1
7978	0
7979	0
7980	0
7981	0
7982	0
7983	2
7984	1
7985	0
7986	0
7987	1
7988	0
7989	0
7990	0
7991	0
7992	0
7993	1
7994	1
7995	0
7996	1
7997	0
7998	1
7999	1
8000	1
8001	0
8002	1
8003	1
8004	3
8005	2
8006	2
8007	2
8008	0
8009	0
8010	1
8011	1
8012	0
8013	1
8014	0
8015	0
8016	0
8017	1
8018	1
8019	0
8020	0
8021	1
8022	1
8023	0
8024	1
8025	1
8026	0
8027	0
8028	0
8029	1
8030	1
8031	1
8032	0
8033	0
8034	0
8035	3
8036	0
8037	1
8038	2
8039	0
8040	0
8041	0
8042	1
8043	0
8044	1
8045	1
8046	0
8047	2
8048	1
8049	0
8050	1
8051	3
8052	0
8053	0
8054	0
8055	0
8056	2
8057	1
8058	0
8059	2
8060	1
8061	0
8062	0
8063	1
8064	0
8065	0
8066	0
8067	0
8068	0
8069	0
8070	1
8071	1
8072	1
8073	1
8074	1
8075	0
8076	0
8077	1
8078	0
8079	2
8080	0
8081	0
8082	0
8083	0
8084	0
8085	0
8086	0
8087	0
8088	0
8089	0
8090	0
8091	0
8092	0
8093	0
8094	0
8095	0
8096	0
8097	0
8098	0
8099	0
8100	0
8101	0
8102	0
8103	0
8104	0
8105	0
8106	0
8107	0
8108	0
8109	0
8110	0
8111	0
8112	0
8113	0
8114	0
8115	0
8116	0
8117	0
8118	0
8119	0
8120	0
8121	1
8122	0
8123	0
8124	0
8125	0
8126	0
8127	0
8128	0
8129	0
8130	0
8131	0
8132	0
8133	0
8134	0
8135	0
8136	0
8137	0
8138	0
8139	0
8140	0
8141	0
8142	0
8143	0
8144	0
8145	0
8146	0
8147	0
8148	0
8149	0
8150	0
8151	0
8152	0
8153	0
8154	0
8155	0
8156	0
8157	0
8158	0
8159	0
8160	0
8161	0
8162	0
8163	0
8164	0
8165	0
8166	0
8167	0
8168	0
8169	0
8170	0
8171	0
8172	0
8173	0
8174	0
8175	0
8176	0
8177	0
8178	0
8179	0
8180	0
8181	0
8182	0
8183	0
8184	0
8185	0
8186	0
8187	0
8188	0
8189	0
8190	0
8191	0
