0	0
1	0
2	0
3	0
4	0
5	0
6	0
7	0
8	0
9	0
10	0
11	0
12	0
13	0
14	0
15	0
16	0
17	0
18	0
19	0
20	0
21	0
22	0
23	0
24	0
25	0
26	0
27	0
28	0
29	0
30	0
31	0
32	0
33	0
34	0
35	0
36	0
37	0
38	0
39	0
40	0
41	0
42	0
43	0
44	0
45	0
46	0
47	0
48	0
49	0
50	0
51	0
52	0
53	0
54	0
55	0
56	0
57	0
58	0
59	0
60	0
61	0
62	0
63	0
64	0
65	0
66	0
67	0
68	0
69	0
70	0
71	0
72	0
73	0
74	0
75	0
76	0
77	0
78	0
79	0
80	0
81	0
82	0
83	0
84	2
85	2
86	9
87	11
88	19
89	15
90	14
91	8
92	17
93	15
94	16
95	5
96	8
97	11
98	18
99	7
100	12
101	14
102	12
103	10
104	11
105	12
106	4
107	8
108	6
109	5
110	10
111	8
112	0
113	10
114	7
115	3
116	9
117	7
118	9
119	11
120	12
121	15
122	12
123	12
124	6
125	9
126	11
127	8
128	7
129	12
130	7
131	9
132	12
133	7
134	4
135	4
136	8
137	7
138	7
139	10
140	10
141	6
142	10
143	13
144	2
145	7
146	5
147	11
148	11
149	10
150	7
151	10
152	9
153	8
154	15
155	7
156	8
157	7
158	4
159	11
160	9
161	11
162	4
163	7
164	7
165	9
166	9
167	10
168	6
169	8
170	12
171	10
172	4
173	14
174	8
175	6
176	2
177	7
178	10
179	10
180	5
181	10
182	4
183	7
184	12
185	9
186	6
187	8
188	10
189	9
190	9
191	18
192	3
193	5
194	8
195	5
196	6
197	8
198	12
199	8
200	12
201	4
202	9
203	12
204	11
205	11
206	5
207	9
208	7
209	10
210	7
211	9
212	3
213	10
214	9
215	6
216	7
217	7
218	8
219	12
220	5
221	9
222	7
223	9
224	6
225	11
226	19
227	14
228	13
229	7
230	11
231	15
232	15
233	13
234	6
235	6
236	8
237	14
238	7
239	12
240	17
241	9
242	13
243	3
244	10
245	8
246	8
247	12
248	11
249	5
250	6
251	11
252	6
253	7
254	5
255	7
256	7
257	14
258	8
259	11
260	4
261	7
262	4
263	6
264	7
265	8
266	2
267	8
268	14
269	7
270	15
271	10
272	10
273	8
274	13
275	12
276	10
277	7
278	6
279	7
280	13
281	9
282	14
283	4
284	7
285	9
286	13
287	11
288	6
289	10
290	10
291	14
292	15
293	16
294	11
295	4
296	15
297	9
298	10
299	8
300	9
301	4
302	8
303	12
304	7
305	5
306	9
307	10
308	13
309	3
310	12
311	7
312	10
313	7
314	16
315	7
316	7
317	9
318	13
319	7
320	12
321	11
322	11
323	6
324	9
325	8
326	10
327	11
328	14
329	12
330	8
331	6
332	18
333	13
334	8
335	3
336	15
337	6
338	6
339	9
340	8
341	9
342	10
343	12
344	15
345	5
346	8
347	7
348	7
349	14
350	11
351	10
352	11
353	8
354	4
355	12
356	9
357	8
358	8
359	15
360	16
361	11
362	11
363	11
364	4
365	10
366	14
367	5
368	12
369	11
370	6
371	15
372	10
373	12
374	4
375	5
376	8
377	10
378	8
379	10
380	12
381	11
382	9
383	11
384	8
385	15
386	13
387	7
388	6
389	9
390	11
391	15
392	8
393	11
394	8
395	11
396	9
397	12
398	7
399	11
400	11
401	13
402	10
403	9
404	6
405	9
406	13
407	14
408	9
409	13
410	10
411	6
412	9
413	7
414	16
415	10
416	13
417	11
418	8
419	8
420	15
421	9
422	11
423	14
424	11
425	12
426	9
427	8
428	5
429	12
430	16
431	10
432	11
433	9
434	13
435	13
436	10
437	7
438	12
439	18
440	12
441	7
442	7
443	7
444	10
445	11
446	8
447	7
448	14
449	11
450	13
451	8
452	7
453	6
454	7
455	11
456	12
457	11
458	10
459	7
460	11
461	9
462	7
463	13
464	11
465	14
466	7
467	15
468	7
469	10
470	7
471	15
472	13
473	10
474	5
475	10
476	10
477	8
478	12
479	7
480	2
481	12
482	11
483	8
484	6
485	13
486	12
487	9
488	2
489	12
490	8
491	10
492	8
493	11
494	12
495	10
496	8
497	10
498	12
499	6
500	11
501	10
502	10
503	13
504	12
505	13
506	16
507	8
508	8
509	14
510	8
511	11
512	11
513	4
514	7
515	12
516	15
517	12
518	19
519	11
520	16
521	15
522	12
523	11
524	12
525	11
526	9
527	15
528	17
529	13
530	14
531	11
532	13
533	10
534	12
535	6
536	8
537	6
538	9
539	9
540	14
541	11
542	11
543	11
544	7
545	10
546	11
547	14
548	7
549	8
550	9
551	6
552	8
553	6
554	13
555	14
556	10
557	13
558	10
559	11
560	10
561	9
562	13
563	9
564	6
565	8
566	10
567	14
568	10
569	15
570	7
571	10
572	10
573	11
574	8
575	16
576	20
577	13
578	5
579	10
580	10
581	14
582	11
583	14
584	8
585	10
586	8
587	10
588	8
589	17
590	14
591	7
592	13
593	18
594	12
595	9
596	13
597	14
598	9
599	16
600	8
601	12
602	9
603	14
604	10
605	13
606	12
607	14
608	7
609	10
610	11
611	9
612	11
613	11
614	14
615	10
616	11
617	8
618	5
619	12
620	14
621	12
622	9
623	12
624	10
625	15
626	5
627	13
628	10
629	9
630	19
631	9
632	11
633	10
634	11
635	8
636	8
637	10
638	10
639	8
640	15
641	10
642	13
643	16
644	10
645	16
646	13
647	11
648	9
649	16
650	14
651	10
652	12
653	10
654	13
655	3
656	7
657	8
658	14
659	12
660	11
661	10
662	15
663	16
664	11
665	11
666	12
667	10
668	14
669	11
670	6
671	13
672	7
673	13
674	7
675	13
676	9
677	11
678	11
679	11
680	9
681	12
682	9
683	8
684	11
685	6
686	13
687	8
688	9
689	15
690	9
691	9
692	15
693	14
694	8
695	10
696	15
697	10
698	7
699	15
700	18
701	11
702	8
703	11
704	12
705	12
706	16
707	13
708	21
709	16
710	12
711	13
712	8
713	12
714	9
715	11
716	17
717	19
718	14
719	14
720	14
721	9
722	10
723	10
724	12
725	13
726	16
727	20
728	15
729	9
730	20
731	11
732	15
733	5
734	20
735	14
736	13
737	18
738	15
739	13
740	19
741	11
742	22
743	9
744	12
745	15
746	21
747	11
748	25
749	22
750	9
751	24
752	11
753	13
754	26
755	13
756	12
757	11
758	17
759	15
760	18
761	13
762	20
763	19
764	13
765	15
766	12
767	18
768	9
769	18
770	24
771	16
772	11
773	13
774	13
775	17
776	15
777	15
778	15
779	13
780	27
781	12
782	14
783	20
784	19
785	15
786	26
787	17
788	16
789	24
790	12
791	11
792	13
793	19
794	16
795	18
796	12
797	13
798	16
799	24
800	12
801	23
802	16
803	17
804	15
805	17
806	19
807	17
808	19
809	30
810	21
811	14
812	23
813	16
814	19
815	9
816	19
817	23
818	17
819	18
820	12
821	17
822	18
823	20
824	20
825	24
826	16
827	15
828	16
829	16
830	18
831	21
832	31
833	20
834	15
835	15
836	18
837	16
838	10
839	23
840	19
841	21
842	15
843	23
844	13
845	17
846	15
847	15
848	19
849	22
850	18
851	18
852	13
853	14
854	22
855	17
856	19
857	18
858	19
859	15
860	25
861	9
862	8
863	30
864	21
865	18
866	18
867	20
868	17
869	23
870	15
871	9
872	12
873	22
874	22
875	16
876	11
877	16
878	15
879	17
880	16
881	12
882	20
883	19
884	22
885	13
886	21
887	23
888	23
889	12
890	12
891	11
892	11
893	11
894	14
895	9
896	12
897	25
898	14
899	18
900	20
901	19
902	15
903	12
904	18
905	24
906	19
907	16
908	12
909	10
910	28
911	21
912	22
913	16
914	12
915	14
916	17
917	18
918	12
919	14
920	19
921	15
922	14
923	12
924	11
925	12
926	14
927	12
928	16
929	20
930	13
931	16
932	15
933	18
934	11
935	25
936	15
937	16
938	14
939	18
940	16
941	18
942	9
943	12
944	12
945	23
946	19
947	16
948	22
949	12
950	16
951	17
952	15
953	19
954	20
955	25
956	20
957	11
958	15
959	12
960	12
961	17
962	13
963	24
964	18
965	17
966	13
967	16
968	11
969	12
970	19
971	14
972	19
973	14
974	27
975	15
976	14
977	20
978	11
979	18
980	17
981	21
982	14
983	14
984	19
985	11
986	18
987	13
988	18
989	18
990	12
991	14
992	17
993	9
994	15
995	19
996	10
997	12
998	6
999	9
1000	18
1001	13
1002	11
1003	24
1004	11
1005	13
1006	11
1007	10
1008	17
1009	12
1010	11
1011	13
1012	8
1013	10
1014	16
1015	13
1016	11
1017	5
1018	22
1019	14
1020	12
1021	12
1022	16
1023	14
1024	11
1025	22
1026	11
1027	15
1028	17
1029	10
1030	11
1031	14
1032	12
1033	9
1034	22
1035	14
1036	19
1037	14
1038	12
1039	9
1040	14
1041	15
1042	14
1043	13
1044	23
1045	14
1046	12
1047	19
1048	16
1049	13
1050	19
1051	10
1052	16
1053	11
1054	11
1055	15
1056	9
1057	16
1058	15
1059	13
1060	19
1061	23
1062	11
1063	16
1064	10
1065	13
1066	16
1067	12
1068	11
1069	17
1070	14
1071	18
1072	21
1073	9
1074	9
1075	15
1076	17
1077	13
1078	18
1079	24
1080	23
1081	14
1082	15
1083	18
1084	15
1085	14
1086	9
1087	18
1088	16
1089	14
1090	9
1091	13
1092	13
1093	12
1094	11
1095	13
1096	10
1097	16
1098	18
1099	19
1100	23
1101	14
1102	11
1103	20
1104	11
1105	19
1106	12
1107	20
1108	14
1109	15
1110	25
1111	14
1112	17
1113	8
1114	15
1115	20
1116	13
1117	19
1118	15
1119	11
1120	12
1121	19
1122	16
1123	20
1124	20
1125	16
1126	15
1127	20
1128	21
1129	20
1130	13
1131	14
1132	19
1133	14
1134	18
1135	10
1136	20
1137	18
1138	17
1139	14
1140	12
1141	17
1142	19
1143	15
1144	14
1145	19
1146	16
1147	12
1148	16
1149	14
1150	19
1151	21
1152	23
1153	12
1154	12
1155	19
1156	13
1157	9
1158	19
1159	18
1160	17
1161	20
1162	16
1163	11
1164	19
1165	23
1166	11
1167	19
1168	17
1169	19
1170	17
1171	16
1172	20
1173	19
1174	12
1175	15
1176	12
1177	13
1178	20
1179	29
1180	15
1181	19
1182	21
1183	19
1184	13
1185	24
1186	13
1187	13
1188	14
1189	22
1190	10
1191	14
1192	25
1193	22
1194	14
1195	18
1196	22
1197	20
1198	19
1199	18
1200	14
1201	13
1202	12
1203	10
1204	19
1205	13
1206	20
1207	26
1208	13
1209	19
1210	19
1211	19
1212	12
1213	14
1214	11
1215	18
1216	13
1217	11
1218	14
1219	25
1220	17
1221	14
1222	20
1223	16
1224	16
1225	16
1226	18
1227	23
1228	16
1229	15
1230	16
1231	23
1232	17
1233	14
1234	18
1235	19
1236	15
1237	8
1238	19
1239	24
1240	18
1241	13
1242	16
1243	10
1244	18
1245	19
1246	19
1247	18
1248	18
1249	15
1250	13
1251	13
1252	18
1253	21
1254	9
1255	13
1256	12
1257	16
1258	16
1259	20
1260	24
1261	20
1262	19
1263	15
1264	19
1265	18
1266	25
1267	20
1268	13
1269	20
1270	13
1271	17
1272	16
1273	18
1274	16
1275	18
1276	17
1277	26
1278	16
1279	18
1280	15
1281	20
1282	21
1283	23
1284	12
1285	21
1286	22
1287	22
1288	26
1289	18
1290	12
1291	21
1292	13
1293	14
1294	20
1295	24
1296	13
1297	22
1298	22
1299	18
1300	18
1301	19
1302	18
1303	21
1304	20
1305	18
1306	12
1307	20
1308	24
1309	21
1310	27
1311	21
1312	24
1313	25
1314	14
1315	22
1316	16
1317	25
1318	16
1319	14
1320	28
1321	15
1322	13
1323	25
1324	26
1325	18
1326	21
1327	15
1328	22
1329	21
1330	22
1331	25
1332	20
1333	18
1334	17
1335	26
1336	18
1337	19
1338	22
1339	16
1340	9
1341	15
1342	22
1343	17
1344	23
1345	25
1346	22
1347	17
1348	23
1349	15
1350	25
1351	18
1352	25
1353	16
1354	20
1355	22
1356	11
1357	14
1358	18
1359	19
1360	28
1361	22
1362	20
1363	18
1364	15
1365	15
1366	23
1367	25
1368	22
1369	13
1370	16
1371	18
1372	16
1373	19
1374	26
1375	24
1376	17
1377	19
1378	20
1379	12
1380	24
1381	19
1382	16
1383	21
1384	20
1385	22
1386	23
1387	24
1388	23
1389	21
1390	15
1391	22
1392	19
1393	18
1394	11
1395	19
1396	18
1397	25
1398	12
1399	16
1400	24
1401	31
1402	13
1403	22
1404	19
1405	20
1406	26
1407	16
1408	24
1409	14
1410	24
1411	18
1412	14
1413	13
1414	19
1415	13
1416	18
1417	23
1418	22
1419	20
1420	24
1421	21
1422	21
1423	24
1424	29
1425	19
1426	18
1427	18
1428	21
1429	19
1430	35
1431	29
1432	19
1433	15
1434	21
1435	19
1436	14
1437	25
1438	12
1439	22
1440	24
1441	24
1442	17
1443	16
1444	24
1445	14
1446	24
1447	12
1448	28
1449	34
1450	17
1451	23
1452	24
1453	23
1454	27
1455	24
1456	18
1457	19
1458	13
1459	18
1460	18
1461	21
1462	22
1463	22
1464	17
1465	30
1466	27
1467	15
1468	25
1469	18
1470	29
1471	27
1472	20
1473	16
1474	22
1475	13
1476	24
1477	17
1478	25
1479	22
1480	24
1481	22
1482	19
1483	19
1484	15
1485	22
1486	18
1487	26
1488	22
1489	23
1490	24
1491	28
1492	23
1493	30
1494	27
1495	22
1496	22
1497	27
1498	26
1499	24
1500	17
1501	21
1502	30
1503	15
1504	20
1505	22
1506	21
1507	25
1508	21
1509	22
1510	25
1511	22
1512	28
1513	21
1514	24
1515	22
1516	12
1517	19
1518	25
1519	20
1520	7
1521	22
1522	22
1523	13
1524	19
1525	16
1526	28
1527	24
1528	23
1529	24
1530	18
1531	22
1532	18
1533	20
1534	23
1535	27
1536	17
1537	31
1538	20
1539	32
1540	13
1541	19
1542	15
1543	31
1544	37
1545	20
1546	22
1547	16
1548	18
1549	29
1550	27
1551	22
1552	12
1553	25
1554	33
1555	25
1556	19
1557	19
1558	31
1559	23
1560	20
1561	19
1562	20
1563	16
1564	20
1565	19
1566	20
1567	20
1568	19
1569	18
1570	28
1571	32
1572	23
1573	21
1574	20
1575	16
1576	24
1577	20
1578	21
1579	24
1580	29
1581	24
1582	19
1583	17
1584	18
1585	21
1586	19
1587	28
1588	23
1589	16
1590	11
1591	26
1592	18
1593	19
1594	23
1595	26
1596	21
1597	23
1598	18
1599	24
1600	27
1601	24
1602	12
1603	18
1604	24
1605	15
1606	21
1607	15
1608	30
1609	28
1610	10
1611	20
1612	19
1613	22
1614	18
1615	20
1616	29
1617	25
1618	16
1619	20
1620	24
1621	20
1622	18
1623	22
1624	31
1625	23
1626	29
1627	19
1628	23
1629	17
1630	27
1631	22
1632	25
1633	21
1634	23
1635	26
1636	28
1637	24
1638	27
1639	23
1640	25
1641	21
1642	23
1643	18
1644	20
1645	21
1646	18
1647	28
1648	12
1649	22
1650	27
1651	24
1652	25
1653	20
1654	21
1655	17
1656	16
1657	21
1658	27
1659	26
1660	21
1661	23
1662	25
1663	23
1664	25
1665	24
1666	30
1667	19
1668	25
1669	24
1670	23
1671	19
1672	30
1673	24
1674	17
1675	21
1676	30
1677	20
1678	12
1679	15
1680	28
1681	27
1682	19
1683	22
1684	22
1685	18
1686	35
1687	19
1688	29
1689	18
1690	23
1691	23
1692	19
1693	25
1694	36
1695	36
1696	22
1697	29
1698	34
1699	36
1700	29
1701	34
1702	25
1703	14
1704	15
1705	25
1706	18
1707	20
1708	20
1709	22
1710	21
1711	27
1712	25
1713	24
1714	23
1715	18
1716	21
1717	19
1718	26
1719	27
1720	24
1721	25
1722	22
1723	23
1724	24
1725	17
1726	16
1727	15
1728	14
1729	23
1730	25
1731	18
1732	20
1733	21
1734	24
1735	26
1736	39
1737	25
1738	26
1739	26
1740	20
1741	21
1742	30
1743	23
1744	19
1745	24
1746	27
1747	21
1748	22
1749	25
1750	24
1751	30
1752	17
1753	21
1754	28
1755	22
1756	23
1757	21
1758	25
1759	22
1760	17
1761	20
1762	24
1763	19
1764	20
1765	26
1766	28
1767	26
1768	28
1769	25
1770	23
1771	23
1772	22
1773	24
1774	28
1775	27
1776	19
1777	21
1778	20
1779	13
1780	22
1781	22
1782	28
1783	23
1784	20
1785	27
1786	25
1787	26
1788	22
1789	25
1790	21
1791	25
1792	23
1793	21
1794	20
1795	22
1796	28
1797	36
1798	19
1799	20
1800	16
1801	20
1802	24
1803	24
1804	23
1805	13
1806	18
1807	33
1808	12
1809	26
1810	21
1811	23
1812	21
1813	18
1814	25
1815	32
1816	19
1817	25
1818	30
1819	17
1820	28
1821	22
1822	24
1823	21
1824	19
1825	29
1826	25
1827	24
1828	28
1829	31
1830	26
1831	29
1832	21
1833	18
1834	13
1835	28
1836	23
1837	12
1838	25
1839	29
1840	23
1841	30
1842	28
1843	26
1844	21
1845	26
1846	24
1847	22
1848	23
1849	19
1850	27
1851	20
1852	12
1853	17
1854	18
1855	25
1856	23
1857	21
1858	30
1859	24
1860	20
1861	27
1862	26
1863	24
1864	32
1865	30
1866	29
1867	28
1868	24
1869	26
1870	14
1871	20
1872	17
1873	27
1874	20
1875	30
1876	24
1877	30
1878	19
1879	25
1880	24
1881	27
1882	28
1883	26
1884	21
1885	27
1886	24
1887	21
1888	23
1889	25
1890	31
1891	34
1892	19
1893	28
1894	26
1895	27
1896	24
1897	20
1898	27
1899	20
1900	27
1901	20
1902	25
1903	30
1904	26
1905	31
1906	28
1907	28
1908	20
1909	19
1910	28
1911	25
1912	27
1913	27
1914	23
1915	21
1916	29
1917	33
1918	22
1919	26
1920	24
1921	29
1922	30
1923	29
1924	25
1925	22
1926	20
1927	29
1928	24
1929	19
1930	22
1931	27
1932	26
1933	18
1934	27
1935	28
1936	25
1937	23
1938	32
1939	19
1940	30
1941	22
1942	28
1943	19
1944	30
1945	21
1946	16
1947	28
1948	28
1949	17
1950	22
1951	32
1952	18
1953	25
1954	24
1955	28
1956	25
1957	17
1958	21
1959	26
1960	30
1961	24
1962	25
1963	22
1964	21
1965	26
1966	26
1967	21
1968	17
1969	25
1970	26
1971	28
1972	23
1973	26
1974	24
1975	11
1976	18
1977	24
1978	29
1979	24
1980	26
1981	27
1982	28
1983	27
1984	27
1985	36
1986	22
1987	23
1988	19
1989	28
1990	30
1991	18
1992	30
1993	37
1994	34
1995	24
1996	19
1997	33
1998	23
1999	29
2000	24
2001	22
2002	24
2003	30
2004	27
2005	31
2006	30
2007	26
2008	29
2009	28
2010	30
2011	19
2012	23
2013	29
2014	17
2015	25
2016	21
2017	29
2018	14
2019	26
2020	26
2021	26
2022	25
2023	29
2024	25
2025	23
2026	22
2027	31
2028	30
2029	20
2030	27
2031	23
2032	20
2033	28
2034	30
2035	22
2036	24
2037	20
2038	29
2039	36
2040	31
2041	26
2042	22
2043	23
2044	26
2045	18
2046	18
2047	20
2048	20
2049	27
2050	37
2051	23
2052	24
2053	28
2054	27
2055	18
2056	19
2057	25
2058	25
2059	19
2060	29
2061	32
2062	16
2063	21
2064	32
2065	24
2066	21
2067	23
2068	26
2069	34
2070	23
2071	26
2072	19
2073	21
2074	26
2075	29
2076	28
2077	29
2078	36
2079	26
2080	26
2081	30
2082	24
2083	29
2084	27
2085	27
2086	20
2087	35
2088	31
2089	22
2090	20
2091	22
2092	22
2093	19
2094	21
2095	24
2096	24
2097	23
2098	26
2099	29
2100	29
2101	20
2102	28
2103	15
2104	27
2105	25
2106	27
2107	30
2108	27
2109	30
2110	20
2111	42
2112	20
2113	20
2114	22
2115	21
2116	30
2117	28
2118	25
2119	23
2120	23
2121	32
2122	21
2123	22
2124	25
2125	30
2126	30
2127	25
2128	20
2129	19
2130	20
2131	28
2132	20
2133	27
2134	32
2135	26
2136	35
2137	25
2138	22
2139	23
2140	14
2141	19
2142	19
2143	22
2144	29
2145	28
2146	23
2147	29
2148	29
2149	31
2150	26
2151	29
2152	24
2153	23
2154	28
2155	18
2156	30
2157	30
2158	24
2159	20
2160	22
2161	24
2162	31
2163	23
2164	31
2165	23
2166	28
2167	22
2168	28
2169	23
2170	30
2171	27
2172	22
2173	28
2174	20
2175	25
2176	29
2177	31
2178	17
2179	16
2180	21
2181	23
2182	16
2183	20
2184	35
2185	23
2186	16
2187	17
2188	25
2189	24
2190	35
2191	27
2192	17
2193	22
2194	35
2195	32
2196	20
2197	16
2198	21
2199	24
2200	31
2201	30
2202	24
2203	28
2204	27
2205	22
2206	23
2207	23
2208	18
2209	30
2210	23
2211	21
2212	23
2213	23
2214	29
2215	31
2216	24
2217	26
2218	26
2219	27
2220	23
2221	26
2222	20
2223	26
2224	27
2225	29
2226	24
2227	31
2228	22
2229	18
2230	30
2231	22
2232	21
2233	18
2234	21
2235	30
2236	25
2237	31
2238	16
2239	24
2240	16
2241	19
2242	21
2243	22
2244	24
2245	22
2246	22
2247	29
2248	34
2249	24
2250	28
2251	32
2252	27
2253	20
2254	20
2255	30
2256	20
2257	29
2258	19
2259	24
2260	17
2261	29
2262	22
2263	24
2264	28
2265	35
2266	21
2267	14
2268	20
2269	23
2270	26
2271	21
2272	23
2273	28
2274	16
2275	21
2276	21
2277	26
2278	27
2279	25
2280	28
2281	17
2282	25
2283	23
2284	32
2285	31
2286	23
2287	16
2288	25
2289	20
2290	29
2291	24
2292	22
2293	26
2294	26
2295	18
2296	30
2297	18
2298	33
2299	21
2300	22
2301	22
2302	15
2303	26
2304	15
2305	25
2306	24
2307	18
2308	21
2309	19
2310	25
2311	21
2312	20
2313	31
2314	28
2315	14
2316	24
2317	23
2318	25
2319	17
2320	23
2321	35
2322	21
2323	16
2324	24
2325	18
2326	30
2327	20
2328	21
2329	23
2330	23
2331	22
2332	18
2333	32
2334	27
2335	19
2336	23
2337	19
2338	29
2339	19
2340	18
2341	28
2342	23
2343	26
2344	23
2345	31
2346	21
2347	17
2348	18
2349	19
2350	32
2351	34
2352	18
2353	20
2354	29
2355	24
2356	20
2357	18
2358	27
2359	11
2360	19
2361	24
2362	14
2363	21
2364	29
2365	19
2366	30
2367	23
2368	16
2369	28
2370	26
2371	17
2372	20
2373	17
2374	20
2375	20
2376	20
2377	14
2378	20
2379	19
2380	18
2381	18
2382	21
2383	15
2384	25
2385	26
2386	20
2387	23
2388	22
2389	20
2390	32
2391	17
2392	23
2393	25
2394	23
2395	23
2396	18
2397	19
2398	24
2399	31
2400	18
2401	23
2402	22
2403	14
2404	15
2405	25
2406	20
2407	27
2408	24
2409	21
2410	24
2411	16
2412	23
2413	17
2414	22
2415	27
2416	23
2417	20
2418	21
2419	21
2420	12
2421	25
2422	22
2423	24
2424	18
2425	23
2426	14
2427	20
2428	21
2429	19
2430	17
2431	27
2432	30
2433	16
2434	27
2435	22
2436	24
2437	18
2438	13
2439	22
2440	22
2441	19
2442	23
2443	20
2444	23
2445	20
2446	18
2447	12
2448	22
2449	13
2450	6
2451	18
2452	22
2453	20
2454	19
2455	25
2456	17
2457	18
2458	15
2459	21
2460	22
2461	17
2462	21
2463	14
2464	23
2465	21
2466	24
2467	25
2468	29
2469	17
2470	21
2471	11
2472	12
2473	20
2474	13
2475	13
2476	21
2477	31
2478	15
2479	21
2480	12
2481	18
2482	17
2483	17
2484	27
2485	17
2486	14
2487	17
2488	18
2489	19
2490	18
2491	16
2492	21
2493	25
2494	18
2495	25
2496	17
2497	18
2498	16
2499	19
2500	25
2501	17
2502	24
2503	15
2504	22
2505	23
2506	18
2507	22
2508	27
2509	18
2510	24
2511	16
2512	27
2513	10
2514	21
2515	28
2516	15
2517	14
2518	16
2519	21
2520	20
2521	17
2522	26
2523	22
2524	26
2525	21
2526	17
2527	23
2528	12
2529	21
2530	17
2531	15
2532	18
2533	16
2534	22
2535	27
2536	27
2537	16
2538	9
2539	25
2540	22
2541	21
2542	27
2543	19
2544	25
2545	23
2546	17
2547	17
2548	20
2549	15
2550	20
2551	27
2552	14
2553	32
2554	20
2555	25
2556	20
2557	17
2558	22
2559	20
2560	16
2561	20
2562	21
2563	12
2564	31
2565	30
2566	22
2567	11
2568	17
2569	20
2570	23
2571	22
2572	20
2573	23
2574	18
2575	22
2576	14
2577	14
2578	19
2579	14
2580	15
2581	18
2582	15
2583	20
2584	14
2585	17
2586	11
2587	13
2588	17
2589	24
2590	16
2591	18
2592	15
2593	16
2594	19
2595	16
2596	21
2597	23
2598	18
2599	16
2600	15
2601	27
2602	21
2603	22
2604	24
2605	23
2606	27
2607	15
2608	11
2609	16
2610	23
2611	25
2612	9
2613	12
2614	17
2615	22
2616	22
2617	21
2618	14
2619	17
2620	12
2621	16
2622	28
2623	14
2624	23
2625	25
2626	17
2627	22
2628	21
2629	10
2630	15
2631	18
2632	24
2633	15
2634	18
2635	14
2636	25
2637	17
2638	15
2639	17
2640	16
2641	18
2642	26
2643	20
2644	12
2645	16
2646	13
2647	18
2648	24
2649	23
2650	12
2651	23
2652	17
2653	10
2654	7
2655	14
2656	29
2657	13
2658	17
2659	27
2660	22
2661	15
2662	17
2663	25
2664	19
2665	12
2666	23
2667	19
2668	15
2669	24
2670	16
2671	15
2672	13
2673	16
2674	18
2675	18
2676	13
2677	20
2678	17
2679	15
2680	16
2681	13
2682	23
2683	14
2684	21
2685	12
2686	19
2687	21
2688	18
2689	17
2690	24
2691	22
2692	19
2693	26
2694	26
2695	19
2696	28
2697	15
2698	17
2699	22
2700	16
2701	11
2702	9
2703	23
2704	8
2705	16
2706	14
2707	20
2708	15
2709	19
2710	18
2711	16
2712	23
2713	14
2714	19
2715	7
2716	15
2717	21
2718	18
2719	22
2720	27
2721	11
2722	11
2723	23
2724	13
2725	13
2726	21
2727	11
2728	13
2729	16
2730	18
2731	12
2732	18
2733	19
2734	6
2735	18
2736	19
2737	15
2738	17
2739	14
2740	9
2741	17
2742	12
2743	17
2744	13
2745	15
2746	16
2747	18
2748	16
2749	19
2750	18
2751	13
2752	19
2753	20
2754	11
2755	14
2756	13
2757	14
2758	12
2759	19
2760	22
2761	13
2762	12
2763	22
2764	18
2765	15
2766	18
2767	13
2768	12
2769	21
2770	15
2771	14
2772	18
2773	20
2774	16
2775	14
2776	18
2777	21
2778	16
2779	23
2780	17
2781	12
2782	12
2783	19
2784	14
2785	15
2786	18
2787	19
2788	23
2789	19
2790	22
2791	15
2792	15
2793	12
2794	8
2795	19
2796	15
2797	25
2798	18
2799	16
2800	15
2801	17
2802	15
2803	21
2804	15
2805	17
2806	19
2807	14
2808	16
2809	13
2810	14
2811	21
2812	15
2813	15
2814	20
2815	18
2816	20
2817	16
2818	8
2819	15
2820	20
2821	12
2822	13
2823	12
2824	18
2825	16
2826	17
2827	17
2828	23
2829	14
2830	17
2831	19
2832	13
2833	16
2834	14
2835	21
2836	11
2837	14
2838	8
2839	14
2840	22
2841	11
2842	19
2843	15
2844	18
2845	13
2846	21
2847	12
2848	20
2849	14
2850	20
2851	24
2852	13
2853	21
2854	14
2855	11
2856	17
2857	16
2858	17
2859	12
2860	17
2861	23
2862	19
2863	11
2864	19
2865	18
2866	15
2867	16
2868	18
2869	14
2870	18
2871	16
2872	17
2873	19
2874	13
2875	24
2876	12
2877	20
2878	14
2879	15
2880	7
2881	18
2882	12
2883	19
2884	10
2885	20
2886	16
2887	15
2888	13
2889	20
2890	19
2891	14
2892	11
2893	19
2894	18
2895	14
2896	11
2897	13
2898	21
2899	11
2900	19
2901	17
2902	15
2903	12
2904	14
2905	20
2906	13
2907	21
2908	16
2909	12
2910	17
2911	19
2912	20
2913	21
2914	16
2915	18
2916	17
2917	12
2918	14
2919	10
2920	18
2921	13
2922	15
2923	10
2924	11
2925	13
2926	16
2927	15
2928	19
2929	24
2930	15
2931	12
2932	15
2933	15
2934	15
2935	15
2936	14
2937	15
2938	19
2939	15
2940	15
2941	15
2942	16
2943	20
2944	18
2945	11
2946	15
2947	10
2948	9
2949	17
2950	12
2951	16
2952	15
2953	14
2954	17
2955	11
2956	17
2957	18
2958	11
2959	10
2960	13
2961	12
2962	9
2963	17
2964	19
2965	23
2966	16
2967	20
2968	11
2969	15
2970	14
2971	16
2972	22
2973	11
2974	16
2975	14
2976	8
2977	18
2978	17
2979	13
2980	13
2981	14
2982	20
2983	10
2984	16
2985	13
2986	22
2987	12
2988	22
2989	16
2990	12
2991	14
2992	10
2993	17
2994	23
2995	13
2996	17
2997	13
2998	9
2999	16
3000	16
3001	16
3002	11
3003	21
3004	13
3005	15
3006	19
3007	11
3008	13
3009	20
3010	25
3011	13
3012	7
3013	18
3014	21
3015	11
3016	15
3017	13
3018	16
3019	13
3020	11
3021	19
3022	12
3023	14
3024	13
3025	14
3026	15
3027	20
3028	17
3029	18
3030	14
3031	10
3032	19
3033	16
3034	18
3035	14
3036	18
3037	18
3038	18
3039	19
3040	21
3041	12
3042	9
3043	15
3044	19
3045	15
3046	19
3047	12
3048	17
3049	10
3050	22
3051	6
3052	8
3053	16
3054	14
3055	14
3056	14
3057	10
3058	18
3059	16
3060	18
3061	18
3062	12
3063	12
3064	16
3065	15
3066	14
3067	21
3068	11
3069	15
3070	15
3071	15
3072	17
3073	14
3074	9
3075	18
3076	17
3077	13
3078	22
3079	15
3080	20
3081	17
3082	15
3083	20
3084	15
3085	20
3086	15
3087	15
3088	12
3089	13
3090	12
3091	10
3092	13
3093	11
3094	18
3095	7
3096	14
3097	16
3098	12
3099	10
3100	13
3101	18
3102	17
3103	16
3104	9
3105	16
3106	18
3107	15
3108	15
3109	16
3110	12
3111	16
3112	14
3113	12
3114	10
3115	8
3116	7
3117	17
3118	20
3119	21
3120	9
3121	16
3122	25
3123	13
3124	14
3125	17
3126	11
3127	13
3128	19
3129	20
3130	13
3131	18
3132	11
3133	16
3134	19
3135	15
3136	13
3137	18
3138	15
3139	13
3140	12
3141	13
3142	16
3143	20
3144	22
3145	9
3146	14
3147	11
3148	10
3149	15
3150	15
3151	18
3152	18
3153	18
3154	15
3155	14
3156	19
3157	15
3158	17
3159	17
3160	15
3161	18
3162	15
3163	12
3164	18
3165	8
3166	12
3167	21
3168	17
3169	14
3170	19
3171	14
3172	15
3173	8
3174	11
3175	9
3176	17
3177	13
3178	15
3179	16
3180	14
3181	11
3182	13
3183	18
3184	15
3185	11
3186	11
3187	18
3188	17
3189	11
3190	15
3191	17
3192	12
3193	12
3194	13
3195	14
3196	14
3197	13
3198	14
3199	14
3200	15
3201	15
3202	10
3203	13
3204	13
3205	17
3206	14
3207	22
3208	19
3209	15
3210	7
3211	15
3212	13
3213	11
3214	13
3215	19
3216	15
3217	18
3218	14
3219	15
3220	15
3221	11
3222	5
3223	20
3224	15
3225	14
3226	20
3227	17
3228	11
3229	11
3230	9
3231	11
3232	14
3233	11
3234	9
3235	10
3236	16
3237	11
3238	11
3239	14
3240	19
3241	10
3242	13
3243	18
3244	20
3245	4
3246	13
3247	12
3248	14
3249	17
3250	13
3251	17
3252	23
3253	13
3254	15
3255	9
3256	20
3257	19
3258	10
3259	19
3260	9
3261	14
3262	17
3263	12
3264	10
3265	10
3266	14
3267	18
3268	18
3269	11
3270	9
3271	17
3272	15
3273	13
3274	14
3275	21
3276	17
3277	17
3278	15
3279	11
3280	12
3281	13
3282	12
3283	15
3284	19
3285	16
3286	15
3287	14
3288	19
3289	10
3290	9
3291	13
3292	18
3293	6
3294	13
3295	13
3296	11
3297	12
3298	11
3299	15
3300	12
3301	18
3302	14
3303	12
3304	16
3305	11
3306	16
3307	9
3308	12
3309	13
3310	10
3311	13
3312	18
3313	10
3314	19
3315	15
3316	14
3317	13
3318	14
3319	21
3320	20
3321	10
3322	10
3323	12
3324	8
3325	13
3326	14
3327	14
3328	13
3329	7
3330	7
3331	13
3332	22
3333	13
3334	12
3335	13
3336	13
3337	4
3338	15
3339	15
3340	12
3341	15
3342	9
3343	13
3344	7
3345	14
3346	11
3347	13
3348	10
3349	13
3350	21
3351	14
3352	11
3353	9
3354	14
3355	13
3356	10
3357	9
3358	14
3359	20
3360	13
3361	11
3362	10
3363	11
3364	13
3365	17
3366	8
3367	17
3368	19
3369	15
3370	17
3371	9
3372	23
3373	16
3374	14
3375	13
3376	14
3377	9
3378	17
3379	6
3380	19
3381	14
3382	8
3383	11
3384	11
3385	18
3386	17
3387	18
3388	16
3389	13
3390	9
3391	23
3392	23
3393	15
3394	8
3395	10
3396	12
3397	16
3398	13
3399	14
3400	15
3401	12
3402	17
3403	13
3404	7
3405	13
3406	9
3407	17
3408	11
3409	15
3410	14
3411	16
3412	12
3413	7
3414	10
3415	7
3416	9
3417	11
3418	17
3419	10
3420	9
3421	12
3422	20
3423	9
3424	9
3425	26
3426	15
3427	12
3428	17
3429	13
3430	15
3431	16
3432	14
3433	19
3434	13
3435	20
3436	16
3437	7
3438	13
3439	12
3440	14
3441	12
3442	14
3443	14
3444	13
3445	10
3446	13
3447	9
3448	10
3449	18
3450	10
3451	11
3452	15
3453	16
3454	19
3455	15
3456	5
3457	8
3458	12
3459	10
3460	11
3461	13
3462	12
3463	16
3464	10
3465	12
3466	10
3467	14
3468	8
3469	18
3470	11
3471	18
3472	14
3473	10
3474	16
3475	11
3476	14
3477	13
3478	18
3479	7
3480	11
3481	15
3482	9
3483	7
3484	8
3485	16
3486	16
3487	12
3488	15
3489	14
3490	16
3491	13
3492	17
3493	9
3494	14
3495	8
3496	10
3497	9
3498	13
3499	18
3500	18
3501	15
3502	12
3503	17
3504	13
3505	13
3506	13
3507	6
3508	14
3509	16
3510	16
3511	12
3512	24
3513	12
3514	16
3515	9
3516	17
3517	9
3518	13
3519	11
3520	10
3521	22
3522	8
3523	6
3524	16
3525	13
3526	11
3527	13
3528	10
3529	25
3530	19
3531	14
3532	15
3533	20
3534	10
3535	15
3536	12
3537	8
3538	9
3539	14
3540	18
3541	11
3542	13
3543	8
3544	15
3545	8
3546	11
3547	21
3548	12
3549	16
3550	14
3551	11
3552	11
3553	12
3554	11
3555	11
3556	10
3557	5
3558	17
3559	12
3560	14
3561	9
3562	10
3563	9
3564	15
3565	16
3566	10
3567	15
3568	12
3569	13
3570	12
3571	10
3572	10
3573	17
3574	15
3575	11
3576	14
3577	17
3578	12
3579	14
3580	15
3581	12
3582	10
3583	8
3584	13
3585	9
3586	16
3587	12
3588	14
3589	13
3590	9
3591	14
3592	6
3593	11
3594	17
3595	11
3596	18
3597	11
3598	13
3599	13
3600	17
3601	13
3602	8
3603	12
3604	13
3605	13
3606	15
3607	17
3608	13
3609	13
3610	12
3611	14
3612	12
3613	20
3614	12
3615	17
3616	10
3617	17
3618	13
3619	12
3620	15
3621	15
3622	9
3623	11
3624	14
3625	17
3626	15
3627	15
3628	17
3629	10
3630	12
3631	12
3632	14
3633	11
3634	12
3635	15
3636	8
3637	12
3638	15
3639	8
3640	15
3641	14
3642	10
3643	16
3644	12
3645	8
3646	13
3647	6
3648	11
3649	13
3650	16
3651	14
3652	11
3653	8
3654	19
3655	21
3656	9
3657	15
3658	15
3659	14
3660	14
3661	12
3662	7
3663	12
3664	13
3665	11
3666	13
3667	12
3668	10
3669	7
3670	11
3671	9
3672	13
3673	16
3674	15
3675	16
3676	16
3677	8
3678	8
3679	17
3680	11
3681	13
3682	15
3683	11
3684	7
3685	12
3686	8
3687	13
3688	12
3689	15
3690	13
3691	9
3692	9
3693	20
3694	15
3695	9
3696	11
3697	12
3698	8
3699	17
3700	14
3701	12
3702	8
3703	13
3704	11
3705	13
3706	15
3707	15
3708	15
3709	17
3710	10
3711	12
3712	17
3713	12
3714	15
3715	11
3716	8
3717	11
3718	9
3719	7
3720	6
3721	13
3722	13
3723	7
3724	13
3725	14
3726	13
3727	9
3728	7
3729	7
3730	12
3731	15
3732	10
3733	15
3734	11
3735	11
3736	19
3737	12
3738	13
3739	11
3740	8
3741	11
3742	9
3743	6
3744	18
3745	7
3746	10
3747	17
3748	13
3749	8
3750	14
3751	10
3752	10
3753	9
3754	18
3755	14
3756	11
3757	8
3758	9
3759	17
3760	11
3761	16
3762	19
3763	10
3764	14
3765	18
3766	9
3767	9
3768	17
3769	7
3770	9
3771	12
3772	10
3773	12
3774	10
3775	10
3776	12
3777	9
3778	14
3779	15
3780	9
3781	17
3782	11
3783	12
3784	11
3785	15
3786	9
3787	11
3788	12
3789	12
3790	14
3791	13
3792	15
3793	18
3794	12
3795	9
3796	12
3797	8
3798	7
3799	17
3800	11
3801	11
3802	15
3803	14
3804	10
3805	12
3806	11
3807	15
3808	10
3809	9
3810	13
3811	16
3812	7
3813	6
3814	7
3815	16
3816	10
3817	11
3818	16
3819	11
3820	14
3821	12
3822	7
3823	14
3824	7
3825	11
3826	8
3827	12
3828	20
3829	15
3830	10
3831	8
3832	12
3833	9
3834	10
3835	7
3836	7
3837	9
3838	10
3839	9
3840	15
3841	12
3842	9
3843	18
3844	12
3845	13
3846	7
3847	18
3848	11
3849	12
3850	13
3851	10
3852	12
3853	16
3854	9
3855	8
3856	20
3857	21
3858	19
3859	11
3860	19
3861	13
3862	13
3863	11
3864	5
3865	24
3866	11
3867	12
3868	12
3869	11
3870	17
3871	13
3872	11
3873	7
3874	9
3875	15
3876	14
3877	11
3878	7
3879	12
3880	20
3881	9
3882	14
3883	11
3884	18
3885	14
3886	15
3887	10
3888	11
3889	10
3890	19
3891	9
3892	13
3893	11
3894	18
3895	13
3896	15
3897	11
3898	13
3899	11
3900	13
3901	11
3902	10
3903	17
3904	10
3905	13
3906	16
3907	16
3908	16
3909	12
3910	8
3911	8
3912	12
3913	3
3914	11
3915	12
3916	7
3917	11
3918	15
3919	14
3920	13
3921	11
3922	11
3923	20
3924	15
3925	9
3926	15
3927	15
3928	8
3929	9
3930	11
3931	12
3932	7
3933	14
3934	16
3935	11
3936	8
3937	10
3938	17
3939	7
3940	8
3941	8
3942	3
3943	10
3944	13
3945	8
3946	10
3947	10
3948	10
3949	18
3950	10
3951	10
3952	11
3953	4
3954	11
3955	7
3956	11
3957	8
3958	12
3959	10
3960	9
3961	11
3962	10
3963	6
3964	10
3965	17
3966	9
3967	21
3968	13
3969	11
3970	15
3971	13
3972	11
3973	10
3974	9
3975	15
3976	13
3977	15
3978	7
3979	11
3980	12
3981	15
3982	9
3983	11
3984	11
3985	11
3986	11
3987	7
3988	15
3989	9
3990	13
3991	16
3992	18
3993	17
3994	7
3995	11
3996	9
3997	13
3998	14
3999	10
4000	9
4001	14
4002	16
4003	19
4004	9
4005	9
4006	8
4007	12
4008	11
4009	6
4010	11
4011	13
4012	10
4013	9
4014	13
4015	11
4016	14
4017	12
4018	17
4019	7
4020	11
4021	12
4022	9
4023	12
4024	9
4025	13
4026	8
4027	9
4028	14
4029	17
4030	8
4031	6
4032	15
4033	16
4034	10
4035	14
4036	9
4037	9
4038	13
4039	13
4040	17
4041	11
4042	11
4043	9
4044	10
4045	14
4046	9
4047	10
4048	15
4049	13
4050	13
4051	10
4052	10
4053	10
4054	7
4055	10
4056	19
4057	11
4058	9
4059	11
4060	10
4061	8
4062	12
4063	9
4064	18
4065	10
4066	8
4067	4
4068	13
4069	12
4070	11
4071	9
4072	10
4073	9
4074	15
4075	9
4076	12
4077	9
4078	17
4079	6
4080	8
4081	11
4082	11
4083	15
4084	9
4085	13
4086	6
4087	12
4088	9
4089	12
4090	8
4091	9
4092	16
4093	12
4094	11
4095	9
4096	5
4097	8
4098	13
4099	10
4100	9
4101	15
4102	10
4103	11
4104	13
4105	11
4106	11
4107	10
4108	12
4109	8
4110	12
4111	5
4112	9
4113	10
4114	13
4115	10
4116	13
4117	11
4118	13
4119	14
4120	10
4121	15
4122	12
4123	17
4124	13
4125	6
4126	10
4127	7
4128	12
4129	5
4130	8
4131	10
4132	8
4133	16
4134	11
4135	7
4136	11
4137	12
4138	8
4139	13
4140	15
4141	13
4142	12
4143	14
4144	15
4145	13
4146	10
4147	12
4148	8
4149	9
4150	13
4151	9
4152	8
4153	9
4154	9
4155	9
4156	8
4157	12
4158	7
4159	12
4160	12
4161	14
4162	16
4163	11
4164	9
4165	5
4166	13
4167	8
4168	10
4169	7
4170	8
4171	12
4172	8
4173	10
4174	13
4175	14
4176	13
4177	8
4178	6
4179	9
4180	13
4181	11
4182	13
4183	10
4184	13
4185	6
4186	13
4187	9
4188	10
4189	20
4190	8
4191	15
4192	10
4193	8
4194	9
4195	10
4196	16
4197	10
4198	8
4199	15
4200	14
4201	9
4202	10
4203	10
4204	10
4205	10
4206	7
4207	8
4208	9
4209	12
4210	11
4211	12
4212	7
4213	9
4214	18
4215	9
4216	9
4217	17
4218	18
4219	9
4220	16
4221	13
4222	10
4223	5
4224	9
4225	9
4226	6
4227	9
4228	12
4229	5
4230	11
4231	9
4232	9
4233	17
4234	8
4235	12
4236	10
4237	12
4238	11
4239	8
4240	12
4241	10
4242	10
4243	15
4244	7
4245	16
4246	6
4247	11
4248	7
4249	8
4250	13
4251	9
4252	13
4253	15
4254	7
4255	17
4256	9
4257	18
4258	15
4259	16
4260	8
4261	9
4262	16
4263	10
4264	8
4265	7
4266	15
4267	9
4268	12
4269	11
4270	19
4271	7
4272	15
4273	10
4274	21
4275	13
4276	9
4277	9
4278	13
4279	11
4280	11
4281	7
4282	13
4283	8
4284	12
4285	8
4286	6
4287	8
4288	8
4289	12
4290	16
4291	10
4292	11
4293	10
4294	7
4295	9
4296	7
4297	8
4298	13
4299	10
4300	9
4301	14
4302	10
4303	14
4304	10
4305	5
4306	12
4307	5
4308	7
4309	8
4310	11
4311	9
4312	2
4313	13
4314	5
4315	14
4316	11
4317	11
4318	13
4319	12
4320	6
4321	11
4322	10
4323	8
4324	13
4325	10
4326	11
4327	13
4328	15
4329	8
4330	14
4331	9
4332	12
4333	7
4334	8
4335	9
4336	11
4337	2
4338	12
4339	11
4340	9
4341	12
4342	10
4343	11
4344	10
4345	21
4346	12
4347	8
4348	5
4349	6
4350	17
4351	6
4352	3
4353	8
4354	9
4355	10
4356	14
4357	8
4358	11
4359	9
4360	15
4361	11
4362	8
4363	7
4364	11
4365	8
4366	10
4367	10
4368	12
4369	10
4370	8
4371	8
4372	8
4373	13
4374	13
4375	13
4376	11
4377	11
4378	12
4379	6
4380	15
4381	8
4382	8
4383	11
4384	8
4385	15
4386	5
4387	9
4388	7
4389	9
4390	12
4391	7
4392	7
4393	13
4394	14
4395	4
4396	9
4397	8
4398	11
4399	14
4400	10
4401	11
4402	8
4403	8
4404	11
4405	12
4406	15
4407	7
4408	13
4409	3
4410	13
4411	14
4412	10
4413	9
4414	6
4415	8
4416	2
4417	8
4418	9
4419	8
4420	19
4421	7
4422	12
4423	10
4424	7
4425	13
4426	11
4427	6
4428	11
4429	12
4430	13
4431	10
4432	11
4433	9
4434	14
4435	13
4436	7
4437	4
4438	3
4439	7
4440	3
4441	8
4442	6
4443	9
4444	10
4445	11
4446	9
4447	7
4448	8
4449	18
4450	8
4451	8
4452	9
4453	4
4454	15
4455	10
4456	7
4457	15
4458	9
4459	9
4460	11
4461	13
4462	7
4463	13
4464	14
4465	10
4466	12
4467	12
4468	7
4469	15
4470	8
4471	7
4472	12
4473	8
4474	18
4475	13
4476	7
4477	13
4478	9
4479	5
4480	5
4481	9
4482	7
4483	17
4484	9
4485	10
4486	8
4487	14
4488	9
4489	11
4490	12
4491	9
4492	12
4493	16
4494	10
4495	10
4496	11
4497	11
4498	13
4499	11
4500	8
4501	9
4502	7
4503	9
4504	7
4505	8
4506	12
4507	8
4508	3
4509	13
4510	12
4511	14
4512	4
4513	9
4514	10
4515	8
4516	15
4517	8
4518	3
4519	10
4520	8
4521	8
4522	7
4523	12
4524	14
4525	5
4526	6
4527	9
4528	9
4529	9
4530	5
4531	10
4532	11
4533	7
4534	13
4535	8
4536	8
4537	7
4538	8
4539	10
4540	6
4541	10
4542	12
4543	11
4544	7
4545	4
4546	9
4547	8
4548	6
4549	7
4550	12
4551	10
4552	8
4553	9
4554	8
4555	11
4556	10
4557	9
4558	15
4559	5
4560	12
4561	8
4562	12
4563	12
4564	11
4565	14
4566	6
4567	11
4568	8
4569	12
4570	8
4571	11
4572	10
4573	13
4574	9
4575	4
4576	6
4577	7
4578	10
4579	13
4580	8
4581	7
4582	12
4583	5
4584	5
4585	13
4586	6
4587	8
4588	17
4589	7
4590	9
4591	8
4592	9
4593	11
4594	8
4595	5
4596	5
4597	10
4598	14
4599	12
4600	11
4601	7
4602	6
4603	7
4604	18
4605	6
4606	9
4607	9
4608	9
4609	8
4610	6
4611	9
4612	9
4613	11
4614	7
4615	12
4616	12
4617	13
4618	6
4619	10
4620	5
4621	9
4622	7
4623	6
4624	10
4625	8
4626	7
4627	13
4628	5
4629	9
4630	11
4631	8
4632	5
4633	10
4634	10
4635	9
4636	10
4637	12
4638	14
4639	13
4640	10
4641	10
4642	12
4643	8
4644	10
4645	14
4646	12
4647	6
4648	11
4649	9
4650	11
4651	11
4652	12
4653	9
4654	11
4655	9
4656	9
4657	10
4658	9
4659	19
4660	12
4661	5
4662	9
4663	5
4664	5
4665	5
4666	8
4667	7
4668	7
4669	12
4670	9
4671	13
4672	12
4673	12
4674	9
4675	9
4676	15
4677	12
4678	11
4679	16
4680	13
4681	7
4682	10
4683	6
4684	4
4685	9
4686	10
4687	12
4688	9
4689	8
4690	15
4691	4
4692	11
4693	10
4694	4
4695	10
4696	7
4697	5
4698	14
4699	12
4700	10
4701	10
4702	11
4703	10
4704	6
4705	12
4706	15
4707	6
4708	13
4709	5
4710	5
4711	12
4712	5
4713	9
4714	12
4715	10
4716	12
4717	11
4718	4
4719	9
4720	10
4721	7
4722	12
4723	5
4724	16
4725	12
4726	10
4727	13
4728	15
4729	6
4730	10
4731	7
4732	14
4733	9
4734	9
4735	8
4736	10
4737	12
4738	10
4739	8
4740	15
4741	9
4742	7
4743	10
4744	4
4745	10
4746	10
4747	5
4748	11
4749	10
4750	14
4751	11
4752	9
4753	14
4754	8
4755	6
4756	13
4757	10
4758	8
4759	5
4760	9
4761	8
4762	6
4763	3
4764	9
4765	12
4766	10
4767	7
4768	8
4769	12
4770	8
4771	10
4772	8
4773	8
4774	7
4775	9
4776	15
4777	5
4778	7
4779	11
4780	13
4781	10
4782	7
4783	12
4784	12
4785	5
4786	10
4787	12
4788	4
4789	14
4790	7
4791	6
4792	7
4793	7
4794	12
4795	12
4796	12
4797	7
4798	8
4799	11
4800	8
4801	14
4802	12
4803	7
4804	13
4805	6
4806	7
4807	14
4808	4
4809	3
4810	9
4811	10
4812	3
4813	8
4814	8
4815	4
4816	12
4817	8
4818	9
4819	10
4820	7
4821	7
4822	9
4823	13
4824	5
4825	8
4826	6
4827	6
4828	10
4829	7
4830	9
4831	9
4832	6
4833	10
4834	12
4835	11
4836	12
4837	5
4838	7
4839	6
4840	6
4841	13
4842	7
4843	6
4844	5
4845	8
4846	5
4847	9
4848	3
4849	13
4850	7
4851	11
4852	9
4853	5
4854	9
4855	9
4856	8
4857	5
4858	6
4859	8
4860	8
4861	10
4862	5
4863	7
4864	13
4865	4
4866	10
4867	6
4868	7
4869	11
4870	14
4871	8
4872	6
4873	9
4874	9
4875	5
4876	6
4877	6
4878	7
4879	11
4880	8
4881	7
4882	5
4883	15
4884	14
4885	10
4886	10
4887	6
4888	12
4889	9
4890	9
4891	5
4892	11
4893	12
4894	4
4895	5
4896	8
4897	11
4898	12
4899	7
4900	13
4901	8
4902	9
4903	7
4904	7
4905	10
4906	5
4907	11
4908	11
4909	9
4910	8
4911	10
4912	5
4913	7
4914	7
4915	11
4916	15
4917	7
4918	12
4919	10
4920	4
4921	7
4922	8
4923	9
4924	4
4925	3
4926	16
4927	8
4928	10
4929	10
4930	4
4931	13
4932	2
4933	8
4934	10
4935	8
4936	16
4937	5
4938	11
4939	10
4940	15
4941	9
4942	11
4943	10
4944	8
4945	10
4946	11
4947	5
4948	8
4949	9
4950	8
4951	6
4952	15
4953	6
4954	5
4955	10
4956	7
4957	10
4958	11
4959	8
4960	9
4961	7
4962	7
4963	7
4964	10
4965	13
4966	5
4967	8
4968	14
4969	4
4970	15
4971	7
4972	14
4973	7
4974	9
4975	9
4976	9
4977	11
4978	9
4979	7
4980	5
4981	7
4982	9
4983	8
4984	7
4985	7
4986	10
4987	3
4988	7
4989	11
4990	11
4991	6
4992	6
4993	7
4994	11
4995	11
4996	7
4997	10
4998	5
4999	6
5000	10
5001	6
5002	8
5003	8
5004	6
5005	11
5006	12
5007	9
5008	8
5009	10
5010	13
5011	8
5012	10
5013	11
5014	10
5015	4
5016	8
5017	5
5018	10
5019	9
5020	8
5021	5
5022	12
5023	11
5024	11
5025	6
5026	12
5027	5
5028	8
5029	11
5030	5
5031	13
5032	10
5033	6
5034	6
5035	6
5036	8
5037	5
5038	6
5039	10
5040	13
5041	14
5042	8
5043	11
5044	8
5045	15
5046	15
5047	6
5048	11
5049	9
5050	8
5051	11
5052	7
5053	7
5054	7
5055	16
5056	10
5057	14
5058	9
5059	8
5060	7
5061	8
5062	5
5063	17
5064	10
5065	7
5066	11
5067	8
5068	8
5069	11
5070	12
5071	9
5072	8
5073	4
5074	9
5075	11
5076	4
5077	7
5078	9
5079	7
5080	13
5081	13
5082	9
5083	9
5084	9
5085	8
5086	8
5087	6
5088	9
5089	13
5090	7
5091	11
5092	7
5093	4
5094	5
5095	11
5096	10
5097	10
5098	13
5099	6
5100	7
5101	2
5102	12
5103	12
5104	11
5105	7
5106	11
5107	8
5108	10
5109	4
5110	6
5111	5
5112	13
5113	12
5114	9
5115	11
5116	9
5117	8
5118	9
5119	9
5120	12
5121	7
5122	11
5123	7
5124	5
5125	7
5126	4
5127	13
5128	9
5129	9
5130	9
5131	5
5132	12
5133	9
5134	7
5135	11
5136	8
5137	7
5138	13
5139	3
5140	12
5141	10
5142	13
5143	8
5144	14
5145	7
5146	8
5147	10
5148	6
5149	6
5150	10
5151	6
5152	10
5153	3
5154	10
5155	11
5156	8
5157	9
5158	4
5159	7
5160	9
5161	8
5162	10
5163	5
5164	11
5165	7
5166	8
5167	7
5168	7
5169	11
5170	6
5171	6
5172	10
5173	8
5174	10
5175	9
5176	10
5177	9
5178	11
5179	7
5180	8
5181	8
5182	10
5183	6
5184	20
5185	9
5186	9
5187	6
5188	14
5189	11
5190	8
5191	7
5192	10
5193	11
5194	16
5195	12
5196	7
5197	14
5198	8
5199	15
5200	4
5201	3
5202	13
5203	5
5204	11
5205	7
5206	9
5207	8
5208	8
5209	8
5210	8
5211	7
5212	8
5213	10
5214	8
5215	7
5216	8
5217	10
5218	4
5219	7
5220	9
5221	8
5222	16
5223	15
5224	7
5225	10
5226	5
5227	7
5228	7
5229	8
5230	3
5231	13
5232	8
5233	6
5234	8
5235	11
5236	11
5237	8
5238	6
5239	8
5240	10
5241	13
5242	5
5243	9
5244	5
5245	6
5246	6
5247	11
5248	4
5249	17
5250	5
5251	9
5252	14
5253	7
5254	11
5255	8
5256	14
5257	9
5258	10
5259	9
5260	7
5261	7
5262	5
5263	6
5264	10
5265	7
5266	11
5267	6
5268	14
5269	11
5270	10
5271	7
5272	7
5273	12
5274	6
5275	7
5276	8
5277	9
5278	7
5279	8
5280	7
5281	4
5282	7
5283	8
5284	5
5285	7
5286	12
5287	5
5288	15
5289	6
5290	10
5291	10
5292	14
5293	10
5294	7
5295	9
5296	10
5297	9
5298	4
5299	11
5300	8
5301	10
5302	7
5303	8
5304	11
5305	3
5306	9
5307	8
5308	13
5309	14
5310	8
5311	9
5312	10
5313	8
5314	16
5315	5
5316	3
5317	11
5318	7
5319	12
5320	3
5321	7
5322	6
5323	9
5324	8
5325	9
5326	9
5327	11
5328	6
5329	14
5330	14
5331	13
5332	11
5333	8
5334	11
5335	7
5336	13
5337	11
5338	8
5339	11
5340	11
5341	8
5342	10
5343	10
5344	9
5345	10
5346	9
5347	8
5348	13
5349	7
5350	7
5351	9
5352	9
5353	10
5354	8
5355	12
5356	5
5357	8
5358	9
5359	9
5360	6
5361	4
5362	11
5363	16
5364	5
5365	13
5366	13
5367	12
5368	5
5369	5
5370	6
5371	12
5372	7
5373	9
5374	8
5375	9
5376	7
5377	6
5378	6
5379	9
5380	6
5381	13
5382	6
5383	6
5384	6
5385	7
5386	4
5387	6
5388	9
5389	7
5390	11
5391	8
5392	10
5393	11
5394	14
5395	17
5396	12
5397	6
5398	6
5399	9
5400	9
5401	9
5402	10
5403	7
5404	8
5405	9
5406	3
5407	9
5408	12
5409	4
5410	14
5411	5
5412	9
5413	9
5414	11
5415	8
5416	8
5417	9
5418	5
5419	14
5420	5
5421	9
5422	13
5423	7
5424	9
5425	13
5426	8
5427	8
5428	12
5429	14
5430	12
5431	6
5432	7
5433	6
5434	7
5435	14
5436	4
5437	1
5438	9
5439	8
5440	11
5441	13
5442	14
5443	10
5444	9
5445	12
5446	8
5447	11
5448	9
5449	9
5450	17
5451	8
5452	9
5453	6
5454	11
5455	16
5456	6
5457	7
5458	9
5459	7
5460	12
5461	7
5462	11
5463	6
5464	10
5465	9
5466	11
5467	4
5468	10
5469	8
5470	4
5471	3
5472	8
5473	11
5474	11
5475	6
5476	11
5477	10
5478	3
5479	4
5480	9
5481	10
5482	9
5483	10
5484	6
5485	7
5486	9
5487	11
5488	4
5489	10
5490	6
5491	13
5492	7
5493	9
5494	9
5495	10
5496	12
5497	13
5498	10
5499	4
5500	6
5501	11
5502	9
5503	5
5504	11
5505	10
5506	11
5507	8
5508	7
5509	12
5510	5
5511	7
5512	10
5513	8
5514	15
5515	10
5516	7
5517	16
5518	11
5519	6
5520	9
5521	8
5522	5
5523	11
5524	8
5525	5
5526	12
5527	10
5528	4
5529	9
5530	10
5531	5
5532	6
5533	16
5534	12
5535	9
5536	8
5537	9
5538	7
5539	8
5540	5
5541	6
5542	9
5543	13
5544	8
5545	8
5546	16
5547	8
5548	12
5549	13
5550	7
5551	7
5552	11
5553	10
5554	3
5555	14
5556	13
5557	3
5558	10
5559	5
5560	10
5561	10
5562	9
5563	13
5564	8
5565	6
5566	14
5567	11
5568	17
5569	11
5570	10
5571	10
5572	4
5573	6
5574	12
5575	11
5576	10
5577	10
5578	10
5579	10
5580	11
5581	9
5582	8
5583	9
5584	12
5585	14
5586	8
5587	6
5588	9
5589	6
5590	7
5591	12
5592	6
5593	11
5594	13
5595	8
5596	9
5597	15
5598	8
5599	16
5600	10
5601	9
5602	9
5603	10
5604	5
5605	10
5606	7
5607	12
5608	12
5609	3
5610	6
5611	10
5612	12
5613	5
5614	8
5615	13
5616	10
5617	5
5618	6
5619	4
5620	7
5621	9
5622	10
5623	6
5624	9
5625	4
5626	9
5627	4
5628	13
5629	6
5630	12
5631	8
5632	12
5633	4
5634	10
5635	14
5636	9
5637	10
5638	8
5639	7
5640	13
5641	10
5642	9
5643	12
5644	8
5645	19
5646	8
5647	12
5648	7
5649	14
5650	15
5651	13
5652	7
5653	10
5654	12
5655	16
5656	10
5657	8
5658	12
5659	5
5660	9
5661	13
5662	9
5663	8
5664	12
5665	8
5666	10
5667	15
5668	6
5669	7
5670	18
5671	9
5672	10
5673	11
5674	6
5675	9
5676	11
5677	14
5678	9
5679	5
5680	9
5681	17
5682	10
5683	5
5684	3
5685	9
5686	10
5687	8
5688	10
5689	10
5690	13
5691	5
5692	12
5693	9
5694	3
5695	7
5696	8
5697	11
5698	10
5699	12
5700	9
5701	7
5702	7
5703	13
5704	8
5705	8
5706	13
5707	9
5708	11
5709	13
5710	7
5711	6
5712	11
5713	6
5714	13
5715	12
5716	9
5717	2
5718	14
5719	5
5720	9
5721	9
5722	5
5723	15
5724	8
5725	4
5726	9
5727	8
5728	12
5729	3
5730	8
5731	6
5732	7
5733	6
5734	14
5735	5
5736	11
5737	8
5738	9
5739	11
5740	6
5741	10
5742	8
5743	10
5744	9
5745	14
5746	9
5747	8
5748	7
5749	4
5750	10
5751	9
5752	9
5753	11
5754	13
5755	8
5756	14
5757	11
5758	5
5759	14
5760	6
5761	7
5762	11
5763	9
5764	9
5765	8
5766	1
5767	10
5768	15
5769	9
5770	6
5771	13
5772	5
5773	8
5774	10
5775	10
5776	13
5777	7
5778	12
5779	7
5780	8
5781	10
5782	5
5783	13
5784	8
5785	10
5786	9
5787	5
5788	8
5789	11
5790	12
5791	5
5792	11
5793	10
5794	14
5795	6
5796	9
5797	14
5798	6
5799	11
5800	7
5801	15
5802	11
5803	8
5804	17
5805	5
5806	6
5807	5
5808	7
5809	11
5810	8
5811	10
5812	7
5813	10
5814	9
5815	14
5816	11
5817	5
5818	11
5819	9
5820	11
5821	7
5822	9
5823	6
5824	10
5825	13
5826	6
5827	7
5828	6
5829	9
5830	10
5831	9
5832	9
5833	9
5834	10
5835	4
5836	6
5837	9
5838	15
5839	8
5840	14
5841	13
5842	3
5843	7
5844	9
5845	9
5846	16
5847	10
5848	10
5849	12
5850	14
5851	11
5852	12
5853	12
5854	8
5855	5
5856	9
5857	3
5858	10
5859	4
5860	9
5861	7
5862	7
5863	6
5864	4
5865	5
5866	9
5867	4
5868	12
5869	11
5870	5
5871	5
5872	15
5873	10
5874	5
5875	13
5876	7
5877	17
5878	2
5879	6
5880	12
5881	3
5882	9
5883	3
5884	11
5885	13
5886	11
5887	11
5888	8
5889	7
5890	10
5891	5
5892	7
5893	2
5894	8
5895	6
5896	13
5897	8
5898	10
5899	11
5900	6
5901	13
5902	9
5903	15
5904	8
5905	10
5906	6
5907	12
5908	10
5909	6
5910	10
5911	10
5912	10
5913	5
5914	10
5915	8
5916	7
5917	9
5918	18
5919	12
5920	9
5921	15
5922	12
5923	13
5924	8
5925	9
5926	8
5927	12
5928	10
5929	11
5930	14
5931	8
5932	6
5933	8
5934	8
5935	6
5936	9
5937	16
5938	20
5939	8
5940	4
5941	6
5942	11
5943	5
5944	3
5945	9
5946	4
5947	8
5948	6
5949	8
5950	7
5951	14
5952	10
5953	8
5954	14
5955	11
5956	12
5957	9
5958	7
5959	9
5960	14
5961	13
5962	9
5963	12
5964	10
5965	14
5966	9
5967	9
5968	11
5969	4
5970	6
5971	7
5972	12
5973	10
5974	13
5975	10
5976	6
5977	9
5978	17
5979	14
5980	9
5981	10
5982	9
5983	10
5984	8
5985	12
5986	9
5987	7
5988	8
5989	8
5990	13
5991	10
5992	11
5993	12
5994	8
5995	8
5996	6
5997	21
5998	14
5999	8
6000	15
6001	12
6002	10
6003	19
6004	6
6005	17
6006	7
6007	10
6008	14
6009	8
6010	17
6011	4
6012	10
6013	11
6014	17
6015	12
6016	9
6017	11
6018	9
6019	17
6020	12
6021	15
6022	11
6023	14
6024	8
6025	15
6026	6
6027	10
6028	6
6029	10
6030	8
6031	6
6032	14
6033	12
6034	9
6035	9
6036	17
6037	11
6038	10
6039	13
6040	12
6041	16
6042	13
6043	10
6044	11
6045	9
6046	7
6047	12
6048	5
6049	9
6050	6
6051	18
6052	6
6053	13
6054	11
6055	10
6056	7
6057	10
6058	10
6059	7
6060	7
6061	11
6062	7
6063	12
6064	3
6065	12
6066	8
6067	11
6068	9
6069	12
6070	6
6071	9
6072	7
6073	4
6074	12
6075	6
6076	13
6077	7
6078	10
6079	7
6080	10
6081	18
6082	10
6083	9
6084	16
6085	9
6086	15
6087	10
6088	7
6089	6
6090	10
6091	7
6092	14
6093	9
6094	12
6095	11
6096	14
6097	14
6098	12
6099	9
6100	12
6101	12
6102	6
6103	14
6104	13
6105	6
6106	4
6107	13
6108	16
6109	10
6110	13
6111	6
6112	7
6113	13
6114	9
6115	6
6116	13
6117	18
6118	17
6119	12
6120	15
6121	11
6122	14
6123	7
6124	16
6125	12
6126	11
6127	8
6128	19
6129	17
6130	12
6131	14
6132	12
6133	14
6134	13
6135	5
6136	8
6137	11
6138	9
6139	7
6140	7
6141	8
6142	8
6143	8
6144	13
6145	11
6146	17
6147	18
6148	13
6149	13
6150	11
6151	12
6152	7
6153	17
6154	14
6155	8
6156	14
6157	5
6158	13
6159	10
6160	17
6161	6
6162	14
6163	16
6164	16
6165	19
6166	16
6167	10
6168	15
6169	10
6170	12
6171	6
6172	8
6173	10
6174	14
6175	12
6176	13
6177	14
6178	10
6179	11
6180	16
6181	10
6182	12
6183	13
6184	7
6185	13
6186	16
6187	12
6188	15
6189	10
6190	12
6191	13
6192	17
6193	20
6194	15
6195	11
6196	12
6197	20
6198	10
6199	9
6200	10
6201	17
6202	10
6203	13
6204	10
6205	3
6206	17
6207	12
6208	15
6209	15
6210	13
6211	15
6212	12
6213	12
6214	15
6215	13
6216	12
6217	14
6218	17
6219	10
6220	11
6221	12
6222	10
6223	10
6224	14
6225	12
6226	15
6227	5
6228	14
6229	8
6230	13
6231	15
6232	16
6233	11
6234	11
6235	8
6236	15
6237	13
6238	12
6239	18
6240	14
6241	15
6242	11
6243	14
6244	13
6245	15
6246	20
6247	21
6248	10
6249	13
6250	14
6251	23
6252	10
6253	9
6254	18
6255	11
6256	9
6257	10
6258	13
6259	16
6260	9
6261	21
6262	10
6263	14
6264	14
6265	12
6266	17
6267	7
6268	15
6269	22
6270	19
6271	11
6272	21
6273	17
6274	16
6275	10
6276	16
6277	7
6278	16
6279	21
6280	13
6281	15
6282	9
6283	19
6284	14
6285	14
6286	15
6287	7
6288	9
6289	10
6290	14
6291	19
6292	14
6293	10
6294	11
6295	15
6296	17
6297	9
6298	13
6299	14
6300	18
6301	13
6302	8
6303	11
6304	15
6305	9
6306	28
6307	14
6308	9
6309	10
6310	8
6311	11
6312	13
6313	21
6314	9
6315	21
6316	14
6317	11
6318	14
6319	16
6320	14
6321	11
6322	22
6323	15
6324	8
6325	13
6326	18
6327	14
6328	14
6329	16
6330	17
6331	15
6332	21
6333	11
6334	14
6335	18
6336	17
6337	17
6338	24
6339	13
6340	12
6341	11
6342	13
6343	18
6344	19
6345	16
6346	15
6347	15
6348	19
6349	17
6350	10
6351	19
6352	15
6353	14
6354	17
6355	17
6356	16
6357	13
6358	19
6359	13
6360	19
6361	13
6362	18
6363	24
6364	18
6365	10
6366	16
6367	16
6368	13
6369	26
6370	18
6371	19
6372	10
6373	18
6374	14
6375	18
6376	17
6377	14
6378	11
6379	23
6380	12
6381	12
6382	10
6383	17
6384	16
6385	19
6386	10
6387	16
6388	14
6389	15
6390	11
6391	18
6392	14
6393	21
6394	10
6395	17
6396	17
6397	14
6398	18
6399	17
6400	8
6401	23
6402	18
6403	20
6404	10
6405	19
6406	26
6407	23
6408	18
6409	14
6410	22
6411	10
6412	18
6413	21
6414	17
6415	11
6416	18
6417	8
6418	20
6419	25
6420	18
6421	23
6422	25
6423	20
6424	17
6425	21
6426	16
6427	18
6428	18
6429	33
6430	20
6431	22
6432	15
6433	15
6434	19
6435	24
6436	10
6437	19
6438	21
6439	16
6440	21
6441	12
6442	13
6443	20
6444	18
6445	12
6446	16
6447	14
6448	13
6449	17
6450	21
6451	16
6452	15
6453	14
6454	24
6455	14
6456	16
6457	17
6458	18
6459	15
6460	16
6461	17
6462	15
6463	18
6464	16
6465	16
6466	23
6467	16
6468	24
6469	14
6470	18
6471	16
6472	12
6473	19
6474	20
6475	16
6476	18
6477	16
6478	17
6479	21
6480	29
6481	16
6482	19
6483	17
6484	23
6485	15
6486	23
6487	19
6488	14
6489	15
6490	15
6491	21
6492	18
6493	11
6494	20
6495	12
6496	10
6497	21
6498	15
6499	14
6500	17
6501	19
6502	10
6503	18
6504	21
6505	15
6506	10
6507	23
6508	11
6509	19
6510	13
6511	21
6512	7
6513	16
6514	18
6515	16
6516	14
6517	19
6518	14
6519	12
6520	13
6521	9
6522	12
6523	21
6524	28
6525	8
6526	22
6527	21
6528	20
6529	13
6530	16
6531	10
6532	15
6533	16
6534	21
6535	13
6536	18
6537	23
6538	15
6539	14
6540	17
6541	17
6542	16
6543	19
6544	13
6545	17
6546	18
6547	19
6548	13
6549	19
6550	15
6551	18
6552	18
6553	17
6554	25
6555	15
6556	16
6557	18
6558	22
6559	13
6560	18
6561	25
6562	18
6563	18
6564	13
6565	20
6566	15
6567	16
6568	20
6569	19
6570	19
6571	29
6572	19
6573	16
6574	16
6575	21
6576	16
6577	19
6578	25
6579	14
6580	8
6581	13
6582	13
6583	16
6584	15
6585	11
6586	21
6587	20
6588	18
6589	19
6590	17
6591	15
6592	14
6593	19
6594	24
6595	17
6596	8
6597	14
6598	12
6599	18
6600	13
6601	19
6602	9
6603	16
6604	13
6605	15
6606	19
6607	11
6608	13
6609	18
6610	14
6611	13
6612	16
6613	10
6614	13
6615	19
6616	17
6617	16
6618	17
6619	6
6620	20
6621	13
6622	12
6623	16
6624	16
6625	18
6626	10
6627	18
6628	13
6629	10
6630	11
6631	19
6632	15
6633	9
6634	21
6635	20
6636	23
6637	16
6638	19
6639	12
6640	12
6641	12
6642	11
6643	18
6644	17
6645	10
6646	11
6647	13
6648	16
6649	16
6650	15
6651	19
6652	17
6653	11
6654	23
6655	15
6656	20
6657	12
6658	8
6659	18
6660	10
6661	14
6662	11
6663	14
6664	17
6665	11
6666	18
6667	23
6668	18
6669	12
6670	15
6671	12
6672	12
6673	9
6674	11
6675	9
6676	9
6677	10
6678	10
6679	11
6680	16
6681	10
6682	13
6683	18
6684	13
6685	9
6686	14
6687	7
6688	15
6689	14
6690	16
6691	9
6692	9
6693	12
6694	9
6695	15
6696	10
6697	12
6698	10
6699	14
6700	5
6701	9
6702	14
6703	18
6704	14
6705	15
6706	13
6707	8
6708	12
6709	5
6710	17
6711	12
6712	9
6713	11
6714	7
6715	17
6716	10
6717	15
6718	11
6719	13
6720	5
6721	13
6722	9
6723	10
6724	13
6725	9
6726	9
6727	16
6728	18
6729	12
6730	12
6731	10
6732	8
6733	12
6734	15
6735	16
6736	12
6737	13
6738	11
6739	15
6740	9
6741	7
6742	14
6743	3
6744	13
6745	10
6746	6
6747	9
6748	13
6749	4
6750	16
6751	8
6752	11
6753	4
6754	14
6755	9
6756	12
6757	7
6758	15
6759	5
6760	1
6761	9
6762	8
6763	8
6764	12
6765	10
6766	6
6767	9
6768	8
6769	4
6770	11
6771	9
6772	9
6773	8
6774	8
6775	6
6776	5
6777	5
6778	5
6779	8
6780	10
6781	9
6782	7
6783	7
6784	8
6785	12
6786	9
6787	12
6788	7
6789	13
6790	9
6791	6
6792	5
6793	10
6794	5
6795	6
6796	10
6797	7
6798	8
6799	10
6800	6
6801	8
6802	8
6803	10
6804	4
6805	2
6806	7
6807	5
6808	9
6809	7
6810	5
6811	4
6812	10
6813	2
6814	3
6815	3
6816	6
6817	7
6818	6
6819	4
6820	6
6821	4
6822	10
6823	6
6824	4
6825	9
6826	8
6827	3
6828	10
6829	6
6830	6
6831	4
6832	6
6833	4
6834	5
6835	12
6836	8
6837	9
6838	3
6839	6
6840	8
6841	2
6842	7
6843	7
6844	5
6845	4
6846	6
6847	1
6848	4
6849	5
6850	9
6851	1
6852	7
6853	8
6854	5
6855	7
6856	6
6857	9
6858	2
6859	6
6860	3
6861	5
6862	5
6863	2
6864	1
6865	3
6866	6
6867	3
6868	4
6869	3
6870	8
6871	4
6872	2
6873	9
6874	2
6875	5
6876	4
6877	4
6878	3
6879	3
6880	3
6881	3
6882	4
6883	1
6884	3
6885	4
6886	7
6887	6
6888	2
6889	2
6890	3
6891	4
6892	4
6893	4
6894	5
6895	4
6896	5
6897	3
6898	1
6899	4
6900	2
6901	1
6902	2
6903	6
6904	5
6905	2
6906	4
6907	3
6908	4
6909	5
6910	5
6911	1
6912	3
6913	7
6914	4
6915	1
6916	2
6917	5
6918	2
6919	3
6920	3
6921	5
6922	3
6923	4
6924	5
6925	2
6926	2
6927	1
6928	3
6929	1
6930	3
6931	3
6932	2
6933	2
6934	3
6935	4
6936	1
6937	4
6938	4
6939	2
6940	4
6941	1
6942	2
6943	2
6944	3
6945	2
6946	2
6947	1
6948	3
6949	4
6950	0
6951	1
6952	3
6953	0
6954	3
6955	2
6956	5
6957	1
6958	2
6959	2
6960	1
6961	1
6962	2
6963	1
6964	2
6965	5
6966	1
6967	1
6968	3
6969	0
6970	2
6971	1
6972	3
6973	1
6974	2
6975	5
6976	2
6977	2
6978	1
6979	3
6980	1
6981	1
6982	3
6983	1
6984	2
6985	1
6986	1
6987	3
6988	0
6989	1
6990	3
6991	2
6992	0
6993	1
6994	3
6995	0
6996	2
6997	3
6998	4
6999	2
7000	3
7001	0
7002	1
7003	1
7004	3
7005	1
7006	2
7007	0
7008	0
7009	2
7010	2
7011	1
7012	0
7013	1
7014	1
7015	1
7016	0
7017	0
7018	0
7019	1
7020	0
7021	0
7022	1
7023	2
7024	2
7025	1
7026	1
7027	1
7028	0
7029	0
7030	2
7031	3
7032	0
7033	2
7034	2
7035	1
7036	1
7037	1
7038	0
7039	0
7040	1
7041	1
7042	2
7043	1
7044	1
7045	0
7046	2
7047	1
7048	0
7049	0
7050	2
7051	2
7052	1
7053	1
7054	0
7055	3
7056	0
7057	1
7058	2
7059	0
7060	1
7061	0
7062	0
7063	0
7064	2
7065	0
7066	1
7067	0
7068	0
7069	1
7070	3
7071	4
7072	0
7073	0
7074	2
7075	2
7076	0
7077	1
7078	2
7079	1
7080	1
7081	0
7082	3
7083	1
7084	0
7085	0
7086	1
7087	2
7088	1
7089	1
7090	0
7091	1
7092	0
7093	1
7094	1
7095	2
7096	0
7097	0
7098	0
7099	0
7100	1
7101	0
7102	1
7103	1
7104	1
7105	0
7106	0
7107	0
7108	0
7109	0
7110	0
7111	1
7112	1
7113	0
7114	1
7115	2
7116	1
7117	3
7118	0
7119	2
7120	1
7121	0
7122	0
7123	0
7124	1
7125	0
7126	0
7127	0
7128	2
7129	1
7130	0
7131	1
7132	1
7133	1
7134	0
7135	1
7136	1
7137	0
7138	0
7139	1
7140	0
7141	1
7142	1
7143	0
7144	0
7145	2
7146	1
7147	0
7148	0
7149	0
7150	1
7151	0
7152	0
7153	2
7154	0
7155	1
7156	0
7157	0
7158	3
7159	1
7160	1
7161	0
7162	1
7163	2
7164	0
7165	1
7166	0
7167	1
7168	1
7169	0
7170	0
7171	0
7172	0
7173	1
7174	2
7175	0
7176	1
7177	2
7178	1
7179	0
7180	1
7181	0
7182	1
7183	0
7184	0
7185	0
7186	0
7187	0
7188	2
7189	2
7190	0
7191	0
7192	3
7193	0
7194	0
7195	0
7196	0
7197	0
7198	0
7199	3
7200	0
7201	0
7202	0
7203	1
7204	0
7205	0
7206	0
7207	0
7208	1
7209	2
7210	3
7211	0
7212	1
7213	1
7214	0
7215	0
7216	1
7217	1
7218	0
7219	0
7220	1
7221	0
7222	0
7223	0
7224	0
7225	1
7226	0
7227	0
7228	1
7229	1
7230	1
7231	1
7232	0
7233	0
7234	1
7235	2
7236	0
7237	1
7238	0
7239	0
7240	1
7241	0
7242	0
7243	0
7244	0
7245	1
7246	1
7247	0
7248	0
7249	0
7250	1
7251	1
7252	0
7253	0
7254	0
7255	0
7256	1
7257	1
7258	0
7259	0
7260	0
7261	0
7262	0
7263	1
7264	1
7265	1
7266	1
7267	0
7268	0
7269	0
7270	0
7271	1
7272	0
7273	3
7274	1
7275	1
7276	1
7277	0
7278	0
7279	0
7280	0
7281	1
7282	1
7283	0
7284	0
7285	0
7286	0
7287	0
7288	0
7289	1
7290	0
7291	0
7292	0
7293	0
7294	1
7295	1
7296	0
7297	1
7298	0
7299	3
7300	0
7301	0
7302	0
7303	0
7304	2
7305	1
7306	1
7307	2
7308	0
7309	1
7310	0
7311	1
7312	0
7313	0
7314	1
7315	0
7316	1
7317	0
7318	4
7319	1
7320	1
7321	0
7322	0
7323	1
7324	0
7325	1
7326	1
7327	1
7328	0
7329	1
7330	1
7331	0
7332	0
7333	0
7334	0
7335	0
7336	0
7337	1
7338	0
7339	1
7340	0
7341	0
7342	0
7343	0
7344	0
7345	1
7346	0
7347	1
7348	2
7349	1
7350	0
7351	0
7352	0
7353	0
7354	0
7355	1
7356	0
7357	0
7358	0
7359	2
7360	0
7361	0
7362	0
7363	0
7364	0
7365	0
7366	2
7367	1
7368	0
7369	0
7370	0
7371	0
7372	1
7373	1
7374	0
7375	0
7376	0
7377	0
7378	1
7379	0
7380	0
7381	0
7382	0
7383	0
7384	0
7385	0
7386	1
7387	4
7388	3
7389	1
7390	0
7391	0
7392	2
7393	1
7394	1
7395	0
7396	0
7397	0
7398	1
7399	0
7400	1
7401	0
7402	0
7403	1
7404	0
7405	1
7406	0
7407	1
7408	0
7409	0
7410	0
7411	1
7412	0
7413	0
7414	0
7415	1
7416	0
7417	0
7418	0
7419	2
7420	0
7421	2
7422	0
7423	1
7424	2
7425	2
7426	1
7427	0
7428	1
7429	0
7430	0
7431	1
7432	0
7433	1
7434	0
7435	2
7436	3
7437	0
7438	0
7439	0
7440	0
7441	0
7442	3
7443	0
7444	1
7445	0
7446	1
7447	0
7448	0
7449	0
7450	0
7451	1
7452	0
7453	1
7454	1
7455	0
7456	0
7457	0
7458	1
7459	0
7460	1
7461	0
7462	0
7463	2
7464	0
7465	3
7466	1
7467	0
7468	0
7469	0
7470	0
7471	2
7472	2
7473	0
7474	0
7475	1
7476	0
7477	0
7478	0
7479	1
7480	2
7481	0
7482	3
7483	0
7484	1
7485	1
7486	2
7487	1
7488	1
7489	0
7490	2
7491	0
7492	0
7493	1
7494	0
7495	1
7496	1
7497	0
7498	0
7499	0
7500	0
7501	2
7502	2
7503	2
7504	1
7505	1
7506	0
7507	0
7508	1
7509	0
7510	0
7511	0
7512	0
7513	0
7514	0
7515	0
7516	0
7517	0
7518	0
7519	2
7520	1
7521	0
7522	2
7523	1
7524	0
7525	1
7526	3
7527	0
7528	0
7529	1
7530	1
7531	2
7532	0
7533	2
7534	0
7535	2
7536	0
7537	0
7538	0
7539	0
7540	1
7541	2
7542	2
7543	1
7544	0
7545	0
7546	1
7547	0
7548	1
7549	1
7550	0
7551	1
7552	1
7553	0
7554	1
7555	0
7556	1
7557	1
7558	0
7559	0
7560	0
7561	1
7562	0
7563	0
7564	0
7565	0
7566	0
7567	2
7568	0
7569	0
7570	0
7571	1
7572	2
7573	0
7574	0
7575	0
7576	0
7577	1
7578	0
7579	0
7580	1
7581	0
7582	0
7583	0
7584	2
7585	0
7586	0
7587	1
7588	0
7589	0
7590	0
7591	1
7592	1
7593	1
7594	0
7595	0
7596	1
7597	0
7598	1
7599	1
7600	0
7601	1
7602	0
7603	0
7604	2
7605	0
7606	0
7607	0
7608	0
7609	0
7610	1
7611	2
7612	0
7613	2
7614	1
7615	1
7616	0
7617	1
7618	0
7619	0
7620	0
7621	0
7622	0
7623	0
7624	1
7625	0
7626	0
7627	0
7628	1
7629	0
7630	0
7631	0
7632	1
7633	0
7634	0
7635	0
7636	0
7637	0
7638	2
7639	1
7640	2
7641	0
7642	0
7643	0
7644	2
7645	0
7646	0
7647	1
7648	1
7649	0
7650	0
7651	1
7652	0
7653	0
7654	0
7655	1
7656	0
7657	0
7658	0
7659	0
7660	0
7661	1
7662	0
7663	0
7664	0
7665	0
7666	0
7667	0
7668	0
7669	0
7670	0
7671	2
7672	0
7673	0
7674	0
7675	0
7676	1
7677	0
7678	0
7679	0
7680	0
7681	0
7682	1
7683	0
7684	0
7685	0
7686	0
7687	1
7688	1
7689	0
7690	0
7691	1
7692	0
7693	1
7694	1
7695	1
7696	0
7697	0
7698	0
7699	1
7700	0
7701	0
7702	0
7703	0
7704	0
7705	0
7706	1
7707	0
7708	1
7709	0
7710	0
7711	1
7712	1
7713	1
7714	0
7715	1
7716	0
7717	0
7718	0
7719	1
7720	0
7721	0
7722	2
7723	0
7724	1
7725	0
7726	0
7727	1
7728	0
7729	0
7730	0
7731	0
7732	2
7733	0
7734	2
7735	0
7736	0
7737	0
7738	0
7739	0
7740	1
7741	0
7742	0
7743	2
7744	1
7745	0
7746	0
7747	0
7748	1
7749	0
7750	2
7751	0
7752	1
7753	0
7754	1
7755	0
7756	0
7757	1
7758	1
7759	0
7760	1
7761	0
7762	1
7763	0
7764	0
7765	1
7766	1
7767	1
7768	1
7769	0
7770	0
7771	1
7772	1
7773	0
7774	1
7775	0
7776	4
7777	2
7778	2
7779	0
7780	0
7781	1
7782	1
7783	0
7784	1
7785	1
7786	2
7787	2
7788	1
7789	0
7790	1
7791	1
7792	1
7793	1
7794	0
7795	1
7796	0
7797	0
7798	0
7799	0
7800	1
7801	1
7802	0
7803	0
7804	0
7805	1
7806	0
7807	0
7808	1
7809	2
7810	2
7811	1
7812	1
7813	1
7814	0
7815	0
7816	0
7817	2
7818	2
7819	2
7820	2
7821	1
7822	1
7823	0
7824	1
7825	0
7826	0
7827	0
7828	1
7829	0
7830	1
7831	0
7832	0
7833	2
7834	1
7835	0
7836	0
7837	0
7838	1
7839	0
7840	1
7841	1
7842	0
7843	1
7844	1
7845	0
7846	0
7847	0
7848	0
7849	1
7850	0
7851	0
7852	0
7853	0
7854	1
7855	0
7856	1
7857	0
7858	0
7859	1
7860	0
7861	0
7862	0
7863	0
7864	0
7865	1
7866	1
7867	0
7868	2
7869	0
7870	0
7871	0
7872	0
7873	1
7874	0
7875	0
7876	0
7877	1
7878	0
7879	0
7880	0
7881	1
7882	1
7883	0
7884	1
7885	1
7886	0
7887	1
7888	0
7889	0
7890	1
7891	0
7892	0
7893	0
7894	2
7895	1
7896	0
7897	0
7898	1
7899	0
7900	0
7901	1
7902	0
7903	0
7904	0
7905	0
7906	0
7907	0
7908	1
7909	2
7910	1
7911	2
7912	0
7913	1
7914	0
7915	0
7916	1
7917	0
7918	0
7919	0
7920	0
7921	0
7922	0
7923	0
7924	0
7925	1
7926	0
7927	2
7928	0
7929	1
7930	0
7931	0
7932	0
7933	0
7934	1
7935	1
7936	2
7937	0
7938	0
7939	1
7940	1
7941	0
7942	0
7943	0
7944	0
7945	0
7946	0
7947	0
7948	0
7949	0
7950	2
7951	1
7952	0
7953	1
7954	0
7955	0
7956	0
7957	1
7958	0
7959	0
7960	0
7961	1
7962	0
7963	1
7964	0
7965	0
7966	2
7967	1
7968	0
7969	1
7970	0
7971	0
7972	0
7973	0
7974	1
7975	0
7976	0
7977	0
7978	0
7979	1
7980	0
7981	3
7982	1
7983	0
7984	1
7985	1
7986	1
7987	1
7988	0
7989	0
7990	1
7991	0
7992	2
7993	0
7994	1
7995	0
7996	0
7997	0
7998	0
7999	1
8000	1
8001	0
8002	1
8003	0
8004	0
8005	1
8006	0
8007	1
8008	3
8009	1
8010	1
8011	1
8012	0
8013	0
8014	0
8015	0
8016	1
8017	2
8018	0
8019	1
8020	1
8021	0
8022	0
8023	0
8024	2
8025	0
8026	0
8027	0
8028	0
8029	1
8030	1
8031	0
8032	0
8033	0
8034	0
8035	0
8036	0
8037	1
8038	0
8039	0
8040	1
8041	0
8042	1
8043	0
8044	0
8045	0
8046	1
8047	1
8048	0
8049	0
8050	0
8051	2
8052	0
8053	0
8054	1
8055	0
8056	1
8057	0
8058	0
8059	0
8060	0
8061	2
8062	0
8063	0
8064	0
8065	0
8066	0
8067	0
8068	1
8069	1
8070	0
8071	0
8072	1
8073	1
8074	1
8075	0
8076	0
8077	0
8078	0
8079	1
8080	1
8081	0
8082	0
8083	0
8084	0
8085	0
8086	0
8087	0
8088	0
8089	0
8090	0
8091	0
8092	0
8093	0
8094	0
8095	0
8096	0
8097	0
8098	0
8099	0
8100	0
8101	0
8102	0
8103	0
8104	0
8105	0
8106	0
8107	0
8108	0
8109	0
8110	0
8111	0
8112	0
8113	0
8114	0
8115	0
8116	0
8117	0
8118	0
8119	0
8120	0
8121	0
8122	0
8123	0
8124	0
8125	0
8126	0
8127	0
8128	0
8129	0
8130	0
8131	0
8132	0
8133	0
8134	0
8135	0
8136	0
8137	0
8138	0
8139	0
8140	0
8141	0
8142	0
8143	0
8144	0
8145	0
8146	0
8147	0
8148	0
8149	0
8150	0
8151	0
8152	0
8153	0
8154	0
8155	0
8156	0
8157	0
8158	0
8159	0
8160	0
8161	0
8162	0
8163	0
8164	0
8165	0
8166	0
8167	0
8168	0
8169	0
8170	0
8171	0
8172	0
8173	0
8174	0
8175	0
8176	0
8177	0
8178	0
8179	0
8180	0
8181	0
8182	0
8183	0
8184	0
8185	0
8186	0
8187	0
8188	0
8189	0
8190	0
8191	0
