0	0
1	0
2	0
3	0
4	0
5	0
6	0
7	0
8	0
9	0
10	0
11	0
12	0
13	0
14	0
15	0
16	0
17	0
18	0
19	0
20	0
21	0
22	0
23	0
24	0
25	0
26	0
27	0
28	0
29	0
30	0
31	0
32	0
33	0
34	0
35	0
36	0
37	0
38	0
39	0
40	0
41	0
42	0
43	0
44	0
45	0
46	0
47	0
48	0
49	0
50	0
51	0
52	0
53	0
54	0
55	0
56	0
57	0
58	0
59	0
60	0
61	0
62	0
63	0
64	0
65	0
66	0
67	0
68	0
69	0
70	0
71	0
72	0
73	0
74	0
75	0
76	0
77	0
78	0
79	0
80	0
81	0
82	0
83	0
84	2
85	10
86	31
87	45
88	42
89	52
90	55
91	50
92	59
93	43
94	49
95	53
96	68
97	61
98	66
99	61
100	76
101	72
102	63
103	81
104	62
105	84
106	101
107	77
108	89
109	98
110	109
111	111
112	118
113	126
114	119
115	100
116	94
117	112
118	98
119	123
120	108
121	114
122	92
123	108
124	97
125	124
126	119
127	139
128	103
129	113
130	85
131	81
132	86
133	98
134	82
135	74
136	91
137	68
138	73
139	74
140	63
141	68
142	62
143	65
144	56
145	53
146	40
147	53
148	50
149	45
150	38
151	45
152	50
153	26
154	27
155	26
156	32
157	28
158	28
159	27
160	27
161	24
162	25
163	22
164	28
165	21
166	37
167	24
168	22
169	30
170	18
171	23
172	26
173	31
174	37
175	27
176	27
177	42
178	24
179	30
180	40
181	32
182	21
183	40
184	27
185	40
186	32
187	34
188	30
189	43
190	29
191	33
192	45
193	37
194	32
195	29
196	40
197	36
198	32
199	30
200	37
201	31
202	28
203	20
204	31
205	35
206	30
207	24
208	28
209	28
210	30
211	32
212	20
213	29
214	35
215	22
216	21
217	32
218	16
219	16
220	15
221	22
222	21
223	24
224	28
225	27
226	15
227	18
228	15
229	15
230	21
231	18
232	15
233	11
234	12
235	11
236	11
237	15
238	16
239	12
240	16
241	13
242	15
243	12
244	18
245	13
246	15
247	18
248	13
249	15
250	15
251	13
252	18
253	13
254	12
255	15
256	14
257	10
258	12
259	24
260	19
261	14
262	14
263	13
264	22
265	14
266	22
267	29
268	15
269	9
270	24
271	16
272	14
273	20
274	16
275	15
276	18
277	26
278	19
279	25
280	24
281	26
282	21
283	32
284	29
285	22
286	31
287	25
288	27
289	22
290	32
291	28
292	30
293	28
294	28
295	19
296	15
297	21
298	22
299	27
300	17
301	29
302	28
303	31
304	27
305	18
306	27
307	25
308	26
309	31
310	32
311	21
312	21
313	23
314	25
315	28
316	26
317	15
318	29
319	26
320	27
321	21
322	22
323	25
324	25
325	23
326	35
327	30
328	24
329	18
330	17
331	17
332	15
333	26
334	20
335	22
336	25
337	24
338	19
339	22
340	19
341	19
342	17
343	28
344	17
345	17
346	20
347	24
348	21
349	24
350	17
351	20
352	25
353	25
354	16
355	21
356	24
357	20
358	24
359	26
360	12
361	24
362	21
363	27
364	29
365	17
366	24
367	30
368	24
369	24
370	31
371	22
372	28
373	23
374	23
375	29
376	36
377	31
378	35
379	35
380	49
381	41
382	43
383	39
384	36
385	31
386	48
387	53
388	54
389	56
390	45
391	54
392	54
393	51
394	58
395	62
396	55
397	60
398	82
399	64
400	72
401	83
402	77
403	82
404	94
405	95
406	98
407	89
408	108
409	118
410	96
411	108
412	129
413	130
414	109
415	135
416	125
417	100
418	139
419	136
420	130
421	155
422	156
423	142
424	147
425	160
426	191
427	158
428	174
429	199
430	209
431	186
432	205
433	201
434	196
435	244
436	240
437	214
438	242
439	256
440	239
441	238
442	260
443	267
444	254
445	275
446	268
447	287
448	307
449	299
450	284
451	286
452	298
453	293
454	295
455	309
456	319
457	329
458	311
459	317
460	308
461	335
462	306
463	292
464	305
465	331
466	297
467	296
468	324
469	284
470	312
471	316
472	322
473	319
474	302
475	275
476	317
477	308
478	304
479	331
480	313
481	280
482	274
483	265
484	246
485	242
486	259
487	256
488	258
489	264
490	257
491	230
492	214
493	221
494	227
495	206
496	220
497	218
498	192
499	190
500	205
501	205
502	196
503	212
504	182
505	192
506	156
507	164
508	161
509	154
510	165
511	141
512	153
513	145
514	152
515	148
516	150
517	134
518	118
519	131
520	131
521	138
522	103
523	145
524	123
525	108
526	102
527	95
528	119
529	119
530	127
531	109
532	107
533	99
534	109
535	98
536	115
537	89
538	108
539	90
540	107
541	85
542	90
543	99
544	103
545	85
546	81
547	73
548	90
549	72
550	73
551	98
552	75
553	74
554	77
555	78
556	73
557	65
558	80
559	79
560	69
561	71
562	63
563	60
564	72
565	63
566	57
567	55
568	51
569	56
570	53
571	45
572	56
573	44
574	52
575	41
576	58
577	38
578	40
579	48
580	33
581	36
582	44
583	27
584	46
585	36
586	24
587	33
588	26
589	32
590	33
591	21
592	23
593	24
594	24
595	34
596	19
597	23
598	24
599	24
600	22
601	21
602	19
603	24
604	19
605	28
606	25
607	15
608	22
609	17
610	26
611	19
612	19
613	20
614	18
615	22
616	17
617	18
618	8
619	23
620	11
621	19
622	15
623	20
624	14
625	19
626	14
627	15
628	23
629	11
630	16
631	15
632	13
633	17
634	21
635	17
636	24
637	10
638	14
639	17
640	16
641	19
642	19
643	10
644	15
645	13
646	14
647	19
648	13
649	18
650	16
651	17
652	14
653	13
654	9
655	17
656	17
657	18
658	16
659	21
660	17
661	11
662	15
663	8
664	22
665	25
666	11
667	20
668	22
669	10
670	18
671	22
672	18
673	11
674	22
675	16
676	16
677	29
678	17
679	18
680	20
681	15
682	21
683	16
684	10
685	16
686	16
687	20
688	12
689	25
690	17
691	18
692	14
693	24
694	17
695	18
696	14
697	14
698	19
699	19
700	16
701	18
702	19
703	24
704	21
705	19
706	14
707	21
708	10
709	17
710	6
711	11
712	13
713	18
714	14
715	23
716	18
717	20
718	19
719	12
720	19
721	18
722	21
723	21
724	20
725	17
726	23
727	28
728	17
729	16
730	14
731	24
732	24
733	19
734	16
735	13
736	13
737	8
738	19
739	23
740	19
741	17
742	16
743	22
744	25
745	19
746	16
747	22
748	19
749	22
750	30
751	23
752	15
753	22
754	14
755	26
756	29
757	22
758	30
759	20
760	25
761	34
762	22
763	14
764	26
765	27
766	21
767	25
768	24
769	19
770	19
771	28
772	24
773	15
774	29
775	23
776	30
777	22
778	29
779	28
780	33
781	24
782	28
783	26
784	20
785	19
786	28
787	33
788	28
789	29
790	29
791	30
792	25
793	25
794	23
795	34
796	33
797	24
798	23
799	39
800	37
801	25
802	31
803	32
804	34
805	35
806	20
807	30
808	40
809	31
810	36
811	25
812	29
813	27
814	27
815	38
816	28
817	24
818	33
819	26
820	27
821	36
822	34
823	33
824	29
825	38
826	25
827	35
828	33
829	32
830	30
831	34
832	48
833	27
834	31
835	30
836	46
837	35
838	34
839	36
840	33
841	29
842	28
843	32
844	39
845	41
846	35
847	32
848	36
849	43
850	32
851	33
852	33
853	47
854	33
855	46
856	35
857	39
858	29
859	30
860	35
861	36
862	31
863	50
864	25
865	40
866	27
867	46
868	34
869	24
870	32
871	30
872	30
873	33
874	36
875	40
876	36
877	35
878	32
879	40
880	31
881	28
882	34
883	30
884	22
885	24
886	29
887	28
888	28
889	31
890	36
891	32
892	36
893	34
894	27
895	30
896	28
897	28
898	24
899	38
900	22
901	43
902	32
903	30
904	22
905	27
906	25
907	29
908	25
909	29
910	24
911	24
912	36
913	22
914	37
915	29
916	28
917	21
918	22
919	22
920	25
921	38
922	39
923	18
924	33
925	33
926	29
927	33
928	31
929	30
930	30
931	31
932	28
933	19
934	30
935	28
936	26
937	23
938	27
939	25
940	21
941	19
942	46
943	25
944	21
945	30
946	21
947	24
948	26
949	38
950	21
951	22
952	17
953	22
954	27
955	28
956	19
957	22
958	22
959	22
960	19
961	24
962	28
963	22
964	29
965	31
966	32
967	23
968	38
969	32
970	33
971	24
972	34
973	36
974	34
975	25
976	25
977	21
978	32
979	28
980	30
981	25
982	29
983	31
984	30
985	21
986	26
987	33
988	31
989	25
990	27
991	22
992	19
993	18
994	31
995	30
996	30
997	27
998	19
999	31
1000	25
1001	30
1002	33
1003	29
1004	42
1005	30
1006	29
1007	25
1008	23
1009	26
1010	23
1011	24
1012	30
1013	25
1014	19
1015	20
1016	24
1017	30
1018	22
1019	32
1020	26
1021	18
1022	27
1023	22
1024	28
1025	23
1026	29
1027	34
1028	21
1029	34
1030	20
1031	25
1032	23
1033	25
1034	17
1035	23
1036	23
1037	29
1038	24
1039	20
1040	26
1041	18
1042	23
1043	19
1044	27
1045	13
1046	30
1047	25
1048	20
1049	16
1050	30
1051	26
1052	31
1053	20
1054	28
1055	28
1056	30
1057	26
1058	22
1059	21
1060	27
1061	24
1062	29
1063	20
1064	31
1065	16
1066	22
1067	27
1068	21
1069	22
1070	24
1071	23
1072	23
1073	15
1074	27
1075	19
1076	29
1077	17
1078	19
1079	22
1080	22
1081	26
1082	29
1083	25
1084	29
1085	28
1086	27
1087	23
1088	20
1089	22
1090	24
1091	24
1092	26
1093	25
1094	24
1095	27
1096	24
1097	13
1098	26
1099	25
1100	22
1101	25
1102	23
1103	21
1104	23
1105	26
1106	25
1107	26
1108	22
1109	29
1110	29
1111	29
1112	28
1113	13
1114	20
1115	24
1116	21
1117	17
1118	25
1119	22
1120	29
1121	17
1122	23
1123	27
1124	22
1125	27
1126	32
1127	23
1128	22
1129	24
1130	31
1131	19
1132	28
1133	23
1134	16
1135	32
1136	38
1137	29
1138	29
1139	17
1140	17
1141	35
1142	23
1143	28
1144	21
1145	25
1146	20
1147	23
1148	22
1149	24
1150	24
1151	16
1152	26
1153	23
1154	25
1155	34
1156	36
1157	27
1158	14
1159	30
1160	13
1161	33
1162	21
1163	20
1164	23
1165	23
1166	19
1167	24
1168	25
1169	21
1170	21
1171	29
1172	29
1173	27
1174	35
1175	35
1176	23
1177	27
1178	25
1179	35
1180	37
1181	28
1182	26
1183	33
1184	30
1185	24
1186	28
1187	31
1188	28
1189	36
1190	30
1191	29
1192	29
1193	28
1194	35
1195	38
1196	23
1197	42
1198	23
1199	35
1200	39
1201	31
1202	37
1203	39
1204	31
1205	34
1206	45
1207	45
1208	38
1209	48
1210	36
1211	38
1212	43
1213	45
1214	48
1215	34
1216	52
1217	40
1218	32
1219	45
1220	30
1221	49
1222	44
1223	57
1224	45
1225	40
1226	47
1227	39
1228	52
1229	57
1230	59
1231	57
1232	47
1233	42
1234	57
1235	49
1236	45
1237	55
1238	60
1239	57
1240	60
1241	64
1242	54
1243	72
1244	69
1245	58
1246	61
1247	63
1248	59
1249	58
1250	54
1251	66
1252	71
1253	72
1254	84
1255	47
1256	60
1257	61
1258	69
1259	76
1260	69
1261	73
1262	87
1263	71
1264	93
1265	67
1266	79
1267	68
1268	92
1269	73
1270	95
1271	90
1272	75
1273	100
1274	81
1275	96
1276	95
1277	99
1278	79
1279	100
1280	89
1281	91
1282	105
1283	104
1284	76
1285	91
1286	91
1287	77
1288	110
1289	105
1290	94
1291	115
1292	102
1293	105
1294	92
1295	122
1296	109
1297	109
1298	114
1299	106
1300	104
1301	126
1302	111
1303	115
1304	129
1305	129
1306	128
1307	108
1308	113
1309	119
1310	129
1311	109
1312	114
1313	106
1314	124
1315	134
1316	122
1317	133
1318	113
1319	111
1320	122
1321	109
1322	140
1323	113
1324	126
1325	123
1326	117
1327	113
1328	138
1329	127
1330	116
1331	123
1332	119
1333	110
1334	106
1335	113
1336	124
1337	112
1338	141
1339	135
1340	130
1341	133
1342	144
1343	124
1344	122
1345	125
1346	124
1347	118
1348	122
1349	114
1350	113
1351	107
1352	111
1353	123
1354	99
1355	118
1356	121
1357	124
1358	102
1359	99
1360	103
1361	102
1362	106
1363	100
1364	113
1365	112
1366	127
1367	107
1368	95
1369	104
1370	109
1371	97
1372	102
1373	90
1374	105
1375	87
1376	93
1377	82
1378	103
1379	90
1380	93
1381	105
1382	89
1383	94
1384	99
1385	81
1386	81
1387	94
1388	98
1389	106
1390	79
1391	91
1392	89
1393	92
1394	76
1395	94
1396	94
1397	76
1398	74
1399	76
1400	75
1401	75
1402	68
1403	67
1404	80
1405	66
1406	76
1407	59
1408	60
1409	56
1410	58
1411	67
1412	85
1413	52
1414	65
1415	56
1416	51
1417	62
1418	65
1419	43
1420	57
1421	46
1422	53
1423	44
1424	53
1425	50
1426	46
1427	42
1428	35
1429	44
1430	44
1431	30
1432	43
1433	51
1434	36
1435	47
1436	33
1437	47
1438	41
1439	47
1440	45
1441	47
1442	49
1443	32
1444	41
1445	36
1446	33
1447	38
1448	29
1449	40
1450	35
1451	32
1452	26
1453	35
1454	39
1455	44
1456	29
1457	35
1458	45
1459	36
1460	23
1461	31
1462	41
1463	31
1464	34
1465	30
1466	29
1467	34
1468	36
1469	24
1470	20
1471	25
1472	28
1473	32
1474	28
1475	31
1476	30
1477	28
1478	28
1479	32
1480	26
1481	21
1482	29
1483	25
1484	17
1485	27
1486	27
1487	24
1488	35
1489	21
1490	26
1491	16
1492	21
1493	22
1494	25
1495	26
1496	35
1497	22
1498	24
1499	16
1500	20
1501	23
1502	25
1503	19
1504	30
1505	24
1506	34
1507	27
1508	24
1509	16
1510	30
1511	15
1512	26
1513	24
1514	35
1515	25
1516	29
1517	33
1518	31
1519	25
1520	27
1521	29
1522	23
1523	31
1524	24
1525	23
1526	26
1527	20
1528	30
1529	22
1530	28
1531	35
1532	26
1533	25
1534	24
1535	28
1536	33
1537	26
1538	30
1539	22
1540	35
1541	33
1542	29
1543	23
1544	20
1545	26
1546	18
1547	25
1548	28
1549	26
1550	29
1551	22
1552	23
1553	26
1554	31
1555	21
1556	20
1557	23
1558	28
1559	26
1560	17
1561	24
1562	28
1563	26
1564	24
1565	27
1566	25
1567	20
1568	27
1569	26
1570	27
1571	25
1572	26
1573	23
1574	32
1575	26
1576	27
1577	24
1578	32
1579	27
1580	21
1581	19
1582	32
1583	12
1584	32
1585	21
1586	22
1587	31
1588	23
1589	23
1590	27
1591	25
1592	18
1593	17
1594	26
1595	25
1596	29
1597	32
1598	26
1599	25
1600	19
1601	30
1602	27
1603	16
1604	34
1605	22
1606	21
1607	24
1608	23
1609	32
1610	25
1611	16
1612	27
1613	27
1614	31
1615	25
1616	25
1617	28
1618	23
1619	29
1620	26
1621	28
1622	33
1623	22
1624	25
1625	28
1626	19
1627	29
1628	22
1629	25
1630	23
1631	26
1632	27
1633	22
1634	34
1635	24
1636	24
1637	26
1638	27
1639	28
1640	21
1641	21
1642	27
1643	20
1644	35
1645	27
1646	27
1647	32
1648	31
1649	26
1650	31
1651	30
1652	25
1653	25
1654	25
1655	16
1656	24
1657	26
1658	27
1659	20
1660	22
1661	26
1662	23
1663	19
1664	34
1665	20
1666	15
1667	30
1668	28
1669	30
1670	25
1671	32
1672	21
1673	23
1674	26
1675	25
1676	33
1677	27
1678	20
1679	19
1680	25
1681	22
1682	23
1683	24
1684	29
1685	27
1686	21
1687	34
1688	22
1689	32
1690	28
1691	18
1692	23
1693	31
1694	26
1695	22
1696	31
1697	28
1698	23
1699	15
1700	30
1701	30
1702	22
1703	26
1704	28
1705	24
1706	29
1707	30
1708	30
1709	17
1710	27
1711	23
1712	31
1713	27
1714	25
1715	22
1716	41
1717	18
1718	28
1719	27
1720	19
1721	20
1722	25
1723	36
1724	22
1725	24
1726	33
1727	26
1728	25
1729	25
1730	23
1731	28
1732	37
1733	24
1734	22
1735	24
1736	21
1737	30
1738	23
1739	26
1740	29
1741	23
1742	18
1743	27
1744	21
1745	28
1746	26
1747	26
1748	32
1749	19
1750	27
1751	23
1752	24
1753	24
1754	21
1755	32
1756	25
1757	36
1758	25
1759	25
1760	28
1761	31
1762	19
1763	28
1764	22
1765	18
1766	34
1767	30
1768	25
1769	23
1770	30
1771	18
1772	27
1773	22
1774	16
1775	29
1776	21
1777	28
1778	24
1779	22
1780	30
1781	31
1782	21
1783	25
1784	28
1785	20
1786	30
1787	22
1788	23
1789	38
1790	26
1791	27
1792	22
1793	28
1794	28
1795	24
1796	30
1797	33
1798	20
1799	29
1800	19
1801	33
1802	25
1803	37
1804	20
1805	32
1806	25
1807	21
1808	30
1809	26
1810	18
1811	33
1812	36
1813	27
1814	32
1815	33
1816	22
1817	36
1818	31
1819	18
1820	29
1821	21
1822	24
1823	25
1824	24
1825	26
1826	31
1827	21
1828	25
1829	32
1830	26
1831	29
1832	22
1833	32
1834	38
1835	34
1836	27
1837	30
1838	29
1839	35
1840	25
1841	20
1842	30
1843	29
1844	31
1845	26
1846	22
1847	31
1848	28
1849	23
1850	24
1851	24
1852	20
1853	35
1854	27
1855	23
1856	20
1857	27
1858	26
1859	26
1860	30
1861	25
1862	20
1863	28
1864	24
1865	32
1866	23
1867	31
1868	24
1869	21
1870	39
1871	26
1872	31
1873	26
1874	31
1875	20
1876	32
1877	29
1878	30
1879	23
1880	30
1881	25
1882	26
1883	28
1884	25
1885	34
1886	29
1887	30
1888	25
1889	37
1890	30
1891	29
1892	28
1893	26
1894	30
1895	16
1896	28
1897	34
1898	21
1899	21
1900	28
1901	25
1902	29
1903	34
1904	25
1905	20
1906	22
1907	26
1908	20
1909	24
1910	18
1911	34
1912	34
1913	34
1914	26
1915	31
1916	28
1917	22
1918	28
1919	26
1920	33
1921	27
1922	29
1923	28
1924	23
1925	29
1926	28
1927	34
1928	33
1929	40
1930	30
1931	31
1932	18
1933	34
1934	25
1935	26
1936	22
1937	19
1938	15
1939	23
1940	36
1941	27
1942	32
1943	27
1944	25
1945	26
1946	24
1947	17
1948	37
1949	23
1950	29
1951	25
1952	25
1953	30
1954	28
1955	21
1956	27
1957	28
1958	25
1959	30
1960	28
1961	32
1962	26
1963	30
1964	27
1965	22
1966	26
1967	36
1968	30
1969	29
1970	34
1971	33
1972	24
1973	32
1974	19
1975	31
1976	38
1977	32
1978	24
1979	38
1980	25
1981	25
1982	36
1983	27
1984	22
1985	31
1986	24
1987	20
1988	31
1989	32
1990	22
1991	26
1992	33
1993	29
1994	24
1995	29
1996	29
1997	21
1998	27
1999	27
2000	28
2001	33
2002	29
2003	34
2004	23
2005	30
2006	35
2007	36
2008	25
2009	34
2010	27
2011	21
2012	27
2013	26
2014	31
2015	25
2016	23
2017	36
2018	30
2019	31
2020	22
2021	31
2022	34
2023	20
2024	28
2025	20
2026	29
2027	26
2028	27
2029	22
2030	28
2031	18
2032	20
2033	22
2034	25
2035	35
2036	26
2037	27
2038	20
2039	35
2040	20
2041	30
2042	36
2043	29
2044	29
2045	22
2046	29
2047	24
2048	25
2049	26
2050	24
2051	29
2052	28
2053	18
2054	24
2055	19
2056	28
2057	22
2058	25
2059	35
2060	24
2061	24
2062	23
2063	39
2064	17
2065	32
2066	27
2067	25
2068	18
2069	27
2070	34
2071	24
2072	23
2073	40
2074	23
2075	32
2076	23
2077	25
2078	25
2079	25
2080	22
2081	22
2082	28
2083	28
2084	25
2085	31
2086	34
2087	34
2088	25
2089	33
2090	28
2091	24
2092	37
2093	33
2094	29
2095	35
2096	27
2097	22
2098	25
2099	20
2100	18
2101	37
2102	25
2103	30
2104	25
2105	31
2106	13
2107	33
2108	31
2109	33
2110	32
2111	25
2112	25
2113	34
2114	35
2115	39
2116	25
2117	19
2118	30
2119	17
2120	23
2121	24
2122	24
2123	22
2124	21
2125	28
2126	34
2127	36
2128	29
2129	21
2130	22
2131	19
2132	30
2133	15
2134	24
2135	23
2136	20
2137	29
2138	21
2139	33
2140	21
2141	25
2142	30
2143	31
2144	25
2145	24
2146	22
2147	23
2148	28
2149	23
2150	34
2151	19
2152	25
2153	16
2154	27
2155	32
2156	26
2157	25
2158	16
2159	39
2160	29
2161	31
2162	20
2163	24
2164	23
2165	22
2166	29
2167	29
2168	26
2169	26
2170	28
2171	20
2172	28
2173	21
2174	28
2175	13
2176	28
2177	32
2178	33
2179	26
2180	27
2181	34
2182	28
2183	26
2184	22
2185	23
2186	26
2187	24
2188	29
2189	30
2190	28
2191	26
2192	30
2193	23
2194	22
2195	19
2196	24
2197	25
2198	27
2199	31
2200	26
2201	23
2202	26
2203	32
2204	25
2205	25
2206	24
2207	28
2208	30
2209	31
2210	28
2211	32
2212	20
2213	24
2214	17
2215	22
2216	25
2217	33
2218	30
2219	32
2220	30
2221	30
2222	24
2223	38
2224	30
2225	26
2226	26
2227	24
2228	30
2229	32
2230	31
2231	23
2232	25
2233	27
2234	27
2235	36
2236	29
2237	18
2238	20
2239	24
2240	26
2241	19
2242	22
2243	31
2244	36
2245	27
2246	27
2247	31
2248	35
2249	28
2250	28
2251	23
2252	21
2253	27
2254	21
2255	24
2256	24
2257	27
2258	21
2259	24
2260	18
2261	34
2262	19
2263	34
2264	21
2265	24
2266	16
2267	19
2268	24
2269	26
2270	29
2271	24
2272	17
2273	27
2274	25
2275	22
2276	30
2277	26
2278	19
2279	23
2280	24
2281	20
2282	35
2283	27
2284	33
2285	17
2286	12
2287	24
2288	15
2289	30
2290	18
2291	21
2292	26
2293	21
2294	33
2295	23
2296	23
2297	23
2298	21
2299	23
2300	23
2301	39
2302	22
2303	20
2304	26
2305	21
2306	23
2307	26
2308	26
2309	23
2310	30
2311	30
2312	24
2313	28
2314	22
2315	25
2316	30
2317	32
2318	21
2319	15
2320	34
2321	25
2322	24
2323	25
2324	25
2325	22
2326	25
2327	31
2328	22
2329	28
2330	20
2331	26
2332	24
2333	32
2334	25
2335	30
2336	20
2337	27
2338	30
2339	26
2340	28
2341	21
2342	31
2343	30
2344	15
2345	20
2346	28
2347	30
2348	21
2349	31
2350	25
2351	26
2352	30
2353	25
2354	24
2355	26
2356	30
2357	32
2358	27
2359	38
2360	24
2361	32
2362	24
2363	25
2364	23
2365	22
2366	33
2367	31
2368	30
2369	22
2370	27
2371	26
2372	22
2373	22
2374	20
2375	35
2376	28
2377	30
2378	31
2379	25
2380	31
2381	28
2382	38
2383	20
2384	25
2385	26
2386	29
2387	26
2388	25
2389	37
2390	27
2391	35
2392	24
2393	26
2394	31
2395	34
2396	24
2397	29
2398	29
2399	32
2400	34
2401	20
2402	34
2403	22
2404	23
2405	17
2406	25
2407	16
2408	28
2409	35
2410	29
2411	35
2412	39
2413	26
2414	33
2415	32
2416	37
2417	32
2418	19
2419	32
2420	31
2421	24
2422	25
2423	33
2424	31
2425	28
2426	33
2427	36
2428	36
2429	20
2430	29
2431	28
2432	25
2433	39
2434	35
2435	36
2436	34
2437	45
2438	26
2439	33
2440	26
2441	32
2442	28
2443	32
2444	45
2445	37
2446	23
2447	35
2448	34
2449	37
2450	28
2451	35
2452	25
2453	21
2454	37
2455	33
2456	36
2457	30
2458	39
2459	39
2460	30
2461	32
2462	42
2463	29
2464	41
2465	33
2466	25
2467	35
2468	34
2469	42
2470	31
2471	33
2472	46
2473	36
2474	38
2475	30
2476	30
2477	36
2478	34
2479	27
2480	49
2481	38
2482	34
2483	33
2484	34
2485	40
2486	32
2487	30
2488	44
2489	37
2490	35
2491	37
2492	34
2493	39
2494	26
2495	33
2496	26
2497	43
2498	33
2499	25
2500	38
2501	33
2502	37
2503	31
2504	35
2505	47
2506	27
2507	38
2508	36
2509	31
2510	52
2511	26
2512	43
2513	33
2514	28
2515	30
2516	30
2517	26
2518	27
2519	37
2520	38
2521	41
2522	38
2523	29
2524	46
2525	32
2526	43
2527	48
2528	45
2529	43
2530	38
2531	42
2532	29
2533	47
2534	43
2535	43
2536	42
2537	43
2538	45
2539	39
2540	39
2541	39
2542	45
2543	40
2544	29
2545	39
2546	49
2547	34
2548	43
2549	36
2550	29
2551	42
2552	27
2553	44
2554	48
2555	41
2556	49
2557	30
2558	40
2559	41
2560	30
2561	39
2562	39
2563	28
2564	40
2565	41
2566	33
2567	37
2568	36
2569	50
2570	41
2571	40
2572	32
2573	37
2574	39
2575	33
2576	36
2577	39
2578	34
2579	44
2580	31
2581	39
2582	37
2583	39
2584	36
2585	31
2586	32
2587	34
2588	40
2589	27
2590	44
2591	44
2592	34
2593	35
2594	38
2595	43
2596	38
2597	27
2598	33
2599	39
2600	27
2601	40
2602	32
2603	38
2604	34
2605	36
2606	37
2607	39
2608	33
2609	30
2610	22
2611	35
2612	47
2613	30
2614	36
2615	33
2616	33
2617	38
2618	35
2619	26
2620	31
2621	46
2622	27
2623	34
2624	30
2625	28
2626	32
2627	34
2628	36
2629	34
2630	46
2631	41
2632	38
2633	31
2634	27
2635	31
2636	39
2637	36
2638	44
2639	32
2640	31
2641	18
2642	31
2643	32
2644	35
2645	39
2646	32
2647	31
2648	27
2649	37
2650	38
2651	29
2652	29
2653	34
2654	28
2655	31
2656	33
2657	32
2658	25
2659	32
2660	32
2661	40
2662	29
2663	22
2664	32
2665	39
2666	27
2667	28
2668	32
2669	36
2670	28
2671	36
2672	28
2673	26
2674	34
2675	25
2676	23
2677	33
2678	33
2679	38
2680	31
2681	30
2682	25
2683	28
2684	30
2685	16
2686	37
2687	33
2688	29
2689	16
2690	37
2691	31
2692	32
2693	20
2694	16
2695	38
2696	31
2697	26
2698	25
2699	31
2700	30
2701	19
2702	25
2703	17
2704	17
2705	21
2706	27
2707	27
2708	27
2709	33
2710	31
2711	30
2712	29
2713	25
2714	30
2715	21
2716	26
2717	38
2718	20
2719	24
2720	28
2721	23
2722	24
2723	26
2724	33
2725	30
2726	28
2727	27
2728	21
2729	30
2730	21
2731	23
2732	30
2733	23
2734	30
2735	28
2736	22
2737	20
2738	34
2739	20
2740	27
2741	30
2742	12
2743	26
2744	25
2745	29
2746	30
2747	23
2748	26
2749	18
2750	17
2751	30
2752	19
2753	30
2754	26
2755	24
2756	31
2757	15
2758	29
2759	26
2760	18
2761	20
2762	20
2763	20
2764	21
2765	16
2766	27
2767	22
2768	18
2769	15
2770	22
2771	22
2772	23
2773	18
2774	25
2775	18
2776	24
2777	22
2778	14
2779	14
2780	17
2781	23
2782	21
2783	19
2784	20
2785	25
2786	21
2787	19
2788	19
2789	16
2790	25
2791	28
2792	13
2793	18
2794	17
2795	20
2796	30
2797	26
2798	29
2799	17
2800	28
2801	20
2802	18
2803	20
2804	34
2805	28
2806	21
2807	20
2808	25
2809	24
2810	18
2811	22
2812	20
2813	21
2814	14
2815	18
2816	19
2817	19
2818	18
2819	19
2820	21
2821	24
2822	26
2823	21
2824	23
2825	27
2826	24
2827	22
2828	12
2829	24
2830	29
2831	21
2832	15
2833	24
2834	19
2835	14
2836	24
2837	19
2838	22
2839	19
2840	22
2841	14
2842	27
2843	17
2844	19
2845	17
2846	17
2847	20
2848	26
2849	27
2850	14
2851	20
2852	12
2853	18
2854	23
2855	25
2856	28
2857	12
2858	16
2859	20
2860	23
2861	18
2862	20
2863	14
2864	18
2865	17
2866	26
2867	25
2868	22
2869	20
2870	14
2871	18
2872	21
2873	11
2874	26
2875	17
2876	25
2877	19
2878	22
2879	19
2880	26
2881	20
2882	23
2883	14
2884	15
2885	15
2886	27
2887	14
2888	22
2889	23
2890	21
2891	17
2892	18
2893	20
2894	23
2895	20
2896	22
2897	19
2898	18
2899	22
2900	19
2901	18
2902	20
2903	21
2904	13
2905	26
2906	20
2907	27
2908	19
2909	16
2910	30
2911	14
2912	24
2913	20
2914	23
2915	18
2916	24
2917	23
2918	24
2919	19
2920	23
2921	23
2922	29
2923	24
2924	25
2925	23
2926	15
2927	23
2928	21
2929	24
2930	18
2931	25
2932	18
2933	23
2934	22
2935	17
2936	21
2937	22
2938	23
2939	25
2940	24
2941	23
2942	18
2943	14
2944	19
2945	17
2946	22
2947	9
2948	22
2949	15
2950	10
2951	20
2952	28
2953	27
2954	8
2955	25
2956	24
2957	29
2958	26
2959	25
2960	19
2961	27
2962	19
2963	15
2964	19
2965	19
2966	21
2967	16
2968	23
2969	20
2970	13
2971	21
2972	19
2973	23
2974	19
2975	20
2976	25
2977	25
2978	17
2979	19
2980	16
2981	19
2982	13
2983	22
2984	26
2985	10
2986	15
2987	24
2988	28
2989	16
2990	27
2991	21
2992	23
2993	22
2994	19
2995	21
2996	23
2997	16
2998	18
2999	21
3000	21
3001	21
3002	17
3003	29
3004	18
3005	14
3006	18
3007	19
3008	17
3009	13
3010	16
3011	17
3012	22
3013	22
3014	26
3015	18
3016	25
3017	15
3018	28
3019	28
3020	17
3021	21
3022	19
3023	18
3024	23
3025	12
3026	21
3027	20
3028	13
3029	17
3030	14
3031	27
3032	19
3033	17
3034	26
3035	21
3036	13
3037	20
3038	16
3039	23
3040	26
3041	22
3042	21
3043	16
3044	13
3045	17
3046	22
3047	15
3048	24
3049	27
3050	17
3051	20
3052	22
3053	23
3054	23
3055	17
3056	8
3057	14
3058	24
3059	26
3060	19
3061	18
3062	15
3063	15
3064	20
3065	16
3066	28
3067	21
3068	25
3069	22
3070	19
3071	18
3072	14
3073	19
3074	18
3075	14
3076	24
3077	21
3078	18
3079	21
3080	12
3081	19
3082	17
3083	20
3084	17
3085	26
3086	20
3087	18
3088	16
3089	18
3090	28
3091	15
3092	19
3093	23
3094	25
3095	22
3096	10
3097	21
3098	16
3099	16
3100	26
3101	30
3102	14
3103	24
3104	17
3105	19
3106	19
3107	21
3108	21
3109	20
3110	22
3111	19
3112	18
3113	13
3114	19
3115	25
3116	23
3117	22
3118	19
3119	21
3120	15
3121	22
3122	15
3123	31
3124	20
3125	19
3126	31
3127	13
3128	20
3129	18
3130	14
3131	14
3132	20
3133	26
3134	18
3135	14
3136	20
3137	18
3138	20
3139	21
3140	24
3141	14
3142	12
3143	25
3144	14
3145	18
3146	29
3147	24
3148	25
3149	19
3150	21
3151	15
3152	14
3153	19
3154	23
3155	17
3156	23
3157	23
3158	26
3159	23
3160	20
3161	17
3162	20
3163	19
3164	23
3165	19
3166	14
3167	16
3168	27
3169	18
3170	28
3171	16
3172	21
3173	17
3174	24
3175	28
3176	24
3177	15
3178	25
3179	24
3180	16
3181	22
3182	23
3183	19
3184	12
3185	23
3186	21
3187	22
3188	18
3189	20
3190	17
3191	16
3192	23
3193	13
3194	24
3195	21
3196	21
3197	15
3198	20
3199	32
3200	20
3201	13
3202	11
3203	20
3204	18
3205	14
3206	22
3207	16
3208	19
3209	13
3210	25
3211	26
3212	21
3213	23
3214	19
3215	27
3216	15
3217	15
3218	16
3219	19
3220	25
3221	20
3222	21
3223	21
3224	21
3225	15
3226	24
3227	27
3228	26
3229	17
3230	17
3231	29
3232	18
3233	17
3234	17
3235	25
3236	17
3237	23
3238	24
3239	21
3240	27
3241	24
3242	18
3243	25
3244	29
3245	18
3246	24
3247	18
3248	23
3249	21
3250	18
3251	22
3252	17
3253	24
3254	18
3255	22
3256	20
3257	23
3258	25
3259	22
3260	30
3261	19
3262	27
3263	17
3264	20
3265	19
3266	29
3267	16
3268	22
3269	21
3270	19
3271	26
3272	23
3273	23
3274	21
3275	24
3276	15
3277	23
3278	32
3279	26
3280	21
3281	19
3282	15
3283	22
3284	26
3285	16
3286	29
3287	19
3288	22
3289	15
3290	27
3291	17
3292	16
3293	20
3294	20
3295	27
3296	29
3297	30
3298	25
3299	24
3300	23
3301	35
3302	32
3303	31
3304	27
3305	25
3306	18
3307	26
3308	22
3309	26
3310	25
3311	27
3312	24
3313	34
3314	20
3315	25
3316	27
3317	20
3318	22
3319	31
3320	28
3321	29
3322	32
3323	20
3324	27
3325	33
3326	21
3327	18
3328	28
3329	23
3330	28
3331	30
3332	24
3333	27
3334	39
3335	32
3336	30
3337	30
3338	30
3339	32
3340	29
3341	37
3342	27
3343	33
3344	27
3345	31
3346	37
3347	30
3348	31
3349	42
3350	35
3351	33
3352	26
3353	22
3354	35
3355	29
3356	44
3357	32
3358	29
3359	28
3360	42
3361	32
3362	28
3363	29
3364	18
3365	23
3366	37
3367	39
3368	31
3369	32
3370	37
3371	30
3372	32
3373	31
3374	44
3375	34
3376	30
3377	35
3378	25
3379	31
3380	34
3381	39
3382	34
3383	34
3384	36
3385	29
3386	34
3387	35
3388	28
3389	48
3390	32
3391	34
3392	30
3393	30
3394	37
3395	41
3396	40
3397	43
3398	36
3399	30
3400	38
3401	32
3402	37
3403	31
3404	38
3405	54
3406	27
3407	31
3408	36
3409	35
3410	39
3411	40
3412	42
3413	37
3414	46
3415	31
3416	33
3417	52
3418	45
3419	29
3420	52
3421	53
3422	37
3423	39
3424	39
3425	29
3426	46
3427	38
3428	29
3429	38
3430	50
3431	38
3432	31
3433	43
3434	37
3435	33
3436	56
3437	39
3438	47
3439	34
3440	39
3441	49
3442	43
3443	52
3444	31
3445	35
3446	44
3447	52
3448	52
3449	49
3450	48
3451	52
3452	50
3453	56
3454	43
3455	47
3456	46
3457	45
3458	52
3459	35
3460	43
3461	49
3462	48
3463	46
3464	41
3465	40
3466	46
3467	48
3468	58
3469	50
3470	46
3471	47
3472	50
3473	45
3474	47
3475	44
3476	49
3477	56
3478	47
3479	44
3480	47
3481	48
3482	51
3483	50
3484	40
3485	59
3486	43
3487	57
3488	44
3489	64
3490	50
3491	39
3492	54
3493	47
3494	68
3495	50
3496	49
3497	49
3498	46
3499	53
3500	56
3501	63
3502	56
3503	48
3504	52
3505	50
3506	46
3507	60
3508	64
3509	47
3510	50
3511	41
3512	58
3513	53
3514	56
3515	49
3516	49
3517	33
3518	56
3519	52
3520	46
3521	56
3522	43
3523	58
3524	67
3525	64
3526	49
3527	63
3528	40
3529	51
3530	47
3531	48
3532	61
3533	54
3534	53
3535	49
3536	55
3537	35
3538	54
3539	33
3540	56
3541	56
3542	47
3543	55
3544	49
3545	43
3546	45
3547	42
3548	44
3549	50
3550	54
3551	57
3552	58
3553	44
3554	44
3555	43
3556	44
3557	47
3558	53
3559	52
3560	50
3561	45
3562	46
3563	41
3564	52
3565	47
3566	49
3567	39
3568	47
3569	52
3570	51
3571	56
3572	51
3573	64
3574	50
3575	51
3576	54
3577	41
3578	33
3579	50
3580	56
3581	37
3582	51
3583	39
3584	49
3585	61
3586	41
3587	57
3588	52
3589	38
3590	47
3591	40
3592	60
3593	47
3594	51
3595	47
3596	55
3597	56
3598	47
3599	49
3600	46
3601	57
3602	54
3603	58
3604	46
3605	48
3606	45
3607	44
3608	59
3609	49
3610	54
3611	51
3612	51
3613	46
3614	52
3615	48
3616	57
3617	49
3618	49
3619	44
3620	46
3621	56
3622	52
3623	44
3624	49
3625	41
3626	52
3627	47
3628	51
3629	33
3630	47
3631	62
3632	37
3633	49
3634	42
3635	44
3636	46
3637	38
3638	48
3639	41
3640	45
3641	38
3642	32
3643	58
3644	47
3645	40
3646	41
3647	37
3648	48
3649	53
3650	49
3651	43
3652	35
3653	36
3654	37
3655	36
3656	40
3657	39
3658	42
3659	29
3660	32
3661	37
3662	39
3663	34
3664	37
3665	54
3666	36
3667	34
3668	42
3669	41
3670	44
3671	37
3672	34
3673	50
3674	46
3675	36
3676	41
3677	52
3678	34
3679	36
3680	36
3681	46
3682	34
3683	35
3684	27
3685	33
3686	30
3687	35
3688	32
3689	49
3690	46
3691	28
3692	26
3693	26
3694	34
3695	33
3696	26
3697	33
3698	32
3699	35
3700	45
3701	30
3702	44
3703	29
3704	31
3705	43
3706	35
3707	36
3708	39
3709	37
3710	34
3711	46
3712	28
3713	37
3714	38
3715	31
3716	42
3717	25
3718	33
3719	26
3720	29
3721	37
3722	29
3723	43
3724	32
3725	29
3726	30
3727	25
3728	31
3729	38
3730	38
3731	34
3732	33
3733	32
3734	40
3735	26
3736	37
3737	35
3738	29
3739	27
3740	29
3741	24
3742	34
3743	25
3744	34
3745	17
3746	33
3747	30
3748	31
3749	23
3750	29
3751	28
3752	27
3753	26
3754	31
3755	30
3756	33
3757	24
3758	26
3759	42
3760	28
3761	32
3762	33
3763	22
3764	28
3765	25
3766	21
3767	26
3768	23
3769	23
3770	25
3771	21
3772	22
3773	30
3774	28
3775	24
3776	27
3777	12
3778	21
3779	26
3780	20
3781	28
3782	17
3783	29
3784	18
3785	25
3786	18
3787	18
3788	25
3789	30
3790	23
3791	24
3792	25
3793	26
3794	15
3795	31
3796	25
3797	26
3798	18
3799	23
3800	23
3801	25
3802	23
3803	21
3804	23
3805	19
3806	22
3807	22
3808	22
3809	19
3810	14
3811	20
3812	17
3813	24
3814	15
3815	24
3816	11
3817	17
3818	17
3819	20
3820	11
3821	27
3822	14
3823	22
3824	13
3825	18
3826	19
3827	19
3828	20
3829	23
3830	14
3831	16
3832	22
3833	19
3834	26
3835	22
3836	21
3837	18
3838	18
3839	14
3840	23
3841	14
3842	19
3843	25
3844	22
3845	26
3846	19
3847	19
3848	21
3849	23
3850	18
3851	18
3852	20
3853	16
3854	13
3855	15
3856	13
3857	22
3858	21
3859	20
3860	17
3861	14
3862	25
3863	20
3864	17
3865	15
3866	18
3867	21
3868	19
3869	19
3870	9
3871	12
3872	27
3873	22
3874	19
3875	14
3876	12
3877	14
3878	20
3879	18
3880	16
3881	18
3882	22
3883	13
3884	9
3885	13
3886	14
3887	25
3888	15
3889	18
3890	15
3891	17
3892	18
3893	14
3894	20
3895	17
3896	21
3897	26
3898	13
3899	13
3900	27
3901	12
3902	12
3903	14
3904	11
3905	15
3906	15
3907	13
3908	21
3909	18
3910	6
3911	13
3912	18
3913	15
3914	13
3915	16
3916	16
3917	18
3918	13
3919	15
3920	17
3921	22
3922	15
3923	14
3924	22
3925	16
3926	29
3927	12
3928	20
3929	11
3930	16
3931	12
3932	16
3933	19
3934	19
3935	19
3936	14
3937	17
3938	16
3939	13
3940	30
3941	21
3942	27
3943	15
3944	14
3945	20
3946	18
3947	17
3948	11
3949	9
3950	12
3951	14
3952	15
3953	15
3954	13
3955	9
3956	10
3957	16
3958	13
3959	12
3960	14
3961	13
3962	14
3963	20
3964	25
3965	21
3966	18
3967	20
3968	15
3969	18
3970	16
3971	9
3972	18
3973	20
3974	15
3975	14
3976	21
3977	22
3978	16
3979	19
3980	16
3981	13
3982	14
3983	22
3984	14
3985	14
3986	23
3987	17
3988	10
3989	19
3990	21
3991	15
3992	9
3993	13
3994	12
3995	11
3996	17
3997	7
3998	16
3999	18
4000	19
4001	17
4002	13
4003	15
4004	9
4005	8
4006	21
4007	20
4008	11
4009	15
4010	16
4011	24
4012	13
4013	17
4014	15
4015	11
4016	17
4017	14
4018	17
4019	11
4020	12
4021	15
4022	20
4023	11
4024	13
4025	13
4026	16
4027	8
4028	16
4029	14
4030	7
4031	16
4032	14
4033	14
4034	18
4035	11
4036	15
4037	14
4038	11
4039	14
4040	18
4041	14
4042	11
4043	13
4044	13
4045	11
4046	18
4047	20
4048	12
4049	16
4050	15
4051	10
4052	11
4053	13
4054	16
4055	13
4056	20
4057	18
4058	18
4059	12
4060	15
4061	25
4062	14
4063	15
4064	12
4065	15
4066	10
4067	19
4068	15
4069	20
4070	12
4071	12
4072	19
4073	18
4074	19
4075	14
4076	11
4077	12
4078	13
4079	14
4080	10
4081	14
4082	12
4083	23
4084	19
4085	17
4086	13
4087	11
4088	18
4089	14
4090	16
4091	10
4092	22
4093	21
4094	16
4095	22
4096	13
4097	25
4098	24
4099	18
4100	21
4101	13
4102	25
4103	10
4104	16
4105	15
4106	15
4107	17
4108	11
4109	20
4110	22
4111	18
4112	24
4113	26
4114	16
4115	16
4116	14
4117	12
4118	22
4119	21
4120	13
4121	15
4122	13
4123	22
4124	14
4125	11
4126	17
4127	18
4128	12
4129	15
4130	15
4131	15
4132	20
4133	12
4134	13
4135	17
4136	13
4137	19
4138	12
4139	15
4140	19
4141	10
4142	12
4143	16
4144	20
4145	17
4146	21
4147	19
4148	10
4149	15
4150	13
4151	18
4152	16
4153	16
4154	17
4155	14
4156	12
4157	19
4158	24
4159	19
4160	18
4161	15
4162	17
4163	18
4164	9
4165	14
4166	11
4167	15
4168	12
4169	16
4170	16
4171	19
4172	19
4173	19
4174	12
4175	20
4176	13
4177	21
4178	11
4179	23
4180	8
4181	11
4182	16
4183	23
4184	13
4185	24
4186	12
4187	18
4188	14
4189	23
4190	17
4191	11
4192	16
4193	22
4194	14
4195	16
4196	24
4197	13
4198	19
4199	11
4200	17
4201	19
4202	22
4203	14
4204	19
4205	18
4206	10
4207	13
4208	14
4209	11
4210	16
4211	8
4212	22
4213	19
4214	15
4215	12
4216	19
4217	20
4218	15
4219	17
4220	24
4221	19
4222	17
4223	22
4224	23
4225	10
4226	14
4227	20
4228	15
4229	13
4230	22
4231	14
4232	16
4233	11
4234	20
4235	23
4236	21
4237	15
4238	17
4239	24
4240	18
4241	9
4242	7
4243	17
4244	19
4245	17
4246	22
4247	16
4248	14
4249	16
4250	26
4251	16
4252	14
4253	19
4254	23
4255	16
4256	19
4257	15
4258	21
4259	16
4260	15
4261	11
4262	17
4263	12
4264	20
4265	14
4266	23
4267	14
4268	17
4269	18
4270	13
4271	20
4272	13
4273	22
4274	20
4275	17
4276	13
4277	13
4278	16
4279	18
4280	14
4281	25
4282	18
4283	12
4284	17
4285	21
4286	21
4287	15
4288	22
4289	13
4290	13
4291	18
4292	18
4293	15
4294	14
4295	20
4296	16
4297	12
4298	16
4299	14
4300	15
4301	14
4302	9
4303	13
4304	19
4305	15
4306	24
4307	11
4308	17
4309	10
4310	18
4311	12
4312	13
4313	15
4314	15
4315	14
4316	19
4317	22
4318	16
4319	17
4320	18
4321	20
4322	19
4323	15
4324	20
4325	10
4326	8
4327	20
4328	16
4329	10
4330	18
4331	18
4332	20
4333	12
4334	24
4335	14
4336	12
4337	14
4338	10
4339	25
4340	14
4341	16
4342	13
4343	23
4344	13
4345	16
4346	14
4347	8
4348	18
4349	18
4350	18
4351	19
4352	14
4353	24
4354	16
4355	19
4356	16
4357	18
4358	16
4359	17
4360	20
4361	19
4362	10
4363	14
4364	22
4365	20
4366	19
4367	19
4368	15
4369	18
4370	15
4371	11
4372	11
4373	15
4374	24
4375	21
4376	20
4377	22
4378	18
4379	16
4380	20
4381	17
4382	13
4383	17
4384	13
4385	14
4386	13
4387	13
4388	17
4389	18
4390	15
4391	20
4392	20
4393	12
4394	12
4395	17
4396	15
4397	14
4398	16
4399	22
4400	11
4401	16
4402	17
4403	17
4404	24
4405	12
4406	13
4407	18
4408	24
4409	28
4410	13
4411	18
4412	16
4413	19
4414	17
4415	14
4416	24
4417	22
4418	10
4419	14
4420	12
4421	10
4422	13
4423	18
4424	19
4425	16
4426	21
4427	18
4428	21
4429	14
4430	14
4431	12
4432	14
4433	16
4434	16
4435	19
4436	21
4437	13
4438	10
4439	10
4440	12
4441	13
4442	15
4443	20
4444	13
4445	22
4446	16
4447	17
4448	12
4449	20
4450	7
4451	11
4452	21
4453	19
4454	13
4455	21
4456	18
4457	25
4458	16
4459	21
4460	13
4461	16
4462	19
4463	16
4464	18
4465	12
4466	17
4467	7
4468	15
4469	14
4470	11
4471	16
4472	12
4473	17
4474	15
4475	14
4476	27
4477	19
4478	13
4479	11
4480	7
4481	15
4482	17
4483	13
4484	19
4485	13
4486	20
4487	16
4488	21
4489	14
4490	21
4491	18
4492	14
4493	9
4494	15
4495	15
4496	14
4497	17
4498	18
4499	21
4500	21
4501	11
4502	20
4503	17
4504	15
4505	20
4506	14
4507	23
4508	15
4509	20
4510	19
4511	16
4512	12
4513	18
4514	14
4515	22
4516	27
4517	9
4518	12
4519	14
4520	16
4521	21
4522	17
4523	12
4524	12
4525	7
4526	25
4527	16
4528	16
4529	12
4530	19
4531	10
4532	6
4533	17
4534	14
4535	24
4536	12
4537	17
4538	16
4539	15
4540	19
4541	21
4542	25
4543	13
4544	17
4545	21
4546	6
4547	14
4548	18
4549	16
4550	15
4551	22
4552	19
4553	18
4554	15
4555	17
4556	20
4557	13
4558	11
4559	16
4560	16
4561	22
4562	14
4563	6
4564	22
4565	16
4566	16
4567	16
4568	17
4569	15
4570	18
4571	15
4572	17
4573	19
4574	13
4575	17
4576	13
4577	13
4578	18
4579	8
4580	17
4581	9
4582	15
4583	15
4584	18
4585	10
4586	18
4587	17
4588	18
4589	15
4590	10
4591	21
4592	19
4593	15
4594	11
4595	13
4596	8
4597	16
4598	13
4599	6
4600	23
4601	12
4602	11
4603	17
4604	17
4605	11
4606	17
4607	17
4608	13
4609	16
4610	13
4611	18
4612	15
4613	15
4614	18
4615	18
4616	8
4617	14
4618	10
4619	17
4620	18
4621	17
4622	18
4623	14
4624	14
4625	19
4626	9
4627	10
4628	11
4629	16
4630	16
4631	18
4632	14
4633	9
4634	18
4635	11
4636	10
4637	17
4638	12
4639	22
4640	23
4641	14
4642	14
4643	12
4644	11
4645	17
4646	17
4647	15
4648	22
4649	16
4650	19
4651	15
4652	14
4653	10
4654	21
4655	14
4656	11
4657	14
4658	13
4659	15
4660	8
4661	20
4662	13
4663	13
4664	11
4665	10
4666	12
4667	8
4668	17
4669	13
4670	15
4671	21
4672	16
4673	17
4674	14
4675	13
4676	14
4677	18
4678	16
4679	10
4680	12
4681	12
4682	12
4683	9
4684	19
4685	16
4686	6
4687	13
4688	8
4689	19
4690	14
4691	11
4692	11
4693	12
4694	13
4695	13
4696	12
4697	15
4698	14
4699	14
4700	17
4701	11
4702	12
4703	16
4704	18
4705	21
4706	13
4707	15
4708	8
4709	8
4710	12
4711	14
4712	16
4713	17
4714	15
4715	15
4716	9
4717	12
4718	9
4719	14
4720	8
4721	6
4722	15
4723	10
4724	20
4725	15
4726	14
4727	18
4728	11
4729	16
4730	12
4731	11
4732	13
4733	15
4734	13
4735	7
4736	12
4737	10
4738	12
4739	13
4740	11
4741	14
4742	14
4743	10
4744	10
4745	16
4746	18
4747	6
4748	7
4749	7
4750	15
4751	14
4752	17
4753	21
4754	12
4755	13
4756	11
4757	15
4758	12
4759	17
4760	13
4761	7
4762	10
4763	12
4764	16
4765	14
4766	11
4767	12
4768	18
4769	15
4770	11
4771	18
4772	12
4773	7
4774	16
4775	13
4776	13
4777	18
4778	10
4779	12
4780	11
4781	14
4782	10
4783	18
4784	11
4785	17
4786	15
4787	15
4788	14
4789	8
4790	12
4791	11
4792	14
4793	20
4794	7
4795	13
4796	8
4797	7
4798	10
4799	9
4800	14
4801	7
4802	13
4803	14
4804	19
4805	20
4806	14
4807	15
4808	19
4809	12
4810	13
4811	12
4812	13
4813	18
4814	16
4815	14
4816	10
4817	12
4818	16
4819	12
4820	14
4821	17
4822	9
4823	11
4824	13
4825	14
4826	8
4827	13
4828	14
4829	9
4830	10
4831	15
4832	14
4833	10
4834	18
4835	19
4836	30
4837	14
4838	15
4839	8
4840	14
4841	11
4842	5
4843	16
4844	13
4845	14
4846	15
4847	18
4848	19
4849	11
4850	16
4851	11
4852	14
4853	11
4854	12
4855	16
4856	13
4857	15
4858	13
4859	10
4860	16
4861	13
4862	15
4863	18
4864	16
4865	12
4866	8
4867	11
4868	13
4869	18
4870	10
4871	14
4872	12
4873	12
4874	12
4875	11
4876	13
4877	6
4878	5
4879	10
4880	13
4881	17
4882	9
4883	17
4884	12
4885	10
4886	12
4887	16
4888	16
4889	15
4890	13
4891	18
4892	10
4893	10
4894	19
4895	15
4896	18
4897	10
4898	15
4899	14
4900	15
4901	10
4902	21
4903	8
4904	13
4905	17
4906	13
4907	9
4908	10
4909	11
4910	12
4911	7
4912	13
4913	6
4914	8
4915	7
4916	13
4917	8
4918	18
4919	14
4920	10
4921	12
4922	9
4923	14
4924	20
4925	10
4926	15
4927	11
4928	7
4929	15
4930	13
4931	10
4932	11
4933	14
4934	8
4935	14
4936	14
4937	11
4938	17
4939	11
4940	8
4941	18
4942	13
4943	10
4944	12
4945	7
4946	16
4947	10
4948	9
4949	16
4950	7
4951	9
4952	6
4953	11
4954	11
4955	14
4956	11
4957	10
4958	11
4959	14
4960	13
4961	12
4962	14
4963	12
4964	12
4965	17
4966	18
4967	7
4968	19
4969	16
4970	11
4971	16
4972	16
4973	15
4974	15
4975	12
4976	13
4977	10
4978	15
4979	16
4980	6
4981	12
4982	14
4983	14
4984	7
4985	13
4986	11
4987	8
4988	10
4989	14
4990	9
4991	7
4992	14
4993	12
4994	17
4995	8
4996	10
4997	14
4998	11
4999	9
5000	17
5001	9
5002	15
5003	14
5004	9
5005	16
5006	17
5007	11
5008	14
5009	13
5010	7
5011	6
5012	8
5013	13
5014	10
5015	4
5016	11
5017	7
5018	13
5019	14
5020	15
5021	14
5022	11
5023	13
5024	7
5025	12
5026	10
5027	15
5028	10
5029	10
5030	11
5031	13
5032	15
5033	13
5034	4
5035	13
5036	17
5037	6
5038	16
5039	11
5040	14
5041	8
5042	14
5043	13
5044	16
5045	15
5046	16
5047	13
5048	9
5049	15
5050	10
5051	15
5052	19
5053	12
5054	12
5055	14
5056	8
5057	7
5058	16
5059	14
5060	17
5061	9
5062	7
5063	9
5064	16
5065	14
5066	18
5067	11
5068	12
5069	14
5070	8
5071	9
5072	12
5073	16
5074	9
5075	14
5076	14
5077	21
5078	14
5079	11
5080	11
5081	20
5082	13
5083	25
5084	11
5085	13
5086	22
5087	11
5088	13
5089	10
5090	11
5091	10
5092	18
5093	14
5094	19
5095	18
5096	14
5097	13
5098	16
5099	9
5100	10
5101	12
5102	10
5103	10
5104	10
5105	13
5106	9
5107	8
5108	12
5109	7
5110	8
5111	10
5112	11
5113	21
5114	14
5115	12
5116	9
5117	13
5118	18
5119	8
5120	14
5121	15
5122	9
5123	10
5124	12
5125	10
5126	15
5127	12
5128	10
5129	14
5130	7
5131	9
5132	12
5133	10
5134	8
5135	16
5136	18
5137	13
5138	14
5139	17
5140	12
5141	13
5142	6
5143	11
5144	18
5145	15
5146	19
5147	14
5148	14
5149	9
5150	14
5151	10
5152	11
5153	13
5154	19
5155	12
5156	10
5157	9
5158	12
5159	13
5160	15
5161	12
5162	11
5163	12
5164	14
5165	12
5166	11
5167	8
5168	7
5169	11
5170	14
5171	8
5172	3
5173	8
5174	10
5175	14
5176	13
5177	13
5178	3
5179	16
5180	7
5181	13
5182	15
5183	9
5184	14
5185	7
5186	12
5187	16
5188	15
5189	10
5190	10
5191	9
5192	12
5193	18
5194	12
5195	16
5196	11
5197	11
5198	7
5199	10
5200	13
5201	10
5202	15
5203	14
5204	11
5205	13
5206	8
5207	13
5208	21
5209	12
5210	16
5211	18
5212	16
5213	13
5214	16
5215	9
5216	11
5217	22
5218	9
5219	11
5220	12
5221	12
5222	14
5223	13
5224	15
5225	14
5226	12
5227	11
5228	12
5229	5
5230	10
5231	12
5232	12
5233	11
5234	14
5235	10
5236	10
5237	15
5238	10
5239	12
5240	11
5241	22
5242	8
5243	14
5244	15
5245	12
5246	13
5247	13
5248	6
5249	17
5250	14
5251	10
5252	13
5253	8
5254	17
5255	11
5256	13
5257	13
5258	16
5259	17
5260	13
5261	6
5262	14
5263	8
5264	12
5265	17
5266	13
5267	7
5268	11
5269	9
5270	11
5271	11
5272	17
5273	10
5274	10
5275	7
5276	11
5277	15
5278	9
5279	11
5280	14
5281	14
5282	11
5283	9
5284	11
5285	11
5286	12
5287	12
5288	13
5289	13
5290	14
5291	12
5292	22
5293	12
5294	6
5295	11
5296	7
5297	22
5298	13
5299	13
5300	14
5301	12
5302	11
5303	13
5304	19
5305	15
5306	7
5307	14
5308	17
5309	13
5310	9
5311	15
5312	17
5313	9
5314	9
5315	13
5316	11
5317	13
5318	17
5319	15
5320	11
5321	15
5322	12
5323	11
5324	10
5325	13
5326	21
5327	11
5328	7
5329	21
5330	12
5331	14
5332	17
5333	10
5334	16
5335	16
5336	13
5337	16
5338	15
5339	12
5340	10
5341	15
5342	13
5343	9
5344	13
5345	14
5346	14
5347	9
5348	13
5349	7
5350	14
5351	11
5352	15
5353	9
5354	16
5355	10
5356	14
5357	12
5358	14
5359	14
5360	13
5361	8
5362	12
5363	13
5364	13
5365	15
5366	16
5367	9
5368	11
5369	14
5370	11
5371	5
5372	21
5373	12
5374	18
5375	13
5376	11
5377	10
5378	21
5379	16
5380	14
5381	9
5382	19
5383	22
5384	14
5385	12
5386	13
5387	11
5388	9
5389	20
5390	9
5391	15
5392	12
5393	13
5394	16
5395	11
5396	8
5397	16
5398	6
5399	8
5400	10
5401	11
5402	16
5403	15
5404	8
5405	12
5406	11
5407	16
5408	10
5409	13
5410	10
5411	11
5412	12
5413	11
5414	10
5415	19
5416	16
5417	11
5418	8
5419	16
5420	13
5421	9
5422	15
5423	15
5424	12
5425	10
5426	13
5427	11
5428	18
5429	13
5430	16
5431	13
5432	12
5433	15
5434	11
5435	16
5436	12
5437	13
5438	11
5439	10
5440	10
5441	10
5442	13
5443	15
5444	14
5445	12
5446	18
5447	9
5448	13
5449	16
5450	17
5451	10
5452	14
5453	10
5454	16
5455	12
5456	9
5457	13
5458	9
5459	7
5460	11
5461	18
5462	14
5463	10
5464	8
5465	10
5466	7
5467	12
5468	14
5469	10
5470	14
5471	9
5472	13
5473	13
5474	9
5475	14
5476	8
5477	9
5478	15
5479	8
5480	16
5481	20
5482	15
5483	11
5484	11
5485	14
5486	10
5487	7
5488	8
5489	6
5490	10
5491	18
5492	11
5493	17
5494	11
5495	17
5496	16
5497	20
5498	9
5499	14
5500	17
5501	10
5502	17
5503	11
5504	14
5505	10
5506	11
5507	12
5508	14
5509	17
5510	9
5511	24
5512	8
5513	11
5514	18
5515	9
5516	13
5517	16
5518	17
5519	15
5520	12
5521	11
5522	7
5523	8
5524	12
5525	19
5526	12
5527	6
5528	12
5529	6
5530	13
5531	9
5532	15
5533	11
5534	10
5535	16
5536	14
5537	12
5538	11
5539	15
5540	11
5541	14
5542	12
5543	16
5544	10
5545	10
5546	12
5547	13
5548	9
5549	13
5550	15
5551	17
5552	13
5553	12
5554	14
5555	13
5556	9
5557	15
5558	6
5559	13
5560	12
5561	10
5562	13
5563	16
5564	17
5565	8
5566	13
5567	9
5568	17
5569	9
5570	17
5571	10
5572	9
5573	20
5574	15
5575	12
5576	15
5577	11
5578	9
5579	18
5580	7
5581	16
5582	5
5583	15
5584	7
5585	8
5586	9
5587	16
5588	9
5589	8
5590	8
5591	13
5592	8
5593	11
5594	11
5595	6
5596	23
5597	13
5598	11
5599	12
5600	4
5601	17
5602	10
5603	9
5604	12
5605	13
5606	11
5607	8
5608	12
5609	17
5610	9
5611	16
5612	16
5613	6
5614	14
5615	11
5616	10
5617	12
5618	14
5619	9
5620	15
5621	13
5622	7
5623	18
5624	8
5625	12
5626	16
5627	10
5628	16
5629	13
5630	19
5631	13
5632	9
5633	7
5634	14
5635	11
5636	11
5637	7
5638	6
5639	9
5640	12
5641	9
5642	12
5643	9
5644	15
5645	14
5646	17
5647	9
5648	17
5649	9
5650	15
5651	12
5652	10
5653	6
5654	15
5655	12
5656	12
5657	12
5658	13
5659	14
5660	14
5661	12
5662	7
5663	14
5664	20
5665	12
5666	20
5667	14
5668	9
5669	10
5670	12
5671	10
5672	13
5673	16
5674	9
5675	11
5676	9
5677	8
5678	13
5679	13
5680	15
5681	13
5682	11
5683	14
5684	14
5685	10
5686	11
5687	15
5688	8
5689	10
5690	13
5691	15
5692	10
5693	14
5694	16
5695	15
5696	16
5697	11
5698	13
5699	14
5700	10
5701	17
5702	7
5703	9
5704	11
5705	11
5706	11
5707	15
5708	10
5709	11
5710	13
5711	21
5712	18
5713	12
5714	9
5715	11
5716	11
5717	12
5718	13
5719	16
5720	10
5721	10
5722	14
5723	14
5724	10
5725	8
5726	22
5727	7
5728	17
5729	15
5730	9
5731	10
5732	19
5733	12
5734	16
5735	10
5736	19
5737	12
5738	13
5739	12
5740	9
5741	16
5742	17
5743	6
5744	18
5745	10
5746	15
5747	15
5748	4
5749	15
5750	10
5751	12
5752	13
5753	15
5754	7
5755	11
5756	11
5757	16
5758	16
5759	10
5760	13
5761	12
5762	13
5763	15
5764	7
5765	9
5766	12
5767	9
5768	9
5769	9
5770	13
5771	13
5772	14
5773	13
5774	13
5775	13
5776	11
5777	15
5778	16
5779	15
5780	9
5781	15
5782	8
5783	12
5784	17
5785	7
5786	12
5787	14
5788	11
5789	16
5790	6
5791	20
5792	20
5793	14
5794	6
5795	17
5796	13
5797	17
5798	10
5799	13
5800	17
5801	9
5802	16
5803	12
5804	10
5805	7
5806	11
5807	10
5808	13
5809	15
5810	13
5811	16
5812	18
5813	11
5814	17
5815	10
5816	16
5817	10
5818	14
5819	9
5820	21
5821	13
5822	11
5823	9
5824	9
5825	17
5826	15
5827	14
5828	10
5829	10
5830	10
5831	14
5832	18
5833	14
5834	8
5835	9
5836	10
5837	15
5838	16
5839	9
5840	12
5841	12
5842	9
5843	13
5844	12
5845	17
5846	8
5847	9
5848	15
5849	12
5850	17
5851	11
5852	14
5853	14
5854	13
5855	11
5856	12
5857	18
5858	16
5859	14
5860	12
5861	7
5862	11
5863	17
5864	11
5865	10
5866	13
5867	8
5868	10
5869	11
5870	8
5871	8
5872	11
5873	12
5874	13
5875	11
5876	11
5877	12
5878	13
5879	10
5880	9
5881	12
5882	13
5883	16
5884	8
5885	12
5886	9
5887	15
5888	17
5889	13
5890	12
5891	9
5892	9
5893	16
5894	11
5895	9
5896	7
5897	15
5898	12
5899	14
5900	12
5901	15
5902	14
5903	14
5904	10
5905	12
5906	11
5907	18
5908	10
5909	15
5910	7
5911	13
5912	15
5913	17
5914	10
5915	13
5916	10
5917	23
5918	8
5919	8
5920	8
5921	18
5922	13
5923	9
5924	18
5925	16
5926	8
5927	8
5928	12
5929	10
5930	12
5931	10
5932	12
5933	21
5934	15
5935	11
5936	9
5937	12
5938	17
5939	11
5940	7
5941	13
5942	15
5943	11
5944	12
5945	18
5946	11
5947	10
5948	13
5949	12
5950	12
5951	12
5952	17
5953	18
5954	10
5955	14
5956	5
5957	11
5958	16
5959	14
5960	9
5961	10
5962	18
5963	11
5964	9
5965	8
5966	16
5967	10
5968	12
5969	14
5970	14
5971	19
5972	9
5973	16
5974	11
5975	7
5976	9
5977	12
5978	15
5979	16
5980	12
5981	18
5982	10
5983	11
5984	14
5985	11
5986	15
5987	7
5988	16
5989	9
5990	9
5991	14
5992	16
5993	13
5994	15
5995	12
5996	15
5997	15
5998	18
5999	10
6000	10
6001	13
6002	9
6003	12
6004	10
6005	11
6006	9
6007	8
6008	11
6009	15
6010	11
6011	8
6012	15
6013	14
6014	16
6015	7
6016	6
6017	11
6018	18
6019	16
6020	15
6021	10
6022	11
6023	17
6024	13
6025	23
6026	12
6027	15
6028	19
6029	13
6030	11
6031	13
6032	12
6033	13
6034	14
6035	9
6036	12
6037	14
6038	19
6039	11
6040	15
6041	15
6042	20
6043	11
6044	11
6045	16
6046	10
6047	13
6048	13
6049	13
6050	12
6051	17
6052	11
6053	16
6054	16
6055	11
6056	17
6057	14
6058	14
6059	12
6060	14
6061	11
6062	14
6063	17
6064	14
6065	11
6066	11
6067	15
6068	17
6069	8
6070	15
6071	17
6072	8
6073	13
6074	10
6075	15
6076	13
6077	15
6078	11
6079	12
6080	14
6081	14
6082	15
6083	14
6084	13
6085	14
6086	13
6087	8
6088	11
6089	14
6090	10
6091	14
6092	14
6093	15
6094	16
6095	17
6096	11
6097	11
6098	14
6099	9
6100	6
6101	14
6102	14
6103	12
6104	9
6105	14
6106	18
6107	13
6108	10
6109	15
6110	15
6111	16
6112	6
6113	12
6114	15
6115	16
6116	6
6117	11
6118	15
6119	15
6120	19
6121	11
6122	15
6123	11
6124	19
6125	19
6126	14
6127	18
6128	19
6129	9
6130	13
6131	13
6132	15
6133	16
6134	20
6135	20
6136	15
6137	14
6138	10
6139	12
6140	22
6141	15
6142	13
6143	14
6144	10
6145	17
6146	10
6147	15
6148	15
6149	14
6150	17
6151	12
6152	12
6153	14
6154	14
6155	13
6156	16
6157	10
6158	12
6159	5
6160	19
6161	11
6162	12
6163	14
6164	10
6165	11
6166	12
6167	10
6168	14
6169	14
6170	11
6171	12
6172	15
6173	12
6174	9
6175	10
6176	14
6177	18
6178	16
6179	17
6180	8
6181	10
6182	11
6183	17
6184	16
6185	15
6186	11
6187	9
6188	16
6189	11
6190	11
6191	12
6192	16
6193	18
6194	10
6195	10
6196	15
6197	16
6198	14
6199	12
6200	14
6201	14
6202	12
6203	16
6204	10
6205	21
6206	12
6207	12
6208	15
6209	14
6210	9
6211	15
6212	13
6213	26
6214	16
6215	14
6216	15
6217	13
6218	14
6219	16
6220	16
6221	18
6222	12
6223	17
6224	10
6225	14
6226	15
6227	15
6228	10
6229	12
6230	23
6231	19
6232	11
6233	15
6234	11
6235	20
6236	12
6237	15
6238	20
6239	10
6240	13
6241	18
6242	23
6243	10
6244	14
6245	19
6246	12
6247	11
6248	14
6249	10
6250	15
6251	13
6252	18
6253	10
6254	8
6255	17
6256	16
6257	11
6258	11
6259	12
6260	14
6261	16
6262	14
6263	14
6264	10
6265	22
6266	12
6267	17
6268	18
6269	9
6270	18
6271	10
6272	12
6273	11
6274	13
6275	16
6276	15
6277	12
6278	15
6279	20
6280	15
6281	13
6282	16
6283	14
6284	11
6285	6
6286	16
6287	12
6288	20
6289	18
6290	19
6291	11
6292	12
6293	18
6294	16
6295	10
6296	12
6297	14
6298	17
6299	12
6300	28
6301	17
6302	10
6303	14
6304	15
6305	20
6306	16
6307	22
6308	13
6309	23
6310	9
6311	8
6312	15
6313	12
6314	19
6315	18
6316	18
6317	18
6318	10
6319	13
6320	16
6321	13
6322	16
6323	19
6324	16
6325	16
6326	14
6327	16
6328	8
6329	11
6330	21
6331	11
6332	7
6333	14
6334	20
6335	18
6336	17
6337	27
6338	19
6339	24
6340	14
6341	13
6342	24
6343	18
6344	17
6345	22
6346	14
6347	9
6348	15
6349	16
6350	11
6351	19
6352	14
6353	29
6354	17
6355	20
6356	24
6357	17
6358	21
6359	18
6360	10
6361	14
6362	19
6363	15
6364	13
6365	15
6366	14
6367	19
6368	16
6369	15
6370	16
6371	19
6372	14
6373	17
6374	16
6375	18
6376	16
6377	20
6378	19
6379	15
6380	22
6381	13
6382	21
6383	14
6384	21
6385	19
6386	17
6387	24
6388	15
6389	19
6390	12
6391	17
6392	12
6393	14
6394	16
6395	13
6396	22
6397	17
6398	21
6399	20
6400	10
6401	22
6402	17
6403	19
6404	16
6405	9
6406	16
6407	24
6408	23
6409	19
6410	23
6411	19
6412	14
6413	15
6414	14
6415	17
6416	17
6417	21
6418	26
6419	20
6420	14
6421	16
6422	18
6423	12
6424	23
6425	16
6426	20
6427	20
6428	21
6429	17
6430	14
6431	26
6432	25
6433	19
6434	17
6435	17
6436	23
6437	14
6438	16
6439	10
6440	22
6441	19
6442	21
6443	19
6444	14
6445	21
6446	17
6447	10
6448	20
6449	11
6450	24
6451	22
6452	23
6453	17
6454	13
6455	20
6456	15
6457	29
6458	21
6459	21
6460	20
6461	20
6462	18
6463	15
6464	16
6465	13
6466	22
6467	17
6468	21
6469	20
6470	11
6471	17
6472	13
6473	16
6474	17
6475	26
6476	20
6477	29
6478	16
6479	17
6480	21
6481	16
6482	17
6483	19
6484	18
6485	27
6486	26
6487	23
6488	22
6489	30
6490	17
6491	19
6492	21
6493	23
6494	26
6495	12
6496	18
6497	15
6498	20
6499	26
6500	17
6501	18
6502	22
6503	23
6504	18
6505	23
6506	24
6507	23
6508	16
6509	28
6510	20
6511	23
6512	15
6513	19
6514	23
6515	20
6516	21
6517	21
6518	17
6519	26
6520	23
6521	15
6522	21
6523	23
6524	20
6525	23
6526	14
6527	14
6528	21
6529	15
6530	20
6531	22
6532	23
6533	17
6534	22
6535	24
6536	18
6537	18
6538	19
6539	28
6540	17
6541	17
6542	24
6543	16
6544	22
6545	15
6546	21
6547	22
6548	16
6549	20
6550	19
6551	18
6552	21
6553	15
6554	10
6555	17
6556	10
6557	12
6558	21
6559	17
6560	28
6561	29
6562	10
6563	16
6564	18
6565	24
6566	14
6567	16
6568	23
6569	20
6570	18
6571	26
6572	14
6573	19
6574	20
6575	14
6576	27
6577	20
6578	21
6579	22
6580	11
6581	26
6582	15
6583	20
6584	11
6585	26
6586	18
6587	21
6588	18
6589	23
6590	15
6591	12
6592	13
6593	26
6594	25
6595	24
6596	19
6597	16
6598	19
6599	19
6600	23
6601	17
6602	22
6603	15
6604	15
6605	23
6606	20
6607	18
6608	21
6609	15
6610	26
6611	24
6612	20
6613	22
6614	12
6615	22
6616	12
6617	18
6618	14
6619	16
6620	17
6621	20
6622	20
6623	30
6624	12
6625	12
6626	25
6627	16
6628	14
6629	19
6630	24
6631	14
6632	16
6633	22
6634	22
6635	20
6636	17
6637	15
6638	17
6639	14
6640	24
6641	15
6642	19
6643	17
6644	21
6645	15
6646	19
6647	25
6648	11
6649	13
6650	22
6651	27
6652	19
6653	16
6654	25
6655	22
6656	27
6657	24
6658	14
6659	19
6660	19
6661	18
6662	21
6663	24
6664	21
6665	19
6666	20
6667	16
6668	17
6669	11
6670	22
6671	13
6672	22
6673	21
6674	23
6675	18
6676	14
6677	21
6678	15
6679	16
6680	21
6681	14
6682	24
6683	17
6684	17
6685	22
6686	12
6687	15
6688	18
6689	17
6690	19
6691	22
6692	19
6693	17
6694	18
6695	17
6696	25
6697	14
6698	13
6699	23
6700	18
6701	18
6702	12
6703	24
6704	18
6705	17
6706	15
6707	14
6708	17
6709	17
6710	15
6711	14
6712	18
6713	12
6714	18
6715	20
6716	22
6717	14
6718	21
6719	21
6720	14
6721	10
6722	14
6723	18
6724	19
6725	19
6726	23
6727	14
6728	20
6729	14
6730	14
6731	11
6732	11
6733	13
6734	13
6735	23
6736	14
6737	8
6738	10
6739	15
6740	12
6741	21
6742	7
6743	13
6744	17
6745	16
6746	8
6747	15
6748	11
6749	21
6750	8
6751	15
6752	13
6753	12
6754	20
6755	12
6756	13
6757	15
6758	18
6759	20
6760	18
6761	12
6762	17
6763	11
6764	11
6765	11
6766	11
6767	13
6768	10
6769	13
6770	13
6771	13
6772	18
6773	13
6774	17
6775	17
6776	12
6777	10
6778	17
6779	16
6780	15
6781	10
6782	12
6783	16
6784	16
6785	9
6786	21
6787	16
6788	13
6789	21
6790	6
6791	14
6792	14
6793	17
6794	10
6795	16
6796	10
6797	15
6798	12
6799	8
6800	14
6801	10
6802	11
6803	18
6804	12
6805	19
6806	7
6807	19
6808	10
6809	19
6810	15
6811	14
6812	11
6813	14
6814	12
6815	12
6816	13
6817	17
6818	9
6819	7
6820	12
6821	10
6822	11
6823	11
6824	12
6825	7
6826	19
6827	10
6828	10
6829	10
6830	11
6831	9
6832	15
6833	12
6834	14
6835	12
6836	14
6837	13
6838	11
6839	10
6840	12
6841	5
6842	7
6843	9
6844	12
6845	11
6846	16
6847	7
6848	8
6849	12
6850	14
6851	7
6852	8
6853	12
6854	15
6855	10
6856	16
6857	12
6858	12
6859	14
6860	10
6861	6
6862	13
6863	4
6864	11
6865	8
6866	10
6867	7
6868	9
6869	5
6870	11
6871	10
6872	9
6873	9
6874	8
6875	6
6876	10
6877	9
6878	17
6879	9
6880	12
6881	9
6882	13
6883	11
6884	9
6885	10
6886	5
6887	9
6888	15
6889	12
6890	6
6891	11
6892	9
6893	8
6894	6
6895	16
6896	7
6897	11
6898	4
6899	18
6900	6
6901	8
6902	14
6903	10
6904	9
6905	9
6906	9
6907	14
6908	7
6909	13
6910	9
6911	5
6912	7
6913	7
6914	16
6915	5
6916	7
6917	9
6918	15
6919	6
6920	9
6921	7
6922	10
6923	4
6924	6
6925	5
6926	6
6927	9
6928	7
6929	13
6930	7
6931	12
6932	6
6933	7
6934	11
6935	9
6936	6
6937	14
6938	11
6939	3
6940	16
6941	9
6942	7
6943	5
6944	8
6945	7
6946	7
6947	4
6948	10
6949	10
6950	7
6951	5
6952	7
6953	7
6954	7
6955	3
6956	7
6957	4
6958	9
6959	7
6960	6
6961	7
6962	7
6963	4
6964	3
6965	12
6966	6
6967	4
6968	11
6969	12
6970	5
6971	1
6972	5
6973	7
6974	8
6975	12
6976	3
6977	4
6978	6
6979	4
6980	6
6981	6
6982	6
6983	5
6984	7
6985	5
6986	5
6987	8
6988	4
6989	9
6990	4
6991	7
6992	4
6993	8
6994	9
6995	7
6996	5
6997	9
6998	5
6999	6
7000	3
7001	6
7002	9
7003	9
7004	8
7005	9
7006	4
7007	11
7008	7
7009	7
7010	10
7011	10
7012	3
7013	5
7014	4
7015	4
7016	4
7017	4
7018	4
7019	5
7020	8
7021	1
7022	5
7023	4
7024	4
7025	7
7026	5
7027	7
7028	6
7029	4
7030	5
7031	4
7032	3
7033	5
7034	8
7035	7
7036	7
7037	3
7038	4
7039	0
7040	10
7041	3
7042	6
7043	5
7044	4
7045	6
7046	4
7047	13
7048	3
7049	9
7050	7
7051	2
7052	3
7053	5
7054	5
7055	5
7056	5
7057	4
7058	3
7059	7
7060	7
7061	6
7062	8
7063	4
7064	4
7065	7
7066	4
7067	4
7068	6
7069	1
7070	5
7071	5
7072	4
7073	4
7074	5
7075	5
7076	6
7077	0
7078	5
7079	6
7080	9
7081	5
7082	5
7083	3
7084	7
7085	9
7086	6
7087	8
7088	6
7089	7
7090	6
7091	7
7092	2
7093	8
7094	7
7095	6
7096	4
7097	7
7098	7
7099	4
7100	5
7101	2
7102	3
7103	11
7104	3
7105	4
7106	3
7107	11
7108	3
7109	5
7110	3
7111	3
7112	4
7113	9
7114	9
7115	5
7116	0
7117	8
7118	4
7119	2
7120	2
7121	2
7122	7
7123	4
7124	5
7125	3
7126	4
7127	5
7128	4
7129	5
7130	3
7131	3
7132	5
7133	6
7134	6
7135	5
7136	7
7137	5
7138	5
7139	7
7140	4
7141	8
7142	6
7143	8
7144	3
7145	7
7146	9
7147	4
7148	4
7149	10
7150	7
7151	5
7152	4
7153	9
7154	3
7155	5
7156	3
7157	5
7158	4
7159	4
7160	1
7161	5
7162	1
7163	4
7164	3
7165	3
7166	2
7167	8
7168	1
7169	6
7170	5
7171	5
7172	4
7173	2
7174	4
7175	3
7176	5
7177	8
7178	7
7179	7
7180	3
7181	4
7182	4
7183	7
7184	6
7185	2
7186	2
7187	5
7188	7
7189	8
7190	7
7191	6
7192	5
7193	3
7194	4
7195	4
7196	4
7197	5
7198	4
7199	5
7200	1
7201	4
7202	3
7203	5
7204	4
7205	5
7206	4
7207	7
7208	2
7209	3
7210	5
7211	3
7212	7
7213	1
7214	3
7215	2
7216	3
7217	5
7218	9
7219	5
7220	6
7221	4
7222	2
7223	9
7224	4
7225	7
7226	8
7227	9
7228	8
7229	4
7230	4
7231	7
7232	5
7233	4
7234	4
7235	4
7236	4
7237	6
7238	1
7239	1
7240	2
7241	6
7242	6
7243	3
7244	4
7245	5
7246	6
7247	6
7248	1
7249	3
7250	2
7251	7
7252	8
7253	5
7254	8
7255	1
7256	3
7257	6
7258	9
7259	3
7260	11
7261	5
7262	2
7263	1
7264	6
7265	4
7266	6
7267	3
7268	3
7269	5
7270	4
7271	5
7272	1
7273	7
7274	9
7275	3
7276	7
7277	0
7278	2
7279	6
7280	7
7281	3
7282	5
7283	5
7284	6
7285	8
7286	2
7287	2
7288	6
7289	4
7290	4
7291	1
7292	5
7293	2
7294	9
7295	5
7296	5
7297	3
7298	5
7299	6
7300	1
7301	5
7302	6
7303	5
7304	4
7305	6
7306	7
7307	2
7308	4
7309	3
7310	10
7311	4
7312	2
7313	1
7314	7
7315	2
7316	8
7317	6
7318	4
7319	6
7320	4
7321	3
7322	6
7323	4
7324	2
7325	4
7326	6
7327	3
7328	4
7329	5
7330	3
7331	2
7332	3
7333	8
7334	3
7335	4
7336	5
7337	3
7338	1
7339	6
7340	3
7341	1
7342	3
7343	1
7344	2
7345	3
7346	2
7347	2
7348	10
7349	3
7350	5
7351	1
7352	4
7353	11
7354	6
7355	6
7356	6
7357	2
7358	3
7359	6
7360	3
7361	10
7362	4
7363	3
7364	2
7365	6
7366	6
7367	5
7368	5
7369	3
7370	1
7371	3
7372	8
7373	6
7374	2
7375	5
7376	7
7377	8
7378	8
7379	9
7380	6
7381	4
7382	2
7383	8
7384	4
7385	7
7386	4
7387	5
7388	3
7389	6
7390	5
7391	2
7392	2
7393	4
7394	4
7395	3
7396	9
7397	9
7398	3
7399	7
7400	6
7401	10
7402	5
7403	6
7404	7
7405	6
7406	4
7407	5
7408	1
7409	4
7410	14
7411	7
7412	7
7413	7
7414	8
7415	9
7416	3
7417	7
7418	1
7419	4
7420	3
7421	2
7422	5
7423	7
7424	8
7425	8
7426	5
7427	0
7428	10
7429	7
7430	5
7431	6
7432	4
7433	2
7434	6
7435	3
7436	2
7437	6
7438	10
7439	6
7440	4
7441	3
7442	5
7443	12
7444	4
7445	9
7446	4
7447	5
7448	5
7449	8
7450	9
7451	7
7452	10
7453	9
7454	3
7455	6
7456	7
7457	7
7458	7
7459	6
7460	6
7461	10
7462	9
7463	4
7464	7
7465	6
7466	7
7467	4
7468	4
7469	3
7470	5
7471	16
7472	3
7473	5
7474	7
7475	3
7476	7
7477	5
7478	4
7479	7
7480	8
7481	5
7482	5
7483	5
7484	8
7485	13
7486	5
7487	5
7488	5
7489	8
7490	7
7491	6
7492	8
7493	6
7494	7
7495	6
7496	2
7497	1
7498	4
7499	3
7500	7
7501	1
7502	10
7503	5
7504	9
7505	9
7506	4
7507	9
7508	8
7509	6
7510	3
7511	6
7512	7
7513	4
7514	8
7515	5
7516	9
7517	7
7518	6
7519	10
7520	5
7521	8
7522	6
7523	7
7524	2
7525	3
7526	6
7527	9
7528	10
7529	5
7530	4
7531	6
7532	5
7533	5
7534	10
7535	7
7536	7
7537	9
7538	8
7539	5
7540	7
7541	8
7542	6
7543	11
7544	7
7545	6
7546	5
7547	11
7548	7
7549	7
7550	8
7551	10
7552	4
7553	10
7554	9
7555	6
7556	4
7557	8
7558	7
7559	8
7560	3
7561	4
7562	6
7563	3
7564	7
7565	9
7566	4
7567	4
7568	3
7569	3
7570	10
7571	12
7572	12
7573	9
7574	2
7575	14
7576	7
7577	6
7578	5
7579	4
7580	7
7581	8
7582	5
7583	4
7584	6
7585	7
7586	4
7587	8
7588	4
7589	10
7590	10
7591	10
7592	10
7593	8
7594	9
7595	6
7596	10
7597	9
7598	4
7599	8
7600	6
7601	6
7602	9
7603	11
7604	9
7605	8
7606	7
7607	7
7608	6
7609	9
7610	5
7611	12
7612	7
7613	8
7614	9
7615	9
7616	9
7617	7
7618	9
7619	5
7620	6
7621	8
7622	8
7623	8
7624	5
7625	13
7626	6
7627	6
7628	12
7629	7
7630	5
7631	6
7632	8
7633	4
7634	13
7635	5
7636	9
7637	15
7638	10
7639	12
7640	9
7641	3
7642	3
7643	8
7644	8
7645	7
7646	12
7647	12
7648	9
7649	8
7650	7
7651	5
7652	12
7653	10
7654	9
7655	6
7656	3
7657	10
7658	6
7659	12
7660	3
7661	6
7662	4
7663	5
7664	10
7665	5
7666	7
7667	12
7668	11
7669	8
7670	13
7671	9
7672	9
7673	13
7674	5
7675	12
7676	11
7677	8
7678	8
7679	9
7680	9
7681	17
7682	7
7683	4
7684	13
7685	1
7686	6
7687	9
7688	11
7689	9
7690	8
7691	5
7692	4
7693	6
7694	7
7695	5
7696	6
7697	9
7698	6
7699	8
7700	6
7701	4
7702	6
7703	7
7704	8
7705	6
7706	8
7707	8
7708	9
7709	5
7710	10
7711	10
7712	7
7713	10
7714	10
7715	7
7716	12
7717	8
7718	7
7719	12
7720	8
7721	14
7722	12
7723	11
7724	12
7725	11
7726	7
7727	9
7728	6
7729	6
7730	7
7731	13
7732	7
7733	9
7734	8
7735	4
7736	5
7737	9
7738	14
7739	10
7740	9
7741	9
7742	7
7743	5
7744	6
7745	7
7746	9
7747	8
7748	5
7749	7
7750	5
7751	7
7752	15
7753	11
7754	3
7755	9
7756	5
7757	8
7758	10
7759	9
7760	5
7761	6
7762	13
7763	3
7764	13
7765	5
7766	11
7767	8
7768	14
7769	9
7770	8
7771	10
7772	6
7773	10
7774	8
7775	6
7776	5
7777	10
7778	8
7779	3
7780	3
7781	7
7782	3
7783	5
7784	9
7785	6
7786	10
7787	4
7788	12
7789	8
7790	7
7791	6
7792	6
7793	9
7794	12
7795	9
7796	10
7797	8
7798	5
7799	11
7800	6
7801	11
7802	6
7803	11
7804	9
7805	12
7806	7
7807	7
7808	5
7809	5
7810	9
7811	7
7812	9
7813	6
7814	5
7815	8
7816	10
7817	4
7818	7
7819	15
7820	5
7821	10
7822	5
7823	9
7824	6
7825	4
7826	10
7827	9
7828	6
7829	10
7830	9
7831	6
7832	6
7833	9
7834	5
7835	7
7836	9
7837	8
7838	8
7839	8
7840	1
7841	10
7842	8
7843	8
7844	3
7845	6
7846	7
7847	7
7848	7
7849	6
7850	3
7851	7
7852	11
7853	5
7854	10
7855	5
7856	12
7857	11
7858	13
7859	12
7860	7
7861	7
7862	7
7863	9
7864	4
7865	10
7866	10
7867	10
7868	10
7869	6
7870	11
7871	7
7872	6
7873	4
7874	3
7875	7
7876	9
7877	7
7878	10
7879	12
7880	8
7881	8
7882	9
7883	9
7884	7
7885	5
7886	9
7887	6
7888	11
7889	7
7890	12
7891	9
7892	4
7893	12
7894	5
7895	3
7896	2
7897	5
7898	10
7899	7
7900	11
7901	8
7902	10
7903	10
7904	5
7905	8
7906	18
7907	5
7908	6
7909	8
7910	6
7911	7
7912	5
7913	7
7914	6
7915	8
7916	9
7917	6
7918	8
7919	4
7920	5
7921	11
7922	9
7923	5
7924	6
7925	2
7926	11
7927	8
7928	5
7929	0
7930	6
7931	6
7932	9
7933	6
7934	10
7935	9
7936	7
7937	7
7938	10
7939	13
7940	11
7941	6
7942	5
7943	7
7944	8
7945	4
7946	4
7947	6
7948	9
7949	10
7950	4
7951	6
7952	9
7953	12
7954	4
7955	7
7956	5
7957	6
7958	5
7959	5
7960	5
7961	2
7962	6
7963	9
7964	7
7965	10
7966	3
7967	6
7968	2
7969	12
7970	12
7971	4
7972	6
7973	6
7974	4
7975	5
7976	4
7977	6
7978	8
7979	10
7980	6
7981	4
7982	4
7983	6
7984	5
7985	8
7986	8
7987	8
7988	7
7989	11
7990	9
7991	6
7992	10
7993	4
7994	6
7995	5
7996	2
7997	6
7998	8
7999	7
8000	5
8001	8
8002	7
8003	7
8004	7
8005	6
8006	8
8007	7
8008	5
8009	4
8010	4
8011	6
8012	9
8013	6
8014	6
8015	5
8016	8
8017	6
8018	7
8019	6
8020	5
8021	4
8022	4
8023	5
8024	7
8025	3
8026	8
8027	2
8028	7
8029	3
8030	6
8031	9
8032	7
8033	6
8034	16
8035	6
8036	5
8037	5
8038	5
8039	5
8040	3
8041	4
8042	9
8043	5
8044	1
8045	4
8046	11
8047	7
8048	12
8049	8
8050	4
8051	4
8052	6
8053	4
8054	2
8055	8
8056	6
8057	4
8058	4
8059	3
8060	4
8061	6
8062	3
8063	6
8064	10
8065	4
8066	5
8067	6
8068	6
8069	5
8070	4
8071	7
8072	1
8073	4
8074	6
8075	9
8076	3
8077	1
8078	1
8079	4
8080	6
8081	6
8082	5
8083	1
8084	0
8085	0
8086	0
8087	0
8088	0
8089	0
8090	0
8091	0
8092	0
8093	0
8094	0
8095	0
8096	0
8097	0
8098	0
8099	0
8100	0
8101	0
8102	0
8103	0
8104	0
8105	0
8106	0
8107	0
8108	0
8109	0
8110	0
8111	0
8112	0
8113	0
8114	0
8115	0
8116	0
8117	0
8118	0
8119	0
8120	0
8121	0
8122	0
8123	0
8124	0
8125	0
8126	0
8127	0
8128	0
8129	0
8130	0
8131	0
8132	0
8133	0
8134	0
8135	0
8136	0
8137	0
8138	0
8139	0
8140	0
8141	0
8142	0
8143	0
8144	0
8145	0
8146	0
8147	0
8148	0
8149	0
8150	0
8151	0
8152	0
8153	0
8154	0
8155	0
8156	0
8157	0
8158	0
8159	0
8160	0
8161	0
8162	0
8163	0
8164	0
8165	0
8166	0
8167	0
8168	0
8169	0
8170	0
8171	0
8172	0
8173	0
8174	0
8175	0
8176	0
8177	0
8178	0
8179	0
8180	0
8181	0
8182	0
8183	0
8184	0
8185	0
8186	0
8187	0
8188	0
8189	0
8190	0
8191	0
