0	0
1	0
2	0
3	0
4	0
5	0
6	0
7	0
8	0
9	0
10	0
11	0
12	0
13	0
14	0
15	0
16	0
17	0
18	0
19	0
20	0
21	0
22	0
23	0
24	0
25	0
26	0
27	0
28	0
29	0
30	0
31	0
32	0
33	0
34	0
35	0
36	0
37	0
38	0
39	0
40	0
41	0
42	0
43	0
44	0
45	0
46	0
47	0
48	0
49	0
50	0
51	0
52	0
53	0
54	0
55	0
56	0
57	0
58	0
59	0
60	0
61	0
62	0
63	0
64	0
65	0
66	0
67	0
68	0
69	0
70	0
71	0
72	0
73	0
74	0
75	0
76	0
77	0
78	0
79	0
80	0
81	0
82	0
83	0
84	0
85	4
86	5
87	17
88	8
89	10
90	8
91	12
92	11
93	6
94	9
95	7
96	6
97	10
98	9
99	5
100	6
101	10
102	8
103	11
104	3
105	11
106	9
107	7
108	9
109	9
110	13
111	11
112	14
113	7
114	11
115	4
116	10
117	10
118	11
119	8
120	6
121	7
122	11
123	13
124	12
125	7
126	5
127	7
128	8
129	3
130	6
131	8
132	6
133	6
134	11
135	6
136	6
137	3
138	10
139	8
140	7
141	10
142	6
143	8
144	11
145	10
146	6
147	2
148	7
149	9
150	6
151	8
152	18
153	9
154	5
155	8
156	5
157	9
158	6
159	9
160	9
161	13
162	10
163	5
164	10
165	6
166	6
167	10
168	6
169	5
170	10
171	6
172	11
173	12
174	10
175	7
176	10
177	11
178	8
179	11
180	8
181	14
182	5
183	2
184	5
185	5
186	12
187	6
188	4
189	15
190	3
191	7
192	7
193	6
194	6
195	3
196	9
197	3
198	5
199	10
200	5
201	4
202	7
203	13
204	4
205	6
206	11
207	6
208	3
209	12
210	9
211	8
212	5
213	10
214	8
215	8
216	6
217	7
218	4
219	6
220	9
221	9
222	4
223	4
224	13
225	8
226	8
227	9
228	4
229	6
230	5
231	9
232	7
233	6
234	10
235	4
236	4
237	4
238	6
239	11
240	7
241	6
242	13
243	6
244	10
245	6
246	8
247	11
248	8
249	11
250	11
251	8
252	9
253	7
254	6
255	11
256	9
257	9
258	12
259	16
260	6
261	8
262	10
263	11
264	8
265	6
266	15
267	9
268	5
269	12
270	8
271	11
272	7
273	8
274	11
275	8
276	6
277	8
278	9
279	4
280	4
281	13
282	5
283	10
284	7
285	5
286	6
287	9
288	14
289	6
290	3
291	8
292	13
293	10
294	5
295	12
296	11
297	7
298	7
299	5
300	10
301	9
302	3
303	7
304	6
305	11
306	12
307	9
308	6
309	8
310	13
311	7
312	9
313	6
314	5
315	12
316	8
317	12
318	5
319	4
320	9
321	10
322	13
323	8
324	10
325	6
326	5
327	11
328	9
329	7
330	7
331	5
332	9
333	8
334	16
335	12
336	9
337	11
338	6
339	3
340	10
341	7
342	4
343	7
344	5
345	12
346	9
347	6
348	9
349	11
350	9
351	11
352	7
353	10
354	7
355	7
356	9
357	10
358	3
359	11
360	7
361	7
362	14
363	10
364	12
365	4
366	8
367	10
368	8
369	9
370	5
371	4
372	10
373	7
374	6
375	8
376	9
377	12
378	7
379	10
380	9
381	5
382	10
383	5
384	7
385	7
386	6
387	12
388	11
389	13
390	5
391	8
392	10
393	7
394	7
395	10
396	5
397	12
398	13
399	10
400	4
401	5
402	8
403	9
404	14
405	5
406	3
407	4
408	10
409	8
410	5
411	7
412	11
413	9
414	7
415	7
416	13
417	8
418	5
419	8
420	5
421	9
422	9
423	9
424	12
425	4
426	6
427	14
428	9
429	8
430	10
431	10
432	7
433	8
434	7
435	9
436	8
437	15
438	4
439	8
440	13
441	8
442	9
443	10
444	10
445	11
446	10
447	12
448	8
449	11
450	15
451	4
452	7
453	12
454	5
455	11
456	8
457	9
458	10
459	10
460	8
461	8
462	10
463	9
464	10
465	10
466	14
467	7
468	7
469	13
470	8
471	13
472	10
473	7
474	8
475	11
476	9
477	6
478	5
479	8
480	9
481	7
482	13
483	7
484	8
485	8
486	17
487	8
488	6
489	10
490	14
491	14
492	14
493	12
494	9
495	13
496	13
497	7
498	15
499	14
500	10
501	10
502	11
503	12
504	16
505	12
506	12
507	10
508	9
509	10
510	10
511	7
512	10
513	7
514	12
515	10
516	11
517	12
518	9
519	7
520	8
521	6
522	15
523	6
524	9
525	10
526	8
527	11
528	11
529	12
530	11
531	6
532	11
533	8
534	4
535	13
536	9
537	12
538	12
539	11
540	11
541	4
542	9
543	8
544	9
545	8
546	14
547	17
548	5
549	4
550	6
551	12
552	11
553	10
554	10
555	6
556	8
557	16
558	6
559	9
560	6
561	13
562	10
563	14
564	10
565	8
566	6
567	6
568	9
569	3
570	6
571	10
572	9
573	7
574	4
575	7
576	7
577	8
578	6
579	13
580	11
581	15
582	14
583	5
584	3
585	7
586	10
587	14
588	9
589	11
590	10
591	8
592	11
593	12
594	12
595	12
596	9
597	9
598	6
599	9
600	14
601	13
602	12
603	14
604	2
605	6
606	6
607	7
608	9
609	8
610	12
611	8
612	14
613	9
614	11
615	6
616	10
617	10
618	9
619	6
620	9
621	8
622	10
623	16
624	13
625	6
626	8
627	9
628	6
629	7
630	8
631	10
632	15
633	9
634	12
635	10
636	6
637	9
638	8
639	7
640	11
641	13
642	7
643	10
644	5
645	6
646	12
647	6
648	8
649	11
650	10
651	5
652	6
653	7
654	10
655	11
656	10
657	10
658	11
659	9
660	11
661	9
662	10
663	6
664	8
665	11
666	6
667	8
668	4
669	7
670	8
671	11
672	9
673	10
674	8
675	8
676	13
677	8
678	11
679	12
680	15
681	5
682	8
683	3
684	7
685	10
686	8
687	10
688	4
689	12
690	10
691	12
692	11
693	14
694	11
695	9
696	8
697	9
698	15
699	16
700	7
701	15
702	15
703	16
704	8
705	14
706	10
707	16
708	8
709	13
710	10
711	11
712	12
713	7
714	10
715	12
716	13
717	13
718	6
719	6
720	13
721	11
722	9
723	10
724	11
725	13
726	9
727	12
728	13
729	9
730	11
731	12
732	13
733	15
734	13
735	12
736	7
737	10
738	17
739	4
740	8
741	7
742	13
743	7
744	7
745	10
746	10
747	8
748	10
749	11
750	14
751	10
752	10
753	7
754	13
755	11
756	11
757	11
758	6
759	17
760	11
761	14
762	10
763	9
764	12
765	11
766	10
767	11
768	11
769	13
770	12
771	18
772	9
773	9
774	12
775	16
776	12
777	6
778	10
779	19
780	10
781	9
782	10
783	16
784	15
785	10
786	11
787	13
788	19
789	10
790	13
791	9
792	9
793	13
794	19
795	14
796	16
797	13
798	12
799	13
800	13
801	14
802	15
803	16
804	20
805	17
806	24
807	11
808	16
809	21
810	19
811	11
812	12
813	10
814	14
815	20
816	17
817	12
818	16
819	20
820	16
821	11
822	21
823	14
824	15
825	15
826	20
827	13
828	12
829	12
830	20
831	14
832	16
833	24
834	6
835	14
836	20
837	17
838	13
839	20
840	17
841	21
842	12
843	17
844	18
845	12
846	6
847	16
848	10
849	16
850	15
851	21
852	18
853	9
854	20
855	15
856	18
857	11
858	12
859	16
860	12
861	18
862	11
863	15
864	22
865	13
866	9
867	14
868	9
869	15
870	11
871	13
872	12
873	13
874	14
875	17
876	14
877	12
878	11
879	18
880	12
881	15
882	12
883	15
884	19
885	13
886	19
887	11
888	12
889	13
890	18
891	14
892	14
893	17
894	15
895	17
896	15
897	11
898	16
899	12
900	11
901	13
902	9
903	15
904	12
905	12
906	15
907	13
908	13
909	12
910	14
911	12
912	25
913	22
914	11
915	16
916	14
917	16
918	17
919	12
920	21
921	19
922	12
923	13
924	19
925	16
926	11
927	16
928	14
929	9
930	9
931	13
932	14
933	9
934	9
935	10
936	7
937	15
938	14
939	11
940	19
941	11
942	12
943	10
944	14
945	12
946	5
947	11
948	11
949	12
950	9
951	11
952	13
953	9
954	11
955	12
956	9
957	18
958	14
959	9
960	17
961	11
962	16
963	12
964	10
965	11
966	9
967	17
968	10
969	8
970	16
971	8
972	13
973	10
974	11
975	7
976	10
977	12
978	14
979	11
980	12
981	13
982	22
983	11
984	9
985	19
986	13
987	17
988	13
989	13
990	8
991	18
992	20
993	6
994	15
995	9
996	13
997	11
998	12
999	18
1000	12
1001	8
1002	16
1003	13
1004	11
1005	13
1006	11
1007	10
1008	11
1009	9
1010	13
1011	11
1012	13
1013	10
1014	14
1015	12
1016	13
1017	7
1018	15
1019	9
1020	14
1021	9
1022	12
1023	12
1024	15
1025	10
1026	14
1027	11
1028	24
1029	7
1030	8
1031	10
1032	13
1033	13
1034	15
1035	15
1036	11
1037	9
1038	8
1039	14
1040	14
1041	12
1042	12
1043	13
1044	11
1045	12
1046	10
1047	15
1048	12
1049	16
1050	8
1051	10
1052	10
1053	12
1054	10
1055	18
1056	14
1057	14
1058	16
1059	10
1060	15
1061	16
1062	11
1063	9
1064	16
1065	11
1066	10
1067	12
1068	11
1069	13
1070	14
1071	14
1072	15
1073	12
1074	11
1075	12
1076	14
1077	10
1078	12
1079	8
1080	9
1081	12
1082	13
1083	9
1084	10
1085	17
1086	17
1087	18
1088	8
1089	16
1090	15
1091	14
1092	8
1093	17
1094	11
1095	14
1096	12
1097	15
1098	20
1099	15
1100	15
1101	7
1102	14
1103	8
1104	14
1105	11
1106	9
1107	14
1108	23
1109	12
1110	6
1111	13
1112	15
1113	8
1114	23
1115	13
1116	14
1117	19
1118	22
1119	8
1120	12
1121	14
1122	7
1123	12
1124	7
1125	17
1126	7
1127	17
1128	25
1129	21
1130	10
1131	13
1132	14
1133	16
1134	15
1135	14
1136	12
1137	15
1138	8
1139	16
1140	16
1141	18
1142	11
1143	10
1144	13
1145	15
1146	9
1147	14
1148	9
1149	15
1150	16
1151	18
1152	16
1153	7
1154	20
1155	11
1156	17
1157	10
1158	17
1159	11
1160	13
1161	14
1162	17
1163	13
1164	16
1165	7
1166	8
1167	14
1168	14
1169	16
1170	15
1171	9
1172	11
1173	10
1174	15
1175	12
1176	15
1177	14
1178	19
1179	8
1180	10
1181	10
1182	16
1183	18
1184	12
1185	16
1186	16
1187	14
1188	15
1189	13
1190	11
1191	15
1192	11
1193	12
1194	18
1195	5
1196	11
1197	13
1198	11
1199	15
1200	20
1201	13
1202	17
1203	17
1204	16
1205	13
1206	21
1207	11
1208	11
1209	13
1210	5
1211	14
1212	17
1213	14
1214	17
1215	17
1216	7
1217	9
1218	15
1219	19
1220	12
1221	12
1222	15
1223	20
1224	10
1225	10
1226	16
1227	16
1228	17
1229	18
1230	12
1231	13
1232	22
1233	15
1234	14
1235	19
1236	7
1237	11
1238	11
1239	7
1240	10
1241	9
1242	15
1243	17
1244	13
1245	16
1246	19
1247	14
1248	12
1249	17
1250	15
1251	19
1252	20
1253	9
1254	15
1255	18
1256	16
1257	11
1258	13
1259	10
1260	20
1261	20
1262	9
1263	15
1264	15
1265	11
1266	10
1267	17
1268	14
1269	17
1270	12
1271	14
1272	14
1273	14
1274	12
1275	10
1276	13
1277	18
1278	15
1279	16
1280	16
1281	23
1282	16
1283	9
1284	12
1285	17
1286	10
1287	12
1288	15
1289	23
1290	13
1291	14
1292	16
1293	11
1294	18
1295	16
1296	15
1297	17
1298	13
1299	18
1300	13
1301	15
1302	28
1303	11
1304	17
1305	22
1306	15
1307	15
1308	21
1309	17
1310	16
1311	19
1312	12
1313	14
1314	7
1315	12
1316	13
1317	18
1318	15
1319	19
1320	9
1321	13
1322	19
1323	11
1324	19
1325	15
1326	17
1327	22
1328	12
1329	18
1330	16
1331	23
1332	14
1333	12
1334	18
1335	13
1336	16
1337	19
1338	18
1339	17
1340	16
1341	9
1342	16
1343	15
1344	16
1345	16
1346	20
1347	17
1348	14
1349	14
1350	11
1351	18
1352	13
1353	14
1354	20
1355	9
1356	14
1357	14
1358	20
1359	17
1360	20
1361	7
1362	12
1363	13
1364	17
1365	11
1366	14
1367	12
1368	9
1369	26
1370	13
1371	19
1372	19
1373	13
1374	11
1375	16
1376	14
1377	15
1378	18
1379	21
1380	12
1381	18
1382	15
1383	19
1384	25
1385	12
1386	17
1387	18
1388	16
1389	14
1390	17
1391	21
1392	21
1393	20
1394	14
1395	17
1396	11
1397	14
1398	15
1399	17
1400	17
1401	16
1402	19
1403	15
1404	12
1405	14
1406	21
1407	17
1408	20
1409	16
1410	11
1411	18
1412	26
1413	12
1414	20
1415	17
1416	12
1417	17
1418	17
1419	15
1420	18
1421	20
1422	18
1423	20
1424	12
1425	21
1426	11
1427	13
1428	19
1429	12
1430	17
1431	21
1432	19
1433	11
1434	16
1435	20
1436	16
1437	14
1438	22
1439	15
1440	15
1441	17
1442	15
1443	18
1444	17
1445	16
1446	19
1447	24
1448	11
1449	17
1450	20
1451	15
1452	16
1453	14
1454	16
1455	16
1456	21
1457	7
1458	20
1459	16
1460	17
1461	15
1462	16
1463	19
1464	11
1465	22
1466	13
1467	15
1468	22
1469	14
1470	8
1471	23
1472	17
1473	18
1474	19
1475	18
1476	19
1477	14
1478	13
1479	24
1480	13
1481	15
1482	26
1483	19
1484	22
1485	16
1486	17
1487	17
1488	22
1489	20
1490	13
1491	20
1492	17
1493	15
1494	17
1495	13
1496	17
1497	25
1498	20
1499	17
1500	15
1501	18
1502	20
1503	17
1504	15
1505	15
1506	16
1507	13
1508	12
1509	25
1510	16
1511	23
1512	12
1513	13
1514	24
1515	20
1516	14
1517	21
1518	22
1519	23
1520	27
1521	22
1522	15
1523	15
1524	20
1525	21
1526	18
1527	21
1528	23
1529	17
1530	20
1531	9
1532	20
1533	19
1534	12
1535	13
1536	12
1537	7
1538	11
1539	19
1540	18
1541	16
1542	12
1543	20
1544	19
1545	19
1546	17
1547	8
1548	22
1549	18
1550	22
1551	24
1552	26
1553	14
1554	24
1555	22
1556	13
1557	14
1558	12
1559	14
1560	12
1561	22
1562	18
1563	20
1564	24
1565	20
1566	27
1567	22
1568	18
1569	22
1570	9
1571	18
1572	17
1573	27
1574	22
1575	16
1576	15
1577	21
1578	12
1579	18
1580	7
1581	20
1582	14
1583	19
1584	24
1585	12
1586	21
1587	20
1588	19
1589	13
1590	17
1591	19
1592	18
1593	15
1594	11
1595	21
1596	18
1597	15
1598	23
1599	33
1600	16
1601	21
1602	18
1603	17
1604	19
1605	17
1606	14
1607	18
1608	18
1609	18
1610	15
1611	19
1612	14
1613	27
1614	14
1615	13
1616	19
1617	15
1618	14
1619	14
1620	14
1621	18
1622	15
1623	14
1624	24
1625	10
1626	13
1627	16
1628	17
1629	27
1630	16
1631	14
1632	17
1633	15
1634	21
1635	26
1636	18
1637	18
1638	21
1639	22
1640	19
1641	11
1642	14
1643	16
1644	24
1645	23
1646	19
1647	15
1648	16
1649	25
1650	22
1651	14
1652	25
1653	13
1654	25
1655	19
1656	17
1657	12
1658	12
1659	19
1660	15
1661	12
1662	24
1663	12
1664	18
1665	19
1666	15
1667	18
1668	15
1669	18
1670	13
1671	17
1672	17
1673	19
1674	17
1675	15
1676	17
1677	25
1678	21
1679	16
1680	17
1681	10
1682	15
1683	22
1684	33
1685	10
1686	14
1687	15
1688	20
1689	13
1690	19
1691	17
1692	27
1693	17
1694	17
1695	22
1696	16
1697	21
1698	15
1699	21
1700	18
1701	14
1702	24
1703	17
1704	15
1705	17
1706	17
1707	24
1708	15
1709	18
1710	22
1711	16
1712	14
1713	24
1714	22
1715	13
1716	13
1717	22
1718	20
1719	13
1720	15
1721	15
1722	21
1723	15
1724	19
1725	14
1726	15
1727	22
1728	25
1729	19
1730	23
1731	19
1732	16
1733	18
1734	27
1735	8
1736	22
1737	13
1738	17
1739	22
1740	14
1741	25
1742	15
1743	19
1744	26
1745	23
1746	13
1747	24
1748	16
1749	18
1750	6
1751	15
1752	16
1753	18
1754	19
1755	20
1756	30
1757	19
1758	16
1759	11
1760	13
1761	16
1762	15
1763	17
1764	24
1765	15
1766	24
1767	22
1768	23
1769	19
1770	18
1771	20
1772	24
1773	17
1774	16
1775	18
1776	24
1777	22
1778	27
1779	21
1780	21
1781	16
1782	15
1783	11
1784	21
1785	13
1786	18
1787	18
1788	15
1789	21
1790	19
1791	17
1792	18
1793	19
1794	11
1795	14
1796	12
1797	22
1798	15
1799	25
1800	24
1801	20
1802	23
1803	25
1804	18
1805	27
1806	14
1807	20
1808	19
1809	26
1810	14
1811	15
1812	15
1813	18
1814	17
1815	18
1816	21
1817	23
1818	18
1819	19
1820	19
1821	26
1822	21
1823	16
1824	20
1825	23
1826	27
1827	23
1828	20
1829	19
1830	12
1831	26
1832	20
1833	19
1834	19
1835	17
1836	23
1837	20
1838	16
1839	16
1840	30
1841	19
1842	20
1843	23
1844	17
1845	19
1846	15
1847	17
1848	18
1849	14
1850	25
1851	23
1852	18
1853	22
1854	27
1855	24
1856	20
1857	17
1858	23
1859	17
1860	12
1861	17
1862	18
1863	18
1864	19
1865	16
1866	20
1867	22
1868	20
1869	18
1870	20
1871	16
1872	13
1873	25
1874	20
1875	25
1876	18
1877	19
1878	17
1879	29
1880	23
1881	18
1882	17
1883	14
1884	21
1885	12
1886	14
1887	15
1888	22
1889	18
1890	20
1891	18
1892	20
1893	20
1894	13
1895	21
1896	18
1897	17
1898	19
1899	26
1900	20
1901	19
1902	23
1903	20
1904	21
1905	21
1906	26
1907	16
1908	33
1909	17
1910	23
1911	21
1912	25
1913	19
1914	15
1915	16
1916	17
1917	20
1918	18
1919	15
1920	24
1921	18
1922	20
1923	16
1924	22
1925	15
1926	21
1927	19
1928	28
1929	20
1930	32
1931	19
1932	21
1933	13
1934	19
1935	18
1936	17
1937	7
1938	17
1939	16
1940	21
1941	20
1942	19
1943	16
1944	19
1945	16
1946	17
1947	20
1948	19
1949	27
1950	16
1951	17
1952	26
1953	27
1954	25
1955	21
1956	20
1957	25
1958	11
1959	16
1960	17
1961	29
1962	27
1963	21
1964	27
1965	16
1966	22
1967	19
1968	23
1969	22
1970	19
1971	19
1972	17
1973	13
1974	15
1975	18
1976	20
1977	21
1978	17
1979	19
1980	14
1981	21
1982	19
1983	26
1984	16
1985	13
1986	15
1987	20
1988	20
1989	23
1990	19
1991	15
1992	19
1993	25
1994	30
1995	22
1996	14
1997	15
1998	16
1999	23
2000	28
2001	25
2002	18
2003	19
2004	25
2005	16
2006	20
2007	20
2008	20
2009	19
2010	12
2011	21
2012	19
2013	25
2014	25
2015	23
2016	18
2017	22
2018	18
2019	14
2020	22
2021	20
2022	19
2023	18
2024	22
2025	22
2026	20
2027	32
2028	31
2029	19
2030	21
2031	18
2032	14
2033	26
2034	21
2035	16
2036	13
2037	31
2038	23
2039	16
2040	15
2041	17
2042	23
2043	20
2044	30
2045	25
2046	13
2047	20
2048	24
2049	20
2050	17
2051	19
2052	28
2053	27
2054	22
2055	23
2056	16
2057	19
2058	23
2059	13
2060	17
2061	17
2062	15
2063	21
2064	23
2065	22
2066	25
2067	14
2068	25
2069	23
2070	24
2071	14
2072	20
2073	15
2074	21
2075	11
2076	18
2077	18
2078	16
2079	23
2080	22
2081	18
2082	16
2083	16
2084	18
2085	18
2086	24
2087	30
2088	19
2089	12
2090	30
2091	20
2092	16
2093	24
2094	19
2095	15
2096	17
2097	16
2098	12
2099	23
2100	12
2101	22
2102	18
2103	17
2104	13
2105	17
2106	17
2107	8
2108	23
2109	23
2110	16
2111	17
2112	30
2113	16
2114	14
2115	23
2116	21
2117	19
2118	13
2119	22
2120	19
2121	17
2122	20
2123	18
2124	13
2125	16
2126	19
2127	20
2128	15
2129	20
2130	21
2131	22
2132	22
2133	15
2134	23
2135	20
2136	22
2137	16
2138	19
2139	19
2140	14
2141	23
2142	16
2143	15
2144	18
2145	15
2146	18
2147	24
2148	19
2149	16
2150	25
2151	25
2152	16
2153	24
2154	13
2155	24
2156	19
2157	14
2158	14
2159	16
2160	19
2161	17
2162	23
2163	15
2164	19
2165	18
2166	17
2167	24
2168	17
2169	18
2170	14
2171	13
2172	21
2173	23
2174	16
2175	20
2176	13
2177	27
2178	16
2179	13
2180	26
2181	20
2182	16
2183	22
2184	17
2185	24
2186	30
2187	19
2188	19
2189	18
2190	18
2191	18
2192	11
2193	14
2194	29
2195	16
2196	20
2197	28
2198	17
2199	17
2200	19
2201	15
2202	15
2203	17
2204	17
2205	22
2206	10
2207	19
2208	16
2209	29
2210	16
2211	25
2212	17
2213	22
2214	13
2215	15
2216	24
2217	20
2218	19
2219	18
2220	13
2221	17
2222	17
2223	26
2224	18
2225	16
2226	20
2227	19
2228	19
2229	17
2230	14
2231	16
2232	25
2233	19
2234	18
2235	24
2236	19
2237	20
2238	14
2239	23
2240	19
2241	22
2242	14
2243	12
2244	12
2245	26
2246	17
2247	21
2248	11
2249	21
2250	11
2251	13
2252	28
2253	16
2254	21
2255	21
2256	18
2257	16
2258	18
2259	16
2260	28
2261	13
2262	17
2263	15
2264	24
2265	16
2266	12
2267	17
2268	22
2269	25
2270	18
2271	21
2272	17
2273	24
2274	19
2275	16
2276	18
2277	13
2278	20
2279	19
2280	20
2281	26
2282	13
2283	16
2284	15
2285	12
2286	21
2287	16
2288	20
2289	14
2290	11
2291	14
2292	26
2293	18
2294	15
2295	16
2296	19
2297	18
2298	19
2299	15
2300	12
2301	18
2302	15
2303	19
2304	19
2305	16
2306	20
2307	20
2308	20
2309	17
2310	24
2311	17
2312	18
2313	18
2314	19
2315	16
2316	18
2317	17
2318	15
2319	19
2320	17
2321	17
2322	18
2323	21
2324	18
2325	14
2326	13
2327	8
2328	13
2329	18
2330	21
2331	25
2332	14
2333	19
2334	20
2335	31
2336	24
2337	20
2338	9
2339	22
2340	21
2341	22
2342	19
2343	24
2344	18
2345	20
2346	24
2347	15
2348	20
2349	22
2350	21
2351	18
2352	21
2353	14
2354	15
2355	12
2356	21
2357	12
2358	26
2359	19
2360	16
2361	15
2362	18
2363	12
2364	23
2365	20
2366	15
2367	18
2368	19
2369	16
2370	9
2371	20
2372	22
2373	24
2374	19
2375	16
2376	15
2377	21
2378	19
2379	15
2380	21
2381	18
2382	18
2383	15
2384	20
2385	14
2386	18
2387	25
2388	13
2389	25
2390	15
2391	21
2392	20
2393	19
2394	15
2395	11
2396	20
2397	18
2398	22
2399	23
2400	14
2401	14
2402	14
2403	14
2404	16
2405	17
2406	20
2407	18
2408	16
2409	19
2410	19
2411	22
2412	20
2413	20
2414	22
2415	16
2416	18
2417	15
2418	24
2419	15
2420	15
2421	23
2422	10
2423	14
2424	19
2425	15
2426	16
2427	17
2428	22
2429	11
2430	22
2431	17
2432	17
2433	15
2434	13
2435	15
2436	16
2437	15
2438	18
2439	14
2440	18
2441	14
2442	21
2443	12
2444	21
2445	18
2446	20
2447	19
2448	17
2449	15
2450	14
2451	29
2452	15
2453	15
2454	14
2455	24
2456	17
2457	19
2458	11
2459	15
2460	18
2461	19
2462	14
2463	19
2464	11
2465	10
2466	17
2467	15
2468	17
2469	15
2470	17
2471	11
2472	14
2473	17
2474	20
2475	13
2476	14
2477	16
2478	10
2479	19
2480	14
2481	17
2482	21
2483	16
2484	15
2485	10
2486	17
2487	11
2488	18
2489	12
2490	12
2491	21
2492	15
2493	15
2494	14
2495	12
2496	16
2497	13
2498	19
2499	16
2500	19
2501	19
2502	25
2503	16
2504	12
2505	16
2506	20
2507	19
2508	18
2509	11
2510	17
2511	22
2512	16
2513	20
2514	13
2515	11
2516	19
2517	12
2518	13
2519	22
2520	13
2521	21
2522	12
2523	18
2524	17
2525	22
2526	16
2527	20
2528	27
2529	11
2530	15
2531	9
2532	15
2533	17
2534	18
2535	16
2536	17
2537	9
2538	11
2539	14
2540	18
2541	14
2542	18
2543	24
2544	13
2545	12
2546	19
2547	22
2548	8
2549	16
2550	21
2551	16
2552	19
2553	16
2554	17
2555	12
2556	18
2557	14
2558	9
2559	10
2560	18
2561	17
2562	18
2563	18
2564	14
2565	19
2566	18
2567	17
2568	17
2569	14
2570	20
2571	14
2572	16
2573	14
2574	11
2575	19
2576	15
2577	10
2578	9
2579	19
2580	11
2581	18
2582	15
2583	12
2584	17
2585	21
2586	17
2587	20
2588	14
2589	17
2590	16
2591	9
2592	23
2593	11
2594	22
2595	18
2596	10
2597	10
2598	12
2599	7
2600	14
2601	18
2602	12
2603	14
2604	11
2605	15
2606	24
2607	15
2608	9
2609	11
2610	15
2611	13
2612	20
2613	16
2614	15
2615	20
2616	17
2617	10
2618	15
2619	23
2620	8
2621	17
2622	14
2623	24
2624	15
2625	16
2626	15
2627	14
2628	11
2629	11
2630	24
2631	22
2632	16
2633	22
2634	19
2635	11
2636	16
2637	13
2638	11
2639	15
2640	12
2641	10
2642	23
2643	16
2644	17
2645	15
2646	14
2647	12
2648	20
2649	17
2650	11
2651	14
2652	11
2653	15
2654	17
2655	14
2656	10
2657	16
2658	17
2659	20
2660	15
2661	15
2662	14
2663	15
2664	17
2665	15
2666	18
2667	16
2668	12
2669	14
2670	14
2671	17
2672	23
2673	17
2674	10
2675	13
2676	19
2677	19
2678	12
2679	29
2680	16
2681	15
2682	15
2683	11
2684	13
2685	12
2686	16
2687	24
2688	14
2689	13
2690	19
2691	15
2692	21
2693	15
2694	17
2695	9
2696	16
2697	9
2698	19
2699	29
2700	16
2701	11
2702	13
2703	13
2704	22
2705	21
2706	15
2707	18
2708	13
2709	15
2710	8
2711	12
2712	13
2713	19
2714	17
2715	14
2716	10
2717	12
2718	20
2719	18
2720	15
2721	17
2722	10
2723	11
2724	13
2725	19
2726	9
2727	14
2728	16
2729	17
2730	24
2731	13
2732	14
2733	17
2734	14
2735	13
2736	19
2737	25
2738	14
2739	16
2740	17
2741	12
2742	16
2743	8
2744	14
2745	19
2746	10
2747	12
2748	13
2749	16
2750	13
2751	10
2752	9
2753	8
2754	14
2755	18
2756	21
2757	14
2758	17
2759	15
2760	19
2761	22
2762	17
2763	14
2764	23
2765	15
2766	12
2767	15
2768	9
2769	10
2770	18
2771	17
2772	14
2773	12
2774	13
2775	11
2776	19
2777	15
2778	21
2779	14
2780	14
2781	9
2782	24
2783	18
2784	20
2785	17
2786	11
2787	15
2788	10
2789	17
2790	17
2791	14
2792	15
2793	9
2794	17
2795	24
2796	14
2797	13
2798	22
2799	12
2800	15
2801	12
2802	14
2803	17
2804	19
2805	15
2806	12
2807	14
2808	16
2809	10
2810	14
2811	9
2812	20
2813	17
2814	17
2815	11
2816	13
2817	13
2818	13
2819	16
2820	14
2821	19
2822	14
2823	8
2824	13
2825	14
2826	15
2827	13
2828	19
2829	17
2830	14
2831	18
2832	15
2833	11
2834	12
2835	13
2836	16
2837	15
2838	17
2839	17
2840	7
2841	19
2842	21
2843	17
2844	11
2845	16
2846	14
2847	21
2848	10
2849	13
2850	18
2851	15
2852	9
2853	9
2854	15
2855	11
2856	12
2857	10
2858	11
2859	11
2860	17
2861	12
2862	13
2863	18
2864	14
2865	10
2866	13
2867	17
2868	11
2869	17
2870	14
2871	14
2872	23
2873	17
2874	11
2875	14
2876	15
2877	13
2878	17
2879	17
2880	12
2881	11
2882	10
2883	19
2884	18
2885	9
2886	19
2887	8
2888	12
2889	16
2890	12
2891	13
2892	13
2893	15
2894	12
2895	16
2896	11
2897	9
2898	18
2899	14
2900	15
2901	14
2902	11
2903	8
2904	13
2905	9
2906	19
2907	16
2908	10
2909	15
2910	10
2911	13
2912	11
2913	16
2914	15
2915	16
2916	15
2917	16
2918	19
2919	8
2920	17
2921	17
2922	16
2923	10
2924	11
2925	19
2926	14
2927	10
2928	14
2929	15
2930	6
2931	13
2932	12
2933	17
2934	18
2935	11
2936	16
2937	16
2938	17
2939	14
2940	11
2941	14
2942	10
2943	14
2944	16
2945	17
2946	14
2947	9
2948	12
2949	7
2950	13
2951	7
2952	16
2953	21
2954	20
2955	21
2956	21
2957	14
2958	13
2959	25
2960	9
2961	16
2962	14
2963	13
2964	16
2965	17
2966	19
2967	15
2968	13
2969	12
2970	17
2971	12
2972	9
2973	10
2974	9
2975	11
2976	13
2977	14
2978	14
2979	16
2980	9
2981	11
2982	4
2983	11
2984	17
2985	12
2986	11
2987	16
2988	10
2989	8
2990	11
2991	15
2992	17
2993	15
2994	18
2995	17
2996	13
2997	13
2998	12
2999	24
3000	10
3001	13
3002	14
3003	12
3004	11
3005	16
3006	12
3007	12
3008	14
3009	13
3010	14
3011	18
3012	11
3013	19
3014	14
3015	9
3016	12
3017	17
3018	10
3019	15
3020	10
3021	10
3022	13
3023	10
3024	14
3025	17
3026	13
3027	11
3028	12
3029	10
3030	11
3031	20
3032	7
3033	15
3034	11
3035	17
3036	16
3037	15
3038	20
3039	10
3040	14
3041	13
3042	10
3043	12
3044	17
3045	14
3046	17
3047	16
3048	12
3049	14
3050	13
3051	24
3052	11
3053	14
3054	6
3055	13
3056	16
3057	14
3058	10
3059	13
3060	14
3061	9
3062	15
3063	17
3064	15
3065	14
3066	16
3067	15
3068	17
3069	9
3070	18
3071	12
3072	16
3073	18
3074	15
3075	9
3076	10
3077	10
3078	24
3079	14
3080	8
3081	13
3082	11
3083	10
3084	17
3085	11
3086	11
3087	11
3088	10
3089	11
3090	21
3091	11
3092	4
3093	13
3094	9
3095	17
3096	11
3097	18
3098	14
3099	9
3100	15
3101	9
3102	8
3103	12
3104	16
3105	17
3106	12
3107	13
3108	16
3109	10
3110	12
3111	14
3112	13
3113	10
3114	6
3115	11
3116	10
3117	15
3118	19
3119	12
3120	14
3121	17
3122	16
3123	18
3124	17
3125	13
3126	16
3127	11
3128	12
3129	8
3130	8
3131	17
3132	16
3133	16
3134	14
3135	10
3136	10
3137	12
3138	17
3139	20
3140	14
3141	13
3142	14
3143	12
3144	14
3145	19
3146	12
3147	9
3148	15
3149	12
3150	12
3151	13
3152	19
3153	10
3154	19
3155	13
3156	12
3157	15
3158	9
3159	12
3160	8
3161	4
3162	11
3163	10
3164	14
3165	18
3166	15
3167	12
3168	15
3169	18
3170	14
3171	8
3172	13
3173	14
3174	7
3175	12
3176	13
3177	14
3178	9
3179	16
3180	11
3181	11
3182	13
3183	11
3184	7
3185	9
3186	6
3187	13
3188	7
3189	13
3190	14
3191	14
3192	9
3193	13
3194	12
3195	6
3196	18
3197	17
3198	16
3199	7
3200	16
3201	16
3202	11
3203	11
3204	12
3205	16
3206	10
3207	10
3208	14
3209	13
3210	13
3211	12
3212	10
3213	17
3214	9
3215	13
3216	12
3217	7
3218	10
3219	14
3220	12
3221	18
3222	10
3223	17
3224	10
3225	10
3226	13
3227	18
3228	8
3229	17
3230	12
3231	13
3232	17
3233	9
3234	16
3235	14
3236	19
3237	13
3238	14
3239	13
3240	16
3241	14
3242	15
3243	10
3244	9
3245	11
3246	13
3247	15
3248	18
3249	12
3250	13
3251	15
3252	7
3253	16
3254	12
3255	15
3256	19
3257	12
3258	15
3259	8
3260	13
3261	2
3262	11
3263	10
3264	13
3265	11
3266	11
3267	17
3268	9
3269	19
3270	14
3271	13
3272	10
3273	19
3274	9
3275	10
3276	10
3277	14
3278	6
3279	15
3280	7
3281	18
3282	16
3283	9
3284	14
3285	14
3286	8
3287	13
3288	18
3289	10
3290	14
3291	10
3292	16
3293	15
3294	12
3295	12
3296	13
3297	12
3298	9
3299	8
3300	12
3301	11
3302	13
3303	16
3304	14
3305	10
3306	7
3307	12
3308	11
3309	14
3310	7
3311	6
3312	13
3313	14
3314	11
3315	11
3316	8
3317	12
3318	11
3319	9
3320	10
3321	8
3322	8
3323	12
3324	12
3325	5
3326	9
3327	9
3328	16
3329	10
3330	15
3331	15
3332	9
3333	15
3334	8
3335	12
3336	14
3337	14
3338	12
3339	6
3340	11
3341	8
3342	15
3343	8
3344	11
3345	10
3346	14
3347	12
3348	9
3349	4
3350	17
3351	10
3352	13
3353	18
3354	13
3355	12
3356	13
3357	15
3358	9
3359	6
3360	8
3361	14
3362	11
3363	12
3364	11
3365	12
3366	12
3367	9
3368	13
3369	10
3370	12
3371	10
3372	9
3373	16
3374	7
3375	16
3376	15
3377	16
3378	12
3379	5
3380	11
3381	14
3382	20
3383	8
3384	7
3385	10
3386	10
3387	12
3388	12
3389	11
3390	14
3391	20
3392	14
3393	21
3394	12
3395	10
3396	17
3397	15
3398	10
3399	15
3400	10
3401	8
3402	10
3403	13
3404	16
3405	12
3406	18
3407	20
3408	16
3409	16
3410	8
3411	16
3412	15
3413	10
3414	12
3415	14
3416	9
3417	15
3418	16
3419	14
3420	13
3421	14
3422	10
3423	17
3424	12
3425	12
3426	9
3427	13
3428	13
3429	16
3430	15
3431	18
3432	14
3433	13
3434	14
3435	11
3436	11
3437	13
3438	12
3439	14
3440	12
3441	17
3442	9
3443	12
3444	13
3445	13
3446	16
3447	15
3448	16
3449	14
3450	11
3451	14
3452	23
3453	11
3454	17
3455	10
3456	12
3457	11
3458	18
3459	10
3460	12
3461	6
3462	8
3463	8
3464	20
3465	7
3466	16
3467	13
3468	10
3469	15
3470	11
3471	9
3472	10
3473	13
3474	11
3475	14
3476	9
3477	9
3478	15
3479	9
3480	16
3481	11
3482	10
3483	17
3484	13
3485	14
3486	12
3487	13
3488	11
3489	14
3490	18
3491	9
3492	11
3493	11
3494	20
3495	12
3496	10
3497	9
3498	7
3499	15
3500	10
3501	9
3502	11
3503	17
3504	9
3505	9
3506	11
3507	12
3508	11
3509	13
3510	13
3511	10
3512	11
3513	18
3514	10
3515	8
3516	16
3517	13
3518	16
3519	16
3520	11
3521	4
3522	4
3523	7
3524	13
3525	20
3526	12
3527	12
3528	5
3529	16
3530	7
3531	10
3532	10
3533	14
3534	12
3535	11
3536	9
3537	12
3538	8
3539	10
3540	7
3541	8
3542	10
3543	7
3544	13
3545	7
3546	14
3547	10
3548	13
3549	17
3550	13
3551	12
3552	14
3553	8
3554	14
3555	12
3556	11
3557	12
3558	9
3559	13
3560	11
3561	8
3562	10
3563	15
3564	9
3565	10
3566	13
3567	6
3568	13
3569	11
3570	15
3571	13
3572	10
3573	7
3574	10
3575	10
3576	11
3577	10
3578	9
3579	12
3580	10
3581	14
3582	8
3583	10
3584	15
3585	10
3586	10
3587	10
3588	13
3589	13
3590	15
3591	11
3592	10
3593	11
3594	13
3595	15
3596	17
3597	13
3598	10
3599	7
3600	13
3601	8
3602	10
3603	8
3604	9
3605	14
3606	10
3607	16
3608	16
3609	15
3610	7
3611	8
3612	14
3613	12
3614	14
3615	8
3616	13
3617	12
3618	10
3619	11
3620	11
3621	6
3622	11
3623	10
3624	11
3625	11
3626	19
3627	13
3628	8
3629	12
3630	20
3631	14
3632	12
3633	15
3634	10
3635	10
3636	13
3637	22
3638	13
3639	10
3640	10
3641	10
3642	8
3643	11
3644	4
3645	10
3646	10
3647	13
3648	12
3649	10
3650	11
3651	6
3652	12
3653	5
3654	16
3655	12
3656	9
3657	11
3658	16
3659	8
3660	12
3661	11
3662	8
3663	13
3664	19
3665	16
3666	8
3667	16
3668	11
3669	10
3670	16
3671	6
3672	10
3673	8
3674	9
3675	17
3676	13
3677	8
3678	8
3679	12
3680	15
3681	8
3682	10
3683	17
3684	22
3685	9
3686	13
3687	11
3688	14
3689	13
3690	7
3691	14
3692	8
3693	13
3694	8
3695	7
3696	10
3697	13
3698	7
3699	10
3700	20
3701	11
3702	10
3703	9
3704	14
3705	7
3706	12
3707	12
3708	5
3709	13
3710	13
3711	7
3712	12
3713	10
3714	11
3715	12
3716	9
3717	12
3718	15
3719	7
3720	17
3721	11
3722	10
3723	8
3724	13
3725	9
3726	16
3727	16
3728	8
3729	18
3730	9
3731	16
3732	9
3733	14
3734	14
3735	13
3736	11
3737	7
3738	16
3739	9
3740	10
3741	8
3742	9
3743	15
3744	6
3745	12
3746	10
3747	17
3748	7
3749	7
3750	9
3751	13
3752	14
3753	13
3754	8
3755	11
3756	5
3757	9
3758	9
3759	12
3760	15
3761	13
3762	8
3763	12
3764	12
3765	9
3766	9
3767	15
3768	10
3769	11
3770	11
3771	13
3772	15
3773	19
3774	11
3775	7
3776	18
3777	11
3778	10
3779	16
3780	8
3781	11
3782	10
3783	7
3784	12
3785	14
3786	10
3787	15
3788	9
3789	13
3790	6
3791	8
3792	10
3793	10
3794	10
3795	15
3796	11
3797	10
3798	8
3799	17
3800	8
3801	16
3802	15
3803	8
3804	6
3805	11
3806	16
3807	11
3808	8
3809	9
3810	10
3811	12
3812	11
3813	7
3814	8
3815	13
3816	12
3817	12
3818	8
3819	8
3820	12
3821	9
3822	11
3823	15
3824	11
3825	8
3826	8
3827	4
3828	10
3829	11
3830	8
3831	7
3832	5
3833	11
3834	7
3835	6
3836	12
3837	10
3838	11
3839	8
3840	14
3841	14
3842	10
3843	8
3844	6
3845	10
3846	11
3847	13
3848	8
3849	8
3850	11
3851	4
3852	10
3853	15
3854	10
3855	7
3856	9
3857	8
3858	5
3859	7
3860	11
3861	12
3862	12
3863	9
3864	15
3865	10
3866	10
3867	8
3868	10
3869	12
3870	8
3871	11
3872	10
3873	11
3874	9
3875	5
3876	12
3877	15
3878	19
3879	10
3880	7
3881	8
3882	10
3883	10
3884	11
3885	15
3886	8
3887	7
3888	9
3889	12
3890	10
3891	12
3892	11
3893	8
3894	11
3895	12
3896	8
3897	11
3898	6
3899	6
3900	14
3901	9
3902	10
3903	10
3904	9
3905	8
3906	16
3907	11
3908	5
3909	7
3910	10
3911	9
3912	10
3913	8
3914	15
3915	9
3916	8
3917	5
3918	8
3919	9
3920	5
3921	10
3922	8
3923	4
3924	9
3925	9
3926	4
3927	14
3928	11
3929	8
3930	10
3931	9
3932	16
3933	10
3934	13
3935	12
3936	10
3937	10
3938	14
3939	13
3940	11
3941	9
3942	7
3943	9
3944	8
3945	6
3946	14
3947	7
3948	13
3949	5
3950	6
3951	9
3952	8
3953	11
3954	9
3955	6
3956	17
3957	14
3958	9
3959	12
3960	7
3961	14
3962	10
3963	7
3964	7
3965	13
3966	10
3967	11
3968	8
3969	11
3970	8
3971	8
3972	11
3973	10
3974	10
3975	11
3976	11
3977	12
3978	12
3979	12
3980	14
3981	11
3982	13
3983	12
3984	7
3985	8
3986	8
3987	11
3988	8
3989	8
3990	10
3991	8
3992	10
3993	11
3994	14
3995	14
3996	14
3997	14
3998	8
3999	16
4000	18
4001	14
4002	8
4003	5
4004	9
4005	9
4006	13
4007	9
4008	4
4009	9
4010	15
4011	16
4012	13
4013	11
4014	8
4015	10
4016	7
4017	6
4018	13
4019	12
4020	9
4021	9
4022	8
4023	9
4024	19
4025	12
4026	8
4027	18
4028	9
4029	11
4030	4
4031	8
4032	11
4033	13
4034	10
4035	7
4036	5
4037	9
4038	10
4039	14
4040	13
4041	7
4042	8
4043	13
4044	14
4045	9
4046	14
4047	12
4048	12
4049	5
4050	8
4051	9
4052	7
4053	9
4054	12
4055	11
4056	8
4057	9
4058	6
4059	11
4060	14
4061	11
4062	8
4063	7
4064	11
4065	7
4066	12
4067	14
4068	10
4069	5
4070	8
4071	11
4072	10
4073	11
4074	9
4075	8
4076	9
4077	10
4078	7
4079	9
4080	13
4081	13
4082	4
4083	7
4084	8
4085	11
4086	13
4087	9
4088	5
4089	5
4090	15
4091	10
4092	11
4093	7
4094	10
4095	15
4096	7
4097	12
4098	7
4099	6
4100	9
4101	8
4102	13
4103	9
4104	8
4105	10
4106	9
4107	11
4108	7
4109	7
4110	8
4111	4
4112	14
4113	12
4114	4
4115	8
4116	11
4117	9
4118	10
4119	6
4120	8
4121	12
4122	14
4123	7
4124	6
4125	6
4126	17
4127	13
4128	6
4129	6
4130	13
4131	3
4132	13
4133	5
4134	7
4135	14
4136	9
4137	6
4138	10
4139	12
4140	12
4141	14
4142	7
4143	6
4144	6
4145	3
4146	15
4147	12
4148	10
4149	7
4150	10
4151	10
4152	8
4153	8
4154	11
4155	9
4156	13
4157	11
4158	7
4159	8
4160	12
4161	18
4162	8
4163	13
4164	13
4165	11
4166	8
4167	8
4168	10
4169	8
4170	5
4171	3
4172	15
4173	7
4174	7
4175	14
4176	11
4177	13
4178	10
4179	8
4180	10
4181	11
4182	8
4183	9
4184	11
4185	7
4186	12
4187	5
4188	12
4189	12
4190	7
4191	6
4192	13
4193	12
4194	13
4195	5
4196	8
4197	10
4198	13
4199	5
4200	10
4201	10
4202	5
4203	6
4204	10
4205	3
4206	20
4207	14
4208	9
4209	14
4210	5
4211	7
4212	5
4213	9
4214	10
4215	7
4216	5
4217	7
4218	7
4219	6
4220	8
4221	7
4222	12
4223	12
4224	11
4225	9
4226	13
4227	6
4228	12
4229	14
4230	9
4231	6
4232	14
4233	10
4234	9
4235	9
4236	8
4237	7
4238	12
4239	8
4240	7
4241	4
4242	9
4243	15
4244	9
4245	13
4246	10
4247	8
4248	12
4249	8
4250	6
4251	6
4252	14
4253	10
4254	14
4255	7
4256	7
4257	16
4258	15
4259	12
4260	7
4261	10
4262	9
4263	5
4264	6
4265	10
4266	4
4267	11
4268	7
4269	7
4270	13
4271	14
4272	13
4273	8
4274	11
4275	7
4276	12
4277	7
4278	6
4279	16
4280	8
4281	5
4282	9
4283	2
4284	6
4285	11
4286	8
4287	10
4288	8
4289	9
4290	7
4291	7
4292	5
4293	8
4294	7
4295	8
4296	12
4297	14
4298	7
4299	10
4300	16
4301	5
4302	6
4303	5
4304	6
4305	10
4306	12
4307	11
4308	8
4309	7
4310	14
4311	10
4312	16
4313	10
4314	12
4315	6
4316	6
4317	11
4318	8
4319	6
4320	5
4321	10
4322	12
4323	14
4324	7
4325	13
4326	9
4327	12
4328	9
4329	14
4330	10
4331	14
4332	13
4333	5
4334	7
4335	7
4336	10
4337	10
4338	14
4339	7
4340	4
4341	9
4342	9
4343	4
4344	10
4345	10
4346	12
4347	8
4348	9
4349	9
4350	6
4351	11
4352	7
4353	10
4354	10
4355	10
4356	5
4357	7
4358	13
4359	8
4360	11
4361	9
4362	6
4363	5
4364	7
4365	12
4366	16
4367	12
4368	5
4369	13
4370	6
4371	12
4372	8
4373	7
4374	10
4375	11
4376	10
4377	11
4378	9
4379	8
4380	16
4381	10
4382	10
4383	10
4384	14
4385	10
4386	8
4387	11
4388	6
4389	6
4390	6
4391	8
4392	8
4393	14
4394	9
4395	9
4396	4
4397	21
4398	10
4399	7
4400	12
4401	6
4402	9
4403	11
4404	9
4405	10
4406	7
4407	10
4408	8
4409	13
4410	10
4411	8
4412	9
4413	7
4414	13
4415	8
4416	7
4417	8
4418	10
4419	10
4420	10
4421	6
4422	9
4423	7
4424	3
4425	6
4426	9
4427	6
4428	8
4429	3
4430	10
4431	7
4432	7
4433	6
4434	5
4435	10
4436	10
4437	4
4438	8
4439	14
4440	13
4441	11
4442	8
4443	10
4444	5
4445	5
4446	9
4447	16
4448	6
4449	7
4450	11
4451	7
4452	6
4453	8
4454	8
4455	10
4456	9
4457	13
4458	10
4459	9
4460	14
4461	6
4462	8
4463	7
4464	20
4465	9
4466	6
4467	6
4468	14
4469	7
4470	12
4471	4
4472	3
4473	9
4474	7
4475	7
4476	7
4477	15
4478	12
4479	9
4480	13
4481	5
4482	7
4483	11
4484	8
4485	6
4486	6
4487	10
4488	9
4489	13
4490	10
4491	9
4492	8
4493	10
4494	7
4495	9
4496	13
4497	7
4498	10
4499	16
4500	9
4501	5
4502	16
4503	10
4504	11
4505	4
4506	8
4507	8
4508	9
4509	5
4510	7
4511	7
4512	7
4513	7
4514	8
4515	9
4516	6
4517	11
4518	5
4519	7
4520	3
4521	6
4522	7
4523	14
4524	5
4525	7
4526	6
4527	10
4528	5
4529	12
4530	6
4531	7
4532	9
4533	9
4534	9
4535	7
4536	11
4537	4
4538	7
4539	6
4540	8
4541	4
4542	7
4543	8
4544	7
4545	10
4546	7
4547	4
4548	7
4549	3
4550	11
4551	8
4552	12
4553	13
4554	8
4555	11
4556	8
4557	9
4558	9
4559	7
4560	16
4561	8
4562	5
4563	7
4564	6
4565	6
4566	7
4567	8
4568	8
4569	7
4570	8
4571	15
4572	10
4573	6
4574	13
4575	9
4576	12
4577	8
4578	10
4579	12
4580	6
4581	14
4582	11
4583	9
4584	20
4585	8
4586	6
4587	6
4588	7
4589	9
4590	9
4591	9
4592	7
4593	8
4594	8
4595	3
4596	3
4597	8
4598	7
4599	4
4600	10
4601	13
4602	9
4603	8
4604	11
4605	7
4606	9
4607	9
4608	11
4609	11
4610	13
4611	7
4612	5
4613	13
4614	6
4615	9
4616	8
4617	10
4618	7
4619	10
4620	9
4621	5
4622	15
4623	10
4624	5
4625	6
4626	11
4627	9
4628	5
4629	7
4630	13
4631	8
4632	6
4633	7
4634	4
4635	3
4636	10
4637	11
4638	10
4639	3
4640	8
4641	8
4642	5
4643	6
4644	10
4645	4
4646	10
4647	9
4648	8
4649	7
4650	6
4651	10
4652	9
4653	10
4654	6
4655	6
4656	5
4657	9
4658	9
4659	6
4660	9
4661	8
4662	5
4663	5
4664	3
4665	10
4666	8
4667	7
4668	13
4669	7
4670	7
4671	5
4672	9
4673	13
4674	9
4675	6
4676	10
4677	6
4678	10
4679	7
4680	6
4681	10
4682	11
4683	6
4684	11
4685	6
4686	9
4687	9
4688	6
4689	8
4690	7
4691	6
4692	12
4693	10
4694	6
4695	9
4696	10
4697	2
4698	11
4699	7
4700	9
4701	12
4702	5
4703	6
4704	7
4705	6
4706	5
4707	8
4708	6
4709	5
4710	4
4711	9
4712	13
4713	6
4714	4
4715	7
4716	7
4717	4
4718	7
4719	14
4720	6
4721	10
4722	4
4723	10
4724	10
4725	9
4726	12
4727	4
4728	7
4729	10
4730	2
4731	7
4732	11
4733	7
4734	7
4735	10
4736	18
4737	8
4738	10
4739	5
4740	7
4741	10
4742	5
4743	9
4744	10
4745	7
4746	6
4747	12
4748	7
4749	10
4750	9
4751	5
4752	10
4753	14
4754	8
4755	2
4756	8
4757	9
4758	12
4759	2
4760	14
4761	8
4762	9
4763	9
4764	17
4765	7
4766	13
4767	6
4768	4
4769	11
4770	11
4771	6
4772	9
4773	9
4774	3
4775	4
4776	8
4777	7
4778	10
4779	10
4780	13
4781	9
4782	6
4783	10
4784	12
4785	6
4786	7
4787	9
4788	3
4789	11
4790	10
4791	7
4792	7
4793	3
4794	14
4795	8
4796	11
4797	10
4798	7
4799	5
4800	7
4801	6
4802	6
4803	5
4804	9
4805	8
4806	6
4807	6
4808	9
4809	7
4810	7
4811	10
4812	7
4813	7
4814	6
4815	6
4816	5
4817	17
4818	8
4819	4
4820	15
4821	7
4822	10
4823	9
4824	7
4825	8
4826	2
4827	6
4828	7
4829	4
4830	7
4831	7
4832	9
4833	11
4834	13
4835	2
4836	5
4837	10
4838	6
4839	8
4840	8
4841	7
4842	8
4843	7
4844	12
4845	8
4846	6
4847	12
4848	8
4849	16
4850	6
4851	7
4852	6
4853	11
4854	4
4855	6
4856	8
4857	9
4858	17
4859	10
4860	10
4861	6
4862	4
4863	11
4864	11
4865	4
4866	9
4867	5
4868	12
4869	12
4870	6
4871	6
4872	12
4873	10
4874	5
4875	7
4876	12
4877	13
4878	5
4879	11
4880	7
4881	7
4882	8
4883	9
4884	11
4885	6
4886	9
4887	9
4888	7
4889	5
4890	7
4891	4
4892	9
4893	8
4894	5
4895	5
4896	7
4897	5
4898	7
4899	7
4900	7
4901	9
4902	8
4903	7
4904	5
4905	2
4906	8
4907	8
4908	6
4909	20
4910	5
4911	7
4912	9
4913	12
4914	8
4915	8
4916	4
4917	10
4918	3
4919	8
4920	4
4921	11
4922	3
4923	9
4924	12
4925	8
4926	8
4927	5
4928	10
4929	12
4930	6
4931	5
4932	10
4933	7
4934	17
4935	9
4936	6
4937	7
4938	8
4939	5
4940	11
4941	6
4942	8
4943	4
4944	11
4945	7
4946	9
4947	5
4948	7
4949	11
4950	10
4951	14
4952	5
4953	7
4954	6
4955	7
4956	8
4957	5
4958	9
4959	8
4960	10
4961	6
4962	4
4963	6
4964	9
4965	10
4966	5
4967	4
4968	6
4969	11
4970	4
4971	10
4972	8
4973	10
4974	8
4975	9
4976	6
4977	11
4978	11
4979	9
4980	10
4981	10
4982	5
4983	14
4984	9
4985	5
4986	7
4987	10
4988	6
4989	9
4990	7
4991	5
4992	10
4993	6
4994	8
4995	6
4996	7
4997	3
4998	7
4999	4
5000	3
5001	6
5002	10
5003	5
5004	5
5005	2
5006	13
5007	10
5008	6
5009	9
5010	6
5011	7
5012	12
5013	12
5014	4
5015	13
5016	4
5017	6
5018	9
5019	4
5020	5
5021	7
5022	7
5023	9
5024	12
5025	13
5026	11
5027	7
5028	12
5029	5
5030	11
5031	10
5032	6
5033	12
5034	14
5035	14
5036	7
5037	10
5038	10
5039	6
5040	8
5041	9
5042	13
5043	10
5044	3
5045	7
5046	9
5047	8
5048	3
5049	7
5050	10
5051	10
5052	6
5053	10
5054	2
5055	6
5056	5
5057	13
5058	4
5059	3
5060	12
5061	13
5062	5
5063	7
5064	6
5065	6
5066	4
5067	5
5068	9
5069	10
5070	5
5071	7
5072	6
5073	10
5074	7
5075	8
5076	4
5077	7
5078	12
5079	11
5080	5
5081	10
5082	6
5083	9
5084	8
5085	7
5086	14
5087	7
5088	10
5089	7
5090	7
5091	10
5092	6
5093	5
5094	9
5095	6
5096	11
5097	7
5098	6
5099	12
5100	8
5101	12
5102	10
5103	9
5104	11
5105	14
5106	7
5107	4
5108	8
5109	3
5110	10
5111	11
5112	16
5113	7
5114	7
5115	12
5116	6
5117	7
5118	7
5119	6
5120	10
5121	8
5122	10
5123	4
5124	6
5125	10
5126	5
5127	8
5128	10
5129	6
5130	4
5131	5
5132	5
5133	11
5134	7
5135	8
5136	6
5137	9
5138	9
5139	9
5140	4
5141	12
5142	8
5143	5
5144	5
5145	8
5146	5
5147	5
5148	10
5149	11
5150	11
5151	7
5152	4
5153	6
5154	5
5155	5
5156	5
5157	4
5158	6
5159	9
5160	11
5161	4
5162	10
5163	9
5164	9
5165	3
5166	7
5167	7
5168	7
5169	9
5170	7
5171	7
5172	7
5173	10
5174	11
5175	8
5176	11
5177	11
5178	20
5179	12
5180	5
5181	6
5182	7
5183	4
5184	7
5185	10
5186	9
5187	4
5188	12
5189	8
5190	3
5191	11
5192	7
5193	9
5194	11
5195	13
5196	7
5197	4
5198	10
5199	7
5200	8
5201	5
5202	7
5203	13
5204	12
5205	8
5206	12
5207	6
5208	7
5209	10
5210	7
5211	12
5212	8
5213	9
5214	6
5215	3
5216	4
5217	10
5218	9
5219	18
5220	6
5221	6
5222	4
5223	12
5224	12
5225	8
5226	10
5227	6
5228	7
5229	5
5230	10
5231	8
5232	9
5233	7
5234	11
5235	7
5236	7
5237	4
5238	3
5239	10
5240	7
5241	2
5242	8
5243	9
5244	2
5245	9
5246	8
5247	3
5248	7
5249	6
5250	10
5251	6
5252	12
5253	6
5254	6
5255	6
5256	5
5257	9
5258	6
5259	14
5260	15
5261	5
5262	8
5263	7
5264	15
5265	7
5266	8
5267	6
5268	4
5269	6
5270	8
5271	7
5272	9
5273	4
5274	8
5275	5
5276	6
5277	6
5278	9
5279	6
5280	9
5281	7
5282	5
5283	7
5284	13
5285	5
5286	8
5287	9
5288	7
5289	7
5290	7
5291	7
5292	6
5293	5
5294	11
5295	3
5296	7
5297	6
5298	8
5299	7
5300	9
5301	11
5302	8
5303	10
5304	10
5305	7
5306	11
5307	6
5308	10
5309	10
5310	9
5311	7
5312	10
5313	5
5314	6
5315	6
5316	2
5317	6
5318	7
5319	6
5320	6
5321	3
5322	7
5323	10
5324	10
5325	8
5326	7
5327	7
5328	6
5329	4
5330	10
5331	7
5332	8
5333	12
5334	8
5335	7
5336	10
5337	5
5338	5
5339	8
5340	14
5341	9
5342	8
5343	3
5344	9
5345	9
5346	11
5347	8
5348	9
5349	7
5350	6
5351	3
5352	8
5353	10
5354	9
5355	6
5356	8
5357	5
5358	11
5359	7
5360	4
5361	14
5362	5
5363	8
5364	5
5365	11
5366	13
5367	11
5368	4
5369	7
5370	4
5371	5
5372	9
5373	8
5374	11
5375	6
5376	7
5377	9
5378	5
5379	5
5380	10
5381	8
5382	7
5383	5
5384	10
5385	8
5386	11
5387	9
5388	10
5389	10
5390	6
5391	6
5392	9
5393	8
5394	7
5395	9
5396	3
5397	9
5398	11
5399	11
5400	9
5401	9
5402	9
5403	10
5404	6
5405	10
5406	6
5407	5
5408	13
5409	10
5410	8
5411	7
5412	11
5413	10
5414	9
5415	10
5416	4
5417	3
5418	12
5419	10
5420	11
5421	9
5422	5
5423	8
5424	11
5425	14
5426	9
5427	10
5428	8
5429	14
5430	6
5431	7
5432	9
5433	8
5434	8
5435	5
5436	3
5437	11
5438	8
5439	8
5440	7
5441	11
5442	8
5443	13
5444	10
5445	10
5446	3
5447	5
5448	9
5449	8
5450	10
5451	10
5452	8
5453	5
5454	7
5455	11
5456	9
5457	7
5458	13
5459	5
5460	11
5461	4
5462	13
5463	6
5464	5
5465	10
5466	8
5467	11
5468	5
5469	7
5470	10
5471	7
5472	9
5473	6
5474	6
5475	8
5476	12
5477	8
5478	6
5479	4
5480	6
5481	12
5482	8
5483	10
5484	7
5485	5
5486	11
5487	7
5488	12
5489	7
5490	15
5491	7
5492	10
5493	11
5494	11
5495	8
5496	7
5497	6
5498	10
5499	11
5500	8
5501	7
5502	5
5503	8
5504	9
5505	7
5506	9
5507	6
5508	10
5509	5
5510	7
5511	10
5512	5
5513	6
5514	7
5515	5
5516	11
5517	6
5518	8
5519	12
5520	6
5521	11
5522	8
5523	9
5524	5
5525	4
5526	6
5527	4
5528	8
5529	10
5530	11
5531	9
5532	5
5533	6
5534	9
5535	5
5536	9
5537	5
5538	8
5539	8
5540	7
5541	7
5542	10
5543	6
5544	7
5545	9
5546	9
5547	5
5548	7
5549	7
5550	6
5551	11
5552	2
5553	5
5554	3
5555	5
5556	7
5557	5
5558	10
5559	4
5560	10
5561	11
5562	5
5563	8
5564	7
5565	5
5566	7
5567	7
5568	3
5569	4
5570	6
5571	6
5572	8
5573	5
5574	12
5575	7
5576	8
5577	15
5578	7
5579	11
5580	7
5581	9
5582	5
5583	10
5584	8
5585	11
5586	11
5587	11
5588	5
5589	10
5590	6
5591	12
5592	11
5593	9
5594	8
5595	13
5596	10
5597	4
5598	5
5599	7
5600	11
5601	11
5602	10
5603	6
5604	5
5605	12
5606	7
5607	7
5608	6
5609	10
5610	3
5611	9
5612	8
5613	3
5614	5
5615	9
5616	8
5617	8
5618	4
5619	7
5620	9
5621	10
5622	7
5623	4
5624	8
5625	8
5626	11
5627	12
5628	3
5629	14
5630	7
5631	9
5632	11
5633	7
5634	11
5635	5
5636	10
5637	8
5638	10
5639	5
5640	8
5641	9
5642	11
5643	5
5644	12
5645	6
5646	8
5647	8
5648	5
5649	8
5650	9
5651	10
5652	5
5653	9
5654	9
5655	9
5656	11
5657	12
5658	6
5659	3
5660	9
5661	5
5662	8
5663	9
5664	12
5665	9
5666	6
5667	10
5668	6
5669	8
5670	6
5671	10
5672	8
5673	9
5674	3
5675	4
5676	6
5677	10
5678	12
5679	7
5680	7
5681	9
5682	14
5683	8
5684	3
5685	7
5686	6
5687	4
5688	8
5689	11
5690	10
5691	8
5692	7
5693	8
5694	6
5695	9
5696	11
5697	10
5698	1
5699	10
5700	6
5701	11
5702	5
5703	5
5704	10
5705	10
5706	6
5707	6
5708	5
5709	9
5710	5
5711	6
5712	9
5713	9
5714	3
5715	6
5716	5
5717	6
5718	4
5719	9
5720	6
5721	11
5722	7
5723	6
5724	11
5725	12
5726	6
5727	5
5728	9
5729	7
5730	9
5731	9
5732	6
5733	4
5734	9
5735	6
5736	10
5737	9
5738	7
5739	8
5740	4
5741	8
5742	16
5743	10
5744	9
5745	8
5746	5
5747	11
5748	6
5749	9
5750	14
5751	4
5752	6
5753	6
5754	9
5755	4
5756	7
5757	6
5758	7
5759	9
5760	10
5761	10
5762	11
5763	8
5764	6
5765	8
5766	12
5767	6
5768	7
5769	5
5770	11
5771	5
5772	8
5773	10
5774	7
5775	11
5776	13
5777	3
5778	6
5779	8
5780	4
5781	7
5782	4
5783	6
5784	7
5785	14
5786	16
5787	11
5788	10
5789	7
5790	7
5791	15
5792	6
5793	9
5794	13
5795	10
5796	5
5797	9
5798	10
5799	5
5800	6
5801	10
5802	11
5803	7
5804	6
5805	6
5806	7
5807	5
5808	9
5809	11
5810	8
5811	3
5812	5
5813	12
5814	6
5815	6
5816	8
5817	7
5818	5
5819	10
5820	8
5821	7
5822	10
5823	7
5824	4
5825	10
5826	10
5827	12
5828	4
5829	9
5830	9
5831	12
5832	11
5833	8
5834	7
5835	4
5836	10
5837	8
5838	8
5839	9
5840	6
5841	10
5842	2
5843	8
5844	9
5845	9
5846	9
5847	18
5848	10
5849	4
5850	7
5851	8
5852	10
5853	9
5854	6
5855	16
5856	6
5857	11
5858	7
5859	23
5860	12
5861	12
5862	8
5863	8
5864	6
5865	9
5866	5
5867	8
5868	1
5869	9
5870	11
5871	7
5872	6
5873	5
5874	8
5875	10
5876	6
5877	5
5878	6
5879	6
5880	5
5881	9
5882	13
5883	17
5884	8
5885	9
5886	9
5887	6
5888	5
5889	8
5890	14
5891	9
5892	4
5893	8
5894	15
5895	6
5896	14
5897	6
5898	8
5899	9
5900	11
5901	7
5902	10
5903	4
5904	4
5905	5
5906	6
5907	13
5908	15
5909	10
5910	8
5911	9
5912	8
5913	9
5914	6
5915	15
5916	10
5917	11
5918	12
5919	12
5920	4
5921	4
5922	13
5923	6
5924	5
5925	6
5926	5
5927	5
5928	8
5929	4
5930	9
5931	11
5932	8
5933	13
5934	4
5935	5
5936	10
5937	13
5938	8
5939	7
5940	9
5941	11
5942	7
5943	7
5944	5
5945	5
5946	3
5947	11
5948	8
5949	8
5950	6
5951	13
5952	8
5953	6
5954	7
5955	11
5956	9
5957	9
5958	6
5959	8
5960	9
5961	9
5962	8
5963	5
5964	8
5965	10
5966	13
5967	12
5968	12
5969	8
5970	11
5971	7
5972	8
5973	12
5974	16
5975	5
5976	7
5977	13
5978	4
5979	9
5980	16
5981	5
5982	7
5983	4
5984	7
5985	12
5986	6
5987	8
5988	8
5989	8
5990	10
5991	13
5992	7
5993	11
5994	5
5995	12
5996	12
5997	12
5998	8
5999	13
6000	6
6001	10
6002	6
6003	11
6004	7
6005	7
6006	13
6007	10
6008	7
6009	10
6010	9
6011	8
6012	8
6013	8
6014	8
6015	14
6016	9
6017	12
6018	12
6019	4
6020	11
6021	9
6022	8
6023	17
6024	10
6025	7
6026	4
6027	7
6028	16
6029	8
6030	9
6031	8
6032	4
6033	12
6034	10
6035	8
6036	3
6037	10
6038	14
6039	8
6040	4
6041	15
6042	12
6043	11
6044	12
6045	7
6046	3
6047	10
6048	8
6049	8
6050	12
6051	7
6052	14
6053	10
6054	13
6055	6
6056	5
6057	13
6058	7
6059	7
6060	13
6061	9
6062	10
6063	7
6064	12
6065	6
6066	9
6067	10
6068	10
6069	10
6070	14
6071	12
6072	8
6073	9
6074	11
6075	10
6076	10
6077	10
6078	8
6079	11
6080	9
6081	11
6082	15
6083	10
6084	14
6085	10
6086	8
6087	8
6088	19
6089	10
6090	14
6091	11
6092	6
6093	9
6094	14
6095	11
6096	10
6097	9
6098	14
6099	10
6100	8
6101	8
6102	7
6103	9
6104	3
6105	13
6106	6
6107	12
6108	13
6109	10
6110	7
6111	4
6112	10
6113	3
6114	15
6115	8
6116	7
6117	12
6118	6
6119	6
6120	7
6121	3
6122	12
6123	7
6124	11
6125	7
6126	8
6127	15
6128	11
6129	7
6130	10
6131	13
6132	12
6133	7
6134	3
6135	8
6136	10
6137	12
6138	9
6139	12
6140	9
6141	4
6142	8
6143	9
6144	10
6145	8
6146	9
6147	11
6148	11
6149	10
6150	6
6151	8
6152	16
6153	9
6154	17
6155	17
6156	7
6157	8
6158	10
6159	11
6160	10
6161	8
6162	9
6163	6
6164	18
6165	9
6166	5
6167	10
6168	9
6169	10
6170	19
6171	14
6172	10
6173	12
6174	14
6175	10
6176	8
6177	12
6178	9
6179	13
6180	11
6181	13
6182	12
6183	12
6184	14
6185	6
6186	11
6187	11
6188	15
6189	11
6190	12
6191	7
6192	7
6193	12
6194	4
6195	13
6196	16
6197	11
6198	10
6199	4
6200	9
6201	10
6202	8
6203	9
6204	5
6205	8
6206	7
6207	8
6208	9
6209	11
6210	5
6211	15
6212	10
6213	6
6214	11
6215	9
6216	6
6217	10
6218	12
6219	16
6220	5
6221	15
6222	12
6223	11
6224	12
6225	15
6226	18
6227	9
6228	12
6229	13
6230	19
6231	4
6232	11
6233	9
6234	9
6235	13
6236	9
6237	12
6238	10
6239	7
6240	7
6241	7
6242	11
6243	10
6244	13
6245	14
6246	11
6247	16
6248	11
6249	11
6250	8
6251	10
6252	13
6253	12
6254	13
6255	14
6256	14
6257	9
6258	14
6259	17
6260	10
6261	14
6262	12
6263	16
6264	13
6265	10
6266	9
6267	7
6268	5
6269	12
6270	6
6271	7
6272	8
6273	12
6274	8
6275	11
6276	9
6277	13
6278	7
6279	9
6280	9
6281	8
6282	16
6283	9
6284	10
6285	15
6286	12
6287	15
6288	10
6289	14
6290	10
6291	13
6292	10
6293	11
6294	11
6295	12
6296	8
6297	12
6298	11
6299	14
6300	11
6301	11
6302	18
6303	13
6304	11
6305	9
6306	10
6307	9
6308	12
6309	8
6310	14
6311	10
6312	13
6313	18
6314	18
6315	7
6316	14
6317	6
6318	12
6319	13
6320	15
6321	16
6322	18
6323	10
6324	11
6325	6
6326	14
6327	12
6328	11
6329	17
6330	11
6331	10
6332	13
6333	15
6334	10
6335	7
6336	14
6337	9
6338	15
6339	12
6340	13
6341	15
6342	20
6343	18
6344	13
6345	12
6346	17
6347	12
6348	12
6349	10
6350	11
6351	9
6352	15
6353	8
6354	17
6355	12
6356	15
6357	13
6358	13
6359	15
6360	16
6361	12
6362	15
6363	19
6364	14
6365	18
6366	14
6367	9
6368	8
6369	18
6370	13
6371	15
6372	13
6373	11
6374	19
6375	11
6376	16
6377	14
6378	10
6379	13
6380	17
6381	14
6382	12
6383	21
6384	14
6385	14
6386	17
6387	13
6388	20
6389	10
6390	10
6391	10
6392	21
6393	15
6394	7
6395	18
6396	18
6397	21
6398	9
6399	15
6400	14
6401	17
6402	15
6403	9
6404	19
6405	11
6406	15
6407	18
6408	9
6409	8
6410	8
6411	13
6412	7
6413	12
6414	15
6415	13
6416	14
6417	20
6418	11
6419	18
6420	12
6421	11
6422	14
6423	18
6424	15
6425	29
6426	13
6427	19
6428	15
6429	22
6430	17
6431	10
6432	18
6433	23
6434	18
6435	19
6436	14
6437	15
6438	11
6439	9
6440	10
6441	18
6442	12
6443	16
6444	9
6445	15
6446	18
6447	17
6448	12
6449	15
6450	11
6451	11
6452	12
6453	14
6454	16
6455	14
6456	16
6457	18
6458	17
6459	15
6460	10
6461	16
6462	12
6463	8
6464	15
6465	13
6466	9
6467	16
6468	16
6469	14
6470	10
6471	6
6472	13
6473	18
6474	22
6475	8
6476	15
6477	11
6478	10
6479	13
6480	14
6481	12
6482	13
6483	15
6484	17
6485	14
6486	16
6487	24
6488	16
6489	18
6490	12
6491	11
6492	17
6493	14
6494	11
6495	12
6496	14
6497	9
6498	11
6499	11
6500	13
6501	19
6502	12
6503	13
6504	13
6505	18
6506	17
6507	10
6508	19
6509	12
6510	11
6511	24
6512	8
6513	17
6514	18
6515	18
6516	28
6517	23
6518	13
6519	10
6520	12
6521	15
6522	10
6523	14
6524	16
6525	9
6526	14
6527	16
6528	19
6529	19
6530	19
6531	12
6532	15
6533	11
6534	12
6535	12
6536	18
6537	21
6538	10
6539	6
6540	16
6541	14
6542	14
6543	12
6544	16
6545	16
6546	19
6547	14
6548	15
6549	16
6550	12
6551	15
6552	24
6553	12
6554	16
6555	16
6556	15
6557	17
6558	17
6559	13
6560	20
6561	14
6562	14
6563	15
6564	16
6565	14
6566	22
6567	15
6568	19
6569	11
6570	18
6571	20
6572	13
6573	14
6574	24
6575	23
6576	18
6577	22
6578	10
6579	22
6580	13
6581	17
6582	25
6583	22
6584	15
6585	16
6586	20
6587	15
6588	13
6589	10
6590	18
6591	17
6592	17
6593	10
6594	13
6595	14
6596	20
6597	12
6598	13
6599	14
6600	14
6601	11
6602	15
6603	13
6604	7
6605	14
6606	17
6607	11
6608	14
6609	20
6610	17
6611	17
6612	11
6613	21
6614	16
6615	19
6616	11
6617	10
6618	16
6619	16
6620	17
6621	15
6622	15
6623	12
6624	15
6625	14
6626	11
6627	15
6628	18
6629	9
6630	15
6631	11
6632	11
6633	16
6634	16
6635	14
6636	18
6637	13
6638	11
6639	18
6640	9
6641	20
6642	16
6643	19
6644	14
6645	17
6646	19
6647	17
6648	13
6649	9
6650	17
6651	15
6652	11
6653	12
6654	17
6655	16
6656	16
6657	12
6658	14
6659	9
6660	6
6661	11
6662	11
6663	11
6664	13
6665	7
6666	18
6667	10
6668	15
6669	17
6670	11
6671	17
6672	16
6673	9
6674	14
6675	9
6676	12
6677	9
6678	15
6679	20
6680	16
6681	19
6682	21
6683	9
6684	12
6685	20
6686	14
6687	7
6688	14
6689	12
6690	7
6691	17
6692	14
6693	7
6694	13
6695	9
6696	11
6697	14
6698	10
6699	7
6700	15
6701	10
6702	12
6703	19
6704	12
6705	13
6706	18
6707	17
6708	15
6709	10
6710	18
6711	10
6712	15
6713	9
6714	16
6715	9
6716	9
6717	9
6718	15
6719	12
6720	10
6721	13
6722	11
6723	8
6724	9
6725	15
6726	17
6727	11
6728	6
6729	11
6730	13
6731	7
6732	16
6733	10
6734	17
6735	13
6736	11
6737	13
6738	12
6739	13
6740	11
6741	15
6742	14
6743	13
6744	9
6745	11
6746	23
6747	8
6748	14
6749	11
6750	12
6751	8
6752	9
6753	7
6754	5
6755	9
6756	12
6757	10
6758	15
6759	13
6760	11
6761	5
6762	9
6763	9
6764	10
6765	8
6766	7
6767	12
6768	11
6769	11
6770	7
6771	6
6772	7
6773	7
6774	15
6775	9
6776	8
6777	13
6778	8
6779	12
6780	9
6781	9
6782	8
6783	8
6784	13
6785	9
6786	9
6787	11
6788	9
6789	10
6790	12
6791	5
6792	8
6793	11
6794	4
6795	4
6796	7
6797	6
6798	11
6799	5
6800	11
6801	5
6802	5
6803	4
6804	10
6805	6
6806	4
6807	10
6808	12
6809	4
6810	13
6811	12
6812	7
6813	9
6814	10
6815	7
6816	11
6817	7
6818	6
6819	10
6820	7
6821	11
6822	6
6823	13
6824	12
6825	11
6826	5
6827	7
6828	11
6829	6
6830	6
6831	8
6832	6
6833	6
6834	13
6835	8
6836	7
6837	6
6838	12
6839	8
6840	11
6841	6
6842	12
6843	8
6844	8
6845	7
6846	5
6847	6
6848	8
6849	9
6850	4
6851	7
6852	2
6853	5
6854	8
6855	10
6856	5
6857	6
6858	13
6859	6
6860	8
6861	6
6862	8
6863	7
6864	10
6865	8
6866	8
6867	12
6868	7
6869	7
6870	11
6871	8
6872	3
6873	2
6874	6
6875	7
6876	10
6877	5
6878	3
6879	6
6880	6
6881	5
6882	7
6883	6
6884	3
6885	3
6886	6
6887	6
6888	4
6889	4
6890	5
6891	4
6892	3
6893	9
6894	4
6895	4
6896	4
6897	5
6898	0
6899	3
6900	3
6901	6
6902	5
6903	0
6904	5
6905	5
6906	3
6907	3
6908	4
6909	5
6910	7
6911	2
6912	1
6913	8
6914	5
6915	5
6916	4
6917	5
6918	4
6919	3
6920	1
6921	6
6922	3
6923	3
6924	4
6925	4
6926	1
6927	4
6928	6
6929	2
6930	4
6931	2
6932	2
6933	1
6934	5
6935	8
6936	9
6937	2
6938	5
6939	1
6940	5
6941	8
6942	3
6943	3
6944	3
6945	2
6946	6
6947	0
6948	0
6949	4
6950	5
6951	5
6952	5
6953	0
6954	1
6955	4
6956	6
6957	3
6958	4
6959	2
6960	2
6961	5
6962	7
6963	4
6964	1
6965	3
6966	1
6967	2
6968	3
6969	3
6970	4
6971	2
6972	5
6973	3
6974	4
6975	0
6976	3
6977	5
6978	2
6979	0
6980	2
6981	4
6982	1
6983	3
6984	5
6985	3
6986	0
6987	0
6988	1
6989	4
6990	2
6991	1
6992	3
6993	2
6994	3
6995	2
6996	2
6997	1
6998	2
6999	3
7000	3
7001	4
7002	1
7003	7
7004	0
7005	2
7006	5
7007	6
7008	1
7009	4
7010	0
7011	5
7012	1
7013	0
7014	3
7015	1
7016	1
7017	6
7018	3
7019	3
7020	2
7021	4
7022	1
7023	0
7024	3
7025	2
7026	0
7027	4
7028	2
7029	0
7030	1
7031	3
7032	1
7033	0
7034	3
7035	5
7036	3
7037	1
7038	2
7039	7
7040	3
7041	0
7042	0
7043	3
7044	3
7045	3
7046	0
7047	4
7048	2
7049	4
7050	0
7051	2
7052	1
7053	4
7054	2
7055	2
7056	1
7057	1
7058	3
7059	5
7060	0
7061	1
7062	0
7063	2
7064	3
7065	0
7066	0
7067	0
7068	2
7069	1
7070	2
7071	1
7072	2
7073	1
7074	4
7075	3
7076	0
7077	1
7078	1
7079	0
7080	2
7081	0
7082	0
7083	2
7084	1
7085	0
7086	0
7087	1
7088	0
7089	1
7090	1
7091	1
7092	1
7093	4
7094	4
7095	1
7096	0
7097	1
7098	1
7099	0
7100	1
7101	0
7102	1
7103	1
7104	1
7105	0
7106	3
7107	2
7108	3
7109	1
7110	2
7111	0
7112	0
7113	0
7114	0
7115	0
7116	0
7117	1
7118	0
7119	0
7120	2
7121	2
7122	0
7123	1
7124	2
7125	1
7126	0
7127	1
7128	1
7129	0
7130	1
7131	1
7132	1
7133	0
7134	1
7135	1
7136	1
7137	0
7138	0
7139	3
7140	0
7141	0
7142	1
7143	0
7144	0
7145	1
7146	3
7147	0
7148	1
7149	2
7150	2
7151	1
7152	0
7153	0
7154	2
7155	1
7156	0
7157	0
7158	1
7159	1
7160	0
7161	1
7162	0
7163	1
7164	1
7165	0
7166	0
7167	1
7168	1
7169	0
7170	0
7171	0
7172	0
7173	0
7174	0
7175	2
7176	2
7177	0
7178	0
7179	3
7180	1
7181	0
7182	0
7183	1
7184	1
7185	0
7186	0
7187	0
7188	0
7189	0
7190	1
7191	0
7192	0
7193	0
7194	2
7195	0
7196	1
7197	1
7198	0
7199	0
7200	0
7201	0
7202	2
7203	1
7204	3
7205	0
7206	0
7207	1
7208	1
7209	0
7210	1
7211	0
7212	0
7213	0
7214	0
7215	0
7216	1
7217	2
7218	0
7219	0
7220	0
7221	0
7222	3
7223	0
7224	0
7225	1
7226	0
7227	0
7228	0
7229	0
7230	0
7231	0
7232	1
7233	0
7234	0
7235	0
7236	3
7237	0
7238	0
7239	2
7240	1
7241	1
7242	0
7243	1
7244	1
7245	2
7246	0
7247	0
7248	1
7249	1
7250	1
7251	1
7252	1
7253	1
7254	0
7255	0
7256	0
7257	1
7258	0
7259	0
7260	1
7261	0
7262	2
7263	1
7264	1
7265	0
7266	0
7267	0
7268	0
7269	1
7270	0
7271	0
7272	1
7273	0
7274	1
7275	0
7276	0
7277	0
7278	0
7279	1
7280	1
7281	0
7282	0
7283	1
7284	0
7285	0
7286	0
7287	2
7288	0
7289	0
7290	0
7291	0
7292	1
7293	0
7294	0
7295	0
7296	2
7297	0
7298	1
7299	0
7300	0
7301	1
7302	0
7303	2
7304	0
7305	0
7306	0
7307	0
7308	1
7309	0
7310	0
7311	0
7312	2
7313	2
7314	0
7315	1
7316	0
7317	1
7318	1
7319	0
7320	1
7321	0
7322	0
7323	1
7324	1
7325	1
7326	0
7327	1
7328	0
7329	0
7330	0
7331	0
7332	0
7333	2
7334	0
7335	0
7336	0
7337	2
7338	2
7339	1
7340	0
7341	0
7342	0
7343	0
7344	0
7345	1
7346	0
7347	1
7348	1
7349	0
7350	1
7351	1
7352	2
7353	1
7354	1
7355	2
7356	1
7357	0
7358	0
7359	2
7360	0
7361	0
7362	1
7363	0
7364	0
7365	1
7366	0
7367	0
7368	1
7369	1
7370	0
7371	2
7372	0
7373	0
7374	0
7375	0
7376	1
7377	0
7378	1
7379	0
7380	0
7381	1
7382	2
7383	0
7384	0
7385	0
7386	0
7387	1
7388	1
7389	1
7390	0
7391	0
7392	0
7393	1
7394	1
7395	1
7396	1
7397	0
7398	0
7399	0
7400	0
7401	2
7402	1
7403	0
7404	1
7405	0
7406	0
7407	0
7408	0
7409	0
7410	1
7411	0
7412	0
7413	0
7414	0
7415	0
7416	0
7417	1
7418	0
7419	0
7420	0
7421	1
7422	0
7423	1
7424	0
7425	1
7426	0
7427	0
7428	2
7429	0
7430	2
7431	0
7432	1
7433	1
7434	0
7435	1
7436	1
7437	2
7438	0
7439	2
7440	0
7441	0
7442	1
7443	1
7444	0
7445	0
7446	1
7447	0
7448	0
7449	0
7450	0
7451	0
7452	0
7453	0
7454	0
7455	1
7456	1
7457	0
7458	0
7459	0
7460	0
7461	1
7462	0
7463	0
7464	0
7465	1
7466	0
7467	0
7468	0
7469	1
7470	1
7471	0
7472	2
7473	0
7474	0
7475	2
7476	0
7477	0
7478	0
7479	0
7480	0
7481	1
7482	0
7483	1
7484	1
7485	0
7486	2
7487	0
7488	1
7489	1
7490	0
7491	0
7492	1
7493	0
7494	3
7495	0
7496	1
7497	1
7498	0
7499	0
7500	0
7501	0
7502	1
7503	0
7504	0
7505	0
7506	0
7507	1
7508	3
7509	0
7510	1
7511	1
7512	0
7513	1
7514	1
7515	1
7516	0
7517	0
7518	1
7519	0
7520	1
7521	1
7522	1
7523	1
7524	1
7525	1
7526	1
7527	1
7528	1
7529	0
7530	0
7531	0
7532	2
7533	0
7534	1
7535	0
7536	0
7537	0
7538	0
7539	0
7540	1
7541	0
7542	2
7543	0
7544	1
7545	1
7546	2
7547	2
7548	1
7549	0
7550	0
7551	0
7552	1
7553	0
7554	1
7555	0
7556	0
7557	0
7558	0
7559	0
7560	0
7561	0
7562	1
7563	0
7564	1
7565	0
7566	1
7567	0
7568	0
7569	0
7570	0
7571	0
7572	2
7573	0
7574	1
7575	0
7576	1
7577	0
7578	2
7579	2
7580	0
7581	0
7582	1
7583	1
7584	0
7585	0
7586	0
7587	0
7588	1
7589	1
7590	1
7591	1
7592	0
7593	0
7594	0
7595	0
7596	0
7597	1
7598	1
7599	0
7600	0
7601	3
7602	1
7603	2
7604	2
7605	0
7606	0
7607	0
7608	0
7609	3
7610	0
7611	1
7612	0
7613	1
7614	2
7615	1
7616	0
7617	1
7618	0
7619	0
7620	0
7621	0
7622	0
7623	0
7624	1
7625	1
7626	1
7627	2
7628	0
7629	0
7630	0
7631	1
7632	1
7633	0
7634	0
7635	1
7636	0
7637	1
7638	0
7639	2
7640	1
7641	0
7642	0
7643	0
7644	1
7645	0
7646	0
7647	1
7648	0
7649	1
7650	1
7651	0
7652	0
7653	0
7654	0
7655	1
7656	1
7657	1
7658	0
7659	1
7660	1
7661	1
7662	1
7663	1
7664	0
7665	2
7666	1
7667	0
7668	1
7669	0
7670	0
7671	0
7672	0
7673	0
7674	0
7675	0
7676	1
7677	0
7678	1
7679	0
7680	0
7681	0
7682	0
7683	0
7684	1
7685	0
7686	0
7687	1
7688	1
7689	0
7690	2
7691	3
7692	2
7693	0
7694	0
7695	0
7696	0
7697	1
7698	1
7699	1
7700	0
7701	0
7702	0
7703	0
7704	0
7705	0
7706	0
7707	0
7708	0
7709	0
7710	1
7711	0
7712	0
7713	0
7714	2
7715	0
7716	0
7717	0
7718	0
7719	0
7720	1
7721	1
7722	2
7723	2
7724	1
7725	0
7726	1
7727	0
7728	0
7729	1
7730	1
7731	1
7732	1
7733	2
7734	0
7735	0
7736	1
7737	1
7738	0
7739	0
7740	1
7741	0
7742	0
7743	1
7744	0
7745	1
7746	1
7747	1
7748	2
7749	0
7750	1
7751	0
7752	2
7753	1
7754	1
7755	0
7756	1
7757	0
7758	2
7759	0
7760	0
7761	0
7762	0
7763	0
7764	0
7765	0
7766	1
7767	0
7768	0
7769	1
7770	0
7771	0
7772	1
7773	0
7774	1
7775	0
7776	1
7777	0
7778	1
7779	0
7780	1
7781	2
7782	1
7783	0
7784	1
7785	0
7786	1
7787	1
7788	0
7789	1
7790	0
7791	0
7792	0
7793	2
7794	0
7795	1
7796	0
7797	1
7798	0
7799	0
7800	1
7801	0
7802	0
7803	1
7804	0
7805	1
7806	0
7807	3
7808	0
7809	1
7810	0
7811	0
7812	2
7813	1
7814	1
7815	0
7816	0
7817	1
7818	0
7819	0
7820	0
7821	1
7822	0
7823	0
7824	3
7825	2
7826	0
7827	0
7828	0
7829	1
7830	1
7831	0
7832	0
7833	0
7834	0
7835	0
7836	2
7837	0
7838	0
7839	1
7840	0
7841	1
7842	1
7843	0
7844	0
7845	1
7846	0
7847	0
7848	0
7849	2
7850	0
7851	0
7852	0
7853	0
7854	3
7855	0
7856	0
7857	0
7858	2
7859	4
7860	0
7861	2
7862	2
7863	1
7864	0
7865	0
7866	0
7867	0
7868	1
7869	0
7870	1
7871	1
7872	0
7873	0
7874	0
7875	0
7876	0
7877	0
7878	1
7879	1
7880	2
7881	0
7882	0
7883	2
7884	1
7885	1
7886	0
7887	0
7888	0
7889	0
7890	1
7891	0
7892	1
7893	0
7894	0
7895	0
7896	1
7897	0
7898	0
7899	0
7900	1
7901	0
7902	0
7903	0
7904	1
7905	0
7906	1
7907	0
7908	1
7909	0
7910	2
7911	0
7912	1
7913	1
7914	0
7915	0
7916	0
7917	0
7918	1
7919	0
7920	1
7921	1
7922	0
7923	0
7924	1
7925	0
7926	0
7927	2
7928	0
7929	0
7930	1
7931	1
7932	1
7933	1
7934	0
7935	1
7936	0
7937	0
7938	0
7939	0
7940	0
7941	1
7942	1
7943	1
7944	0
7945	0
7946	2
7947	0
7948	0
7949	2
7950	0
7951	0
7952	0
7953	0
7954	0
7955	0
7956	2
7957	1
7958	1
7959	1
7960	0
7961	0
7962	2
7963	2
7964	1
7965	0
7966	1
7967	0
7968	1
7969	2
7970	0
7971	0
7972	0
7973	2
7974	1
7975	0
7976	0
7977	0
7978	0
7979	0
7980	0
7981	0
7982	0
7983	0
7984	0
7985	2
7986	0
7987	0
7988	0
7989	0
7990	0
7991	0
7992	0
7993	1
7994	0
7995	3
7996	1
7997	1
7998	0
7999	1
8000	0
8001	0
8002	0
8003	0
8004	1
8005	2
8006	0
8007	0
8008	1
8009	1
8010	0
8011	0
8012	0
8013	0
8014	1
8015	0
8016	1
8017	0
8018	1
8019	0
8020	0
8021	0
8022	1
8023	0
8024	0
8025	0
8026	0
8027	2
8028	0
8029	3
8030	0
8031	0
8032	1
8033	0
8034	0
8035	1
8036	0
8037	0
8038	1
8039	1
8040	0
8041	0
8042	0
8043	1
8044	1
8045	0
8046	1
8047	0
8048	0
8049	0
8050	1
8051	0
8052	1
8053	0
8054	0
8055	1
8056	0
8057	0
8058	0
8059	0
8060	1
8061	0
8062	1
8063	0
8064	0
8065	2
8066	1
8067	0
8068	0
8069	0
8070	0
8071	0
8072	0
8073	2
8074	0
8075	0
8076	1
8077	0
8078	0
8079	0
8080	0
8081	1
8082	0
8083	2
8084	0
8085	0
8086	0
8087	0
8088	0
8089	0
8090	0
8091	0
8092	0
8093	0
8094	0
8095	0
8096	0
8097	0
8098	0
8099	0
8100	0
8101	0
8102	0
8103	0
8104	0
8105	0
8106	0
8107	0
8108	0
8109	0
8110	0
8111	0
8112	0
8113	0
8114	0
8115	0
8116	0
8117	0
8118	0
8119	0
8120	0
8121	0
8122	0
8123	0
8124	0
8125	0
8126	0
8127	0
8128	0
8129	0
8130	0
8131	0
8132	0
8133	0
8134	0
8135	0
8136	0
8137	0
8138	0
8139	0
8140	0
8141	0
8142	0
8143	0
8144	0
8145	0
8146	0
8147	0
8148	0
8149	0
8150	0
8151	0
8152	0
8153	0
8154	0
8155	0
8156	0
8157	0
8158	0
8159	0
8160	0
8161	0
8162	0
8163	0
8164	0
8165	0
8166	0
8167	0
8168	0
8169	0
8170	0
8171	0
8172	0
8173	0
8174	0
8175	0
8176	0
8177	0
8178	0
8179	0
8180	0
8181	0
8182	0
8183	0
8184	0
8185	0
8186	0
8187	0
8188	0
8189	0
8190	0
8191	0
